3851.282051 3691.794872 3808.717949 3931.282051 4223.589744 3636.923077 3822.051282 3849.230769 3584.102564 4221.538462 3735.897436 3897.435897 3746.666667 4120.512821
3849.230769 3695.384615 3809.743590 3928.717949 4220.000000 3781.025641 3847.692308 3866.153846 3606.153846 4213.846154 3740.512821 3903.589744 3756.923077 4127.692308
3793.333333 3614.871795 3749.230769 3913.333333 4217.948718 3716.410256 3762.051282 3822.564103 3586.666667 4220.512821 3658.974359 3854.358974 3673.333333 4115.384615
3732.820513 3530.769231 3680.512821 3895.384615 4221.538462 3503.589744 3654.871795 3720.000000 3447.692308 4227.179487 3580.512821 3797.948718 3591.794872 4101.025641
3707.692308 3506.153846 3653.846154 3884.615385 4223.589744 3509.743590 3656.410256 3703.076923 3375.384615 4224.102564 3565.641026 3783.076923 3578.974359 4099.487179
3669.230769 3454.871795 3613.846154 3861.538462 4218.974359 3598.461538 3633.333333 3700.000000 3381.025641 4226.153846 3516.923077 3751.794872 3527.179487 4089.230769
3604.615385 3365.641026 3541.025641 3827.179487 4213.333333 3484.102564 3532.820513 3630.256410 3348.205128 4224.615385 3418.974359 3685.641026 3414.871795 4062.564103
3593.333333 3348.717949 3523.076923 3818.974359 4217.948718 3409.230769 3521.025641 3612.820513 3343.076923 4223.076923 3401.025641 3672.820513 3391.794872 4061.538462
3567.692308 3316.923077 3496.923077 3801.025641 4218.974359 3438.974359 3511.282051 3595.384615 3305.128205 4228.717949 3376.410256 3654.871795 3371.794872 4054.358974
3443.076923 3140.000000 3364.615385 3737.948718 4214.358974 3343.076923 3349.230769 3455.897436 3121.538462 4228.205128 3211.794872 3549.230769 3200.000000 4008.717949
3342.051282 2975.897436 3251.794872 3689.743590 4216.923077 3207.692308 3204.615385 3335.384615 2953.333333 4221.025641 3067.692308 3457.948718 3046.153846 3970.769231
3348.205128 2983.589744 3260.000000 3691.282051 4215.897436 3222.564103 3215.384615 3352.307692 2987.179487 4221.025641 3069.230769 3463.076923 3052.307692 3970.769231
3348.205128 2999.487179 3270.256410 3691.282051 4216.410256 3229.743590 3220.000000 3346.666667 3028.717949 4224.615385 3069.743590 3469.230769 3059.487179 3972.820513
3275.897436 2900.000000 3202.051282 3657.948718 4217.948718 3153.333333 3147.692308 3266.666667 2922.564103 4218.974359 2985.128205 3409.743590 2976.923077 3943.589744
3220.000000 2824.615385 3145.641026 3633.333333 4213.846154 3069.230769 3082.564103 3233.846154 2841.538462 4216.410256 2911.794872 3358.974359 2906.666667 3916.410256
3234.871795 2858.974359 3159.487179 3645.641026 4215.384615 3035.384615 3069.743590 3244.102564 2848.205128 4224.615385 2914.358974 3368.717949 2916.410256 3924.102564
3260.512821 2911.794872 3188.205128 3657.435897 4215.384615 3094.871795 3115.384615 3240.000000 2855.384615 4229.230769 2950.256410 3390.769231 2968.717949 3935.897436
3234.358974 2875.897436 3166.666667 3648.205128 4212.307692 3146.153846 3129.743590 3231.794872 2841.025641 4228.205128 2930.256410 3373.333333 2960.000000 3924.615385
3196.923077 2818.461538 3126.666667 3641.538462 4215.384615 3096.410256 3075.897436 3237.948718 2833.846154 4226.153846 2884.615385 3343.589744 2902.564103 3903.076923
3200.000000 2834.358974 3126.666667 3645.641026 4212.820513 2989.230769 3043.589744 3225.128205 2829.743590 4223.076923 2887.179487 3343.076923 2896.923077 3900.512821
3207.179487 2846.153846 3129.230769 3647.179487 4210.769231 3007.179487 3056.923077 3196.410256 2805.128205 4225.128205 2885.128205 3345.641026 2897.435897 3902.051282
3207.179487 2844.102564 3125.641026 3644.615385 4212.820513 3098.974359 3079.487179 3214.358974 2822.051282 4228.717949 2872.307692 3342.051282 2879.487179 3893.846154
3246.666667 2917.948718 3172.820513 3660.000000 4213.333333 3065.641026 3121.025641 3276.410256 2912.307692 4225.128205 2927.692308 3375.384615 2928.205128 3905.128205
3304.102564 3023.076923 3242.564103 3677.948718 4213.333333 3059.487179 3185.128205 3310.256410 2964.102564 4220.512821 3019.487179 3430.769231 3021.025641 3927.179487
3304.615385 3037.948718 3245.128205 3667.179487 4209.230769 3190.256410 3206.153846 3292.820513 2908.717949 4224.102564 3035.384615 3434.358974 3039.487179 3924.615385
3255.897436 2973.333333 3189.743590 3644.615385 4209.743590 3180.512821 3146.666667 3263.589744 2854.358974 4223.076923 2960.000000 3386.666667 2968.717949 3908.205128
3236.923077 2954.871795 3169.230769 3636.923077 4210.256410 3093.846154 3113.333333 3261.538462 2900.000000 4214.871795 2918.974359 3369.743590 2933.846154 3898.461538
3268.205128 3010.769231 3201.538462 3654.358974 4209.230769 3183.589744 3164.615385 3296.410256 2964.615385 4218.974359 2960.000000 3400.512821 2978.461538 3902.051282
3242.051282 2979.487179 3168.717949 3650.256410 4212.307692 3176.923077 3132.307692 3266.153846 2906.153846 4222.564103 2926.666667 3370.769231 2940.000000 3883.589744
3137.435897 2828.205128 3056.923077 3603.589744 4208.717949 2955.384615 2969.743590 3149.230769 2742.564103 4215.384615 2800.000000 3276.410256 2801.538462 3842.051282
3104.615385 2768.717949 3018.974359 3584.615385 4203.589744 2876.410256 2897.435897 3101.538462 2640.512821 4217.948718 2757.948718 3250.256410 2758.461538 3830.256410
3154.358974 2847.692308 3066.666667 3601.025641 4204.102564 3014.871795 2976.410256 3157.435897 2697.435897 4227.179487 2808.205128 3288.205128 2818.974359 3835.384615
3165.128205 2894.871795 3082.051282 3606.153846 4206.666667 3088.717949 3017.948718 3192.307692 2788.205128 4224.102564 2825.128205 3292.820513 2833.846154 3827.179487
3151.794872 2889.743590 3069.743590 3603.076923 4208.205128 3007.692308 2986.666667 3178.974359 2801.025641 4221.025641 2825.641026 3284.102564 2827.179487 3816.410256
3166.666667 2913.846154 3085.128205 3601.538462 4204.102564 2985.128205 3006.153846 3179.487179 2785.641026 4227.692308 2864.615385 3303.076923 2874.358974 3816.923077
3174.358974 2927.179487 3098.974359 3597.948718 4204.102564 3105.641026 3056.410256 3186.666667 2798.974359 4227.692308 2878.974359 3309.743590 2895.384615 3822.564103
3165.641026 2927.179487 3100.000000 3597.435897 4204.615385 3160.512821 3062.051282 3176.410256 2835.897436 4223.076923 2864.615385 3300.512821 2881.025641 3819.487179
3173.846154 2950.769231 3112.820513 3599.487179 4203.589744 3110.256410 3060.512821 3153.333333 2857.948718 4222.051282 2887.692308 3311.794872 2907.179487 3817.435897
3192.307692 2969.230769 3131.794872 3606.153846 4207.692308 3102.051282 3082.051282 3141.538462 2844.615385 4222.051282 2924.615385 3332.307692 2944.615385 3820.000000
3209.230769 2984.102564 3147.692308 3618.461538 4206.153846 3137.435897 3100.512821 3178.974359 2875.897436 4220.000000 2935.897436 3341.025641 2960.512821 3814.871795
3220.000000 2996.923077 3162.051282 3621.025641 4203.589744 3134.358974 3103.589744 3211.794872 2944.615385 4223.589744 2935.897436 3344.102564 2972.307692 3812.820513
3215.897436 2993.846154 3166.153846 3613.333333 4203.076923 3093.333333 3100.512821 3192.820513 2940.512821 4227.179487 2951.794872 3342.564103 2990.256410 3817.948718
3209.743590 2994.871795 3155.897436 3614.358974 4201.538462 3130.769231 3108.717949 3187.179487 2927.179487 4223.589744 2955.384615 3333.846154 2993.333333 3822.051282
3219.487179 3014.871795 3152.820513 3620.512821 4203.076923 3223.589744 3122.051282 3215.384615 2963.076923 4226.153846 2942.564103 3330.256410 2981.538462 3826.666667
3210.256410 3008.717949 3145.641026 3610.769231 4201.025641 3166.666667 3102.564103 3191.282051 2934.871795 4230.256410 2935.897436 3320.512821 2964.615385 3821.538462
3187.179487 2977.435897 3131.282051 3598.974359 4200.000000 3037.948718 3081.538462 3143.589744 2864.102564 4228.717949 2923.076923 3305.641026 2941.538462 3812.307692
3206.153846 3004.615385 3149.230769 3605.128205 4202.051282 3140.000000 3141.538462 3198.974359 2926.153846 4228.717949 2938.974359 3322.051282 2962.564103 3817.948718
3229.230769 3048.205128 3176.410256 3609.230769 4197.435897 3263.076923 3193.846154 3263.076923 3028.205128 4227.692308 2970.256410 3346.666667 2998.974359 3830.256410
3222.051282 3034.871795 3181.025641 3607.179487 4197.948718 3168.717949 3159.487179 3223.076923 2991.282051 4223.076923 2967.179487 3345.641026 2993.846154 3838.461538
3233.846154 3044.615385 3192.307692 3613.333333 4204.102564 3153.333333 3151.282051 3211.794872 2956.923077 4221.025641 2970.769231 3348.717949 3004.102564 3842.564103
3243.589744 3066.666667 3198.461538 3616.410256 4203.589744 3209.230769 3171.282051 3238.461538 2990.769231 4228.205128 2978.974359 3355.384615 3010.769231 3842.564103
3224.102564 3051.794872 3181.538462 3610.256410 4198.461538 3159.487179 3148.717949 3211.282051 2977.435897 4232.307692 2967.179487 3350.769231 2984.102564 3833.846154
3235.897436 3068.717949 3195.384615 3607.179487 4196.410256 3194.358974 3150.769231 3212.307692 2977.435897 4224.102564 2990.256410 3383.076923 3006.153846 3843.076923
3284.102564 3126.153846 3238.461538 3613.333333 4201.025641 3278.974359 3186.666667 3263.589744 3057.435897 4221.538462 3045.641026 3462.051282 3070.769231 3868.205128
3288.205128 3144.102564 3245.128205 3610.769231 4200.000000 3226.153846 3183.076923 3260.512821 3109.230769 4225.641026 3061.025641 3505.128205 3081.538462 3862.051282
3269.230769 3129.230769 3234.358974 3608.205128 4197.435897 3210.256410 3172.307692 3238.461538 3080.000000 4226.153846 3053.333333 3502.564103 3064.102564 3846.666667
3289.743590 3145.641026 3253.333333 3621.538462 4200.512821 3267.692308 3198.974359 3264.102564 3076.410256 4224.615385 3067.692308 3510.256410 3084.102564 3851.794872
3320.000000 3185.128205 3283.589744 3635.384615 4197.948718 3258.974359 3234.358974 3301.538462 3146.153846 4222.564103 3092.820513 3529.230769 3110.769231 3854.358974
3338.461538 3211.282051 3303.076923 3648.717949 4196.410256 3270.256410 3263.076923 3308.205128 3188.717949 4221.538462 3129.230769 3544.615385 3135.384615 3851.794872
3351.794872 3229.230769 3317.948718 3660.512821 4195.897436 3371.794872 3301.025641 3319.487179 3178.974359 4223.589744 3161.538462 3555.897436 3171.282051 3857.435897
3363.589744 3252.307692 3337.435897 3668.717949 4195.897436 3407.692308 3325.128205 3355.384615 3207.692308 4224.102564 3178.461538 3571.282051 3201.025641 3863.076923
3375.384615 3268.205128 3353.333333 3667.692308 4200.512821 3325.128205 3317.435897 3356.410256 3221.538462 4225.128205 3213.333333 3587.179487 3226.153846 3858.461538
3389.230769 3288.205128 3367.179487 3660.512821 4200.512821 3342.051282 3343.076923 3371.794872 3220.000000 4228.205128 3260.512821 3601.025641 3265.128205 3856.923077
3414.358974 3325.641026 3393.333333 3667.692308 4199.487179 3483.589744 3410.769231 3440.000000 3313.846154 4228.205128 3290.256410 3621.538462 3313.846154 3868.205128
3427.692308 3338.461538 3407.692308 3675.897436 4200.000000 3490.256410 3422.564103 3447.179487 3387.179487 4224.102564 3316.923077 3634.358974 3345.641026 3870.769231
3435.897436 3340.000000 3417.948718 3684.102564 4196.410256 3425.128205 3410.256410 3413.846154 3354.871795 4224.102564 3351.794872 3639.487179 3368.717949 3874.871795
3462.564103 3374.871795 3448.205128 3704.615385 4196.923077 3472.307692 3456.410256 3457.948718 3383.589744 4224.102564 3371.794872 3654.358974 3404.102564 3886.153846
3478.974359 3405.128205 3465.128205 3714.358974 4197.435897 3437.948718 3462.564103 3495.897436 3424.615385 4220.000000 3383.589744 3666.153846 3426.666667 3883.589744
3483.589744 3408.717949 3465.641026 3718.461538 4197.435897 3370.256410 3436.410256 3470.256410 3377.435897 4222.564103 3411.794872 3676.410256 3434.871795 3887.179487
3492.820513 3417.948718 3472.307692 3724.615385 4197.435897 3484.102564 3484.615385 3489.743590 3395.384615 4223.589744 3432.820513 3684.615385 3450.769231 3899.487179
3500.512821 3434.871795 3480.512821 3721.538462 4193.846154 3574.871795 3533.333333 3526.153846 3461.025641 4221.025641 3434.358974 3687.179487 3460.000000 3901.025641
3504.102564 3437.948718 3487.179487 3715.897436 4195.384615 3520.000000 3512.307692 3536.410256 3481.025641 4221.538462 3438.974359 3688.205128 3449.230769 3901.538462
3508.717949 3441.538462 3501.538462 3717.948718 4196.923077 3487.692308 3494.358974 3534.871795 3488.205128 4226.153846 3462.564103 3698.461538 3463.589744 3909.230769
3520.512821 3456.923077 3516.410256 3727.692308 4196.923077 3533.846154 3516.923077 3522.564103 3450.256410 4234.358974 3488.717949 3712.820513 3496.923077 3916.410256
3526.666667 3476.923077 3518.461538 3730.256410 4196.923077 3549.743590 3546.666667 3550.769231 3433.846154 4233.333333 3495.897436 3712.820513 3497.948718 3911.794872
3536.410256 3494.871795 3526.153846 3727.692308 4195.897436 3534.358974 3568.205128 3601.538462 3513.846154 4225.128205 3501.025641 3716.923077 3505.128205 3913.846154
3554.358974 3506.153846 3546.153846 3732.820513 4200.000000 3582.564103 3583.589744 3603.076923 3565.128205 4227.179487 3520.000000 3734.871795 3544.615385 3927.179487
3555.384615 3512.307692 3552.820513 3731.794872 4197.948718 3647.179487 3592.307692 3595.897436 3557.435897 4231.794872 3532.307692 3735.897436 3555.897436 3931.282051
3556.923077 3520.000000 3555.384615 3730.769231 4196.923077 3622.564103 3588.717949 3607.692308 3588.205128 4224.102564 3535.897436 3732.820513 3544.615385 3934.358974
3576.410256 3542.564103 3574.871795 3742.564103 4198.461538 3613.846154 3599.487179 3605.128205 3598.974359 4220.512821 3555.384615 3750.256410 3563.076923 3932.307692
3583.589744 3558.974359 3585.128205 3747.692308 4192.307692 3664.615385 3626.153846 3614.358974 3595.384615 4225.641026 3569.743590 3757.435897 3585.128205 3928.205128
3581.025641 3550.769231 3576.923077 3743.076923 4192.820513 3664.102564 3626.666667 3621.025641 3594.358974 4225.641026 3573.846154 3750.256410 3590.256410 3935.384615
3591.794872 3556.923077 3580.000000 3744.615385 4196.923077 3598.974359 3615.897436 3613.333333 3552.820513 4222.051282 3589.743590 3751.794872 3606.666667 3934.871795
3613.333333 3585.641026 3605.641026 3758.461538 4196.923077 3518.461538 3615.384615 3631.794872 3538.974359 4222.564103 3598.461538 3762.051282 3623.076923 3927.179487
3632.820513 3606.153846 3627.692308 3767.692308 4196.923077 3567.692308 3641.025641 3669.230769 3606.153846 4226.153846 3602.051282 3778.461538 3635.384615 3931.282051
3640.512821 3604.615385 3630.769231 3762.564103 4194.871795 3721.025641 3680.000000 3684.102564 3664.102564 4230.769231 3623.589744 3789.230769 3656.923077 3936.923077
3632.820513 3593.333333 3624.102564 3762.564103 4194.358974 3661.538462 3661.538462 3655.897436 3593.846154 4225.128205 3630.256410 3781.025641 3649.230769 3930.256410
3622.564103 3599.487179 3617.948718 3767.179487 4195.384615 3545.128205 3630.256410 3650.769231 3552.307692 4212.307692 3600.000000 3764.615385 3614.871795 3921.025641
3627.692308 3608.205128 3622.051282 3771.794872 4192.820513 3679.487179 3661.538462 3683.589744 3625.641026 4215.384615 3598.461538 3771.794872 3621.025641 3930.769231
3631.282051 3602.051282 3628.205128 3779.487179 4191.282051 3720.000000 3667.179487 3678.461538 3617.435897 4221.538462 3620.512821 3784.615385 3644.102564 3939.487179
3628.717949 3620.000000 3632.820513 3786.666667 4193.333333 3584.102564 3643.589744 3675.384615 3588.205128 4213.333333 3615.384615 3786.666667 3643.589744 3931.282051
3648.717949 3654.358974 3651.282051 3796.410256 4198.461538 3634.871795 3671.794872 3715.897436 3692.307692 4215.384615 3620.000000 3800.512821 3653.846154 3925.641026
3670.769231 3662.051282 3673.333333 3801.538462 4196.923077 3765.641026 3711.282051 3737.948718 3776.923077 4229.230769 3656.923077 3818.974359 3688.205128 3923.589744
3669.230769 3661.538462 3678.461538 3800.512821 4192.820513 3711.794872 3709.230769 3727.179487 3700.512821 4229.743590 3670.769231 3820.000000 3695.384615 3920.512821
3666.666667 3676.410256 3676.410256 3800.512821 4196.923077 3660.000000 3700.512821 3735.384615 3666.666667 4221.025641 3650.769231 3810.256410 3680.512821 3911.282051
3672.820513 3685.641026 3682.051282 3798.461538 4197.435897 3747.179487 3708.205128 3748.205128 3720.000000 4218.461538 3663.076923 3814.871795 3699.487179 3904.615385
3672.820513 3680.000000 3684.615385 3801.538462 4196.923077 3732.820513 3707.692308 3737.948718 3717.948718 4225.128205 3666.666667 3817.948718 3705.641026 3912.820513
3670.256410 3688.717949 3685.641026 3810.256410 4195.897436 3630.769231 3702.564103 3735.384615 3698.974359 4229.743590 3647.179487 3814.358974 3694.358974 3914.871795
3681.538462 3705.641026 3697.435897 3813.333333 4192.307692 3698.461538 3724.615385 3760.512821 3716.923077 4223.589744 3667.179487 3826.666667 3717.435897 3910.256410
3693.333333 3701.025641 3705.641026 3812.820513 4195.384615 3798.461538 3753.333333 3788.717949 3743.589744 4222.564103 3688.205128 3836.923077 3735.897436 3910.769231
3691.282051 3697.948718 3702.564103 3814.871795 4197.435897 3708.717949 3734.358974 3770.769231 3724.102564 4226.153846 3675.384615 3826.666667 3723.076923 3909.743590
3698.461538 3719.487179 3715.384615 3825.128205 4198.461538 3663.589744 3727.179487 3758.461538 3722.051282 4225.641026 3676.923077 3829.743590 3728.717949 3915.384615
3714.358974 3739.487179 3736.923077 3829.230769 4196.923077 3784.615385 3780.512821 3814.358974 3798.461538 4225.128205 3700.512821 3849.230769 3759.487179 3924.102564
3717.948718 3740.512821 3739.487179 3826.153846 4193.846154 3786.666667 3781.025641 3811.794872 3811.282051 4223.589744 3704.102564 3851.794872 3764.615385 3922.564103
3715.384615 3741.025641 3737.948718 3821.538462 4197.948718 3711.794872 3742.051282 3762.051282 3748.717949 4222.564103 3695.897436 3845.128205 3748.717949 3914.871795
3719.487179 3756.923077 3750.769231 3813.846154 4196.923077 3764.615385 3771.794872 3793.333333 3776.923077 4224.615385 3704.615385 3851.794872 3752.307692 3911.794872
3738.461538 3788.205128 3772.820513 3824.102564 4195.897436 3822.564103 3812.307692 3835.384615 3867.179487 4226.666667 3732.307692 3875.384615 3784.615385 3923.076923
3762.051282 3814.358974 3788.717949 3840.512821 4199.487179 3809.743590 3812.820513 3832.307692 3889.743590 4226.153846 3761.025641 3892.307692 3812.820513 3935.897436
3774.358974 3829.743590 3798.461538 3841.538462 4194.871795 3815.897436 3835.384615 3842.564103 3870.256410 4227.179487 3776.923077 3896.923077 3825.641026 3941.025641
3782.564103 3847.692308 3812.307692 3846.666667 4193.333333 3813.333333 3860.000000 3862.564103 3858.461538 4226.153846 3785.641026 3905.128205 3835.384615 3944.102564
3794.358974 3859.487179 3826.666667 3851.794872 4195.897436 3808.205128 3858.461538 3876.410256 3889.743590 4224.102564 3800.512821 3913.846154 3850.256410 3944.102564
3805.641026 3862.051282 3837.435897 3848.717949 4196.923077 3826.153846 3869.743590 3891.282051 3917.948718 4233.846154 3820.512821 3920.000000 3865.128205 3949.743590
3809.743590 3870.256410 3840.512821 3846.666667 4195.897436 3858.461538 3893.846154 3898.461538 3909.230769 4233.333333 3821.538462 3922.564103 3867.692308 3955.384615
3804.102564 3875.897436 3834.358974 3850.256410 4193.846154 3812.307692 3876.410256 3883.589744 3884.615385 4220.000000 3817.435897 3918.461538 3862.051282 3957.948718
3813.846154 3875.897436 3840.000000 3858.974359 4197.948718 3825.641026 3873.333333 3891.794872 3891.282051 4221.538462 3827.692308 3921.538462 3874.871795 3970.256410
3829.743590 3888.717949 3853.846154 3864.102564 4198.461538 3939.487179 3912.307692 3921.025641 3971.282051 4227.692308 3838.461538 3930.769231 3896.923077 3976.410256
3830.769231 3894.871795 3856.410256 3866.666667 4195.384615 3881.538462 3897.948718 3905.641026 3981.025641 4225.641026 3842.564103 3933.846154 3900.000000 3975.897436
3836.923077 3896.410256 3855.897436 3867.179487 4198.461538 3808.205128 3876.410256 3876.923077 3879.487179 4224.102564 3856.923077 3938.974359 3909.230769 3986.153846
3830.256410 3901.538462 3850.769231 3861.538462 4195.897436 3836.923077 3893.846154 3895.897436 3871.282051 4227.179487 3838.974359 3928.717949 3899.487179 3987.179487
3815.897436 3891.282051 3842.564103 3854.358974 4194.358974 3836.923077 3894.871795 3921.538462 3982.051282 4230.256410 3811.794872 3914.871795 3874.871795 3974.871795
3832.307692 3896.410256 3860.000000 3851.794872 4195.384615 3907.692308 3912.820513 3927.692308 4015.384615 4230.769231 3854.871795 3936.923077 3911.794872 3976.923077
3852.820513 3925.128205 3885.641026 3858.461538 4196.410256 3993.846154 3940.000000 3937.435897 3967.179487 4227.692308 3880.512821 3951.282051 3942.051282 3986.153846
3856.410256 3943.589744 3888.717949 3870.256410 4199.487179 3888.717949 3913.846154 3930.769231 3971.794872 4223.589744 3863.076923 3940.512821 3929.743590 3977.435897
3866.666667 3949.230769 3896.923077 3870.769231 4198.974359 3872.307692 3922.051282 3924.615385 4009.743590 4225.641026 3891.282051 3952.820513 3953.846154 3976.410256
3870.769231 3945.641026 3904.102564 3869.743590 4199.487179 3985.641026 3960.000000 3944.615385 4012.820513 4224.102564 3898.974359 3959.487179 3968.717949 3991.282051
3864.102564 3953.333333 3896.410256 3877.435897 4198.461538 3895.384615 3933.333333 3955.897436 4005.641026 4215.897436 3875.384615 3945.641026 3949.743590 3987.692308
3861.538462 3955.384615 3886.153846 3873.846154 4196.923077 3838.461538 3908.205128 3935.384615 4020.000000 4219.487179 3884.102564 3943.589744 3947.179487 3974.871795
3834.358974 3904.102564 3855.384615 3851.794872 4198.974359 3908.717949 3893.846154 3890.256410 3958.974359 4223.076923 3859.487179 3922.051282 3912.307692 3965.128205
3793.333333 3852.820513 3811.794872 3834.358974 4197.948718 3892.307692 3851.282051 3868.717949 3872.307692 4216.923077 3788.205128 3878.974359 3843.589744 3954.871795
3792.820513 3865.128205 3804.615385 3840.000000 4196.923077 3814.871795 3823.076923 3867.179487 3890.256410 4218.461538 3769.230769 3873.846154 3821.025641 3957.948718
3807.692308 3901.538462 3823.076923 3843.589744 4197.435897 3779.487179 3833.333333 3854.871795 3884.615385 4229.230769 3804.615385 3889.230769 3843.589744 3964.102564
3806.666667 3905.641026 3825.128205 3834.358974 4195.384615 3848.205128 3865.128205 3864.102564 3856.410256 4231.282051 3809.743590 3886.153846 3849.230769 3967.179487
3805.128205 3893.333333 3818.974359 3833.846154 4194.358974 3899.487179 3871.794872 3884.615385 3916.410256 4227.179487 3790.256410 3883.589744 3833.846154 3975.897436
3807.692308 3892.820513 3823.076923 3832.307692 4194.358974 3876.410256 3854.358974 3866.153846 3906.153846 4225.641026 3804.102564 3887.692308 3836.410256 3977.948718
3809.743590 3894.871795 3829.743590 3833.333333 4198.461538 3877.948718 3862.564103 3869.743590 3841.025641 4222.564103 3813.846154 3886.666667 3842.051282 3973.846154
3811.794872 3902.051282 3832.820513 3840.000000 4198.974359 3875.384615 3875.897436 3895.384615 3895.897436 4225.128205 3797.948718 3888.717949 3832.820513 3970.769231
3825.641026 3929.230769 3844.102564 3843.076923 4194.871795 3852.820513 3872.307692 3889.743590 3938.974359 4227.179487 3814.871795 3901.538462 3846.666667 3972.820513
3849.230769 3952.820513 3860.000000 3841.025641 4199.487179 3902.051282 3896.410256 3905.641026 3911.794872 4225.641026 3846.666667 3911.282051 3873.333333 3978.974359
3848.205128 3947.692308 3856.923077 3830.769231 4198.461538 3906.153846 3905.128205 3927.179487 3940.000000 4224.102564 3842.051282 3903.589744 3872.820513 3972.307692
3846.666667 3951.282051 3863.589744 3831.282051 4192.820513 3885.641026 3901.538462 3921.538462 3971.794872 4223.589744 3855.897436 3913.333333 3888.717949 3974.358974
3858.461538 3974.871795 3888.717949 3844.102564 4195.897436 3981.538462 3939.487179 3927.179487 3963.589744 4222.564103 3887.179487 3936.410256 3916.923077 3982.564103
3849.743590 3965.641026 3885.641026 3841.538462 4198.461538 3998.461538 3946.153846 3948.717949 3983.076923 4222.564103 3877.435897 3928.717949 3905.128205 3970.769231
3843.076923 3946.153846 3869.743590 3840.512821 4200.512821 3879.487179 3913.333333 3944.102564 3985.128205 4223.076923 3866.153846 3914.871795 3894.358974 3956.410256
3857.948718 3974.871795 3880.512821 3865.128205 4198.974359 3880.000000 3929.743590 3932.820513 3953.846154 4214.358974 3887.179487 3926.666667 3909.743590 3951.794872
3867.179487 3992.820513 3895.897436 3886.666667 4197.435897 4006.666667 3973.846154 3969.743590 3976.410256 4217.435897 3889.743590 3936.410256 3909.230769 3952.820513
3865.128205 3969.743590 3893.846154 3883.076923 4198.974359 4003.589744 3967.179487 3981.538462 4028.205128 4228.717949 3876.923077 3929.230769 3901.025641 3949.230769
3875.384615 3983.589744 3897.435897 3879.487179 4196.923077 3861.025641 3929.230769 3934.871795 4011.794872 4224.615385 3891.282051 3929.743590 3910.769231 3951.794872
3901.025641 4023.076923 3920.000000 3887.179487 4197.435897 3940.512821 3962.564103 3944.102564 3995.384615 4220.512821 3921.538462 3951.794872 3929.743590 3963.076923
3910.256410 4023.589744 3930.769231 3883.076923 4197.435897 4125.128205 4013.333333 3996.410256 4055.384615 4228.717949 3939.487179 3962.564103 3944.615385 3960.512821
3906.666667 4015.897436 3929.743590 3878.974359 4199.487179 4008.205128 3974.871795 3979.487179 4062.564103 4231.794872 3949.230769 3961.025641 3948.205128 3953.333333
3915.897436 4038.974359 3943.076923 3892.820513 4202.051282 3886.153846 3947.179487 3966.153846 4020.512821 4219.487179 3964.615385 3972.820513 3958.461538 3953.846154
3926.666667 4052.307692 3957.435897 3901.538462 4198.974359 3991.282051 3991.794872 4009.743590 4058.461538 4215.384615 3973.333333 3985.128205 3977.435897 3951.794872
3928.717949 4038.461538 3955.384615 3900.512821 4200.000000 4048.717949 4005.128205 4000.512821 4096.923077 4224.102564 3973.333333 3983.589744 3981.538462 3945.641026
3922.564103 4032.307692 3947.692308 3898.461538 4201.025641 4022.564103 3986.153846 3966.666667 4046.153846 4229.230769 3978.974359 3974.358974 3981.538462 3937.948718
3921.025641 4037.435897 3952.820513 3905.128205 4195.897436 3975.384615 3982.564103 3982.564103 4005.641026 4225.641026 3971.282051 3972.820513 3979.487179 3940.000000
3936.923077 4045.641026 3969.743590 3910.769231 4198.461538 3982.564103 3994.358974 4008.717949 4052.820513 4224.615385 3969.230769 3988.205128 3977.435897 3943.589744
3951.794872 4061.538462 3986.153846 3910.256410 4200.000000 4015.384615 4002.564103 4008.205128 4089.743590 4228.205128 3995.897436 4000.000000 3994.871795 3939.487179
3962.051282 4077.435897 3998.974359 3917.435897 4198.461538 3994.358974 4013.333333 4007.179487 4090.256410 4230.769231 4017.435897 4003.076923 4025.641026 3943.589744
3968.717949 4076.410256 4000.512821 3917.435897 4198.461538 4001.025641 4023.076923 4015.384615 4090.256410 4228.717949 4023.589744 4007.692308 4046.666667 3948.205128
3973.846154 4063.589744 3995.384615 3913.846154 4198.974359 4054.871795 4021.025641 4012.820513 4063.076923 4221.538462 4027.179487 4011.794872 4050.256410 3941.538462
3989.743590 4062.564103 4001.538462 3927.692308 4200.512821 4029.230769 4023.076923 4015.384615 4051.282051 4223.589744 4028.717949 4013.333333 4055.897436 3934.871795
4002.051282 4068.205128 4014.358974 3934.358974 4197.948718 4041.025641 4048.205128 4050.769231 4117.435897 4228.717949 4041.025641 4017.948718 4080.000000 3931.282051
3998.974359 4057.948718 4013.846154 3927.179487 4196.410256 4104.615385 4047.692308 4061.538462 4161.025641 4226.666667 4049.743590 4021.538462 4090.769231 3935.897436
3990.769231 4047.692308 4006.666667 3926.666667 4198.461538 4027.179487 4024.615385 4036.923077 4126.666667 4223.076923 4045.641026 4020.512821 4085.128205 3937.948718
4002.051282 4064.615385 4023.589744 3928.205128 4200.000000 4069.230769 4059.487179 4051.282051 4137.435897 4223.589744 4069.230769 4036.923077 4109.743590 3935.897436
4015.897436 4083.076923 4044.615385 3927.692308 4202.051282 4153.846154 4076.923077 4074.871795 4173.333333 4226.666667 4091.282051 4048.205128 4133.846154 3932.307692
4012.307692 4093.846154 4044.102564 3936.923077 4198.974359 3995.384615 4033.333333 4054.358974 4153.333333 4229.743590 4084.102564 4036.410256 4125.128205 3925.128205
4023.076923 4113.846154 4053.333333 3951.794872 4197.948718 4004.615385 4058.974359 4059.487179 4143.589744 4227.692308 4107.179487 4048.717949 4142.051282 3931.282051
4043.589744 4131.282051 4074.871795 3960.000000 4200.000000 4193.333333 4118.974359 4108.717949 4179.487179 4216.410256 4136.923077 4071.794872 4175.897436 3940.512821
4050.769231 4138.461538 4086.153846 3965.641026 4198.974359 4169.743590 4118.974359 4127.179487 4242.564103 4214.358974 4138.461538 4074.871795 4183.589744 3941.025641
4051.794872 4144.102564 4085.641026 3975.897436 4200.000000 4066.153846 4101.538462 4108.717949 4257.435897 4225.641026 4146.153846 4074.358974 4180.512821 3942.051282
4056.923077 4151.282051 4087.179487 3979.487179 4200.512821 4130.256410 4125.128205 4112.820513 4213.846154 4225.641026 4171.794872 4082.051282 4190.769231 3948.205128
4068.205128 4157.948718 4096.410256 3985.128205 4202.564103 4187.179487 4152.820513 4131.282051 4206.153846 4221.538462 4185.128205 4093.333333 4200.000000 3964.615385
4078.974359 4177.435897 4108.717949 3989.743590 4202.051282 4180.000000 4157.435897 4148.205128 4263.076923 4225.128205 4199.487179 4107.179487 4214.358974 3974.871795
4083.076923 4194.358974 4121.025641 3986.666667 4197.435897 4175.897436 4153.333333 4166.666667 4289.230769 4227.179487 4219.487179 4111.794872 4227.179487 3976.923077
4090.769231 4194.358974 4129.230769 3993.333333 4201.538462 4150.256410 4158.461538 4172.307692 4277.435897 4226.666667 4223.076923 4111.282051 4223.076923 3983.589744
4103.076923 4204.102564 4133.333333 3993.846154 4202.564103 4193.846154 4173.333333 4170.256410 4297.948718 4229.743590 4238.974359 4120.512821 4240.000000 3985.641026
4110.769231 4215.897436 4143.076923 3988.717949 4197.948718 4255.384615 4181.025641 4184.102564 4327.179487 4227.692308 4256.410256 4127.692308 4258.461538 3988.205128
4110.256410 4206.153846 4142.564103 3991.282051 4202.564103 4220.000000 4178.461538 4185.641026 4317.948718 4223.589744 4246.666667 4121.025641 4242.051282 3989.743590
4109.230769 4197.435897 4130.769231 3995.897436 4205.128205 4181.025641 4170.256410 4153.333333 4291.794872 4226.666667 4241.538462 4114.871795 4230.769231 3987.692308
4117.435897 4205.641026 4137.435897 4002.051282 4204.615385 4226.153846 4172.820513 4155.897436 4287.692308 4225.128205 4255.897436 4121.025641 4245.128205 3989.743590
4116.923077 4208.205128 4146.666667 4005.641026 4202.564103 4153.333333 4163.589744 4181.025641 4291.794872 4218.461538 4260.512821 4124.102564 4248.205128 3991.794872
4120.512821 4220.000000 4152.307692 4013.846154 4200.512821 4029.230769 4149.230769 4169.743590 4272.307692 4222.051282 4271.282051 4133.846154 4261.025641 4003.589744
4143.589744 4249.230769 4173.333333 4025.128205 4202.051282 4171.282051 4191.794872 4183.076923 4282.564103 4228.717949 4301.025641 4154.871795 4293.846154 4014.871795
4144.102564 4258.974359 4185.641026 4022.051282 4200.512821 4343.589744 4237.435897 4230.769231 4330.769231 4229.230769 4302.051282 4154.871795 4297.435897 4010.256410
4130.769231 4251.282051 4183.589744 4017.435897 4202.051282 4241.538462 4213.333333 4216.410256 4335.384615 4231.282051 4290.769231 4147.692308 4290.256410 4012.820513
4144.102564 4264.615385 4197.435897 4021.025641 4203.076923 4202.051282 4207.692308 4205.641026 4332.307692 4232.307692 4317.435897 4164.615385 4320.000000 4023.076923
4160.512821 4284.102564 4209.230769 4024.102564 4203.076923 4291.794872 4237.948718 4247.179487 4355.384615 4224.102564 4330.769231 4177.948718 4331.282051 4025.641026
4160.000000 4285.641026 4211.794872 4024.102564 4205.641026 4221.025641 4227.179487 4240.000000 4345.641026 4222.051282 4315.897436 4172.820513 4314.871795 4024.615385
4170.256410 4299.487179 4233.846154 4027.179487 4202.564103 4186.666667 4244.102564 4233.333333 4349.230769 4229.743590 4341.538462 4184.102564 4348.717949 4033.846154
4182.564103 4316.923077 4249.743590 4035.897436 4202.051282 4281.025641 4283.589744 4273.333333 4389.743590 4227.692308 4369.230769 4198.461538 4384.615385 4047.179487
4175.897436 4315.897436 4241.025641 4038.461538 4202.564103 4297.948718 4278.461538 4277.435897 4401.538462 4221.025641 4351.282051 4191.282051 4365.641026 4049.230769
4177.435897 4311.794872 4244.615385 4035.384615 4200.000000 4314.358974 4286.153846 4281.025641 4415.897436 4224.102564 4348.205128 4195.897436 4355.897436 4050.256410
4188.205128 4321.025641 4257.435897 4044.102564 4206.666667 4332.820513 4296.923077 4293.846154 4429.743590 4231.282051 4368.205128 4211.282051 4369.743590 4053.333333
4187.692308 4339.487179 4258.974359 4054.358974 4208.205128 4290.256410 4284.615385 4266.153846 4397.948718 4230.256410 4369.230769 4209.743590 4369.230769 4048.717949
4194.358974 4341.538462 4262.051282 4052.820513 4206.153846 4296.923077 4295.897436 4261.538462 4398.974359 4223.589744 4362.051282 4203.076923 4365.641026 4048.717949
4207.692308 4341.538462 4268.717949 4049.230769 4210.256410 4341.025641 4307.179487 4313.333333 4448.205128 4221.538462 4371.282051 4209.230769 4376.410256 4051.794872
4208.717949 4356.923077 4268.717949 4055.897436 4207.692308 4333.333333 4290.769231 4312.820513 4447.692308 4228.205128 4372.820513 4214.358974 4375.897436 4056.410256
4202.564103 4361.025641 4267.692308 4060.512821 4203.589744 4302.051282 4288.717949 4258.974359 4409.230769 4234.871795 4363.076923 4211.794872 4368.717949 4058.974359
4203.589744 4358.974359 4272.820513 4059.487179 4203.076923 4265.128205 4297.948718 4266.666667 4392.820513 4228.205128 4377.435897 4213.846154 4383.589744 4056.923077
4221.025641 4377.948718 4289.230769 4071.794872 4206.666667 4292.820513 4314.358974 4320.512821 4406.153846 4223.076923 4401.025641 4231.282051 4402.564103 4064.102564
4238.461538 4393.333333 4304.102564 4080.512821 4208.205128 4364.615385 4346.666667 4332.307692 4443.076923 4226.153846 4402.564103 4242.051282 4407.692308 4071.794872
4238.461538 4383.589744 4301.538462 4075.384615 4204.615385 4374.358974 4352.307692 4322.051282 4464.102564 4226.153846 4393.333333 4234.871795 4405.128205 4069.230769
4237.435897 4373.333333 4297.435897 4076.410256 4207.692308 4409.230769 4341.025641 4340.512821 4477.948718 4221.538462 4387.692308 4232.820513 4395.384615 4067.179487
4238.974359 4374.871795 4294.871795 4078.974359 4210.256410 4332.820513 4301.538462 4311.794872 4472.307692 4214.871795 4388.205128 4231.794872 4387.692308 4061.025641
4251.282051 4391.282051 4305.128205 4086.153846 4208.205128 4200.000000 4283.589744 4273.846154 4424.615385 4220.512821 4405.641026 4235.897436 4408.205128 4066.666667
4262.564103 4406.153846 4320.000000 4089.743590 4208.717949 4342.564103 4348.205128 4335.897436 4425.641026 4227.692308 4418.974359 4248.717949 4430.256410 4080.512821
4249.230769 4392.307692 4310.256410 4081.025641 4208.205128 4451.282051 4369.230769 4363.589744 4467.179487 4220.512821 4403.076923 4245.641026 4412.820513 4077.948718
4246.666667 4381.538462 4303.076923 4082.564103 4209.743590 4320.000000 4324.102564 4313.846154 4461.538462 4221.025641 4402.051282 4241.538462 4401.025641 4079.487179
4257.435897 4402.051282 4315.384615 4092.820513 4208.717949 4344.102564 4340.000000 4334.871795 4471.282051 4229.230769 4416.923077 4248.205128 4417.948718 4094.358974
4256.923077 4415.897436 4324.615385 4096.923077 4208.717949 4407.179487 4355.384615 4355.897436 4489.230769 4227.179487 4417.435897 4255.897436 4421.025641 4107.179487
4266.153846 4416.923077 4336.923077 4098.461538 4211.282051 4309.230769 4334.358974 4322.051282 4457.948718 4223.589744 4431.794872 4266.153846 4424.102564 4113.846154
4286.153846 4429.743590 4350.769231 4096.410256 4209.743590 4373.846154 4373.846154 4357.435897 4477.948718 4227.692308 4450.256410 4272.820513 4439.487179 4122.564103
4281.538462 4420.512821 4340.000000 4092.307692 4210.256410 4496.410256 4397.435897 4390.769231 4532.820513 4227.179487 4434.871795 4265.641026 4425.641026 4127.692308
4262.564103 4399.487179 4322.564103 4089.743590 4210.769231 4374.871795 4342.051282 4330.769231 4488.717949 4221.538462 4418.974359 4252.307692 4398.461538 4116.410256
4266.666667 4398.461538 4328.717949 4089.743590 4211.282051 4302.564103 4332.820513 4312.307692 4430.769231 4222.564103 4428.717949 4256.410256 4407.179487 4115.384615
4279.487179 4404.102564 4339.487179 4092.820513 4213.333333 4365.641026 4363.076923 4350.256410 4453.333333 4220.512821 4430.769231 4266.666667 4426.153846 4122.564103
4280.000000 4413.333333 4342.051282 4095.384615 4211.282051 4389.230769 4370.769231 4362.051282 4509.743590 4216.410256 4422.564103 4264.615385 4423.589744 4116.410256
4271.282051 4404.102564 4335.384615 4094.871795 4208.717949 4414.358974 4367.179487 4358.461538 4519.487179 4220.512821 4417.435897 4256.923077 4405.128205 4106.153846
4261.025641 4378.974359 4324.615385 4089.743590 4205.641026 4444.615385 4368.717949 4354.358974 4482.564103 4227.179487 4409.743590 4253.846154 4391.794872 4096.410256
4264.615385 4385.128205 4332.307692 4090.769231 4204.102564 4429.230769 4385.128205 4352.820513 4471.794872 4233.846154 4410.769231 4258.974359 4399.487179 4089.743590
4270.256410 4403.589744 4341.538462 4098.461538 4210.256410 4362.051282 4378.461538 4355.897436 4484.615385 4235.897436 4414.358974 4260.000000 4405.128205 4081.538462
4258.974359 4387.692308 4324.102564 4093.333333 4209.743590 4336.923077 4344.615385 4347.179487 4460.512821 4225.641026 4397.435897 4248.717949 4387.179487 4069.743590
4266.666667 4381.025641 4331.282051 4089.230769 4208.205128 4425.128205 4367.179487 4360.512821 4474.871795 4218.974359 4394.358974 4256.923077 4387.179487 4074.358974
4297.948718 4415.384615 4372.307692 4098.974359 4209.230769 4471.282051 4418.974359 4396.410256 4544.102564 4227.692308 4438.461538 4288.717949 4429.743590 4086.153846
4303.076923 4431.282051 4382.564103 4107.692308 4206.153846 4424.102564 4408.205128 4402.051282 4554.358974 4229.743590 4463.076923 4301.538462 4449.230769 4089.230769
4284.615385 4414.871795 4356.410256 4108.205128 4206.153846 4403.589744 4378.974359 4382.564103 4512.820513 4222.564103 4424.615385 4281.538462 4411.282051 4083.589744
4285.128205 4422.051282 4353.333333 4106.666667 4203.589744 4464.102564 4403.076923 4387.692308 4523.076923 4228.717949 4406.666667 4269.743590 4396.410256 4084.102564
4295.897436 4438.461538 4368.205128 4109.743590 4205.128205 4478.461538 4409.230769 4387.692308 4535.384615 4232.820513 4421.538462 4277.435897 4408.717949 4087.692308
4283.589744 4427.692308 4349.743590 4109.230769 4212.820513 4398.461538 4366.153846 4354.358974 4486.666667 4220.000000 4394.358974 4270.769231 4379.487179 4071.794872
4274.358974 4430.256410 4335.384615 4110.769231 4213.333333 4400.000000 4366.666667 4362.051282 4482.564103 4213.846154 4368.717949 4267.179487 4355.897436 4060.000000
4287.692308 4451.282051 4352.307692 4117.435897 4211.794872 4461.025641 4395.384615 4386.153846 4514.871795 4222.051282 4386.666667 4276.923077 4368.717949 4068.717949
4293.846154 4459.487179 4361.538462 4110.769231 4211.282051 4435.897436 4390.769231 4369.743590 4489.230769 4227.692308 4388.717949 4275.384615 4361.025641 4068.205128
4303.076923 4468.717949 4367.692308 4108.717949 4212.820513 4408.205128 4389.743590 4373.846154 4476.410256 4224.615385 4382.051282 4283.589744 4353.846154 4068.717949
4320.000000 4485.641026 4384.615385 4120.512821 4213.846154 4472.820513 4410.256410 4400.512821 4514.871795 4225.641026 4398.974359 4303.076923 4377.948718 4078.974359
4315.384615 4473.333333 4381.025641 4120.512821 4211.282051 4482.564103 4401.025641 4390.769231 4516.923077 4230.769231 4402.051282 4300.000000 4382.051282 4084.102564
4309.743590 4454.871795 4371.794872 4120.000000 4212.820513 4428.205128 4378.461538 4381.025641 4498.974359 4229.743590 4397.435897 4292.820513 4371.794872 4091.282051
4319.487179 4469.743590 4383.076923 4129.230769 4213.333333 4470.769231 4403.076923 4407.692308 4524.102564 4223.076923 4414.358974 4305.128205 4393.333333 4100.000000
4315.897436 4469.743590 4385.128205 4121.025641 4211.282051 4518.461538 4423.076923 4408.205128 4524.615385 4221.025641 4414.358974 4306.666667 4397.948718 4102.051282
4306.153846 4458.974359 4378.461538 4105.641026 4211.794872 4470.769231 4407.179487 4392.307692 4505.128205 4223.589744 4399.487179 4295.384615 4377.435897 4100.512821
4310.769231 4465.641026 4378.974359 4141.538462 4211.794872 4419.487179 4396.410256 4402.564103 4516.923077 4231.282051 4394.871795 4293.846154 4369.743590 4095.897436
4318.974359 4469.230769 4381.025641 4191.282051 4215.384615 4439.487179 4407.179487 4406.153846 4511.794872 4233.333333 4398.461538 4298.974359 4371.282051 4093.846154
4321.538462 4470.769231 4387.179487 4174.871795 4213.333333 4457.435897 4420.000000 4401.538462 4498.461538 4218.461538 4415.384615 4306.153846 4382.051282 4095.384615
4320.512821 4464.102564 4388.717949 4177.948718 4207.692308 4404.615385 4410.256410 4400.000000 4497.435897 4213.333333 4418.974359 4306.153846 4378.974359 4096.923077
4319.487179 4443.589744 4377.948718 4267.179487 4212.307692 4421.025641 4408.205128 4408.717949 4495.897436 4226.666667 4400.000000 4300.512821 4358.461538 4092.307692
4318.461538 4437.948718 4373.846154 4318.974359 4214.871795 4514.358974 4428.717949 4419.487179 4508.205128 4226.153846 4395.384615 4300.000000 4358.461538 4087.692308
4313.333333 4435.897436 4375.384615 4282.564103 4213.846154 4492.820513 4413.846154 4400.512821 4498.461538 4222.051282 4395.384615 4295.384615 4357.435897 4091.794872
4300.000000 4418.974359 4365.128205 4249.230769 4214.871795 4405.128205 4382.564103 4376.410256 4462.051282 4228.205128 4380.512821 4281.538462 4332.820513 4090.256410
4301.538462 4419.487179 4363.076923 4262.564103 4215.384615 4420.000000 4392.307692 4384.615385 4468.205128 4228.205128 4379.487179 4281.025641 4322.564103 4090.256410
4309.230769 4434.358974 4369.230769 4250.769231 4214.871795 4469.743590 4405.128205 4389.743590 4489.230769 4218.461538 4386.666667 4286.153846 4331.794872 4093.333333
4292.307692 4417.948718 4358.974359 4144.102564 4208.717949 4454.871795 4391.282051 4374.358974 4470.769231 4213.846154 4378.974359 4275.897436 4324.102564 4088.205128
4277.948718 4397.435897 4351.794872 4039.487179 4207.692308 4421.538462 4387.692308 4371.282051 4450.769231 4217.435897 4371.282051 4274.871795 4308.717949 4090.769231
4285.128205 4409.743590 4357.948718 4030.769231 4210.256410 4424.615385 4396.410256 4380.000000 4454.358974 4224.102564 4377.435897 4286.153846 4307.179487 4095.384615
4296.410256 4422.564103 4365.128205 4046.153846 4208.717949 4432.820513 4400.000000 4383.589744 4458.974359 4227.692308 4384.102564 4290.256410 4308.205128 4092.820513
4305.641026 4425.128205 4373.333333 4032.307692 4210.769231 4434.871795 4410.256410 4392.820513 4465.641026 4220.512821 4387.179487 4293.333333 4311.794872 4093.846154
4300.000000 4433.846154 4375.384615 4018.974359 4208.717949 4431.794872 4410.769231 4395.897436 4467.692308 4212.820513 4392.307692 4291.282051 4319.487179 4100.512821
4292.820513 4432.307692 4374.871795 4022.564103 4208.205128 4409.743590 4392.820513 4386.153846 4458.461538 4225.128205 4386.666667 4290.256410 4313.846154 4105.641026
4301.538462 4430.769231 4383.589744 4019.487179 4211.282051 4404.615385 4394.871795 4393.333333 4468.717949 4235.897436 4396.923077 4301.025641 4317.948718 4106.666667
4303.589744 4434.358974 4388.205128 3996.923077 4207.179487 4438.974359 4409.230769 4404.102564 4474.871795 4223.076923 4422.051282 4311.794872 4337.435897 4110.769231
4289.230769 4420.000000 4378.461538 3972.307692 4204.615385 4456.410256 4401.538462 4393.333333 4454.358974 4217.435897 4410.256410 4302.051282 4324.102564 4112.820513
4284.102564 4409.230769 4373.333333 3974.871795 4205.641026 4430.256410 4387.692308 4383.076923 4450.256410 4227.692308 4391.282051 4288.205128 4304.615385 4109.230769
4294.871795 4416.410256 4381.025641 4002.051282 4208.205128 4416.410256 4388.717949 4390.256410 4467.179487 4226.666667 4403.589744 4292.820513 4319.487179 4117.435897
4298.461538 4413.846154 4382.564103 4026.666667 4208.717949 4424.615385 4394.358974 4393.333333 4466.153846 4214.871795 4407.692308 4295.897436 4325.128205 4122.564103
4298.461538 4413.333333 4378.974359 4033.333333 4206.153846 4435.897436 4391.794872 4378.974359 4447.179487 4217.435897 4390.256410 4290.256410 4309.230769 4124.102564
4302.564103 4418.461538 4382.051282 4016.923077 4208.717949 4429.743590 4378.461538 4364.102564 4428.717949 4223.589744 4389.743590 4293.333333 4308.205128 4131.794872
4296.923077 4406.153846 4376.410256 4029.230769 4208.717949 4385.641026 4366.153846 4358.974359 4410.769231 4218.461538 4400.512821 4293.333333 4312.820513 4132.307692
4297.948718 4396.410256 4368.205128 3968.717949 4210.256410 4373.846154 4376.410256 4361.538462 4408.717949 4213.846154 4390.256410 4288.717949 4302.564103 4131.794872
4307.179487 4408.717949 4371.282051 3531.282051 4213.846154 4427.692308 4394.871795 4367.692308 4422.051282 4224.102564 4380.000000 4289.743590 4303.076923 4134.358974
4302.564103 4408.717949 4370.769231 2870.769231 4214.871795 4466.153846 4394.871795 4370.256410 4423.589744 4232.307692 4389.230769 4291.794872 4315.897436 4139.487179
4288.717949 4386.153846 4360.000000 2581.025641 4216.410256 4421.025641 4374.871795 4355.897436 4397.948718 4223.076923 4384.615385 4284.615385 4305.128205 4145.641026
4282.564103 4382.051282 4355.897436 2681.025641 4214.358974 4377.435897 4362.564103 4341.538462 4384.102564 4221.025641 4366.666667 4277.948718 4290.256410 4140.512821
4287.692308 4392.307692 4366.153846 2737.948718 4213.846154 4398.974359 4358.974359 4341.538462 4392.820513 4233.333333 4370.769231 4284.615385 4297.435897 4134.358974
4279.487179 4375.897436 4360.000000 2711.282051 4216.923077 4399.487179 4338.974359 4326.153846 4375.897436 4235.384615 4371.794872 4283.076923 4298.974359 4134.871795
4274.358974 4371.794872 4355.897436 2729.230769 4213.333333 4381.538462 4340.000000 4316.923077 4361.025641 4227.692308 4371.794872 4284.615385 4303.589744 4136.923077
4320.512821 4436.923077 4406.153846 2754.871795 4217.435897 4430.256410 4403.076923 4373.846154 4422.051282 4225.128205 4418.461538 4328.717949 4354.358974 4147.179487
4370.769231 4508.205128 4465.128205 2763.589744 4223.076923 4513.333333 4471.282051 4443.589744 4510.769231 4220.512821 4477.948718 4376.410256 4417.435897 4163.589744
4367.692308 4505.128205 4468.717949 2775.384615 4220.000000 4501.538462 4466.153846 4437.948718 4513.333333 4215.897436 4491.282051 4376.923077 4432.820513 4182.564103
4360.000000 4483.076923 4455.384615 2788.205128 4223.076923 4453.846154 4441.538462 4415.897436 4478.974359 4224.615385 4480.512821 4364.615385 4421.538462 4188.717949
4370.256410 4490.256410 4462.564103 2797.948718 4226.153846 4487.179487 4456.410256 4433.846154 4495.384615 4227.692308 4478.974359 4371.794872 4418.974359 4175.897436
4364.102564 4477.435897 4459.487179 2811.282051 4223.076923 4483.589744 4443.076923 4416.923077 4474.358974 4222.564103 4470.769231 4371.794872 4410.256410 4168.717949
4347.179487 4451.794872 4440.000000 2820.000000 4222.051282 4426.666667 4402.564103 4384.615385 4415.897436 4223.076923 4462.051282 4357.435897 4402.051282 4162.051282
4339.487179 4441.538462 4425.641026 2821.025641 4222.051282 4445.641026 4398.974359 4403.076923 4430.769231 4223.589744 4450.769231 4348.717949 4403.076923 4151.794872
4324.102564 4414.358974 4407.692308 2821.025641 4219.487179 4446.153846 4397.948718 4399.487179 4453.846154 4223.589744 4422.564103 4339.487179 4381.538462 4145.641026
4309.743590 4393.333333 4395.384615 2814.871795 4216.410256 4378.974359 4380.512821 4357.435897 4418.974359 4227.179487 4410.256410 4329.230769 4361.025641 4143.589744
4318.461538 4401.538462 4403.589744 2815.897436 4219.487179 4383.589744 4385.641026 4358.974359 4403.076923 4226.666667 4424.102564 4331.282051 4369.743590 4145.641026
4314.358974 4397.948718 4407.179487 2818.974359 4217.948718 4427.692308 4394.871795 4380.512821 4422.051282 4216.410256 4423.076923 4331.282051 4370.256410 4143.589744
4286.666667 4368.205128 4387.692308 2818.461538 4214.871795 4403.589744 4372.307692 4362.051282 4400.512821 4215.384615 4401.538462 4320.512821 4342.051282 4146.153846
4282.564103 4351.282051 4376.410256 2830.769231 4222.564103 4401.025641 4367.692308 4352.307692 4378.461538 4229.230769 4398.974359 4315.897436 4334.358974 4151.794872
4290.769231 4355.897436 4379.487179 2845.128205 4223.076923 4405.128205 4377.435897 4362.564103 4395.897436 4230.256410 4411.282051 4313.333333 4351.794872 4140.512821
4279.487179 4345.128205 4371.282051 2856.410256 4218.461538 4380.000000 4360.512821 4347.179487 4392.307692 4223.589744 4397.948718 4304.615385 4337.948718 4127.692308
4274.871795 4328.717949 4365.128205 2866.666667 4219.487179 4394.871795 4353.846154 4336.410256 4381.538462 4223.589744 4387.179487 4307.179487 4324.615385 4130.256410
4289.230769 4339.487179 4378.461538 2876.923077 4218.461538 4388.205128 4360.512821 4343.589744 4387.692308 4224.102564 4411.282051 4320.000000 4350.769231 4142.051282
4294.871795 4352.307692 4390.256410 2890.256410 4218.974359 4366.666667 4366.666667 4347.692308 4383.076923 4224.615385 4422.564103 4320.512821 4359.487179 4143.589744
4288.717949 4346.153846 4387.692308 2894.871795 4215.384615 4408.717949 4385.128205 4360.000000 4386.153846 4225.128205 4407.692308 4315.384615 4341.025641 4134.871795
4291.794872 4338.461538 4385.641026 2905.128205 4213.846154 4424.102564 4384.102564 4366.153846 4399.487179 4224.102564 4405.641026 4316.923077 4338.974359 4135.897436
4293.333333 4337.435897 4383.076923 2923.076923 4222.051282 4391.794872 4366.153846 4360.512821 4404.615385 4225.641026 4411.282051 4309.743590 4343.589744 4134.358974
4277.435897 4330.769231 4372.307692 2931.794872 4222.564103 4374.358974 4365.128205 4359.487179 4403.589744 4226.666667 4398.974359 4295.384615 4328.717949 4127.179487
4277.948718 4334.358974 4376.410256 2944.102564 4219.487179 4369.230769 4368.717949 4347.179487 4389.743590 4223.589744 4404.102564 4303.076923 4329.743590 4135.897436
4292.307692 4349.230769 4386.153846 2960.512821 4220.000000 4391.794872 4362.564103 4338.461538 4371.794872 4220.000000 4426.666667 4312.307692 4346.153846 4141.025641
4279.487179 4330.256410 4370.256410 2980.000000 4220.512821 4361.538462 4338.461538 4342.051282 4365.128205 4222.564103 4390.256410 4292.820513 4310.769231 4127.179487
4252.820513 4294.358974 4344.102564 3001.025641 4218.974359 4244.102564 4308.205128 4310.256410 4329.743590 4227.692308 4347.692308 4270.769231 4266.153846 4113.333333
4257.435897 4296.923077 4346.153846 3011.282051 4214.358974 4285.641026 4328.205128 4289.743590 4295.384615 4228.717949 4382.051282 4278.461538 4290.769231 4109.230769
4269.230769 4302.564103 4355.384615 3020.512821 4215.897436 4426.666667 4356.923077 4331.794872 4350.769231 4226.153846 4396.923077 4286.666667 4309.743590 4108.205128
4241.538462 4270.769231 4333.333333 3030.256410 4220.000000 4340.000000 4309.230769 4311.794872 4350.256410 4223.076923 4363.076923 4269.230769 4272.307692 4101.538462
4225.641026 4259.487179 4321.538462 3040.000000 4222.051282 4225.641026 4277.948718 4256.410256 4252.307692 4224.102564 4365.128205 4261.538462 4258.974359 4098.974359
4246.153846 4283.589744 4340.512821 3053.333333 4222.051282 4329.230769 4329.743590 4310.769231 4283.589744 4225.641026 4378.974359 4270.769231 4280.000000 4095.897436
4247.692308 4277.948718 4340.512821 3061.538462 4216.410256 4393.846154 4344.615385 4361.538462 4391.282051 4223.076923 4363.589744 4267.179487 4278.974359 4086.153846
4238.974359 4259.487179 4325.128205 3069.743590 4218.974359 4330.769231 4308.717949 4310.256410 4368.717949 4221.538462 4365.641026 4262.051282 4269.743590 4090.769231
4244.615385 4274.358974 4328.205128 3076.923077 4222.564103 4328.205128 4304.615385 4287.692308 4324.102564 4224.102564 4381.538462 4265.128205 4285.128205 4100.000000
4249.230769 4289.230769 4336.923077 3090.769231 4218.974359 4350.256410 4314.358974 4316.410256 4357.435897 4222.051282 4375.897436 4268.717949 4302.564103 4102.564103
4247.179487 4277.948718 4331.282051 3109.230769 4221.025641 4331.794872 4306.666667 4298.974359 4349.230769 4221.025641 4376.923077 4271.282051 4306.153846 4099.487179
4239.487179 4264.102564 4320.000000 3114.358974 4217.948718 4328.717949 4296.410256 4276.923077 4318.974359 4226.666667 4373.333333 4262.051282 4298.461538 4094.358974
4244.102564 4270.256410 4327.179487 3126.666667 4217.435897 4321.025641 4294.358974 4289.743590 4331.794872 4226.666667 4371.282051 4260.512821 4309.743590 4096.923077
4271.282051 4308.717949 4355.897436 3146.666667 4222.564103 4325.641026 4329.230769 4309.743590 4346.153846 4221.025641 4408.205128 4287.692308 4360.512821 4103.076923
4300.000000 4352.307692 4383.589744 3157.435897 4219.487179 4394.358974 4387.179487 4352.307692 4387.179487 4228.205128 4443.076923 4315.897436 4400.000000 4115.897436
4313.333333 4358.974359 4395.897436 3162.564103 4217.948718 4438.974359 4397.435897 4384.102564 4448.205128 4234.358974 4450.769231 4325.641026 4415.897436 4129.743590
4307.692308 4357.435897 4399.487179 3163.589744 4218.974359 4401.538462 4376.410256 4372.820513 4462.564103 4226.666667 4463.589744 4330.256410 4434.871795 4126.666667
4296.410256 4371.794872 4404.102564 3173.846154 4218.974359 4380.000000 4385.641026 4365.641026 4448.717949 4220.000000 4485.641026 4338.461538 4447.692308 4121.025641
4296.410256 4385.128205 4407.179487 3190.256410 4218.974359 4416.923077 4405.641026 4379.487179 4448.717949 4223.589744 4488.205128 4340.000000 4448.205128 4126.666667
4311.794872 4395.897436 4413.333333 3201.025641 4218.974359 4442.564103 4409.743590 4377.435897 4447.692308 4223.589744 4475.384615 4338.461538 4447.179487 4136.923077
4327.692308 4412.307692 4429.230769 3210.769231 4222.051282 4442.051282 4418.974359 4373.333333 4457.435897 4221.025641 4475.897436 4347.179487 4453.333333 4142.051282
4330.769231 4428.205128 4442.564103 3221.025641 4221.025641 4441.025641 4432.820513 4392.307692 4488.717949 4221.538462 4492.820513 4356.410256 4471.282051 4142.051282
4327.179487 4425.128205 4441.025641 3232.820513 4221.538462 4437.435897 4424.102564 4387.692308 4478.461538 4226.666667 4496.410256 4355.897436 4474.358974 4148.717949
4324.615385 4415.897436 4437.435897 3240.512821 4221.538462 4444.615385 4412.307692 4376.923077 4455.897436 4226.666667 4486.666667 4354.871795 4458.974359 4152.820513
4328.717949 4425.128205 4444.102564 3248.717949 4216.923077 4449.743590 4416.410256 4397.435897 4477.948718 4222.051282 4500.000000 4363.589744 4468.205128 4156.923077
4334.871795 4428.717949 4445.128205 3263.076923 4218.974359 4435.384615 4417.948718 4404.615385 4490.256410 4226.153846 4510.256410 4365.641026 4478.974359 4162.051282
4324.615385 4404.615385 4430.256410 3265.641026 4220.512821 4425.128205 4410.256410 4384.615385 4468.205128 4226.666667 4485.641026 4350.256410 4453.333333 4159.487179
4319.487179 4393.333333 4428.205128 3272.307692 4220.512821 4429.743590 4407.179487 4380.000000 4452.307692 4222.564103 4472.820513 4346.153846 4432.307692 4166.153846
4330.769231 4410.769231 4439.487179 3288.717949 4220.000000 4434.358974 4416.410256 4391.794872 4464.102564 4224.102564 4483.076923 4356.923077 4440.000000 4174.358974
4328.717949 4410.769231 4437.435897 3294.871795 4216.923077 4431.282051 4418.461538 4385.128205 4476.410256 4226.666667 4482.051282 4356.410256 4445.128205 4172.820513
4319.487179 4390.256410 4422.051282 3302.564103 4219.487179 4420.000000 4401.538462 4364.102564 4453.333333 4227.179487 4457.435897 4344.102564 4425.128205 4173.846154
4323.589744 4396.410256 4419.487179 3310.256410 4218.461538 4409.743590 4396.410256 4362.051282 4440.000000 4226.153846 4447.692308 4341.025641 4415.897436 4173.846154
4329.743590 4409.230769 4429.230769 3318.974359 4218.461538 4418.461538 4405.641026 4369.230769 4451.282051 4226.666667 4462.051282 4351.794872 4428.205128 4175.897436
4325.641026 4399.487179 4429.743590 3331.282051 4224.102564 4423.076923 4407.179487 4363.589744 4449.230769 4224.615385 4461.538462 4355.384615 4425.128205 4179.487179
4331.282051 4408.717949 4434.358974 3338.974359 4220.512821 4412.820513 4414.871795 4373.333333 4452.820513 4222.051282 4453.333333 4355.897436 4419.487179 4181.538462
4350.769231 4437.435897 4455.897436 3350.769231 4222.051282 4428.717949 4436.923077 4401.025641 4491.794872 4222.051282 4467.179487 4370.256410 4434.871795 4187.692308
4355.897436 4447.179487 4467.179487 3356.923077 4226.153846 4458.461538 4449.743590 4407.179487 4516.923077 4225.128205 4496.410256 4382.051282 4456.923077 4191.794872
4354.871795 4447.692308 4468.205128 3356.410256 4221.538462 4466.666667 4460.000000 4408.717949 4510.769231 4231.282051 4507.179487 4385.128205 4465.641026 4197.948718
4355.897436 4452.820513 4467.692308 3361.538462 4222.564103 4465.641026 4471.794872 4424.102564 4513.333333 4232.307692 4493.846154 4383.076923 4452.820513 4197.948718
4355.384615 4456.923077 4465.641026 3368.717949 4224.102564 4476.410256 4471.282051 4428.717949 4527.692308 4228.717949 4485.641026 4382.051282 4437.948718 4192.307692
4376.923077 4475.897436 4485.128205 3383.589744 4224.615385 4491.794872 4475.384615 4436.410256 4553.846154 4225.641026 4502.051282 4400.000000 4455.384615 4202.051282
4404.615385 4512.307692 4515.384615 3393.846154 4224.102564 4512.307692 4496.923077 4457.948718 4577.948718 4222.564103 4537.435897 4423.589744 4496.410256 4216.410256
4398.461538 4508.717949 4509.743590 3397.948718 4223.076923 4503.589744 4492.820513 4448.205128 4555.897436 4222.564103 4536.410256 4417.948718 4494.358974 4217.435897
4398.461538 4506.666667 4506.666667 3411.794872 4225.128205 4489.743590 4493.333333 4448.205128 4552.307692 4226.666667 4523.589744 4416.923077 4482.564103 4220.000000
4435.897436 4566.153846 4550.769231 3425.128205 4223.589744 4546.153846 4547.179487 4503.589744 4623.589744 4226.666667 4563.076923 4452.307692 4530.256410 4234.358974
4479.487179 4632.307692 4601.025641 3434.871795 4224.615385 4608.205128 4605.128205 4552.820513 4691.282051 4226.666667 4623.589744 4494.358974 4594.358974 4253.333333
4526.666667 4695.384615 4649.743590 3453.333333 4225.128205 4650.256410 4666.666667 4591.794872 4739.487179 4227.179487 4687.179487 4533.333333 4656.923077 4265.641026
4576.923077 4761.538462 4704.615385 3477.948718 4222.564103 4704.102564 4719.487179 4636.923077 4799.487179 4222.051282 4751.282051 4573.333333 4721.538462 4271.282051
4592.307692 4781.538462 4723.589744 3488.717949 4226.153846 4729.743590 4720.512821 4650.256410 4824.615385 4223.076923 4769.230769 4583.589744 4742.051282 4274.358974
4567.692308 4751.794872 4700.000000 3484.102564 4226.666667 4715.384615 4701.025641 4636.410256 4812.307692 4226.666667 4740.512821 4563.589744 4710.769231 4272.307692
4554.358974 4727.179487 4685.128205 3492.307692 4224.615385 4662.564103 4672.820513 4615.384615 4793.846154 4225.641026 4718.461538 4555.897436 4682.051282 4273.846154
4568.205128 4737.435897 4693.333333 3503.076923 4225.641026 4628.205128 4652.307692 4605.641026 4776.923077 4225.128205 4721.025641 4561.025641 4693.333333 4273.846154
4584.615385 4761.025641 4704.615385 3502.051282 4226.666667 4665.641026 4678.461538 4627.692308 4780.512821 4227.179487 4733.333333 4572.307692 4717.948718 4276.923077
4589.743590 4763.076923 4705.641026 3508.717949 4228.717949 4701.538462 4703.589744 4640.000000 4784.615385 4220.512821 4738.461538 4583.589744 4721.538462 4283.589744
4580.512821 4748.717949 4694.358974 3517.435897 4226.666667 4680.000000 4681.025641 4616.410256 4761.538462 4215.897436 4725.641026 4576.923077 4707.179487 4278.461538
4586.666667 4760.512821 4698.974359 3526.153846 4225.128205 4665.641026 4678.974359 4617.948718 4766.666667 4220.000000 4727.179487 4575.384615 4714.358974 4288.717949
4592.307692 4765.128205 4701.025641 3533.333333 4226.666667 4657.435897 4681.025641 4617.948718 4777.435897 4221.025641 4733.333333 4575.384615 4720.000000 4300.512821
4574.871795 4733.846154 4678.974359 3534.358974 4225.641026 4624.615385 4637.435897 4576.410256 4734.358974 4227.179487 4712.307692 4555.384615 4693.333333 4287.692308
4566.666667 4715.384615 4664.102564 3541.025641 4227.179487 4614.871795 4614.871795 4554.358974 4689.230769 4232.307692 4691.282051 4545.128205 4674.358974 4277.948718
4566.153846 4712.307692 4660.000000 3542.051282 4226.666667 4623.589744 4624.102564 4567.692308 4693.333333 4228.205128 4683.589744 4546.666667 4676.410256 4281.538462
4557.435897 4693.333333 4650.769231 3543.589744 4228.205128 4611.794872 4610.769231 4561.538462 4705.641026 4231.794872 4669.743590 4535.384615 4666.153846 4284.615385
4553.846154 4680.512821 4643.589744 3553.333333 4230.256410 4585.641026 4588.717949 4538.974359 4691.794872 4232.307692 4665.641026 4532.307692 4652.307692 4283.589744
4562.564103 4692.307692 4653.846154 3560.512821 4226.666667 4569.230769 4590.256410 4545.641026 4677.948718 4222.051282 4687.179487 4548.717949 4668.717949 4290.769231
4567.179487 4684.102564 4660.000000 3566.153846 4227.692308 4569.743590 4592.307692 4561.025641 4672.820513 4225.128205 4691.282051 4551.282051 4673.846154 4298.974359
4555.384615 4653.846154 4642.051282 3565.641026 4226.153846 4564.615385 4578.974359 4559.487179 4667.179487 4231.282051 4666.666667 4535.384615 4645.128205 4296.410256
4541.538462 4633.846154 4626.666667 3568.205128 4224.615385 4555.384615 4569.230769 4548.205128 4654.871795 4224.615385 4646.153846 4527.692308 4617.948718 4297.435897
4525.128205 4611.794872 4616.410256 3573.846154 4227.179487 4562.051282 4557.948718 4530.769231 4625.128205 4223.589744 4634.358974 4518.461538 4601.538462 4290.769231
4508.717949 4589.743590 4601.538462 3576.410256 4225.641026 4544.615385 4532.820513 4513.333333 4591.282051 4223.589744 4616.410256 4498.461538 4577.435897 4283.589744
4501.538462 4575.897436 4589.743590 3583.076923 4225.641026 4501.538462 4510.256410 4500.000000 4580.512821 4219.487179 4592.820513 4485.128205 4549.743590 4289.743590
4485.128205 4559.487179 4573.333333 3587.692308 4226.153846 4481.025641 4492.307692 4480.000000 4564.615385 4222.564103 4580.512821 4474.871795 4528.717949 4282.564103
4462.051282 4532.307692 4550.256410 3592.820513 4228.205128 4467.692308 4468.717949 4458.461538 4522.564103 4227.179487 4567.692308 4464.102564 4504.102564 4270.256410
4462.564103 4515.384615 4547.692308 3601.538462 4231.282051 4463.589744 4470.256410 4468.717949 4520.512821 4219.487179 4557.435897 4464.615385 4494.358974 4275.384615
4471.794872 4521.538462 4554.871795 3603.589744 4226.153846 4482.564103 4486.666667 4488.205128 4554.358974 4213.846154 4561.025641 4466.666667 4501.538462 4281.025641
4458.974359 4508.205128 4538.974359 3608.717949 4226.666667 4482.051282 4464.102564 4472.820513 4536.923077 4222.564103 4551.794872 4457.435897 4487.179487 4282.051282
4436.923077 4472.820513 4515.897436 3612.820513 4229.230769 4456.410256 4430.769231 4446.153846 4491.282051 4227.179487 4533.333333 4446.666667 4463.076923 4280.512821
4432.820513 4464.102564 4513.846154 3615.384615 4228.205128 4442.051282 4428.717949 4437.435897 4481.538462 4225.128205 4527.692308 4442.564103 4458.974359 4275.897436
4433.333333 4468.717949 4513.333333 3621.025641 4229.743590 4425.128205 4424.615385 4441.025641 4487.179487 4225.128205 4513.846154 4435.897436 4449.230769 4272.820513
4419.487179 4452.820513 4497.435897 3620.000000 4227.692308 4412.820513 4405.641026 4437.948718 4477.435897 4223.589744 4493.333333 4421.538462 4424.102564 4273.846154
4408.717949 4430.769231 4483.589744 3625.128205 4228.717949 4419.487179 4390.256410 4423.589744 4455.897436 4220.000000 4484.615385 4413.333333 4406.666667 4275.384615
4409.743590 4421.025641 4477.948718 3633.333333 4231.282051 4402.051282 4381.025641 4418.974359 4446.153846 4225.128205 4471.282051 4407.179487 4395.384615 4265.641026
4408.717949 4415.897436 4472.820513 3635.384615 4226.153846 4380.000000 4380.000000 4428.205128 4444.615385 4232.820513 4452.307692 4400.000000 4380.512821 4259.487179
4401.538462 4405.641026 4468.205128 3638.461538 4224.615385 4394.871795 4388.205128 4429.230769 4422.564103 4233.333333 4448.717949 4397.435897 4366.153846 4264.102564
4386.153846 4387.692308 4455.897436 3637.435897 4226.666667 4389.743590 4384.615385 4416.410256 4408.205128 4228.717949 4439.487179 4383.589744 4355.384615 4262.564103
4374.871795 4370.769231 4443.589744 3642.564103 4229.230769 4350.256410 4365.128205 4402.564103 4406.153846 4224.615385 4413.846154 4368.717949 4337.435897 4257.948718
4367.692308 4361.538462 4434.871795 3648.717949 4229.743590 4352.820513 4353.333333 4390.769231 4384.615385 4225.641026 4390.769231 4361.538462 4314.358974 4250.256410
4353.333333 4340.512821 4424.102564 3647.179487 4225.641026 4370.256410 4341.025641 4376.923077 4362.051282 4225.128205 4378.974359 4355.897436 4298.461538 4244.102564
4345.128205 4312.820513 4416.410256 3651.282051 4227.692308 4337.948718 4320.512821 4363.589744 4355.384615 4223.076923 4375.897436 4353.333333 4290.256410 4246.153846
4347.692308 4320.512821 4412.307692 3656.410256 4228.717949 4312.307692 4312.307692 4364.102564 4360.000000 4226.153846 4376.410256 4354.871795 4292.307692 4247.179487
4351.794872 4345.128205 4412.307692 3660.000000 4227.692308 4315.384615 4317.948718 4364.102564 4353.333333 4227.692308 4368.205128 4355.897436 4293.333333 4245.641026
4347.179487 4344.102564 4408.717949 3664.102564 4225.641026 4321.025641 4307.692308 4350.769231 4335.384615 4224.102564 4354.358974 4350.769231 4274.871795 4241.025641
4341.538462 4337.435897 4404.102564 3663.589744 4225.128205 4320.000000 4282.051282 4339.487179 4331.282051 4222.051282 4346.153846 4350.256410 4258.461538 4243.076923
4341.538462 4349.743590 4403.589744 3666.666667 4232.307692 4301.025641 4272.307692 4337.435897 4334.871795 4221.025641 4334.358974 4350.256410 4253.846154 4250.769231
4331.794872 4358.974359 4397.435897 3672.307692 4229.230769 4296.923077 4281.025641 4335.384615 4321.538462 4217.435897 4321.538462 4334.358974 4238.974359 4243.076923
4315.384615 4340.512821 4380.512821 3679.487179 4225.641026 4313.333333 4285.641026 4328.205128 4304.615385 4218.974359 4312.820513 4320.000000 4214.871795 4237.435897
4307.692308 4323.076923 4362.564103 3681.025641 4231.282051 4290.769231 4268.717949 4311.794872 4292.307692 4222.051282 4290.256410 4312.820513 4196.410256 4236.923077
4307.179487 4327.179487 4355.384615 3679.487179 4229.743590 4256.923077 4248.205128 4292.307692 4270.256410 4229.230769 4269.230769 4304.615385 4185.641026 4229.230769
4310.769231 4326.153846 4361.538462 3687.179487 4227.179487 4273.846154 4250.769231 4291.282051 4263.076923 4234.358974 4269.743590 4301.538462 4183.589744 4227.692308
4306.666667 4321.538462 4365.128205 3690.256410 4228.717949 4268.205128 4257.435897 4297.948718 4269.743590 4220.512821 4276.923077 4300.512821 4189.230769 4225.641026
4296.923077 4313.846154 4349.743590 3686.666667 4229.743590 4236.923077 4244.615385 4286.666667 4254.358974 4214.358974 4259.487179 4291.794872 4174.358974 4220.000000
4287.179487 4288.717949 4326.666667 3688.205128 4230.256410 4233.333333 4224.102564 4275.384615 4241.538462 4227.179487 4231.282051 4275.384615 4142.564103 4218.461538
4275.897436 4269.743590 4322.564103 3699.487179 4230.769231 4247.179487 4218.974359 4269.743590 4237.948718 4230.256410 4226.153846 4268.205128 4136.923077 4222.051282
4276.923077 4276.410256 4332.307692 3722.564103 4232.820513 4241.025641 4221.025641 4255.897436 4214.871795 4227.179487 4234.358974 4275.384615 4150.256410 4230.256410
4278.974359 4280.512821 4329.230769 3731.282051 4230.769231 4164.102564 4204.615385 4245.128205 4191.794872 4230.769231 4230.256410 4274.871795 4145.641026 4226.666667
4273.846154 4270.769231 4322.051282 3723.076923 4228.717949 4142.051282 4196.410256 4252.307692 4210.769231 4226.666667 4217.948718 4269.230769 4131.282051 4222.564103
4279.487179 4270.769231 4327.179487 3721.538462 4232.820513 4235.897436 4221.538462 4260.512821 4240.512821 4223.589744 4224.615385 4274.358974 4143.589744 4227.179487
4285.128205 4274.358974 4328.717949 3723.589744 4229.230769 4260.512821 4240.512821 4263.589744 4233.333333 4227.179487 4237.948718 4277.435897 4162.051282 4224.615385
4276.923077 4260.512821 4318.461538 3727.179487 4228.205128 4197.435897 4225.128205 4257.435897 4206.666667 4227.692308 4229.743590 4271.794872 4145.641026 4219.487179
4269.743590 4249.743590 4311.282051 3727.179487 4230.769231 4209.230769 4218.974359 4241.025641 4207.692308 4226.666667 4227.179487 4265.128205 4138.461538 4223.076923
4270.769231 4255.384615 4310.256410 3721.025641 4228.205128 4247.692308 4230.256410 4243.589744 4220.000000 4226.666667 4235.384615 4253.333333 4154.358974 4234.358974
4264.102564 4251.794872 4303.076923 3715.384615 4229.230769 4246.666667 4221.538462 4255.384615 4208.717949 4221.025641 4228.205128 4225.128205 4146.153846 4234.358974
4243.076923 4226.153846 4287.179487 3694.358974 4226.666667 4208.717949 4187.692308 4233.333333 4180.000000 4214.358974 4204.102564 4200.000000 4115.897436 4221.538462
4238.461538 4211.794872 4283.076923 3682.051282 4223.076923 4147.179487 4172.820513 4208.717949 4170.769231 4221.025641 4200.000000 4200.000000 4114.358974 4224.102564
4242.564103 4214.358974 4284.102564 3698.461538 4226.153846 4167.692308 4188.205128 4214.871795 4188.717949 4228.205128 4221.025641 4154.358974 4138.461538 4229.743590
4231.282051 4207.179487 4269.230769 3715.384615 4223.589744 4217.435897 4177.435897 4213.846154 4188.205128 4221.538462 4222.051282 4050.256410 4133.333333 4222.564103
4222.564103 4203.589744 4258.461538 3714.358974 4223.589744 4170.256410 4147.179487 4191.282051 4160.000000 4221.025641 4204.615385 4009.743590 4114.871795 4220.000000
4220.000000 4206.153846 4261.538462 3716.410256 4227.692308 4125.641026 4148.717949 4183.076923 4143.589744 4230.769231 4207.179487 4038.461538 4127.692308 4224.102564
4217.435897 4195.384615 4262.564103 3735.384615 4228.205128 4181.538462 4169.743590 4188.205128 4153.333333 4228.717949 4215.897436 4040.000000 4144.615385 4225.641026
4211.282051 4179.487179 4249.230769 3730.256410 4226.666667 4198.461538 4157.948718 4178.974359 4151.794872 4220.000000 4195.384615 4018.461538 4124.102564 4219.487179
4198.461538 4159.487179 4231.282051 3713.333333 4228.205128 4136.410256 4116.923077 4156.410256 4126.666667 4226.666667 4172.820513 4015.897436 4102.051282 4219.487179
4184.102564 4130.256410 4216.410256 3731.794872 4230.769231 4111.282051 4085.128205 4132.307692 4096.410256 4233.333333 4161.538462 4013.333333 4093.846154 4223.076923
4159.487179 4111.282051 4193.846154 3745.128205 4225.128205 4129.230769 4071.282051 4106.666667 4065.128205 4226.153846 4130.256410 3997.435897 4062.051282 4211.282051
4132.307692 4085.641026 4168.205128 3726.666667 4226.153846 4092.307692 4047.692308 4075.897436 4031.794872 4221.538462 4092.820513 3976.410256 4024.102564 4204.615385
4116.923077 4043.076923 4147.179487 3720.000000 4231.794872 3961.538462 3998.461538 4050.769231 3996.923077 4217.948718 4073.333333 3960.000000 4007.692308 4208.205128
4116.410256 4036.410256 4142.051282 3740.512821 4226.153846 3938.461538 3987.692308 4044.615385 3975.384615 4214.358974 4071.794872 3963.589744 4011.282051 4208.717949
4113.333333 4048.717949 4143.076923 3750.769231 4225.128205 4051.794872 4024.615385 4046.666667 3971.794872 4223.076923 4058.461538 3970.769231 4006.666667 4206.666667
4103.589744 4041.025641 4141.025641 3730.256410 4225.641026 4076.410256 4038.461538 4060.000000 3994.871795 4229.743590 4043.076923 3970.256410 3996.923077 4204.102564
4107.692308 4038.461538 4145.128205 3714.871795 4224.615385 4030.256410 4025.128205 4069.230769 4026.666667 4228.717949 4058.461538 3978.974359 4011.794872 4205.128205
4108.205128 4042.564103 4142.051282 3710.769231 4228.205128 4061.538462 4021.025641 4053.846154 4025.641026 4226.666667 4072.820513 3980.512821 4025.641026 4203.076923
4093.333333 4034.358974 4127.179487 3698.974359 4225.641026 4070.769231 4020.000000 4040.512821 3998.461538 4223.589744 4050.256410 3964.615385 4006.153846 4197.435897
4096.410256 4034.358974 4125.641026 3712.820513 4224.102564 4018.461538 4014.358974 4035.897436 3978.461538 4225.641026 4031.282051 3965.641026 3989.743590 4204.615385
4114.871795 4055.384615 4142.051282 3731.282051 4226.666667 4055.897436 4026.666667 4036.410256 3991.282051 4232.307692 4050.256410 3986.666667 4022.051282 4215.897436
4111.282051 4052.307692 4141.538462 3721.538462 4225.641026 4057.948718 4019.487179 4035.384615 3992.307692 4230.769231 4056.923077 3987.692308 4032.820513 4213.846154
4095.384615 4030.256410 4125.641026 3756.410256 4224.102564 3962.051282 3996.923077 4028.717949 3966.153846 4220.000000 4036.410256 3973.846154 4000.000000 4198.974359
4100.512821 4038.974359 4130.256410 3853.846154 4222.051282 4006.666667 4016.410256 4041.538462 3980.000000 4217.435897 4038.461538 3982.564103 4006.666667 4190.256410
4120.512821 4062.564103 4148.717949 3919.487179 4226.153846 4135.897436 4047.179487 4063.076923 4023.076923 4221.538462 4058.974359 4004.102564 4042.051282 4193.333333
4118.461538 4056.410256 4142.564103 3909.743590 4227.692308 4140.512821 4050.769231 4067.692308 4036.923077 4218.461538 4058.461538 3999.487179 4040.512821 4189.230769
4090.256410 4022.051282 4119.487179 3901.538462 4225.641026 4053.333333 4026.666667 4048.205128 4015.897436 4215.897436 4033.333333 3974.871795 4006.153846 4184.615385
4084.615385 4012.307692 4117.435897 3946.666667 4229.743590 4013.846154 3998.461538 4028.717949 3989.230769 4224.102564 4018.461538 3971.794872 3994.871795 4184.102564
4106.666667 4040.512821 4134.871795 4005.641026 4229.230769 4062.564103 4017.435897 4045.128205 4008.205128 4230.769231 4035.384615 3993.333333 4025.641026 4182.564103
4117.435897 4053.846154 4147.692308 4052.820513 4224.615385 4052.820513 4041.538462 4055.897436 4036.923077 4228.717949 4049.743590 4009.743590 4042.564103 4186.666667
4115.384615 4055.384615 4155.897436 4077.948718 4223.076923 4018.974359 4044.102564 4052.307692 4033.333333 4226.666667 4059.487179 4014.871795 4042.051282 4182.051282
4127.179487 4073.846154 4164.102564 4096.923077 4225.128205 4088.717949 4061.538462 4072.820513 4042.051282 4224.102564 4074.871795 4025.128205 4061.538462 4174.871795
4138.974359 4087.179487 4170.256410 4126.153846 4227.692308 4128.717949 4064.102564 4082.564103 4068.205128 4226.666667 4078.461538 4032.307692 4084.102564 4175.897436
4126.153846 4078.974359 4168.205128 4150.769231 4223.589744 4077.948718 4035.384615 4050.256410 4053.333333 4229.743590 4069.230769 4021.025641 4076.923077 4170.256410
4115.897436 4068.717949 4158.974359 4164.102564 4223.076923 4092.307692 4040.512821 4040.512821 4025.641026 4223.589744 4054.871795 4010.769231 4054.358974 4167.179487
4121.025641 4071.794872 4155.384615 4162.564103 4223.589744 4124.615385 4065.128205 4061.025641 4039.487179 4219.487179 4052.307692 4015.897436 4055.384615 4169.743590
4133.846154 4093.846154 4169.743590 4160.512821 4220.512821 4104.615385 4064.102564 4071.794872 4072.307692 4224.102564 4076.410256 4032.820513 4085.128205 4170.256410
4140.512821 4105.641026 4176.923077 4171.282051 4224.102564 4107.692308 4066.666667 4086.666667 4093.846154 4221.025641 4089.230769 4041.538462 4094.358974 4168.717949
4131.794872 4094.358974 4163.076923 4176.410256 4223.076923 4057.435897 4062.051282 4073.333333 4072.820513 4213.846154 4073.333333 4029.230769 4073.333333 4161.538462
4133.333333 4100.000000 4172.307692 4185.641026 4221.538462 4049.230769 4062.564103 4051.282051 4048.717949 4217.948718 4068.717949 4032.820513 4073.846154 4160.000000
4145.641026 4119.487179 4196.410256 4198.974359 4228.205128 4159.487179 4095.384615 4089.230769 4093.846154 4218.461538 4083.589744 4052.820513 4097.435897 4167.692308
4146.153846 4119.487179 4192.307692 4201.538462 4225.641026 4155.897436 4096.410256 4099.487179 4114.358974 4214.871795 4088.205128 4050.769231 4102.051282 4176.923077
4145.128205 4111.282051 4181.025641 4207.179487 4223.076923 4053.333333 4059.487179 4044.615385 4041.538462 4219.487179 4085.128205 4043.076923 4092.307692 4178.461538
4148.205128 4118.461538 4182.564103 4217.435897 4224.102564 4049.230769 4064.615385 4046.153846 4016.923077 4223.076923 4078.461538 4045.128205 4089.230769 4164.615385
4149.743590 4127.692308 4185.128205 4227.179487 4224.615385 4100.512821 4100.000000 4090.256410 4082.051282 4222.564103 4071.794872 4046.666667 4091.282051 4158.974359
4153.846154 4130.769231 4195.897436 4235.897436 4223.589744 4128.205128 4111.794872 4095.384615 4114.358974 4225.641026 4085.128205 4054.358974 4099.487179 4164.615385
4162.051282 4138.974359 4212.307692 4243.589744 4221.538462 4167.179487 4123.076923 4105.641026 4106.666667 4225.641026 4109.230769 4072.820513 4116.410256 4162.051282
4174.871795 4151.794872 4222.564103 4252.820513 4225.641026 4178.974359 4144.615385 4131.282051 4116.410256 4222.051282 4115.897436 4086.153846 4133.846154 4157.948718
4186.153846 4166.153846 4226.666667 4257.435897 4227.692308 4166.153846 4159.487179 4136.410256 4149.230769 4222.051282 4127.692308 4094.358974 4153.333333 4161.538462
4186.666667 4165.641026 4228.205128 4266.153846 4227.692308 4165.641026 4163.076923 4126.153846 4159.487179 4223.589744 4148.717949 4103.076923 4168.717949 4173.333333
4181.025641 4158.461538 4226.666667 4276.923077 4229.743590 4164.615385 4161.538462 4116.410256 4132.307692 4227.692308 4143.076923 4098.974359 4166.153846 4177.435897
4182.051282 4167.179487 4233.333333 4282.564103 4224.102564 4171.794872 4158.461538 4121.025641 4129.743590 4224.615385 4128.717949 4097.948718 4161.538462 4177.948718
4187.692308 4162.051282 4240.000000 4293.333333 4220.512821 4195.384615 4154.358974 4134.358974 4149.743590 4221.538462 4132.820513 4108.205128 4160.512821 4187.179487
4174.871795 4137.435897 4223.589744 4300.512821 4222.564103 4175.384615 4140.000000 4133.333333 4147.179487 4225.128205 4129.743590 4102.564103 4151.794872 4183.076923
4168.717949 4138.974359 4209.743590 4306.666667 4224.615385 4100.000000 4120.512821 4115.897436 4137.948718 4229.230769 4120.512821 4096.410256 4148.205128 4176.410256
4187.692308 4170.256410 4225.128205 4313.846154 4225.641026 4122.051282 4130.256410 4112.307692 4141.025641 4228.205128 4141.025641 4111.282051 4165.641026 4187.179487
4201.025641 4190.256410 4242.564103 4316.410256 4222.564103 4225.128205 4162.564103 4144.102564 4163.076923 4223.076923 4168.717949 4122.051282 4192.307692 4195.897436
4200.512821 4190.769231 4244.102564 4326.153846 4225.641026 4227.692308 4173.333333 4165.128205 4197.435897 4222.051282 4167.179487 4122.051282 4202.051282 4194.358974
4201.538462 4196.923077 4242.051282 4334.871795 4229.230769 4181.025641 4169.230769 4146.153846 4204.615385 4223.589744 4163.589744 4126.666667 4199.487179 4193.846154
4202.564103 4203.589744 4244.615385 4334.871795 4224.615385 4232.820513 4178.974359 4134.358974 4185.128205 4225.128205 4168.205128 4131.794872 4194.358974 4204.615385
4190.769231 4183.589744 4233.846154 4338.974359 4223.589744 4251.794872 4164.102564 4128.717949 4160.000000 4220.000000 4149.743590 4121.025641 4176.410256 4205.128205
4176.923077 4166.666667 4223.076923 4340.512821 4224.615385 4142.051282 4136.410256 4126.153846 4150.769231 4214.358974 4133.846154 4112.820513 4164.615385 4191.794872
4189.230769 4183.076923 4236.410256 4343.589744 4226.666667 4098.461538 4148.205128 4135.384615 4152.820513 4221.025641 4155.897436 4130.769231 4180.512821 4199.487179
4209.230769 4211.794872 4256.410256 4349.743590 4227.179487 4169.230769 4173.846154 4135.897436 4147.179487 4226.153846 4180.000000 4149.743590 4204.102564 4210.769231
4209.743590 4218.461538 4260.000000 4353.333333 4224.615385 4173.333333 4177.435897 4148.205128 4155.897436 4223.589744 4171.282051 4147.692308 4205.128205 4208.717949
4216.410256 4219.487179 4265.641026 4357.948718 4224.615385 4156.923077 4188.205128 4188.205128 4208.205128 4224.102564 4179.487179 4152.820513 4211.794872 4210.256410
4238.974359 4246.666667 4285.641026 4362.564103 4222.564103 4240.000000 4208.205128 4182.564103 4233.846154 4229.230769 4220.512821 4176.410256 4243.589744 4214.358974
4244.102564 4268.205128 4294.358974 4371.794872 4223.589744 4288.205128 4212.307692 4152.820513 4203.076923 4233.846154 4223.076923 4182.051282 4248.205128 4217.435897
4227.692308 4260.512821 4282.051282 4379.487179 4227.179487 4218.974359 4207.179487 4178.461538 4201.538462 4231.794872 4198.974359 4166.153846 4232.820513 4213.846154
4222.051282 4251.794872 4276.923077 4376.410256 4225.641026 4195.897436 4206.153846 4197.948718 4231.282051 4224.615385 4199.487179 4163.076923 4234.871795 4207.692308
4231.282051 4254.871795 4282.051282 4379.487179 4227.179487 4222.564103 4215.384615 4180.512821 4238.974359 4221.538462 4203.589744 4173.846154 4240.512821 4211.794872
4233.333333 4256.410256 4280.512821 4381.025641 4226.153846 4242.564103 4231.282051 4184.102564 4235.384615 4223.076923 4203.589744 4173.846154 4240.000000 4214.871795
4225.641026 4241.025641 4269.230769 4376.923077 4225.128205 4273.846154 4216.410256 4182.564103 4214.358974 4222.051282 4198.974359 4164.102564 4231.282051 4211.794872
4221.025641 4228.717949 4261.538462 4376.410256 4226.666667 4238.974359 4190.769231 4163.076923 4194.358974 4224.102564 4185.641026 4163.076923 4221.025641 4208.205128
4220.000000 4233.333333 4265.641026 4385.641026 4223.076923 4178.974359 4201.538462 4174.358974 4205.128205 4225.128205 4183.589744 4169.230769 4219.487179 4208.205128
4217.948718 4233.333333 4270.769231 4396.410256 4223.589744 4206.153846 4216.923077 4187.179487 4214.871795 4221.025641 4189.230769 4171.794872 4215.897436 4207.179487
4206.666667 4214.358974 4256.923077 4390.769231 4226.153846 4223.589744 4196.923077 4157.948718 4191.282051 4219.487179 4176.923077 4164.615385 4207.179487 4201.025641
4195.897436 4194.358974 4241.538462 4387.179487 4227.692308 4190.256410 4176.923077 4142.051282 4173.333333 4223.076923 4166.666667 4157.435897 4200.512821 4203.076923
4203.589744 4195.384615 4250.256410 4392.307692 4229.230769 4253.333333 4203.076923 4172.307692 4209.230769 4226.153846 4185.128205 4160.512821 4214.871795 4204.615385
4206.666667 4197.948718 4254.871795 4387.179487 4225.128205 4270.256410 4213.333333 4175.897436 4229.230769 4223.589744 4196.923077 4161.538462 4233.846154 4201.538462
4206.153846 4194.358974 4251.794872 4387.692308 4227.179487 4148.717949 4181.025641 4148.717949 4195.897436 4223.589744 4202.051282 4169.230769 4241.025641 4207.179487
4223.589744 4208.205128 4270.769231 4394.358974 4228.717949 4204.615385 4210.769231 4170.769231 4221.538462 4229.743590 4242.564103 4190.769231 4273.846154 4211.794872
4232.307692 4211.282051 4280.000000 4393.846154 4222.564103 4291.282051 4245.641026 4199.487179 4267.692308 4230.256410 4267.179487 4196.410256 4300.512821 4211.794872
4225.128205 4204.615385 4273.333333 4395.384615 4225.128205 4175.384615 4212.307692 4193.333333 4247.179487 4226.153846 4248.717949 4186.666667 4285.641026 4210.769231
4237.948718 4230.769231 4288.717949 4404.615385 4227.692308 4203.589744 4232.820513 4208.205128 4251.794872 4227.692308 4259.487179 4195.897436 4291.794872 4215.384615
4241.538462 4228.205128 4289.743590 4409.230769 4225.641026 4334.358974 4275.384615 4202.564103 4278.974359 4226.666667 4265.641026 4194.871795 4294.871795 4222.564103
4197.435897 4158.974359 4237.948718 4396.923077 4223.076923 4208.717949 4193.846154 4130.769231 4209.230769 4218.461538 4208.717949 4150.256410 4235.384615 4213.333333
4175.897436 4132.307692 4208.205128 4393.333333 4224.102564 4105.641026 4122.564103 4096.410256 4130.256410 4221.538462 4180.512821 4132.307692 4196.410256 4205.128205
4198.461538 4158.461538 4230.256410 4403.589744 4227.692308 4253.846154 4176.410256 4152.307692 4178.974359 4221.025641 4198.461538 4157.948718 4213.846154 4215.897436
4191.794872 4146.153846 4230.769231 4398.461538 4225.641026 4249.230769 4191.794872 4169.230769 4233.333333 4215.384615 4190.256410 4157.948718 4209.743590 4223.589744
4178.461538 4127.179487 4218.461538 4395.897436 4225.641026 4118.974359 4150.256410 4123.589744 4192.307692 4220.512821 4187.692308 4149.743590 4199.487179 4227.692308
4192.820513 4147.692308 4229.743590 4402.564103 4227.692308 4185.128205 4175.384615 4125.641026 4164.102564 4220.000000 4212.820513 4163.076923 4216.410256 4230.769231
4206.666667 4172.307692 4249.230769 4405.641026 4226.666667 4273.333333 4221.538462 4173.333333 4215.384615 4214.358974 4221.538462 4177.948718 4230.769231 4236.410256
4212.307692 4182.564103 4263.589744 4411.282051 4226.153846 4236.410256 4225.128205 4189.743590 4269.230769 4224.102564 4226.666667 4190.256410 4241.538462 4240.000000
4208.205128 4182.564103 4262.564103 4411.282051 4223.076923 4212.307692 4212.820513 4173.846154 4255.384615 4229.743590 4240.512821 4191.282051 4248.205128 4231.794872
4207.692308 4182.564103 4256.923077 4407.692308 4225.128205 4255.897436 4217.948718 4169.743590 4217.435897 4224.102564 4236.923077 4184.615385 4242.564103 4233.846154
4217.948718 4201.025641 4264.615385 4407.179487 4226.153846 4294.358974 4236.410256 4185.128205 4228.717949 4221.538462 4223.589744 4186.153846 4241.025641 4250.256410
4222.564103 4211.794872 4273.846154 4407.692308 4222.564103 4294.358974 4240.512821 4194.358974 4265.128205 4223.589744 4230.256410 4191.282051 4254.358974 4259.487179
4227.692308 4203.589744 4273.333333 4411.794872 4228.717949 4242.051282 4222.564103 4184.615385 4260.512821 4225.641026 4243.076923 4191.794872 4264.102564 4251.794872
4238.974359 4226.666667 4284.615385 4416.410256 4229.230769 4207.179487 4221.538462 4183.589744 4244.615385 4228.205128 4246.153846 4197.948718 4270.256410 4243.589744
4248.205128 4254.871795 4303.589744 4420.000000 4222.051282 4308.717949 4259.487179 4215.384615 4285.641026 4226.153846 4249.230769 4209.743590 4281.538462 4255.384615
4247.179487 4244.102564 4302.564103 4421.538462 4222.564103 4351.794872 4272.820513 4230.256410 4317.948718 4216.923077 4252.307692 4211.794872 4284.615385 4265.128205
