4204.102564 4227.179487 4300.512821 4252.820513 4227.692308 4197.948718 4193.846154 4174.871795 4206.666667 4224.615385 4168.717949 4206.666667 4175.384615 4231.282051
4196.923077 4221.025641 4291.282051 4245.128205 4225.128205 4195.384615 4182.051282 4171.282051 4211.282051 4226.666667 4157.435897 4207.179487 4168.205128 4222.564103
4192.820513 4220.512821 4285.128205 4240.512821 4223.589744 4192.307692 4181.025641 4172.820513 4209.230769 4221.538462 4147.692308 4208.205128 4158.974359 4224.102564
4192.307692 4220.000000 4284.102564 4242.051282 4224.102564 4192.307692 4188.205128 4177.435897 4211.794872 4223.589744 4158.461538 4205.128205 4171.794872 4232.307692
4185.641026 4212.307692 4276.410256 4238.974359 4223.589744 4191.282051 4185.641026 4172.307692 4211.282051 4225.641026 4162.051282 4201.025641 4176.923077 4240.512821
4180.000000 4205.128205 4270.769231 4241.025641 4224.615385 4184.102564 4178.974359 4165.641026 4196.410256 4225.641026 4146.666667 4202.051282 4161.538462 4238.974359
4179.487179 4205.641026 4270.769231 4242.564103 4221.025641 4185.641026 4187.179487 4168.717949 4186.666667 4228.205128 4141.025641 4203.076923 4157.435897 4230.256410
4185.128205 4205.128205 4271.794872 4241.538462 4222.564103 4197.435897 4197.435897 4171.794872 4191.282051 4226.153846 4145.128205 4205.641026 4165.128205 4232.820513
4187.692308 4201.538462 4269.230769 4239.487179 4225.128205 4202.051282 4203.076923 4173.333333 4196.410256 4224.615385 4146.153846 4207.692308 4166.666667 4236.923077
4188.717949 4200.000000 4265.128205 4237.948718 4222.564103 4190.769231 4200.512821 4172.307692 4192.820513 4226.666667 4147.179487 4207.692308 4163.076923 4235.897436
4195.897436 4199.487179 4263.076923 4240.512821 4223.076923 4188.205128 4192.820513 4167.692308 4186.666667 4222.564103 4145.641026 4207.692308 4164.102564 4237.948718
4198.461538 4206.666667 4258.974359 4246.153846 4223.589744 4190.256410 4185.641026 4165.128205 4184.615385 4218.974359 4140.512821 4205.641026 4165.641026 4247.179487
4199.487179 4212.307692 4258.461538 4253.333333 4224.615385 4175.384615 4178.461538 4163.589744 4178.461538 4226.666667 4136.923077 4204.102564 4163.589744 4259.487179
4202.051282 4208.205128 4261.025641 4249.743590 4224.615385 4180.512821 4181.538462 4165.641026 4181.025641 4229.230769 4138.461538 4201.538462 4167.692308 4255.897436
4200.000000 4209.230769 4262.051282 4244.102564 4220.512821 4210.256410 4197.948718 4176.923077 4202.051282 4223.076923 4142.564103 4203.589744 4175.897436 4248.717949
4202.051282 4222.564103 4266.153846 4250.769231 4222.051282 4213.846154 4204.102564 4185.641026 4219.487179 4222.051282 4152.820513 4210.769231 4183.076923 4259.487179
4202.051282 4226.153846 4266.666667 4251.282051 4222.051282 4188.205128 4196.923077 4181.025641 4212.820513 4226.666667 4156.923077 4208.205128 4190.769231 4265.641026
4197.435897 4213.333333 4258.974359 4247.179487 4221.025641 4185.128205 4196.410256 4170.256410 4195.897436 4227.179487 4142.051282 4203.076923 4183.589744 4260.512821
4196.923077 4209.230769 4253.333333 4246.666667 4224.102564 4203.076923 4202.564103 4170.769231 4197.435897 4216.923077 4135.384615 4205.641026 4172.820513 4261.538462
4197.435897 4214.871795 4255.384615 4247.179487 4224.102564 4204.102564 4200.000000 4180.000000 4208.717949 4213.846154 4141.538462 4207.692308 4178.461538 4270.256410
4196.923077 4211.794872 4255.384615 4247.179487 4226.153846 4193.333333 4191.282051 4179.487179 4208.205128 4227.692308 4136.923077 4207.692308 4181.025641 4274.871795
4195.384615 4208.717949 4248.717949 4244.102564 4224.102564 4195.384615 4193.333333 4171.794872 4202.051282 4232.307692 4133.333333 4205.128205 4176.923077 4275.384615
4196.923077 4210.256410 4246.666667 4246.666667 4220.512821 4198.974359 4195.384615 4167.179487 4198.461538 4226.153846 4136.410256 4204.615385 4177.435897 4285.641026
4198.974359 4213.333333 4248.205128 4253.846154 4222.564103 4187.692308 4186.666667 4166.153846 4189.743590 4222.564103 4133.333333 4204.615385 4176.410256 4289.230769
4198.461538 4216.410256 4246.153846 4252.820513 4223.076923 4185.128205 4188.205128 4170.256410 4190.769231 4224.615385 4132.820513 4203.589744 4177.948718 4283.589744
4201.025641 4208.717949 4246.153846 4250.256410 4226.153846 4195.897436 4198.461538 4178.974359 4203.076923 4221.538462 4143.076923 4209.230769 4186.666667 4284.615385
4200.512821 4205.641026 4249.230769 4249.743590 4224.102564 4201.025641 4203.589744 4186.666667 4212.820513 4217.435897 4155.384615 4218.974359 4195.384615 4277.948718
4202.051282 4220.000000 4259.487179 4250.769231 4220.000000 4207.692308 4216.410256 4193.333333 4224.615385 4220.512821 4164.102564 4226.666667 4201.538462 4275.384615
4208.205128 4228.717949 4267.692308 4254.871795 4223.076923 4218.461538 4230.769231 4198.461538 4234.358974 4218.461538 4163.589744 4229.230769 4204.615385 4279.487179
4206.153846 4225.128205 4265.641026 4252.307692 4223.589744 4221.538462 4227.692308 4199.487179 4232.307692 4216.923077 4161.025641 4227.692308 4208.205128 4270.769231
4206.153846 4223.589744 4267.692308 4246.153846 4223.076923 4223.076923 4225.641026 4198.461538 4228.717949 4221.025641 4163.589744 4230.769231 4211.794872 4259.487179
4211.282051 4228.205128 4271.282051 4241.538462 4222.564103 4228.717949 4235.384615 4204.615385 4239.487179 4219.487179 4176.410256 4235.384615 4222.051282 4251.794872
4214.871795 4233.333333 4268.205128 4242.564103 4223.076923 4226.153846 4233.846154 4209.230769 4246.666667 4217.948718 4189.230769 4238.974359 4236.923077 4247.692308
4222.564103 4238.974359 4270.256410 4246.153846 4225.641026 4215.897436 4226.666667 4203.589744 4235.897436 4228.717949 4185.128205 4240.000000 4237.435897 4242.564103
4229.743590 4243.589744 4274.871795 4242.564103 4222.564103 4217.435897 4226.666667 4200.512821 4231.282051 4230.769231 4175.384615 4238.974359 4231.282051 4235.897436
4231.282051 4239.487179 4272.307692 4240.000000 4223.076923 4224.102564 4228.205128 4203.589744 4236.923077 4222.051282 4175.897436 4240.000000 4236.410256 4237.435897
4226.666667 4232.307692 4263.589744 4239.487179 4224.615385 4222.564103 4229.230769 4202.051282 4234.358974 4226.153846 4181.538462 4236.923077 4248.717949 4237.948718
4228.205128 4230.256410 4260.512821 4241.025641 4221.538462 4222.051282 4229.743590 4196.923077 4224.615385 4229.230769 4186.666667 4236.410256 4257.948718 4236.923077
4239.487179 4234.358974 4267.692308 4246.666667 4223.076923 4227.692308 4234.871795 4203.589744 4232.307692 4225.641026 4192.820513 4247.179487 4271.794872 4239.487179
4247.692308 4241.538462 4274.358974 4245.128205 4223.589744 4235.384615 4251.794872 4221.025641 4255.897436 4223.589744 4206.153846 4256.923077 4292.820513 4237.948718
4252.820513 4237.948718 4277.435897 4245.128205 4224.615385 4243.589744 4262.051282 4229.230769 4267.179487 4224.615385 4224.102564 4260.000000 4311.794872 4233.846154
4248.205128 4226.666667 4272.820513 4245.128205 4225.128205 4247.179487 4258.974359 4225.128205 4266.153846 4228.205128 4232.307692 4257.435897 4321.538462 4228.205128
4239.487179 4219.487179 4263.589744 4240.512821 4222.564103 4243.076923 4255.897436 4224.102564 4267.179487 4227.179487 4226.153846 4252.820513 4323.589744 4225.641026
4239.487179 4215.384615 4262.564103 4243.076923 4224.102564 4243.589744 4254.871795 4226.153846 4268.717949 4223.589744 4228.717949 4256.410256 4330.256410 4222.564103
4241.025641 4218.974359 4266.666667 4246.666667 4222.051282 4251.282051 4260.000000 4228.205128 4273.846154 4224.102564 4244.102564 4261.025641 4343.076923 4211.282051
4241.025641 4224.102564 4266.666667 4249.743590 4222.564103 4251.282051 4266.666667 4227.692308 4274.871795 4225.641026 4241.025641 4258.974359 4338.461538 4209.743590
4238.974359 4223.076923 4258.974359 4250.256410 4224.102564 4246.666667 4262.564103 4229.743590 4267.692308 4225.641026 4227.692308 4253.846154 4328.205128 4211.282051
4242.051282 4221.025641 4261.538462 4250.769231 4220.512821 4248.205128 4265.641026 4234.871795 4271.282051 4227.179487 4237.948718 4255.897436 4336.410256 4209.230769
4246.153846 4214.871795 4269.230769 4254.871795 4223.589744 4249.230769 4273.846154 4232.307692 4277.435897 4228.205128 4244.615385 4263.076923 4338.461538 4210.256410
4241.538462 4208.717949 4257.948718 4250.769231 4225.128205 4242.564103 4263.589744 4228.205128 4274.871795 4226.666667 4227.692308 4260.000000 4323.589744 4208.205128
4241.538462 4208.717949 4249.743590 4247.692308 4223.076923 4234.871795 4250.769231 4231.282051 4272.820513 4226.666667 4218.974359 4255.897436 4314.871795 4207.179487
4243.589744 4210.769231 4256.923077 4252.820513 4225.128205 4234.358974 4254.871795 4230.769231 4270.769231 4225.128205 4222.564103 4256.410256 4317.948718 4203.076923
4233.333333 4211.282051 4253.846154 4252.307692 4224.615385 4235.897436 4257.948718 4220.512821 4261.025641 4224.102564 4216.410256 4250.769231 4315.897436 4192.307692
4224.615385 4204.615385 4239.487179 4248.717949 4225.128205 4228.717949 4250.769231 4210.769231 4247.179487 4225.128205 4202.564103 4240.000000 4303.589744 4181.538462
4225.128205 4195.384615 4233.333333 4244.615385 4224.615385 4221.025641 4252.307692 4211.282051 4241.538462 4226.666667 4201.538462 4232.820513 4302.051282 4171.794872
4228.717949 4196.410256 4231.794872 4245.128205 4224.102564 4224.102564 4256.923077 4214.871795 4236.923077 4233.846154 4208.205128 4236.923077 4310.769231 4177.948718
4234.358974 4209.743590 4232.307692 4247.692308 4226.153846 4228.205128 4254.871795 4212.820513 4232.820513 4234.871795 4205.128205 4243.076923 4312.307692 4186.666667
4233.333333 4217.435897 4233.846154 4244.102564 4223.076923 4227.692308 4251.794872 4212.307692 4233.333333 4227.692308 4198.974359 4240.512821 4312.307692 4183.076923
4233.846154 4210.769231 4233.333333 4245.641026 4225.641026 4224.615385 4244.102564 4210.769231 4230.256410 4222.564103 4201.025641 4239.487179 4319.487179 4187.692308
4240.000000 4212.820513 4232.307692 4244.615385 4224.102564 4220.512821 4227.179487 4204.102564 4227.692308 4216.410256 4209.743590 4240.512821 4327.692308 4193.846154
4241.538462 4224.102564 4234.358974 4241.025641 4219.487179 4216.923077 4218.974359 4206.153846 4227.692308 4217.435897 4211.282051 4242.051282 4327.692308 4190.769231
4237.948718 4222.051282 4230.769231 4242.564103 4224.615385 4215.384615 4226.153846 4210.769231 4225.641026 4226.666667 4207.179487 4242.051282 4324.615385 4182.564103
4227.692308 4211.282051 4221.538462 4242.051282 4223.589744 4213.846154 4230.256410 4206.666667 4227.179487 4229.743590 4208.717949 4236.410256 4322.051282 4174.358974
4227.692308 4209.230769 4221.025641 4246.666667 4222.564103 4208.717949 4222.564103 4205.128205 4229.743590 4227.692308 4207.692308 4237.435897 4316.923077 4171.794872
4232.820513 4218.461538 4222.051282 4248.205128 4225.128205 4207.692308 4219.487179 4208.717949 4226.666667 4228.717949 4207.179487 4240.512821 4318.461538 4172.307692
4232.307692 4223.589744 4223.076923 4241.538462 4222.051282 4211.282051 4224.102564 4208.205128 4226.666667 4225.128205 4213.333333 4240.512821 4325.128205 4184.615385
4234.358974 4220.512821 4229.743590 4240.000000 4221.025641 4215.897436 4230.769231 4209.743590 4234.871795 4223.589744 4218.974359 4243.076923 4325.641026 4193.846154
4236.923077 4216.923077 4232.820513 4238.974359 4222.564103 4219.487179 4231.282051 4211.282051 4237.435897 4226.153846 4215.384615 4245.641026 4321.025641 4182.564103
4233.333333 4208.717949 4226.153846 4234.358974 4224.615385 4213.846154 4220.000000 4200.000000 4226.666667 4225.128205 4204.102564 4239.487179 4308.717949 4175.897436
4221.025641 4203.076923 4218.974359 4227.179487 4220.512821 4206.153846 4216.923077 4196.923077 4221.025641 4223.589744 4200.000000 4228.205128 4297.435897 4178.461538
4220.000000 4206.153846 4222.051282 4228.205128 4218.974359 4214.871795 4228.717949 4210.256410 4227.692308 4225.641026 4206.153846 4232.307692 4300.000000 4181.538462
4231.794872 4211.282051 4224.102564 4233.846154 4225.641026 4227.179487 4231.282051 4214.871795 4233.333333 4230.256410 4213.846154 4241.025641 4305.128205 4186.153846
4228.205128 4206.666667 4211.282051 4229.230769 4223.589744 4226.153846 4228.205128 4211.282051 4238.461538 4227.692308 4207.692308 4230.769231 4296.923077 4183.589744
4216.923077 4195.897436 4203.076923 4225.641026 4221.538462 4220.000000 4225.641026 4209.230769 4235.897436 4222.051282 4194.358974 4223.589744 4282.051282 4176.410256
4218.461538 4200.000000 4207.179487 4228.205128 4224.102564 4224.102564 4227.692308 4215.897436 4234.871795 4224.615385 4201.538462 4231.282051 4283.076923 4171.794872
4220.000000 4205.128205 4205.641026 4228.717949 4222.051282 4223.589744 4227.179487 4220.000000 4242.564103 4229.743590 4209.230769 4229.743590 4290.256410 4174.871795
4213.333333 4195.897436 4198.974359 4231.794872 4224.615385 4213.846154 4223.589744 4213.846154 4243.076923 4226.666667 4196.923077 4224.102564 4278.461538 4174.871795
4213.333333 4200.512821 4201.538462 4237.948718 4224.615385 4212.307692 4229.743590 4214.358974 4239.487179 4225.128205 4198.461538 4231.794872 4267.179487 4167.692308
4220.000000 4208.205128 4207.692308 4241.538462 4223.589744 4213.846154 4228.717949 4215.897436 4234.358974 4230.256410 4210.769231 4236.410256 4266.666667 4171.282051
4217.435897 4196.410256 4201.538462 4238.461538 4223.589744 4210.256410 4217.435897 4205.128205 4224.102564 4225.641026 4201.538462 4226.153846 4258.461538 4175.897436
4211.282051 4193.846154 4196.410256 4238.461538 4221.025641 4210.256410 4218.974359 4196.923077 4220.000000 4217.948718 4192.820513 4227.179487 4251.282051 4173.846154
4216.923077 4207.692308 4202.564103 4249.230769 4224.615385 4215.897436 4226.666667 4197.948718 4223.076923 4225.641026 4203.589744 4239.487179 4253.846154 4178.974359
4217.948718 4211.282051 4197.948718 4248.205128 4224.615385 4215.384615 4221.538462 4197.435897 4222.564103 4232.307692 4207.179487 4234.871795 4256.410256 4181.538462
4215.384615 4203.589744 4191.794872 4241.025641 4222.051282 4210.769231 4213.846154 4196.923077 4223.076923 4224.615385 4203.589744 4225.641026 4256.410256 4178.461538
4222.051282 4200.000000 4200.512821 4241.538462 4224.615385 4214.871795 4218.461538 4204.102564 4233.846154 4222.051282 4211.282051 4228.205128 4261.025641 4175.384615
4227.692308 4207.692308 4205.128205 4243.589744 4225.641026 4220.000000 4227.179487 4215.897436 4245.128205 4231.282051 4221.538462 4235.384615 4267.692308 4174.871795
4227.179487 4214.358974 4200.000000 4248.717949 4225.641026 4216.410256 4228.717949 4220.512821 4245.128205 4227.692308 4217.435897 4235.897436 4264.615385 4179.487179
4218.974359 4206.153846 4192.820513 4243.076923 4224.102564 4216.410256 4225.128205 4212.307692 4237.948718 4219.487179 4207.692308 4226.666667 4252.307692 4176.923077
4213.846154 4192.820513 4186.666667 4233.846154 4224.615385 4222.051282 4224.102564 4203.589744 4227.179487 4228.717949 4200.512821 4218.974359 4240.000000 4176.410256
4216.410256 4190.256410 4180.512821 4237.948718 4225.641026 4223.589744 4223.589744 4200.512821 4218.461538 4232.820513 4192.307692 4217.948718 4234.871795 4183.076923
4215.897436 4194.358974 4178.974359 4237.948718 4222.564103 4226.153846 4224.102564 4198.974359 4220.512821 4227.179487 4189.743590 4217.948718 4235.384615 4184.102564
4215.897436 4192.307692 4184.615385 4233.333333 4223.076923 4227.692308 4225.128205 4195.897436 4221.538462 4231.282051 4190.256410 4221.538462 4235.384615 4182.564103
4214.871795 4189.743590 4187.692308 4236.410256 4221.538462 4220.000000 4222.051282 4198.974359 4220.512821 4232.820513 4193.333333 4225.641026 4237.948718 4177.435897
4214.358974 4191.282051 4189.743590 4242.051282 4221.025641 4216.923077 4225.128205 4208.205128 4228.205128 4224.615385 4197.948718 4226.153846 4240.512821 4177.948718
4222.564103 4198.461538 4193.846154 4240.512821 4226.153846 4229.230769 4236.923077 4214.871795 4241.025641 4223.589744 4202.051282 4228.205128 4245.128205 4184.102564
4233.846154 4211.794872 4196.410256 4237.435897 4223.589744 4241.538462 4246.153846 4218.974359 4250.769231 4227.179487 4209.743590 4233.846154 4256.923077 4187.692308
4243.076923 4215.897436 4200.000000 4244.102564 4223.589744 4242.564103 4251.282051 4224.102564 4254.358974 4230.769231 4222.564103 4240.512821 4266.666667 4192.820513
4247.179487 4224.615385 4207.692308 4251.794872 4226.153846 4249.230769 4263.076923 4233.846154 4261.025641 4230.256410 4241.538462 4246.666667 4280.000000 4197.435897
4247.692308 4245.128205 4216.410256 4256.923077 4221.538462 4263.076923 4276.923077 4242.564103 4273.846154 4222.564103 4253.333333 4253.846154 4293.333333 4206.153846
4242.564103 4240.512821 4212.307692 4253.846154 4220.512821 4264.615385 4272.307692 4237.948718 4271.794872 4221.538462 4244.102564 4250.769231 4283.589744 4209.743590
4230.256410 4220.512821 4198.974359 4243.076923 4221.538462 4252.307692 4254.871795 4226.666667 4257.948718 4227.179487 4232.307692 4236.923077 4265.128205 4208.205128
4233.333333 4228.717949 4203.076923 4247.692308 4225.128205 4245.641026 4248.717949 4226.666667 4260.000000 4227.692308 4237.948718 4243.076923 4273.333333 4220.512821
4250.256410 4252.820513 4217.435897 4258.974359 4228.205128 4250.256410 4254.871795 4235.384615 4272.307692 4223.589744 4252.307692 4256.410256 4292.307692 4230.769231
4255.897436 4256.923077 4220.512821 4259.487179 4225.128205 4253.846154 4255.897436 4235.897436 4271.282051 4221.538462 4258.974359 4254.871795 4293.846154 4233.846154
4262.564103 4263.589744 4225.641026 4263.076923 4223.589744 4262.051282 4264.102564 4243.076923 4276.410256 4225.128205 4268.205128 4261.538462 4297.948718 4235.897436
4276.923077 4290.256410 4239.487179 4269.743590 4222.051282 4278.461538 4288.717949 4267.179487 4303.589744 4225.641026 4286.666667 4278.461538 4321.538462 4233.846154
4277.435897 4291.282051 4243.589744 4268.717949 4222.564103 4280.000000 4289.743590 4269.743590 4308.205128 4222.564103 4291.282051 4278.461538 4327.692308 4232.820513
4261.025641 4268.205128 4230.769231 4263.589744 4226.153846 4265.128205 4269.230769 4248.717949 4281.538462 4223.589744 4278.974359 4265.128205 4306.153846 4229.230769
4254.871795 4268.717949 4225.128205 4264.102564 4224.102564 4262.564103 4263.589744 4247.179487 4277.948718 4226.153846 4280.000000 4266.666667 4302.051282 4234.358974
4260.000000 4281.538462 4228.717949 4271.282051 4225.128205 4267.179487 4271.282051 4258.974359 4288.717949 4227.179487 4288.717949 4272.820513 4310.256410 4249.743590
4247.179487 4274.358974 4222.051282 4268.205128 4223.589744 4263.076923 4267.692308 4253.846154 4277.948718 4226.153846 4280.000000 4260.000000 4298.461538 4250.769231
4239.487179 4264.102564 4217.435897 4266.153846 4223.076923 4254.871795 4257.948718 4242.051282 4262.564103 4224.102564 4263.076923 4250.769231 4278.461538 4245.641026
4247.179487 4265.641026 4220.000000 4268.717949 4225.128205 4253.846154 4262.051282 4240.512821 4265.128205 4224.102564 4261.025641 4252.307692 4277.435897 4247.179487
4247.692308 4266.666667 4221.025641 4266.153846 4221.025641 4257.948718 4267.692308 4250.256410 4274.871795 4230.256410 4269.743590 4251.282051 4284.102564 4251.282051
4247.179487 4265.128205 4222.051282 4266.666667 4224.102564 4262.564103 4262.051282 4257.948718 4277.435897 4227.692308 4270.769231 4256.923077 4276.410256 4253.846154
4249.230769 4268.205128 4224.615385 4266.666667 4227.179487 4264.102564 4265.641026 4257.435897 4281.538462 4214.871795 4268.205128 4265.128205 4271.794872 4247.179487
4255.384615 4273.333333 4227.692308 4268.205128 4223.589744 4265.128205 4274.358974 4258.974359 4284.615385 4217.435897 4272.820513 4263.589744 4281.538462 4243.076923
4265.128205 4280.000000 4233.333333 4275.897436 4223.076923 4266.666667 4272.307692 4267.692308 4288.717949 4228.717949 4285.128205 4266.666667 4296.410256 4242.051282
4267.179487 4292.307692 4238.974359 4276.410256 4222.564103 4269.743590 4270.256410 4270.256410 4293.846154 4227.692308 4301.538462 4277.435897 4315.384615 4237.435897
4265.128205 4295.897436 4238.461538 4275.384615 4224.615385 4271.794872 4276.923077 4262.051282 4288.205128 4224.102564 4301.025641 4277.435897 4322.564103 4236.410256
4261.538462 4292.307692 4231.794872 4275.384615 4223.589744 4274.871795 4277.948718 4255.384615 4285.128205 4228.717949 4286.666667 4267.692308 4311.282051 4232.307692
4259.487179 4288.717949 4226.153846 4275.384615 4221.538462 4274.871795 4275.384615 4254.871795 4288.717949 4230.769231 4283.076923 4267.692308 4303.076923 4225.641026
4256.923077 4276.410256 4223.589744 4273.333333 4225.128205 4270.769231 4271.794872 4257.435897 4286.153846 4228.717949 4284.615385 4269.230769 4301.025641 4223.076923
4255.384615 4275.384615 4224.102564 4269.743590 4223.076923 4270.769231 4273.846154 4269.743590 4290.769231 4226.666667 4280.512821 4264.102564 4300.512821 4228.717949
4266.666667 4288.205128 4233.333333 4276.410256 4224.615385 4275.384615 4283.076923 4279.487179 4304.102564 4227.692308 4285.128205 4270.256410 4309.230769 4239.487179
4269.743590 4280.000000 4232.820513 4277.948718 4227.179487 4271.794872 4278.461538 4271.282051 4295.384615 4228.717949 4287.692308 4273.333333 4311.794872 4235.384615
4254.871795 4254.871795 4217.435897 4265.641026 4223.589744 4262.051282 4262.051282 4255.384615 4264.615385 4228.205128 4264.615385 4260.512821 4289.230769 4225.641026
4256.410256 4258.974359 4213.333333 4263.076923 4224.102564 4258.974359 4258.461538 4248.717949 4253.846154 4221.025641 4252.307692 4259.487179 4282.051282 4225.641026
4270.769231 4287.692308 4227.179487 4272.307692 4224.615385 4265.128205 4258.974359 4252.820513 4262.051282 4214.358974 4273.333333 4273.846154 4309.230769 4224.615385
4269.230769 4290.769231 4236.923077 4281.538462 4224.615385 4264.102564 4253.846154 4249.743590 4258.974359 4222.051282 4280.000000 4274.871795 4314.358974 4221.025641
4260.000000 4280.000000 4230.256410 4278.974359 4221.538462 4264.102564 4260.512821 4248.717949 4260.000000 4225.641026 4267.179487 4265.641026 4301.025641 4222.564103
4258.974359 4281.025641 4222.051282 4270.769231 4220.000000 4270.256410 4269.230769 4257.948718 4272.820513 4219.487179 4270.769231 4268.717949 4308.205128 4227.179487
4261.538462 4282.564103 4224.102564 4273.333333 4227.179487 4272.820513 4265.641026 4260.512821 4279.487179 4225.641026 4275.897436 4274.871795 4317.435897 4226.666667
4258.974359 4281.538462 4225.128205 4273.333333 4226.666667 4272.307692 4267.179487 4259.487179 4283.589744 4231.282051 4271.794872 4271.794872 4315.384615 4221.538462
4261.538462 4283.589744 4223.076923 4273.333333 4223.076923 4272.307692 4270.256410 4264.102564 4289.230769 4226.666667 4269.230769 4270.769231 4313.846154 4223.076923
4265.641026 4284.615385 4224.102564 4275.384615 4225.641026 4271.794872 4270.256410 4264.615385 4288.717949 4222.564103 4268.205128 4273.333333 4313.846154 4216.923077
4257.435897 4273.846154 4223.076923 4270.256410 4224.615385 4263.589744 4266.153846 4249.230769 4273.333333 4222.051282 4261.538462 4270.256410 4302.051282 4208.205128
4249.743590 4257.435897 4216.923077 4267.179487 4224.615385 4250.769231 4255.384615 4233.846154 4250.256410 4224.102564 4247.692308 4264.615385 4284.102564 4210.256410
4248.717949 4257.948718 4210.256410 4269.230769 4223.076923 4247.179487 4247.692308 4233.846154 4238.461538 4224.615385 4238.974359 4258.974359 4276.923077 4207.692308
4249.743590 4255.897436 4206.666667 4270.256410 4225.128205 4243.589744 4244.102564 4228.717949 4231.282051 4226.153846 4235.384615 4258.461538 4270.769231 4206.666667
4240.000000 4241.538462 4197.948718 4265.641026 4228.717949 4235.897436 4237.435897 4217.435897 4221.538462 4226.666667 4229.230769 4252.820513 4258.974359 4209.743590
4229.743590 4233.846154 4188.717949 4260.000000 4225.128205 4230.769231 4231.794872 4215.384615 4221.025641 4225.128205 4225.128205 4242.051282 4254.871795 4207.692308
4227.692308 4229.743590 4192.307692 4260.000000 4224.102564 4232.307692 4229.230769 4214.871795 4221.025641 4225.641026 4222.051282 4238.461538 4253.333333 4206.153846
4220.512821 4226.153846 4190.256410 4256.410256 4223.589744 4233.846154 4229.230769 4206.666667 4211.282051 4226.153846 4211.794872 4234.358974 4240.000000 4204.102564
4216.410256 4223.589744 4180.512821 4255.384615 4222.564103 4230.769231 4227.692308 4205.128205 4206.153846 4225.128205 4204.102564 4227.179487 4228.205128 4209.230769
4221.025641 4215.384615 4175.384615 4254.358974 4225.128205 4229.230769 4227.692308 4212.820513 4207.692308 4223.076923 4210.769231 4224.615385 4228.717949 4215.897436
4227.179487 4214.871795 4182.051282 4252.307692 4224.102564 4233.846154 4237.948718 4217.435897 4212.307692 4225.641026 4221.025641 4228.717949 4233.333333 4217.435897
4228.717949 4217.435897 4186.666667 4252.820513 4226.153846 4233.333333 4241.025641 4216.923077 4217.435897 4222.564103 4217.948718 4231.282051 4228.717949 4221.538462
4226.153846 4212.307692 4184.102564 4249.230769 4226.666667 4222.051282 4224.102564 4216.923077 4220.000000 4212.820513 4220.000000 4230.256410 4227.692308 4227.692308
4237.435897 4223.076923 4196.410256 4254.871795 4225.128205 4225.128205 4217.948718 4221.538462 4225.641026 4215.384615 4238.974359 4236.923077 4244.615385 4238.974359
4253.333333 4246.153846 4210.769231 4267.179487 4226.153846 4243.589744 4234.871795 4229.230769 4234.358974 4224.615385 4251.794872 4248.205128 4261.538462 4242.051282
4246.666667 4245.128205 4202.564103 4260.512821 4223.076923 4251.794872 4246.666667 4237.948718 4244.615385 4229.230769 4254.871795 4251.282051 4264.615385 4239.487179
4240.000000 4237.435897 4201.025641 4255.897436 4223.589744 4250.769231 4248.717949 4246.153846 4251.794872 4231.794872 4261.538462 4254.871795 4262.051282 4251.794872
4255.384615 4258.974359 4218.974359 4266.153846 4224.615385 4267.692308 4270.256410 4260.512821 4271.282051 4230.256410 4273.333333 4262.564103 4273.846154 4264.615385
4271.282051 4286.666667 4229.743590 4275.384615 4225.128205 4292.307692 4297.435897 4278.461538 4295.384615 4223.076923 4288.205128 4271.282051 4296.410256 4273.333333
4278.974359 4298.974359 4231.282051 4281.538462 4227.692308 4294.871795 4306.153846 4287.179487 4305.641026 4224.615385 4308.205128 4281.538462 4313.333333 4281.025641
4278.974359 4301.025641 4235.897436 4280.512821 4224.102564 4289.743590 4300.000000 4284.102564 4306.153846 4230.256410 4316.410256 4285.128205 4317.948718 4289.230769
4278.461538 4293.846154 4238.461538 4277.948718 4224.102564 4289.230769 4290.256410 4275.384615 4300.000000 4225.641026 4310.256410 4284.102564 4311.282051 4300.512821
4282.564103 4295.384615 4236.923077 4278.974359 4224.615385 4287.692308 4291.794872 4275.384615 4299.487179 4223.076923 4320.000000 4284.615385 4314.871795 4306.153846
4291.282051 4314.871795 4245.641026 4284.615385 4222.564103 4289.230769 4300.000000 4285.641026 4312.307692 4226.153846 4336.410256 4290.769231 4326.153846 4312.820513
4297.948718 4322.051282 4258.974359 4289.230769 4225.128205 4298.974359 4301.538462 4290.256410 4320.512821 4226.666667 4337.948718 4294.871795 4327.179487 4316.923077
4287.692308 4308.205128 4253.846154 4284.102564 4224.102564 4299.487179 4296.923077 4285.128205 4311.794872 4226.153846 4329.743590 4288.205128 4316.923077 4309.230769
4279.487179 4297.435897 4238.974359 4282.564103 4222.564103 4289.743590 4291.282051 4277.435897 4301.025641 4226.153846 4321.538462 4282.564103 4307.179487 4307.179487
4285.128205 4302.564103 4237.948718 4282.051282 4224.102564 4290.256410 4293.846154 4280.000000 4310.256410 4222.564103 4325.641026 4282.564103 4314.871795 4310.256410
4291.282051 4309.230769 4246.153846 4278.974359 4224.102564 4299.487179 4304.102564 4288.205128 4322.564103 4223.589744 4334.871795 4285.128205 4325.641026 4310.769231
4294.871795 4307.692308 4251.282051 4281.538462 4225.128205 4299.487179 4310.256410 4288.717949 4317.435897 4229.743590 4338.461538 4288.205128 4324.615385 4312.820513
4292.307692 4309.743590 4252.820513 4281.025641 4225.128205 4302.051282 4316.410256 4293.333333 4318.461538 4226.666667 4348.717949 4291.794872 4327.179487 4317.435897
4292.307692 4315.384615 4256.923077 4283.076923 4225.641026 4313.846154 4327.692308 4306.666667 4333.846154 4225.641026 4362.051282 4297.948718 4333.846154 4330.256410
4297.948718 4320.512821 4260.000000 4290.256410 4225.641026 4321.025641 4332.820513 4312.307692 4341.538462 4230.256410 4364.102564 4301.025641 4333.846154 4330.769231
4298.974359 4325.641026 4260.512821 4290.769231 4223.076923 4316.410256 4330.256410 4307.179487 4332.820513 4228.205128 4366.153846 4300.512821 4330.256410 4322.051282
4301.025641 4326.666667 4264.102564 4290.769231 4225.641026 4313.846154 4327.179487 4299.487179 4323.589744 4225.128205 4372.820513 4305.128205 4328.205128 4324.615385
4308.205128 4334.871795 4267.179487 4290.769231 4224.102564 4322.564103 4330.256410 4302.051282 4333.846154 4227.692308 4385.128205 4309.230769 4340.512821 4329.230769
4314.358974 4347.692308 4272.820513 4293.333333 4222.564103 4330.769231 4336.923077 4314.871795 4350.256410 4228.205128 4397.435897 4309.230769 4358.974359 4333.846154
4313.846154 4350.256410 4274.871795 4296.923077 4225.641026 4327.692308 4335.897436 4316.410256 4348.205128 4225.641026 4395.897436 4309.743590 4360.000000 4333.846154
4308.717949 4340.000000 4266.666667 4292.820513 4221.025641 4315.384615 4326.666667 4303.076923 4337.435897 4228.717949 4386.666667 4307.692308 4350.256410 4332.820513
4306.666667 4326.153846 4261.025641 4289.230769 4221.025641 4306.153846 4318.461538 4296.410256 4332.820513 4230.769231 4380.000000 4304.102564 4344.615385 4343.076923
4303.589744 4321.025641 4257.435897 4284.615385 4223.589744 4310.256410 4320.000000 4305.128205 4335.897436 4228.205128 4380.512821 4300.512821 4348.205128 4344.102564
4301.538462 4317.948718 4256.923077 4284.615385 4224.102564 4314.871795 4325.128205 4310.769231 4337.948718 4231.282051 4386.153846 4304.102564 4352.820513 4332.820513
4301.025641 4314.871795 4262.051282 4289.230769 4226.153846 4312.820513 4328.205128 4310.256410 4335.897436 4232.307692 4387.692308 4312.307692 4355.384615 4327.692308
4303.076923 4321.538462 4266.666667 4287.692308 4223.076923 4314.358974 4331.794872 4312.307692 4337.435897 4225.641026 4387.692308 4318.461538 4367.692308 4331.282051
4308.205128 4327.179487 4265.128205 4286.666667 4225.641026 4316.410256 4329.230769 4309.230769 4334.358974 4226.153846 4387.692308 4320.000000 4382.051282 4337.435897
4299.487179 4316.923077 4253.333333 4286.153846 4225.641026 4310.256410 4317.435897 4299.487179 4323.589744 4226.153846 4385.128205 4312.307692 4382.051282 4330.769231
4292.820513 4306.153846 4249.743590 4285.128205 4222.564103 4304.615385 4314.358974 4293.333333 4317.435897 4220.512821 4378.974359 4306.153846 4374.871795 4323.076923
4295.384615 4307.692308 4254.358974 4286.153846 4224.615385 4303.076923 4316.410256 4290.769231 4313.333333 4224.102564 4371.794872 4305.641026 4376.923077 4324.615385
4289.743590 4309.230769 4249.743590 4283.076923 4223.076923 4290.769231 4307.692308 4288.717949 4305.641026 4228.717949 4366.666667 4302.564103 4379.487179 4328.205128
4290.769231 4300.512821 4244.615385 4283.076923 4225.128205 4276.410256 4295.897436 4285.128205 4296.923077 4225.128205 4364.102564 4302.564103 4375.897436 4328.205128
4295.897436 4293.333333 4243.589744 4280.512821 4225.641026 4276.923077 4294.871795 4280.000000 4293.333333 4225.641026 4363.589744 4303.076923 4379.487179 4323.076923
4290.769231 4291.282051 4242.051282 4274.358974 4221.538462 4278.461538 4291.282051 4270.769231 4289.230769 4227.692308 4355.384615 4299.487179 4377.435897 4327.692308
4283.589744 4283.589744 4237.948718 4273.333333 4225.641026 4268.205128 4277.948718 4264.102564 4280.512821 4226.666667 4337.435897 4290.769231 4361.025641 4331.794872
4275.897436 4271.794872 4230.769231 4270.769231 4228.205128 4266.153846 4274.358974 4266.666667 4277.948718 4228.717949 4329.743590 4283.076923 4355.897436 4319.487179
4270.769231 4263.589744 4223.589744 4270.256410 4226.666667 4268.717949 4274.871795 4266.153846 4279.487179 4227.179487 4332.820513 4284.102564 4365.128205 4309.743590
4267.692308 4267.692308 4220.512821 4269.743590 4225.128205 4267.692308 4269.743590 4263.589744 4279.487179 4222.051282 4333.846154 4282.051282 4368.205128 4305.128205
4271.794872 4278.461538 4223.589744 4273.846154 4225.128205 4268.717949 4271.794872 4268.717949 4280.000000 4225.641026 4333.333333 4276.410256 4367.692308 4302.564103
4278.974359 4281.538462 4226.666667 4279.487179 4226.153846 4268.205128 4276.410256 4268.205128 4280.000000 4221.538462 4333.846154 4277.435897 4370.769231 4304.102564
4271.794872 4277.948718 4222.564103 4271.282051 4221.025641 4263.076923 4270.769231 4260.512821 4274.358974 4213.846154 4330.769231 4277.435897 4368.717949 4303.589744
4265.128205 4270.769231 4218.974359 4265.128205 4222.051282 4261.538462 4264.102564 4253.846154 4263.076923 4221.538462 4321.025641 4277.435897 4361.538462 4304.615385
4270.769231 4269.230769 4221.025641 4267.179487 4226.666667 4266.666667 4269.230769 4254.871795 4263.076923 4221.025641 4315.384615 4278.974359 4361.025641 4302.564103
4271.794872 4270.769231 4220.512821 4267.692308 4224.102564 4264.102564 4265.128205 4257.435897 4269.230769 4213.846154 4312.820513 4276.410256 4361.025641 4302.051282
4269.230769 4273.333333 4219.487179 4269.743590 4226.666667 4262.051282 4258.974359 4256.410256 4268.205128 4224.615385 4312.307692 4277.435897 4360.512821 4306.666667
4271.794872 4275.384615 4220.512821 4269.743590 4226.666667 4264.615385 4264.102564 4252.307692 4268.717949 4228.717949 4317.435897 4284.615385 4367.692308 4303.589744
4276.410256 4271.282051 4222.051282 4269.230769 4223.589744 4260.000000 4261.025641 4250.256410 4265.641026 4222.051282 4315.384615 4289.743590 4366.153846 4304.615385
4275.897436 4268.205128 4223.076923 4271.794872 4226.153846 4263.076923 4261.025641 4260.512821 4268.205128 4224.615385 4317.435897 4288.205128 4366.153846 4309.230769
4266.153846 4263.589744 4225.128205 4271.282051 4226.153846 4267.692308 4268.717949 4269.743590 4278.974359 4227.692308 4326.666667 4283.589744 4375.897436 4308.205128
4266.153846 4259.487179 4226.153846 4270.769231 4226.153846 4261.538462 4261.538462 4261.538462 4275.897436 4226.153846 4317.948718 4282.051282 4366.666667 4307.179487
4275.897436 4267.179487 4224.615385 4269.743590 4225.128205 4255.897436 4252.307692 4254.871795 4265.641026 4226.666667 4301.538462 4282.051282 4350.769231 4308.205128
4276.923077 4271.794872 4225.128205 4269.743590 4226.153846 4260.512821 4256.923077 4254.358974 4264.102564 4227.179487 4299.487179 4281.538462 4346.666667 4310.769231
4266.666667 4266.153846 4221.538462 4270.769231 4225.128205 4265.128205 4260.000000 4249.230769 4262.051282 4228.717949 4302.051282 4275.897436 4343.076923 4304.615385
4255.384615 4264.102564 4211.282051 4269.230769 4221.025641 4263.076923 4253.846154 4240.512821 4249.743590 4226.153846 4293.333333 4267.179487 4328.717949 4296.410256
4254.358974 4263.589744 4208.717949 4269.230769 4225.641026 4260.000000 4255.897436 4241.025641 4247.179487 4223.076923 4283.076923 4269.743590 4313.846154 4304.102564
4257.948718 4265.641026 4212.307692 4265.641026 4226.153846 4265.128205 4268.205128 4252.307692 4264.102564 4225.128205 4291.282051 4274.358974 4321.025641 4310.256410
4264.615385 4272.820513 4214.871795 4266.153846 4222.564103 4273.333333 4271.282051 4260.512821 4277.948718 4226.666667 4304.615385 4275.897436 4336.923077 4312.307692
4271.282051 4275.897436 4217.948718 4272.307692 4224.615385 4268.717949 4256.923077 4258.974359 4278.974359 4223.589744 4306.153846 4277.948718 4335.897436 4311.282051
4272.307692 4284.102564 4222.051282 4274.871795 4223.076923 4266.153846 4250.769231 4260.512821 4282.051282 4228.717949 4310.256410 4283.076923 4335.897436 4308.205128
4282.051282 4297.948718 4231.794872 4281.025641 4223.589744 4273.333333 4263.076923 4266.153846 4287.692308 4236.410256 4320.512821 4291.282051 4347.179487 4312.820513
4294.358974 4309.230769 4241.025641 4284.102564 4223.589744 4281.538462 4278.461538 4271.794872 4294.358974 4228.717949 4326.153846 4294.358974 4353.333333 4314.871795
4299.487179 4314.871795 4246.153846 4283.589744 4222.564103 4294.358974 4289.743590 4280.512821 4305.128205 4221.025641 4332.307692 4296.410256 4352.820513 4318.461538
4297.948718 4311.282051 4246.153846 4283.589744 4226.666667 4303.076923 4299.487179 4290.769231 4310.256410 4224.102564 4336.923077 4296.923077 4353.846154 4320.512821
4289.743590 4301.538462 4237.435897 4278.974359 4225.128205 4305.641026 4309.230769 4298.974359 4314.871795 4223.589744 4332.820513 4291.282051 4349.743590 4317.435897
4284.615385 4289.230769 4227.179487 4278.974359 4223.076923 4309.230769 4316.410256 4298.974359 4311.282051 4222.051282 4328.717949 4285.641026 4335.384615 4318.461538
4282.051282 4291.282051 4230.256410 4280.512821 4223.589744 4309.743590 4317.435897 4292.307692 4303.589744 4229.230769 4331.282051 4283.076923 4327.179487 4314.871795
4286.153846 4311.794872 4247.692308 4285.641026 4223.589744 4304.102564 4315.384615 4294.358974 4313.846154 4227.179487 4334.871795 4288.205128 4332.820513 4307.179487
4298.461538 4323.589744 4256.923077 4294.358974 4227.179487 4305.641026 4316.410256 4301.025641 4326.153846 4221.538462 4344.102564 4298.461538 4337.435897 4307.179487
4304.102564 4323.589744 4252.820513 4293.333333 4225.641026 4317.948718 4324.615385 4302.564103 4327.692308 4227.692308 4358.461538 4305.128205 4338.461538 4313.333333
4310.256410 4326.666667 4256.923077 4291.794872 4223.076923 4320.512821 4323.589744 4301.538462 4329.230769 4228.717949 4366.153846 4307.692308 4340.512821 4314.358974
4316.923077 4332.820513 4265.128205 4292.820513 4223.589744 4315.897436 4316.410256 4304.615385 4335.384615 4221.025641 4367.692308 4308.205128 4347.179487 4305.128205
4315.384615 4333.333333 4265.641026 4292.307692 4223.076923 4319.487179 4317.948718 4307.179487 4337.435897 4221.025641 4369.743590 4307.692308 4349.230769 4303.076923
4308.717949 4328.717949 4263.076923 4295.384615 4226.153846 4319.487179 4317.948718 4305.641026 4331.794872 4226.153846 4367.179487 4306.153846 4340.512821 4303.589744
4298.974359 4318.974359 4254.358974 4291.282051 4225.128205 4305.128205 4305.128205 4302.564103 4322.564103 4226.666667 4356.923077 4297.435897 4324.615385 4287.692308
4291.282051 4304.102564 4240.512821 4284.615385 4225.128205 4292.307692 4289.743590 4290.256410 4306.153846 4225.641026 4342.051282 4287.692308 4302.564103 4281.538462
4290.256410 4301.025641 4236.923077 4286.666667 4227.692308 4293.333333 4291.794872 4285.128205 4298.974359 4222.564103 4340.000000 4284.102564 4294.871795 4285.641026
4297.948718 4308.205128 4246.666667 4289.230769 4225.128205 4298.974359 4301.025641 4292.820513 4310.769231 4219.487179 4352.820513 4286.666667 4312.307692 4280.000000
4309.743590 4310.256410 4257.435897 4290.769231 4225.128205 4304.615385 4306.153846 4297.435897 4318.461538 4225.128205 4357.948718 4294.871795 4321.025641 4273.846154
4316.410256 4318.974359 4262.564103 4292.820513 4224.102564 4313.846154 4312.820513 4300.512821 4321.538462 4229.230769 4360.512821 4302.564103 4314.358974 4277.435897
4324.615385 4332.307692 4271.282051 4296.923077 4223.589744 4318.461538 4319.487179 4309.743590 4331.282051 4226.153846 4370.769231 4310.769231 4321.538462 4284.102564
4327.692308 4335.897436 4272.307692 4295.897436 4224.615385 4317.948718 4322.564103 4317.435897 4340.000000 4222.564103 4372.820513 4312.307692 4331.794872 4275.384615
4318.461538 4331.794872 4259.487179 4291.794872 4222.051282 4319.487179 4320.000000 4314.871795 4334.871795 4228.205128 4364.102564 4304.615385 4322.051282 4263.076923
4316.410256 4327.692308 4252.820513 4297.948718 4227.179487 4316.923077 4313.333333 4308.205128 4326.153846 4232.307692 4362.564103 4302.051282 4308.205128 4265.641026
4315.897436 4325.128205 4251.794872 4299.487179 4229.230769 4307.692308 4311.282051 4303.589744 4321.538462 4228.717949 4365.641026 4299.487179 4306.153846 4268.717949
4309.743590 4321.025641 4249.230769 4295.897436 4227.692308 4303.076923 4310.256410 4301.025641 4307.692308 4230.256410 4355.384615 4293.846154 4301.025641 4267.692308
4307.179487 4313.333333 4250.769231 4294.871795 4228.717949 4304.102564 4304.102564 4296.410256 4296.923077 4231.282051 4344.102564 4289.230769 4289.230769 4264.615385
4305.641026 4306.153846 4249.743590 4292.307692 4225.641026 4299.487179 4297.435897 4290.256410 4296.410256 4230.256410 4343.076923 4286.666667 4280.512821 4266.153846
4295.897436 4291.282051 4240.000000 4291.282051 4227.692308 4289.230769 4290.256410 4280.000000 4282.051282 4225.641026 4333.846154 4280.512821 4263.076923 4271.794872
4277.948718 4267.692308 4219.487179 4278.461538 4228.205128 4284.102564 4283.589744 4269.230769 4261.025641 4214.871795 4315.384615 4269.230769 4244.102564 4266.153846
4273.333333 4255.384615 4208.717949 4272.307692 4225.641026 4275.384615 4274.871795 4263.589744 4254.358974 4217.948718 4307.692308 4269.743590 4238.974359 4265.128205
4283.076923 4256.923077 4216.923077 4282.564103 4228.717949 4262.564103 4263.076923 4260.512821 4250.769231 4228.717949 4310.256410 4275.897436 4240.000000 4275.897436
4282.051282 4253.846154 4218.974359 4280.000000 4228.717949 4250.256410 4252.307692 4253.333333 4241.025641 4230.769231 4305.641026 4271.794872 4238.461538 4281.538462
4279.487179 4247.179487 4212.307692 4271.794872 4226.666667 4244.102564 4241.025641 4242.051282 4232.820513 4230.769231 4294.871795 4269.230769 4231.794872 4283.589744
4280.000000 4253.846154 4215.384615 4273.333333 4225.641026 4246.666667 4235.384615 4237.948718 4230.769231 4232.307692 4294.871795 4270.769231 4233.846154 4281.025641
4280.512821 4265.128205 4225.641026 4279.487179 4223.589744 4248.205128 4240.512821 4241.025641 4232.307692 4225.128205 4304.615385 4274.358974 4244.615385 4280.512821
4279.487179 4261.025641 4222.051282 4280.512821 4224.615385 4246.153846 4241.538462 4241.538462 4232.820513 4222.564103 4300.000000 4270.769231 4245.128205 4281.025641
4274.358974 4253.846154 4209.743590 4274.871795 4223.076923 4249.230769 4238.974359 4244.102564 4238.974359 4228.717949 4292.820513 4265.128205 4241.025641 4278.461538
4274.871795 4251.282051 4213.333333 4273.846154 4225.128205 4251.794872 4244.615385 4249.743590 4248.717949 4227.179487 4298.974359 4270.769231 4247.179487 4281.025641
4267.179487 4240.512821 4210.769231 4270.256410 4225.128205 4239.487179 4241.538462 4247.692308 4244.615385 4224.615385 4289.743590 4268.205128 4240.512821 4280.000000
4246.666667 4218.461538 4190.769231 4261.025641 4222.051282 4218.974359 4218.974359 4231.794872 4220.512821 4224.615385 4256.410256 4248.205128 4209.743590 4274.358974
4243.589744 4207.692308 4179.487179 4260.512821 4226.153846 4213.846154 4206.666667 4219.487179 4202.564103 4226.153846 4238.461538 4237.948718 4191.282051 4271.794872
4247.692308 4209.743590 4182.051282 4258.974359 4224.102564 4218.974359 4208.717949 4220.000000 4206.666667 4227.692308 4243.589744 4240.000000 4195.897436 4264.615385
4236.410256 4197.948718 4175.897436 4253.333333 4224.102564 4211.794872 4197.435897 4211.282051 4197.435897 4225.641026 4231.282051 4234.358974 4186.153846 4253.846154
4224.102564 4187.692308 4158.974359 4250.256410 4227.692308 4204.102564 4186.666667 4197.435897 4175.384615 4224.615385 4207.179487 4226.153846 4167.692308 4242.564103
4220.512821 4197.948718 4150.256410 4251.282051 4223.076923 4206.666667 4193.333333 4194.871795 4167.692308 4224.102564 4198.461538 4221.538462 4163.589744 4236.410256
4217.435897 4195.897436 4149.743590 4252.307692 4225.641026 4198.974359 4190.256410 4189.230769 4164.102564 4227.179487 4185.128205 4213.333333 4155.384615 4232.307692
4211.794872 4179.487179 4143.076923 4246.666667 4228.717949 4186.666667 4171.794872 4178.974359 4153.333333 4225.641026 4175.384615 4208.205128 4150.769231 4226.666667
4215.897436 4182.051282 4145.641026 4250.256410 4226.666667 4186.666667 4169.743590 4178.461538 4150.256410 4224.102564 4182.051282 4218.974359 4164.102564 4233.333333
4220.512821 4194.871795 4160.512821 4257.435897 4224.102564 4189.230769 4182.564103 4183.589744 4158.461538 4224.615385 4186.153846 4227.179487 4173.846154 4236.410256
4215.897436 4187.692308 4162.051282 4249.743590 4221.538462 4188.717949 4182.051282 4180.000000 4163.076923 4225.641026 4179.487179 4223.589744 4165.128205 4228.205128
4216.923077 4171.282051 4157.435897 4244.615385 4227.179487 4190.256410 4178.461538 4180.000000 4161.538462 4224.615385 4174.871795 4223.589744 4156.923077 4227.692308
4220.000000 4176.923077 4157.948718 4248.205128 4227.179487 4191.282051 4186.153846 4187.179487 4165.128205 4225.641026 4179.487179 4226.153846 4166.153846 4228.205128
4217.948718 4186.153846 4158.974359 4252.307692 4222.564103 4185.641026 4185.128205 4187.179487 4166.153846 4233.333333 4174.871795 4223.589744 4165.641026 4230.769231
4214.358974 4181.538462 4155.384615 4251.282051 4224.615385 4182.051282 4175.384615 4182.564103 4156.410256 4234.358974 4161.538462 4217.435897 4156.410256 4234.358974
4215.897436 4182.564103 4153.333333 4248.205128 4224.615385 4190.769231 4181.025641 4187.179487 4152.820513 4227.179487 4161.025641 4216.410256 4162.564103 4236.923077
4220.512821 4188.205128 4153.846154 4252.307692 4225.641026 4198.974359 4188.205128 4191.282051 4157.948718 4226.153846 4163.589744 4218.461538 4167.692308 4242.051282
4209.743590 4181.025641 4143.589744 4247.692308 4222.564103 4190.769231 4178.461538 4184.615385 4154.358974 4229.230769 4153.846154 4210.769231 4158.974359 4235.384615
4197.435897 4164.615385 4135.897436 4238.974359 4223.076923 4178.974359 4171.794872 4177.948718 4142.564103 4227.692308 4144.615385 4206.153846 4152.820513 4232.307692
4200.000000 4161.538462 4141.025641 4241.025641 4228.205128 4182.051282 4177.435897 4180.512821 4144.615385 4226.666667 4146.666667 4211.794872 4154.358974 4242.051282
4199.487179 4167.692308 4141.025641 4241.025641 4223.589744 4188.717949 4174.871795 4181.538462 4155.897436 4228.205128 4145.641026 4211.794872 4155.384615 4247.179487
4192.820513 4162.051282 4132.307692 4237.435897 4221.538462 4180.512821 4165.128205 4178.461538 4154.871795 4227.692308 4140.512821 4207.692308 4156.410256 4247.692308
4192.820513 4164.102564 4129.230769 4235.384615 4225.128205 4177.948718 4169.743590 4184.102564 4157.948718 4228.205128 4141.538462 4206.666667 4158.974359 4244.102564
4205.128205 4177.948718 4141.025641 4240.000000 4225.128205 4188.205128 4181.538462 4192.307692 4169.230769 4226.666667 4146.666667 4209.743590 4165.128205 4238.974359
4214.358974 4180.512821 4150.769231 4244.615385 4224.615385 4190.256410 4181.025641 4190.256410 4170.769231 4225.641026 4152.820513 4213.333333 4171.794872 4238.974359
4205.641026 4167.692308 4145.641026 4237.948718 4222.564103 4184.615385 4174.358974 4187.692308 4165.128205 4225.128205 4148.717949 4210.769231 4165.641026 4240.000000
4196.410256 4150.769231 4137.948718 4231.794872 4225.641026 4178.461538 4167.692308 4181.025641 4150.769231 4225.641026 4130.769231 4205.128205 4144.615385 4240.000000
4194.871795 4149.230769 4133.846154 4230.769231 4226.153846 4173.846154 4161.025641 4171.794872 4140.512821 4221.025641 4124.102564 4203.589744 4137.435897 4233.333333
4189.743590 4155.897436 4128.717949 4231.794872 4223.076923 4172.307692 4157.948718 4167.692308 4140.512821 4221.025641 4129.743590 4200.512821 4141.025641 4226.666667
4184.615385 4150.769231 4124.615385 4232.307692 4227.179487 4170.256410 4154.871795 4163.076923 4134.358974 4227.692308 4126.153846 4193.333333 4130.256410 4223.589744
4184.615385 4153.333333 4125.128205 4230.256410 4226.153846 4169.743590 4155.384615 4162.564103 4132.307692 4226.153846 4123.589744 4190.769231 4130.769231 4223.589744
4188.717949 4164.615385 4129.230769 4233.846154 4223.076923 4171.794872 4156.923077 4168.717949 4143.076923 4223.076923 4128.717949 4195.897436 4142.564103 4228.717949
4186.666667 4158.461538 4128.717949 4229.230769 4225.128205 4174.871795 4158.974359 4171.282051 4148.205128 4223.589744 4127.179487 4192.307692 4137.435897 4219.487179
4181.025641 4149.743590 4126.666667 4222.564103 4225.641026 4174.871795 4162.564103 4164.615385 4140.512821 4223.076923 4123.589744 4188.205128 4124.102564 4209.230769
4185.641026 4155.897436 4130.769231 4230.256410 4226.153846 4174.871795 4163.076923 4165.641026 4141.025641 4224.615385 4131.282051 4195.384615 4124.615385 4214.871795
4184.102564 4157.435897 4129.230769 4230.256410 4224.102564 4179.487179 4162.051282 4174.358974 4155.897436 4229.230769 4143.076923 4196.923077 4129.230769 4210.769231
4176.923077 4143.589744 4123.589744 4224.615385 4225.128205 4182.051282 4157.948718 4171.282051 4153.333333 4226.666667 4137.435897 4193.846154 4118.974359 4200.000000
4176.410256 4137.435897 4121.025641 4224.615385 4226.666667 4177.435897 4154.358974 4161.025641 4139.487179 4215.384615 4125.641026 4191.282051 4108.205128 4194.358974
4181.538462 4142.564103 4123.589744 4226.153846 4223.076923 4175.897436 4156.923077 4163.589744 4142.051282 4218.461538 4129.743590 4190.769231 4112.820513 4191.794872
4190.769231 4148.205128 4129.743590 4231.794872 4223.589744 4180.000000 4157.948718 4166.153846 4148.205128 4224.102564 4140.512821 4196.410256 4124.615385 4188.717949
4189.743590 4155.384615 4127.179487 4234.358974 4222.051282 4183.589744 4157.948718 4163.076923 4141.538462 4217.948718 4143.076923 4195.384615 4126.153846 4182.051282
4173.333333 4148.717949 4114.871795 4231.282051 4224.615385 4180.512821 4160.000000 4161.538462 4128.205128 4220.512821 4131.282051 4183.589744 4107.179487 4178.974359
4156.410256 4130.256410 4104.102564 4223.589744 4228.717949 4181.025641 4158.461538 4161.538462 4127.692308 4229.230769 4116.410256 4174.871795 4091.282051 4171.794872
4154.871795 4128.717949 4102.051282 4219.487179 4223.589744 4181.538462 4149.743590 4161.025641 4133.846154 4228.717949 4117.435897 4172.820513 4096.923077 4160.000000
4162.564103 4137.435897 4102.564103 4226.666667 4224.102564 4165.128205 4146.666667 4159.487179 4129.230769 4221.025641 4122.564103 4176.923077 4102.564103 4154.358974
4167.692308 4147.692308 4108.717949 4232.820513 4225.128205 4166.153846 4157.948718 4168.717949 4143.076923 4212.820513 4132.307692 4187.179487 4110.769231 4148.717949
4173.846154 4154.871795 4123.589744 4236.410256 4223.589744 4176.923077 4163.589744 4165.641026 4133.333333 4217.948718 4155.897436 4198.461538 4125.641026 4150.256410
4175.897436 4150.256410 4124.102564 4234.358974 4225.641026 4155.897436 4154.871795 4148.205128 4076.410256 4229.743590 4163.589744 4194.358974 4117.435897 4149.743590
4170.769231 4148.717949 4117.948718 4225.128205 4224.102564 4167.692308 4165.128205 4171.794872 4110.769231 4226.666667 4149.230769 4187.692308 4101.538462 4138.974359
4164.102564 4142.564103 4122.051282 4225.641026 4226.153846 4159.487179 4165.641026 4173.846154 4100.512821 4222.564103 4159.487179 4192.307692 4105.128205 4131.282051
4152.307692 4127.692308 4115.897436 4226.153846 4226.666667 4078.974359 4137.948718 4117.948718 3947.179487 4230.769231 4176.410256 4186.666667 4101.538462 4124.615385
4150.769231 4130.769231 4108.717949 4223.589744 4222.564103 4109.230769 4145.641026 4146.666667 3990.256410 4230.769231 4149.743590 4176.410256 4080.512821 4123.589744
4160.000000 4140.000000 4114.358974 4223.589744 4224.102564 4216.410256 4176.923077 4213.846154 4165.128205 4218.461538 4141.025641 4179.487179 4092.307692 4128.205128
4160.512821 4131.794872 4116.410256 4221.025641 4222.564103 4156.923077 4155.897436 4140.512821 4021.025641 4215.384615 4178.974359 4186.153846 4125.128205 4126.666667
4165.641026 4131.794872 4117.948718 4227.179487 4220.512821 4087.692308 4138.974359 4097.948718 3876.923077 4222.564103 4170.769231 4183.589744 4112.820513 4123.076923
4167.692308 4144.102564 4117.948718 4226.153846 4221.025641 4181.538462 4177.435897 4207.692308 4098.461538 4228.205128 4123.589744 4176.923077 4084.615385 4119.487179
4156.410256 4131.282051 4107.179487 4209.743590 4223.076923 4219.487179 4180.000000 4238.461538 4230.256410 4228.717949 4123.076923 4175.897436 4096.410256 4120.000000
4152.307692 4112.820513 4103.589744 4205.641026 4226.153846 4161.025641 4146.153846 4168.717949 4122.051282 4226.153846 4139.487179 4180.000000 4115.897436 4119.487179
4154.358974 4121.025641 4108.205128 4213.846154 4222.051282 4161.538462 4144.102564 4171.282051 4115.384615 4223.076923 4130.769231 4177.948718 4114.871795 4114.871795
4163.076923 4131.282051 4111.282051 4217.435897 4224.615385 4183.076923 4154.871795 4204.102564 4181.538462 4220.512821 4127.692308 4177.948718 4118.461538 4118.461538
4168.205128 4128.717949 4113.333333 4213.333333 4226.666667 4179.487179 4154.871795 4196.410256 4177.435897 4218.974359 4132.820513 4179.487179 4130.256410 4118.974359
4158.974359 4118.974359 4110.769231 4214.871795 4224.102564 4170.256410 4142.051282 4188.717949 4153.333333 4218.461538 4114.871795 4169.743590 4123.589744 4120.512821
4150.769231 4109.743590 4102.564103 4218.461538 4226.153846 4158.461538 4129.230769 4186.153846 4140.000000 4225.128205 4092.820513 4163.076923 4107.179487 4128.205128
4145.128205 4108.717949 4093.333333 4213.846154 4223.076923 4156.923077 4131.282051 4184.615385 4132.820513 4228.205128 4086.666667 4159.487179 4105.641026 4128.205128
4140.512821 4109.230769 4091.282051 4216.410256 4224.102564 4164.615385 4138.974359 4190.769231 4144.102564 4225.128205 4083.076923 4147.179487 4109.230769 4123.589744
4137.435897 4112.307692 4094.358974 4220.000000 4227.179487 4169.230769 4141.538462 4194.871795 4149.743590 4222.051282 4084.615385 4132.307692 4108.205128 4116.410256
4137.948718 4119.487179 4100.000000 4216.923077 4222.051282 4175.897436 4145.128205 4201.025641 4158.461538 4223.589744 4090.256410 4131.794872 4110.256410 4113.846154
4144.615385 4125.128205 4106.153846 4219.487179 4223.076923 4186.666667 4155.384615 4210.769231 4177.948718 4229.230769 4096.410256 4140.512821 4115.384615 4117.948718
4155.897436 4137.435897 4115.897436 4221.538462 4223.589744 4202.564103 4173.333333 4227.692308 4198.461538 4228.717949 4112.307692 4146.153846 4134.871795 4119.487179
4167.692308 4153.846154 4127.692308 4223.076923 4221.025641 4214.871795 4185.128205 4240.000000 4211.794872 4222.564103 4124.102564 4153.846154 4152.307692 4126.153846
4169.743590 4165.128205 4130.256410 4227.692308 4223.076923 4218.461538 4185.641026 4240.000000 4216.923077 4223.076923 4124.615385 4157.435897 4153.333333 4126.153846
4171.282051 4173.333333 4133.333333 4230.256410 4223.589744 4222.051282 4194.871795 4240.000000 4221.538462 4227.179487 4134.358974 4161.538462 4157.948718 4126.153846
4186.666667 4180.000000 4141.538462 4232.820513 4224.615385 4229.743590 4206.666667 4245.128205 4228.205128 4221.538462 4150.769231 4173.846154 4172.820513 4136.410256
4196.410256 4187.692308 4146.153846 4234.871795 4224.102564 4237.435897 4215.897436 4251.794872 4240.000000 4215.384615 4161.538462 4180.000000 4183.076923 4137.948718
4191.794872 4193.846154 4151.794872 4238.974359 4224.102564 4244.102564 4221.538462 4253.846154 4249.743590 4218.974359 4164.615385 4182.564103 4177.435897 4133.846154
4188.717949 4197.948718 4160.000000 4238.974359 4225.641026 4245.641026 4220.512821 4253.333333 4252.307692 4224.615385 4162.564103 4187.692308 4173.333333 4133.333333
4191.794872 4197.435897 4161.025641 4231.794872 4221.538462 4245.128205 4214.358974 4251.282051 4250.256410 4226.153846 4164.102564 4190.256410 4176.923077 4135.897436
4192.307692 4191.794872 4157.948718 4229.743590 4220.000000 4241.025641 4206.153846 4241.538462 4242.564103 4227.179487 4161.538462 4186.666667 4172.307692 4140.000000
4190.256410 4192.820513 4155.897436 4226.666667 4220.512821 4237.435897 4202.564103 4239.487179 4245.641026 4227.179487 4155.384615 4182.564103 4164.102564 4142.051282
4194.358974 4195.897436 4158.974359 4224.102564 4225.128205 4236.923077 4199.487179 4245.641026 4255.897436 4225.641026 4155.897436 4188.205128 4162.051282 4151.282051
4196.410256 4190.769231 4157.435897 4222.564103 4228.717949 4237.435897 4195.897436 4240.512821 4250.256410 4226.153846 4160.000000 4191.794872 4162.051282 4153.333333
4187.692308 4182.564103 4146.153846 4218.461538 4222.564103 4235.897436 4195.384615 4228.205128 4237.435897 4226.666667 4155.384615 4184.102564 4160.000000 4144.102564
4191.282051 4181.538462 4143.589744 4223.076923 4224.615385 4228.205128 4190.256410 4222.051282 4227.692308 4227.692308 4150.256410 4182.564103 4155.384615 4151.282051
4201.538462 4189.743590 4151.282051 4224.615385 4227.692308 4225.641026 4185.641026 4218.974359 4223.589744 4227.692308 4153.333333 4190.256410 4154.358974 4163.076923
4201.025641 4193.333333 4156.923077 4221.025641 4225.128205 4231.794872 4188.717949 4221.025641 4225.641026 4223.076923 4155.384615 4194.358974 4154.871795 4160.000000
4200.000000 4191.282051 4154.871795 4220.512821 4226.666667 4233.333333 4192.307692 4225.128205 4230.769231 4223.589744 4155.897436 4191.794872 4157.435897 4151.282051
4198.974359 4192.307692 4148.205128 4215.897436 4223.076923 4232.307692 4190.769231 4221.538462 4232.307692 4227.692308 4158.461538 4187.179487 4163.589744 4151.282051
4198.461538 4191.794872 4150.769231 4216.410256 4221.538462 4236.410256 4197.435897 4226.153846 4238.461538 4227.692308 4160.512821 4189.743590 4169.230769 4156.923077
4203.076923 4200.512821 4162.564103 4224.615385 4224.102564 4242.564103 4213.846154 4248.717949 4260.512821 4225.641026 4170.256410 4195.897436 4180.000000 4152.307692
4208.717949 4221.538462 4169.743590 4230.256410 4224.102564 4248.717949 4223.589744 4253.846154 4272.307692 4229.743590 4182.051282 4204.615385 4189.743590 4148.205128
4211.282051 4232.307692 4171.282051 4228.205128 4224.102564 4261.538462 4228.717949 4246.666667 4264.102564 4224.102564 4181.538462 4210.256410 4191.282051 4155.384615
4211.794872 4231.282051 4175.897436 4226.666667 4224.615385 4274.358974 4240.000000 4264.102564 4277.435897 4213.333333 4178.974359 4211.282051 4196.410256 4162.564103
4214.871795 4227.179487 4181.025641 4231.282051 4227.179487 4265.128205 4240.000000 4268.717949 4289.743590 4220.000000 4179.487179 4215.897436 4198.974359 4169.230769
4213.333333 4225.641026 4176.410256 4229.743590 4224.102564 4249.230769 4226.666667 4249.230769 4268.717949 4229.230769 4179.487179 4215.897436 4195.897436 4165.641026
4207.179487 4222.051282 4170.769231 4225.128205 4220.512821 4234.358974 4214.358974 4240.000000 4243.589744 4223.076923 4176.923077 4207.179487 4194.358974 4159.487179
4208.205128 4209.743590 4172.307692 4226.153846 4224.615385 4215.897436 4206.666667 4236.410256 4230.256410 4218.974359 4174.871795 4205.128205 4189.743590 4165.641026
4209.743590 4204.615385 4176.410256 4224.615385 4223.589744 4223.589744 4204.102564 4238.461538 4234.358974 4226.666667 4174.358974 4209.230769 4184.102564 4173.846154
4213.846154 4210.769231 4185.641026 4229.743590 4222.564103 4244.102564 4204.615385 4246.666667 4252.820513 4228.717949 4167.179487 4208.717949 4178.461538 4177.435897
4217.435897 4213.846154 4184.615385 4232.820513 4225.128205 4238.974359 4205.128205 4238.461538 4243.076923 4216.923077 4160.000000 4205.641026 4173.846154 4172.820513
4211.282051 4201.538462 4170.769231 4222.564103 4223.589744 4222.051282 4201.025641 4222.564103 4208.717949 4213.846154 4161.538462 4202.564103 4169.743590 4166.666667
4205.641026 4187.179487 4165.641026 4221.538462 4226.666667 4210.256410 4193.333333 4213.846154 4191.794872 4226.666667 4155.384615 4196.410256 4163.076923 4165.641026
4198.461538 4189.743590 4165.128205 4225.641026 4226.153846 4201.538462 4190.256410 4212.307692 4194.358974 4232.307692 4141.025641 4189.743590 4155.384615 4163.589744
4192.820513 4193.846154 4163.076923 4225.641026 4222.564103 4209.743590 4190.769231 4221.025641 4200.512821 4224.615385 4139.487179 4190.769231 4153.846154 4168.205128
4195.384615 4182.564103 4165.128205 4223.589744 4225.128205 4202.564103 4190.256410 4217.948718 4175.897436 4215.897436 4155.384615 4193.333333 4162.051282 4172.820513
4198.974359 4178.974359 4167.179487 4218.974359 4223.589744 4168.717949 4191.794872 4204.102564 4147.179487 4218.974359 4157.948718 4188.717949 4164.615385 4172.820513
4204.615385 4192.307692 4170.256410 4224.615385 4224.615385 4193.333333 4204.102564 4226.666667 4191.794872 4222.564103 4143.076923 4191.282051 4155.384615 4172.307692
4208.205128 4204.615385 4175.384615 4228.205128 4224.102564 4256.410256 4214.871795 4247.692308 4236.923077 4216.410256 4150.256410 4198.974359 4165.641026 4169.743590
4207.692308 4198.461538 4174.358974 4225.641026 4222.051282 4241.538462 4204.102564 4221.538462 4193.846154 4216.923077 4160.512821 4198.974359 4176.410256 4175.897436
4198.461538 4190.769231 4167.179487 4223.076923 4223.589744 4186.153846 4197.435897 4208.717949 4168.205128 4225.641026 4143.076923 4190.769231 4156.410256 4178.461538
4194.358974 4200.000000 4168.205128 4224.102564 4223.076923 4200.512821 4207.179487 4223.589744 4200.512821 4231.282051 4146.153846 4190.256410 4153.846154 4175.384615
4198.461538 4198.461538 4170.256410 4228.717949 4225.641026 4231.794872 4200.000000 4216.410256 4195.384615 4232.307692 4160.512821 4193.846154 4167.179487 4180.512821
4189.230769 4183.076923 4157.435897 4223.589744 4224.102564 4207.179487 4174.871795 4205.128205 4177.435897 4228.205128 4137.948718 4180.000000 4152.820513 4176.410256
4185.128205 4183.589744 4154.358974 4221.025641 4222.051282 4180.512821 4170.769231 4207.179487 4180.000000 4223.589744 4128.717949 4176.410256 4145.128205 4169.230769
4190.769231 4187.179487 4162.564103 4223.076923 4224.102564 4199.487179 4193.846154 4206.666667 4178.974359 4222.051282 4146.666667 4188.205128 4154.358974 4169.743590
4182.564103 4175.897436 4158.461538 4216.410256 4221.538462 4215.384615 4198.461538 4207.179487 4193.846154 4220.512821 4139.487179 4185.128205 4143.589744 4170.769231
4183.076923 4173.846154 4155.384615 4214.871795 4224.615385 4196.923077 4177.435897 4211.282051 4212.307692 4226.153846 4133.333333 4183.589744 4141.025641 4175.897436
4197.435897 4185.128205 4158.461538 4217.435897 4225.128205 4190.769231 4167.692308 4206.666667 4209.743590 4232.820513 4158.461538 4191.794872 4172.307692 4177.435897
4201.025641 4189.743590 4162.051282 4220.000000 4221.538462 4203.076923 4175.897436 4197.948718 4205.128205 4226.666667 4173.846154 4195.384615 4190.769231 4178.974359
4206.153846 4200.000000 4171.282051 4225.128205 4224.615385 4206.666667 4182.564103 4202.051282 4211.794872 4223.589744 4178.461538 4201.025641 4196.923077 4187.179487
4222.564103 4216.923077 4179.487179 4226.153846 4224.615385 4204.615385 4183.589744 4214.871795 4216.923077 4226.666667 4191.282051 4209.230769 4214.871795 4195.897436
4232.820513 4217.948718 4181.025641 4230.256410 4224.102564 4196.923077 4177.435897 4213.846154 4206.666667 4223.589744 4192.820513 4207.179487 4220.512821 4201.538462
4225.641026 4216.410256 4181.538462 4229.743590 4223.076923 4187.692308 4176.923077 4203.589744 4191.282051 4218.461538 4188.205128 4200.512821 4216.410256 4198.974359
4225.128205 4226.153846 4183.076923 4225.128205 4221.538462 4196.410256 4190.256410 4204.615385 4192.307692 4221.538462 4189.743590 4206.666667 4221.538462 4197.948718
4237.948718 4228.717949 4182.564103 4227.692308 4225.641026 4216.923077 4202.051282 4212.820513 4207.692308 4229.743590 4193.333333 4214.358974 4228.717949 4203.589744
4238.974359 4228.205128 4182.051282 4230.769231 4223.589744 4222.051282 4205.641026 4223.589744 4220.512821 4229.743590 4198.461538 4211.794872 4233.333333 4206.666667
4244.102564 4238.461538 4192.820513 4232.307692 4221.538462 4215.897436 4205.641026 4225.641026 4224.102564 4221.538462 4206.153846 4216.410256 4241.025641 4212.307692
4258.461538 4253.333333 4201.538462 4232.307692 4224.102564 4213.333333 4201.538462 4209.743590 4216.410256 4225.128205 4215.384615 4223.589744 4252.307692 4215.384615
4261.538462 4254.871795 4203.589744 4232.307692 4223.589744 4213.846154 4202.564103 4204.615385 4211.282051 4231.282051 4221.538462 4223.589744 4255.897436 4220.000000
4258.974359 4255.384615 4208.717949 4236.410256 4224.615385 4219.487179 4211.282051 4222.564103 4223.076923 4225.128205 4224.615385 4227.692308 4258.974359 4225.641026
4255.384615 4260.000000 4208.717949 4234.358974 4222.051282 4213.846154 4210.256410 4230.769231 4235.897436 4222.051282 4225.641026 4231.282051 4268.205128 4218.974359
4249.743590 4245.641026 4200.512821 4230.256410 4222.564103 4198.461538 4199.487179 4209.230769 4204.102564 4227.179487 4227.179487 4227.179487 4266.666667 4210.256410
4244.615385 4237.435897 4194.871795 4230.769231 4226.153846 4208.717949 4203.076923 4204.102564 4175.384615 4226.153846 4227.179487 4225.128205 4261.025641 4208.717949
4243.589744 4245.641026 4194.358974 4228.717949 4222.564103 4229.230769 4210.769231 4228.205128 4215.384615 4220.512821 4213.333333 4226.153846 4251.794872 4217.435897
4244.615385 4237.948718 4191.794872 4226.666667 4223.076923 4213.333333 4197.948718 4219.487179 4224.615385 4220.512821 4202.564103 4224.102564 4236.410256 4224.102564
4244.102564 4234.358974 4192.307692 4227.179487 4224.102564 4190.256410 4193.333333 4203.076923 4177.435897 4223.589744 4215.384615 4221.538462 4232.820513 4216.410256
4248.205128 4241.025641 4197.948718 4227.692308 4224.102564 4205.641026 4212.307692 4224.102564 4186.666667 4223.076923 4221.025641 4223.589744 4236.410256 4220.512821
4249.230769 4234.358974 4196.923077 4218.461538 4224.615385 4217.435897 4218.974359 4223.076923 4186.666667 4222.051282 4220.000000 4226.666667 4239.487179 4231.282051
4241.538462 4225.641026 4192.820513 4211.282051 4222.564103 4201.538462 4208.205128 4212.307692 4136.410256 4227.692308 4219.487179 4224.102564 4238.461538 4227.179487
4240.512821 4231.794872 4194.871795 4216.923077 4227.179487 4204.102564 4207.692308 4228.205128 4169.230769 4233.846154 4211.282051 4226.153846 4234.358974 4222.051282
4238.974359 4233.333333 4190.769231 4214.871795 4225.641026 4151.794872 4192.820513 4194.871795 4162.051282 4230.256410 4210.769231 4225.128205 4234.358974 4222.051282
4239.487179 4234.358974 4190.256410 4215.384615 4222.051282 4119.487179 4189.230769 4172.820513 4103.076923 4224.615385 4212.307692 4223.076923 4234.871795 4227.179487
4253.846154 4245.641026 4206.153846 4219.487179 4227.179487 4225.641026 4237.948718 4211.794872 4137.948718 4225.641026 4223.589744 4235.384615 4251.794872 4233.846154
4250.256410 4241.025641 4202.564103 4211.282051 4224.102564 4190.769231 4242.051282 4209.743590 4115.384615 4228.717949 4225.641026 4232.820513 4256.410256 4234.358974
4235.384615 4227.692308 4185.128205 4211.282051 4222.051282 4018.461538 4192.307692 4194.358974 4052.820513 4224.102564 4203.076923 4217.435897 4232.307692 4236.923077
4245.128205 4237.948718 4195.384615 4214.871795 4223.076923 4081.538462 4211.794872 4194.871795 4040.000000 4220.512821 4226.153846 4231.282051 4252.307692 4246.666667
4265.641026 4250.769231 4214.358974 4209.743590 4223.589744 4276.923077 4276.410256 4211.794872 4069.230769 4230.769231 4258.974359 4253.846154 4290.769231 4262.051282
4260.512821 4239.487179 4199.487179 4204.615385 4225.128205 4261.025641 4266.666667 4246.153846 4125.641026 4237.435897 4221.538462 4237.948718 4264.102564 4260.512821
4238.974359 4227.692308 4174.358974 4197.948718 4224.102564 4178.461538 4226.666667 4241.025641 4152.307692 4226.153846 4186.666667 4212.820513 4230.256410 4245.128205
4229.230769 4221.025641 4168.717949 4192.307692 4225.641026 4146.666667 4207.692308 4195.897436 4116.410256 4219.487179 4193.333333 4208.717949 4234.871795 4244.615385
4227.692308 4217.948718 4166.153846 4192.307692 4223.589744 4108.205128 4185.641026 4201.538462 4096.923077 4224.615385 4193.846154 4209.230769 4244.615385 4253.846154
4226.153846 4217.435897 4156.410256 4189.230769 4221.538462 4137.948718 4185.641026 4211.282051 4068.205128 4227.179487 4195.384615 4211.794872 4257.948718 4258.974359
4204.615385 4191.282051 4135.384615 4178.974359 4225.641026 4137.948718 4184.615385 4175.384615 3998.461538 4228.205128 4170.256410 4195.384615 4235.897436 4250.256410
4163.589744 4144.615385 4101.025641 4164.102564 4224.102564 4052.820513 4136.410256 4166.666667 4031.282051 4226.153846 4104.102564 4160.512821 4164.615385 4235.897436
4144.102564 4111.794872 4084.102564 4162.564103 4223.076923 4011.282051 4080.000000 4128.717949 3981.538462 4225.128205 4091.282051 4152.820513 4140.000000 4236.923077
4141.538462 4107.179487 4086.666667 4163.076923 4224.615385 4061.538462 4085.128205 4098.974359 3861.538462 4226.666667 4103.589744 4153.333333 4157.948718 4238.461538
4088.717949 4049.230769 4046.153846 4136.410256 4224.615385 4046.666667 4058.461538 4109.230769 3909.230769 4227.692308 4015.384615 4101.538462 4088.717949 4224.102564
3989.230769 3909.230769 3949.230769 4091.282051 4226.666667 3909.230769 3928.717949 4036.410256 3937.948718 4218.461538 3864.102564 4014.358974 3940.512821 4201.538462
3933.846154 3826.666667 3889.230769 4068.717949 4222.564103 3835.384615 3851.794872 3960.512821 3851.282051 4212.307692 3810.769231 3973.846154 3881.538462 4186.666667
3934.871795 3833.846154 3897.948718 4072.307692 4221.538462 3830.256410 3859.487179 3958.974359 3718.974359 4219.487179 3843.076923 3983.589744 3914.871795 4187.179487
3921.538462 3825.641026 3890.256410 4063.076923 4224.102564 3832.307692 3848.205128 3969.743590 3680.000000 4218.974359 3812.307692 3968.717949 3894.871795 4183.589744
3897.435897 3789.230769 3860.512821 4046.666667 4218.461538 3872.820513 3823.076923 3963.589744 3784.102564 4213.846154 3752.307692 3942.564103 3841.538462 4172.307692
3902.051282 3778.974359 3860.512821 4049.230769 4217.435897 3887.692308 3819.487179 3960.000000 3821.538462 4220.512821 3762.564103 3947.179487 3847.692308 4167.692308
3905.128205 3789.230769 3870.256410 4050.256410 4221.538462 3814.871795 3809.743590 3962.564103 3729.743590 4226.666667 3785.128205 3951.282051 3874.871795 4162.564103
3908.717949 3801.025641 3878.461538 4059.487179 4222.564103 3799.487179 3811.282051 3978.461538 3733.846154 4223.589744 3772.820513 3952.820513 3878.461538 4164.615385
3915.897436 3804.102564 3888.205128 4074.871795 4223.076923 3872.307692 3838.461538 4007.692308 3834.358974 4217.435897 3771.794872 3962.564103 3881.538462 4171.282051
3904.615385 3795.897436 3888.205128 4068.717949 4221.025641 3877.435897 3842.564103 4018.974359 3831.794872 4215.897436 3780.512821 3958.461538 3890.256410 4176.923077
3895.384615 3793.846154 3890.256410 4059.487179 4222.564103 3850.256410 3833.846154 4015.897436 3803.076923 4223.076923 3773.333333 3951.794872 3895.897436 4180.512821
3896.410256 3795.897436 3898.461538 4057.435897 4221.538462 3866.153846 3835.384615 4021.025641 3841.025641 4230.769231 3774.358974 3958.974359 3907.179487 4171.794872
3894.871795 3785.128205 3899.487179 4054.871795 4221.025641 3876.410256 3837.435897 4040.512821 3866.666667 4227.179487 3782.564103 3966.666667 3913.333333 4163.589744
3895.897436 3787.692308 3901.538462 4055.897436 4222.564103 3872.307692 3840.512821 4048.205128 3862.564103 4223.076923 3794.358974 3971.794872 3921.025641 4163.076923
3907.179487 3816.410256 3914.871795 4061.538462 4219.487179 3884.615385 3852.307692 4038.974359 3870.769231 4229.743590 3805.641026 3978.461538 3938.974359 4162.564103
3926.153846 3831.282051 3925.128205 4066.666667 4221.025641 3901.025641 3864.102564 4044.615385 3890.256410 4238.974359 3809.743590 3983.589744 3951.794872 4164.615385
3934.871795 3826.666667 3917.948718 4063.076923 4220.512821 3905.641026 3870.769231 4055.897436 3894.358974 4232.820513 3817.948718 3984.615385 3960.512821 4163.589744
3937.948718 3832.820513 3907.692308 4063.076923 4217.435897 3907.692308 3875.897436 4063.589744 3897.435897 4220.000000 3832.307692 3988.205128 3972.820513 4168.205128
3951.794872 3859.487179 3912.820513 4073.846154 4220.000000 3922.564103 3890.256410 4081.025641 3914.871795 4223.589744 3854.358974 4002.051282 3995.897436 4176.410256
3961.538462 3885.128205 3918.974359 4081.025641 4218.461538 3937.435897 3910.769231 4104.615385 3937.948718 4227.179487 3872.820513 4011.794872 4015.897436 4174.358974
3965.128205 3890.256410 3920.000000 4084.615385 4221.538462 3943.076923 3926.666667 4116.923077 3955.897436 4220.512821 3885.641026 4015.897436 4022.051282 4169.743590
3973.846154 3897.435897 3927.179487 4082.051282 4223.076923 3963.589744 3944.615385 4134.358974 3983.076923 4221.538462 3909.743590 4025.128205 4032.820513 4168.717949
3990.769231 3920.000000 3943.076923 4082.564103 4220.000000 3994.871795 3963.589744 4155.897436 4014.871795 4226.153846 3932.820513 4038.461538 4046.666667 4176.923077
4006.153846 3946.153846 3958.974359 4093.846154 4220.000000 4011.282051 3976.410256 4165.641026 4033.846154 4226.666667 3939.487179 4046.153846 4046.153846 4184.102564
4010.769231 3965.641026 3969.230769 4095.897436 4220.000000 4022.051282 3995.384615 4178.461538 4049.743590 4226.153846 3945.128205 4051.282051 4049.743590 4185.128205
4015.384615 3974.871795 3977.948718 4096.410256 4224.102564 4037.948718 4010.256410 4189.743590 4059.487179 4227.179487 3965.641026 4062.564103 4063.076923 4189.743590
4020.000000 3983.589744 3977.435897 4100.000000 4221.538462 4048.205128 4010.256410 4197.435897 4075.384615 4226.666667 3980.000000 4065.128205 4064.615385 4188.717949
4018.974359 3986.666667 3968.205128 4104.102564 4213.333333 4048.717949 4002.051282 4199.487179 4092.820513 4225.641026 3972.820513 4056.923077 4045.128205 4184.615385
4015.897436 3983.076923 3967.692308 4114.358974 4216.410256 4045.128205 4001.025641 4187.179487 4078.461538 4227.692308 3967.179487 4055.897436 4028.205128 4180.512821
4033.846154 4012.307692 3989.230769 4130.769231 4221.025641 4065.128205 4025.128205 4199.487179 4090.769231 4226.666667 3998.974359 4071.794872 4052.820513 4190.256410
4077.435897 4067.179487 4026.666667 4150.256410 4221.538462 4114.871795 4070.256410 4246.666667 4164.615385 4223.589744 4047.692308 4106.153846 4102.051282 4219.487179
4096.410256 4087.692308 4049.230769 4151.282051 4220.000000 4149.230769 4104.102564 4270.256410 4212.307692 4222.564103 4071.282051 4125.641026 4122.051282 4229.743590
4097.435897 4100.512821 4065.641026 4150.256410 4219.487179 4154.871795 4120.000000 4261.025641 4211.282051 4224.615385 4085.128205 4133.333333 4128.205128 4230.256410
4122.051282 4136.923077 4094.358974 4164.102564 4223.076923 4170.769231 4143.589744 4272.820513 4241.025641 4226.666667 4111.282051 4155.897436 4155.384615 4244.102564
4141.538462 4160.512821 4114.871795 4168.205128 4221.538462 4193.846154 4166.153846 4289.743590 4281.538462 4226.666667 4141.538462 4178.974359 4185.641026 4246.666667
4139.487179 4162.564103 4122.564103 4166.666667 4222.051282 4198.461538 4171.282051 4286.153846 4281.025641 4227.692308 4157.948718 4186.153846 4192.820513 4241.025641
4147.692308 4180.000000 4132.820513 4173.846154 4223.589744 4206.666667 4183.076923 4304.102564 4297.435897 4229.230769 4165.128205 4191.794872 4198.461538 4246.666667
4173.846154 4214.358974 4152.820513 4181.538462 4220.512821 4237.948718 4210.256410 4332.820513 4339.487179 4224.615385 4191.794872 4211.794872 4225.641026 4254.871795
4198.461538 4241.538462 4174.358974 4186.666667 4223.076923 4262.564103 4232.307692 4334.871795 4348.205128 4220.512821 4228.205128 4230.256410 4258.461538 4255.897436
4206.153846 4256.410256 4182.564103 4187.179487 4222.564103 4268.205128 4236.923077 4332.820513 4342.051282 4223.589744 4242.051282 4236.410256 4271.794872 4253.846154
4207.692308 4252.820513 4184.615385 4189.230769 4221.538462 4267.692308 4231.794872 4336.923077 4340.512821 4224.102564 4234.871795 4239.487179 4264.102564 4256.923077
4214.358974 4250.769231 4184.615385 4188.205128 4224.102564 4266.666667 4231.282051 4334.358974 4334.358974 4222.564103 4238.974359 4240.512821 4260.000000 4256.923077
4214.871795 4258.461538 4175.384615 4182.564103 4220.000000 4257.948718 4229.743590 4333.846154 4337.948718 4227.179487 4247.692308 4236.410256 4261.025641 4252.307692
4212.820513 4254.358974 4168.205128 4189.743590 4220.512821 4255.897436 4229.230769 4336.923077 4351.794872 4227.692308 4241.538462 4234.871795 4254.358974 4258.461538
4202.051282 4239.487179 4161.025641 4190.256410 4222.051282 4262.051282 4230.769231 4331.794872 4347.179487 4218.461538 4233.846154 4228.717949 4244.102564 4262.564103
4191.282051 4224.615385 4150.769231 4177.435897 4221.025641 4255.897436 4226.153846 4326.666667 4321.538462 4223.076923 4232.307692 4223.589744 4234.358974 4258.461538
4204.102564 4236.410256 4160.000000 4176.923077 4222.051282 4255.897436 4231.282051 4341.538462 4326.666667 4228.717949 4243.076923 4237.948718 4240.000000 4253.333333
4220.000000 4264.102564 4179.487179 4185.128205 4217.948718 4268.717949 4253.846154 4358.974359 4353.846154 4220.000000 4256.410256 4254.358974 4258.974359 4257.948718
4219.487179 4262.051282 4177.948718 4183.589744 4218.974359 4270.256410 4255.897436 4342.564103 4336.923077 4223.589744 4257.435897 4251.282051 4259.487179 4263.589744
4235.897436 4274.358974 4184.615385 4183.076923 4221.025641 4293.333333 4263.076923 4344.102564 4335.384615 4229.743590 4283.589744 4259.487179 4278.461538 4261.538462
4282.564103 4343.076923 4232.307692 4206.666667 4222.051282 4349.230769 4316.410256 4400.000000 4415.897436 4226.666667 4342.564103 4298.974359 4338.461538 4274.871795
4309.743590 4390.769231 4267.179487 4227.692308 4224.102564 4377.435897 4360.512821 4433.846154 4475.897436 4224.615385 4376.410256 4328.205128 4375.384615 4289.230769
4296.923077 4372.307692 4255.897436 4220.000000 4219.487179 4367.692308 4352.307692 4413.846154 4451.282051 4221.538462 4370.769231 4321.538462 4365.641026 4284.615385
4288.205128 4354.871795 4243.076923 4216.410256 4221.025641 4359.487179 4333.846154 4400.000000 4429.230769 4220.512821 4361.025641 4309.743590 4347.179487 4283.589744
4293.333333 4368.205128 4245.641026 4221.025641 4223.589744 4352.820513 4336.923077 4401.538462 4436.923077 4224.615385 4369.743590 4311.282051 4347.179487 4283.589744
4300.512821 4375.384615 4251.282051 4220.000000 4221.025641 4346.666667 4342.564103 4393.333333 4434.358974 4227.179487 4384.615385 4314.358974 4356.923077 4284.102564
4311.282051 4372.307692 4255.384615 4222.564103 4222.564103 4356.923077 4345.641026 4393.846154 4442.051282 4223.076923 4388.205128 4318.974359 4365.128205 4288.205128
4318.974359 4383.076923 4257.948718 4227.179487 4222.051282 4375.384615 4360.000000 4407.179487 4460.000000 4227.692308 4392.820513 4323.076923 4370.256410 4292.307692
4329.743590 4400.512821 4270.769231 4236.923077 4223.076923 4384.102564 4373.333333 4412.307692 4456.410256 4235.897436 4410.256410 4331.282051 4382.051282 4300.000000
4340.000000 4407.179487 4286.666667 4246.153846 4223.076923 4391.794872 4384.102564 4418.974359 4461.538462 4230.769231 4426.153846 4340.512821 4398.461538 4298.461538
4343.589744 4408.717949 4290.769231 4249.230769 4219.487179 4397.435897 4398.974359 4430.256410 4478.461538 4223.076923 4433.333333 4344.102564 4401.025641 4294.871795
4345.641026 4415.897436 4288.205128 4252.820513 4222.051282 4395.897436 4398.461538 4429.743590 4472.307692 4221.538462 4431.794872 4344.102564 4389.743590 4303.589744
4344.615385 4427.179487 4285.641026 4252.820513 4221.025641 4392.820513 4382.564103 4422.564103 4455.897436 4226.666667 4429.230769 4339.487179 4383.589744 4305.128205
4349.230769 4438.461538 4288.717949 4258.974359 4222.051282 4392.820513 4381.025641 4421.538462 4457.435897 4232.820513 4432.307692 4339.487179 4384.615385 4304.615385
4351.794872 4443.076923 4285.128205 4262.564103 4225.641026 4390.256410 4385.641026 4416.923077 4458.461538 4232.307692 4429.743590 4337.948718 4376.410256 4308.717949
4344.615385 4443.589744 4275.897436 4257.435897 4222.051282 4382.051282 4374.358974 4400.512821 4441.025641 4225.128205 4414.358974 4332.820513 4357.435897 4309.230769
4343.589744 4447.692308 4276.410256 4258.974359 4222.564103 4378.974359 4365.128205 4392.820513 4429.743590 4225.128205 4403.076923 4330.256410 4342.051282 4304.102564
4346.666667 4457.435897 4277.948718 4258.974359 4223.076923 4382.051282 4369.743590 4397.948718 4435.384615 4231.282051 4399.487179 4325.128205 4335.897436 4299.487179
4345.128205 4458.974359 4274.358974 4257.948718 4225.128205 4379.487179 4369.230769 4393.846154 4427.179487 4228.717949 4390.769231 4322.564103 4327.179487 4303.589744
4334.871795 4452.820513 4268.717949 4259.487179 4225.128205 4370.256410 4360.000000 4378.974359 4405.128205 4223.589744 4382.051282 4316.410256 4309.743590 4297.948718
4323.589744 4450.256410 4261.025641 4258.974359 4222.051282 4368.205128 4351.794872 4364.102564 4395.384615 4228.717949 4374.871795 4305.641026 4293.333333 4287.692308
4325.641026 4445.641026 4258.461538 4262.051282 4224.102564 4370.256410 4350.256410 4357.948718 4394.871795 4233.333333 4367.179487 4306.153846 4287.179487 4296.410256
4325.641026 4436.410256 4257.435897 4268.717949 4223.076923 4345.641026 4350.769231 4352.307692 4387.179487 4228.205128 4359.487179 4308.717949 4284.615385 4308.205128
4320.512821 4421.025641 4253.333333 4279.487179 4222.564103 4320.000000 4341.538462 4339.487179 4379.487179 4225.128205 4355.897436 4306.153846 4276.410256 4303.589744
4324.102564 4421.538462 4253.846154 4287.692308 4225.641026 4348.205128 4343.589744 4339.487179 4385.641026 4226.666667 4365.641026 4308.205128 4280.512821 4288.205128
4334.358974 4437.948718 4263.589744 4291.282051 4223.589744 4386.666667 4365.641026 4354.871795 4395.897436 4224.615385 4379.487179 4316.923077 4298.974359 4284.102564
4340.512821 4440.000000 4272.307692 4297.435897 4224.615385 4373.333333 4373.333333 4354.871795 4395.897436 4227.692308 4377.435897 4322.051282 4304.615385 4291.794872
4337.948718 4434.871795 4271.282051 4298.974359 4224.102564 4357.948718 4366.153846 4350.256410 4399.487179 4230.769231 4373.333333 4318.461538 4300.512821 4288.717949
4336.923077 4435.384615 4271.282051 4298.974359 4223.589744 4372.307692 4365.641026 4355.384615 4403.076923 4225.641026 4374.871795 4319.487179 4297.948718 4281.538462
4340.000000 4433.333333 4271.794872 4297.435897 4226.153846 4373.333333 4368.205128 4352.307692 4394.871795 4225.128205 4373.846154 4323.589744 4296.923077 4274.871795
4342.051282 4431.794872 4268.717949 4296.410256 4224.102564 4362.051282 4369.230769 4350.769231 4395.384615 4231.282051 4373.333333 4324.102564 4300.000000 4265.128205
4352.820513 4437.948718 4274.871795 4306.666667 4224.615385 4368.717949 4374.358974 4362.564103 4405.641026 4228.717949 4377.435897 4328.205128 4303.589744 4261.538462
4359.487179 4439.487179 4278.974359 4307.179487 4226.666667 4381.538462 4377.435897 4361.025641 4404.615385 4221.025641 4379.487179 4331.282051 4305.128205 4260.000000
4355.384615 4436.410256 4273.846154 4303.076923 4226.153846 4382.564103 4378.974359 4351.282051 4395.384615 4222.051282 4380.000000 4330.769231 4310.769231 4259.487179
4355.384615 4450.256410 4278.974359 4312.820513 4226.153846 4384.615385 4390.769231 4366.153846 4407.692308 4227.179487 4389.743590 4332.820513 4323.589744 4263.076923
4352.820513 4461.538462 4283.076923 4318.461538 4224.102564 4389.743590 4396.923077 4382.051282 4423.589744 4230.256410 4397.948718 4331.794872 4333.846154 4264.615385
4345.641026 4438.974359 4271.794872 4312.820513 4226.153846 4380.512821 4384.615385 4363.589744 4405.128205 4228.205128 4389.743590 4327.179487 4327.179487 4268.717949
4346.153846 4428.717949 4267.179487 4307.692308 4226.666667 4372.307692 4373.333333 4350.256410 4393.333333 4216.410256 4386.153846 4329.743590 4319.487179 4270.769231
4356.923077 4448.717949 4278.974359 4311.794872 4223.589744 4378.974359 4373.333333 4360.512821 4411.282051 4215.897436 4397.948718 4340.512821 4326.666667 4268.717949
4363.076923 4453.846154 4284.102564 4317.948718 4225.641026 4378.461538 4372.820513 4360.512821 4414.871795 4230.256410 4403.076923 4346.153846 4332.820513 4264.615385
4358.461538 4441.538462 4276.410256 4315.384615 4226.666667 4365.641026 4364.102564 4349.230769 4397.948718 4232.307692 4397.435897 4339.487179 4330.769231 4265.128205
4357.435897 4435.897436 4270.769231 4314.358974 4226.666667 4361.025641 4354.358974 4337.435897 4385.641026 4224.615385 4388.205128 4334.358974 4322.564103 4272.307692
4360.000000 4443.076923 4272.307692 4318.974359 4226.666667 4365.641026 4357.435897 4331.794872 4380.000000 4224.102564 4386.153846 4339.487179 4323.076923 4266.153846
4355.897436 4446.153846 4280.512821 4323.076923 4225.128205 4366.153846 4362.051282 4333.846154 4377.948718 4230.256410 4385.128205 4343.589744 4325.128205 4250.769231
4349.230769 4433.333333 4280.000000 4321.025641 4228.717949 4363.076923 4354.358974 4331.794872 4371.282051 4233.846154 4375.897436 4340.512821 4315.384615 4241.538462
4348.205128 4426.666667 4273.333333 4316.923077 4227.692308 4363.076923 4355.897436 4331.282051 4366.666667 4228.205128 4380.512821 4339.487179 4313.846154 4237.948718
4350.769231 4431.794872 4275.384615 4318.974359 4226.666667 4359.487179 4361.025641 4335.384615 4366.666667 4224.615385 4392.307692 4344.102564 4319.487179 4242.564103
4339.487179 4418.461538 4266.153846 4316.410256 4228.205128 4351.282051 4351.282051 4328.205128 4361.538462 4229.743590 4372.820513 4339.487179 4302.051282 4241.025641
4330.256410 4401.025641 4252.820513 4310.256410 4226.153846 4349.743590 4344.102564 4317.435897 4359.487179 4227.179487 4355.384615 4335.897436 4284.615385 4236.410256
4344.102564 4411.794872 4262.564103 4316.410256 4224.615385 4353.846154 4353.846154 4324.615385 4370.769231 4221.025641 4378.974359 4347.692308 4303.076923 4237.948718
4350.256410 4426.153846 4269.230769 4321.538462 4223.076923 4356.923077 4359.487179 4337.435897 4381.025641 4225.128205 4397.435897 4347.692308 4321.538462 4236.923077
4344.102564 4415.897436 4260.512821 4318.974359 4224.615385 4352.307692 4349.230769 4333.333333 4375.384615 4230.256410 4383.589744 4337.435897 4308.717949 4237.435897
4338.461538 4404.615385 4253.846154 4314.871795 4226.666667 4349.743590 4343.589744 4324.615385 4367.692308 4229.230769 4376.923077 4335.384615 4296.923077 4230.256410
