4247.179487 4303.076923 4272.307692 4224.615385 4220.512821 4277.435897 4255.384615 4261.538462 4243.589744 4224.102564 4251.282051 4168.205128 4212.820513 4143.589744
4240.512821 4290.256410 4270.256410 4217.435897 4221.538462 4271.794872 4248.205128 4260.000000 4240.000000 4224.102564 4264.615385 4166.666667 4210.769231 4138.974359
4235.384615 4289.743590 4270.769231 4211.794872 4219.487179 4265.641026 4238.974359 4255.384615 4241.538462 4220.512821 4269.230769 4154.358974 4207.179487 4136.923077
4235.897436 4286.153846 4278.974359 4215.897436 4223.589744 4266.153846 4240.000000 4253.333333 4244.102564 4223.589744 4273.333333 4151.794872 4213.333333 4141.538462
4241.538462 4287.179487 4286.666667 4222.051282 4221.538462 4267.692308 4248.205128 4259.487179 4244.615385 4225.641026 4289.230769 4156.923077 4229.743590 4140.512821
4244.615385 4295.384615 4294.871795 4220.512821 4220.000000 4267.692308 4251.794872 4260.000000 4242.564103 4222.564103 4297.435897 4157.948718 4232.307692 4140.000000
4245.641026 4298.461538 4301.538462 4221.538462 4224.102564 4268.205128 4250.769231 4256.923077 4244.615385 4224.102564 4294.871795 4159.487179 4225.128205 4148.205128
4243.589744 4291.794872 4296.923077 4229.230769 4220.000000 4268.205128 4249.230769 4264.102564 4249.743590 4226.666667 4297.948718 4160.000000 4228.205128 4157.435897
4236.923077 4286.666667 4293.846154 4224.102564 4222.051282 4267.179487 4248.205128 4259.487179 4242.564103 4224.102564 4300.512821 4157.435897 4231.282051 4161.538462
4237.948718 4286.666667 4300.000000 4225.128205 4222.564103 4268.205128 4255.897436 4255.384615 4241.025641 4220.000000 4301.538462 4159.487179 4236.923077 4166.666667
4242.564103 4263.589744 4304.615385 4241.538462 4220.512821 4267.179487 4258.461538 4265.128205 4251.794872 4223.076923 4304.102564 4162.051282 4244.615385 4176.410256
4238.974359 4228.205128 4304.615385 4247.179487 4226.153846 4262.564103 4248.717949 4262.051282 4249.743590 4226.666667 4293.846154 4160.512821 4240.000000 4181.025641
4232.307692 4213.333333 4304.615385 4244.102564 4223.076923 4256.410256 4244.615385 4246.153846 4235.897436 4223.076923 4274.871795 4158.461538 4233.333333 4178.974359
4227.179487 4204.615385 4302.564103 4238.974359 4222.051282 4248.717949 4237.435897 4233.333333 4226.666667 4221.025641 4255.384615 4153.846154 4226.153846 4181.538462
4218.974359 4198.461538 4294.358974 4230.769231 4222.564103 4247.692308 4228.205128 4232.820513 4228.205128 4224.615385 4231.282051 4145.128205 4217.435897 4185.641026
4212.307692 4202.564103 4289.230769 4227.692308 4222.051282 4249.743590 4231.794872 4231.794872 4224.102564 4226.153846 4208.205128 4145.128205 4213.846154 4189.230769
4211.282051 4197.435897 4290.769231 4228.717949 4225.641026 4249.230769 4235.897436 4223.589744 4213.333333 4224.615385 4194.358974 4151.282051 4212.307692 4191.282051
4210.256410 4187.692308 4289.743590 4223.076923 4219.487179 4251.794872 4231.794872 4231.794872 4212.307692 4222.564103 4187.179487 4149.743590 4214.358974 4190.769231
4209.743590 4195.384615 4288.205128 4219.487179 4223.076923 4251.794872 4228.205128 4240.000000 4204.102564 4223.076923 4180.512821 4152.820513 4221.025641 4197.435897
4212.307692 4205.128205 4287.692308 4223.076923 4226.153846 4245.641026 4228.205128 4231.794872 4195.897436 4225.641026 4172.820513 4155.384615 4223.076923 4206.666667
4211.794872 4200.512821 4284.615385 4223.076923 4218.974359 4245.641026 4226.153846 4223.589744 4200.512821 4226.666667 4170.769231 4151.282051 4218.461538 4209.230769
4211.794872 4201.025641 4285.641026 4219.487179 4225.128205 4246.666667 4220.512821 4219.487179 4196.410256 4223.589744 4177.435897 4160.000000 4224.615385 4207.179487
4206.666667 4198.461538 4280.000000 4213.846154 4225.128205 4238.974359 4216.923077 4214.871795 4186.666667 4223.076923 4184.102564 4167.692308 4230.769231 4207.179487
4198.461538 4184.102564 4269.230769 4209.230769 4222.564103 4234.871795 4213.846154 4205.641026 4182.051282 4225.641026 4176.410256 4163.076923 4216.923077 4205.128205
4198.974359 4190.769231 4270.769231 4216.923077 4222.051282 4239.487179 4221.025641 4215.384615 4191.794872 4226.153846 4176.410256 4166.153846 4217.435897 4196.923077
4201.538462 4202.564103 4273.333333 4218.974359 4219.487179 4244.615385 4233.846154 4231.794872 4203.589744 4225.641026 4187.692308 4177.948718 4228.205128 4195.384615
4198.974359 4193.333333 4267.179487 4213.846154 4224.102564 4243.589744 4235.897436 4223.589744 4200.512821 4227.692308 4188.205128 4181.538462 4222.564103 4200.000000
4191.794872 4185.641026 4256.410256 4217.435897 4220.000000 4237.948718 4229.743590 4216.923077 4198.974359 4226.153846 4181.025641 4176.410256 4217.435897 4195.384615
4183.589744 4180.512821 4242.564103 4213.333333 4220.000000 4230.256410 4221.025641 4215.897436 4194.358974 4224.102564 4178.974359 4174.871795 4212.307692 4190.769231
4184.102564 4176.410256 4233.846154 4203.589744 4226.666667 4229.743590 4220.512821 4211.794872 4188.717949 4225.641026 4186.153846 4176.923077 4207.692308 4192.820513
4188.717949 4182.051282 4236.410256 4206.153846 4222.564103 4231.282051 4226.153846 4213.333333 4193.333333 4224.615385 4193.333333 4180.000000 4213.333333 4188.717949
4191.282051 4191.282051 4241.025641 4214.871795 4223.589744 4229.743590 4222.564103 4213.333333 4193.333333 4224.102564 4198.461538 4182.051282 4217.948718 4182.051282
4189.743590 4196.923077 4238.461538 4217.435897 4221.538462 4230.769231 4224.102564 4215.897436 4192.307692 4224.615385 4205.641026 4181.538462 4221.538462 4177.435897
4184.102564 4197.435897 4235.384615 4214.871795 4220.000000 4231.282051 4232.307692 4218.974359 4194.358974 4225.128205 4206.666667 4184.615385 4221.538462 4180.000000
4185.641026 4196.410256 4242.564103 4213.846154 4224.615385 4232.820513 4233.846154 4217.435897 4197.435897 4224.615385 4204.615385 4190.256410 4216.410256 4186.153846
4192.307692 4202.051282 4253.846154 4219.487179 4221.538462 4233.333333 4234.871795 4225.641026 4204.615385 4224.102564 4208.205128 4193.846154 4219.487179 4185.641026
4186.153846 4194.871795 4253.333333 4216.410256 4221.538462 4227.179487 4231.282051 4220.512821 4195.897436 4227.179487 4201.025641 4188.205128 4213.846154 4181.538462
4178.461538 4187.692308 4248.205128 4211.282051 4221.025641 4225.641026 4228.205128 4204.615385 4181.025641 4225.641026 4184.615385 4180.512821 4202.564103 4178.461538
4188.205128 4204.102564 4258.461538 4223.076923 4220.000000 4234.358974 4235.384615 4211.282051 4186.666667 4224.615385 4187.692308 4184.615385 4209.230769 4182.051282
4179.487179 4200.000000 4255.897436 4212.820513 4224.102564 4225.128205 4227.179487 4208.205128 4180.512821 4226.153846 4185.641026 4177.435897 4201.538462 4178.974359
4192.307692 4209.743590 4269.230769 4218.974359 4221.538462 4230.256410 4240.000000 4222.564103 4191.794872 4224.102564 4190.769231 4186.153846 4214.871795 4176.410256
4293.846154 4307.692308 4361.025641 4313.333333 4223.589744 4301.538462 4328.205128 4322.564103 4280.512821 4224.102564 4254.871795 4262.564103 4314.358974 4201.538462
4389.230769 4408.717949 4444.615385 4404.102564 4222.051282 4365.128205 4411.282051 4428.717949 4369.230769 4226.153846 4318.461538 4335.384615 4408.205128 4225.128205
4382.564103 4406.666667 4435.897436 4403.589744 4221.025641 4354.871795 4407.692308 4431.282051 4364.102564 4225.128205 4308.717949 4331.282051 4400.000000 4219.487179
4350.256410 4372.820513 4409.743590 4378.461538 4226.666667 4336.410256 4382.051282 4396.410256 4331.794872 4225.641026 4280.000000 4314.871795 4373.846154 4213.846154
4358.974359 4375.897436 4413.846154 4382.051282 4221.538462 4348.717949 4387.692308 4405.641026 4345.641026 4227.179487 4281.538462 4324.615385 4389.743590 4221.025641
4358.974359 4370.769231 4411.282051 4378.974359 4224.102564 4346.666667 4386.666667 4405.128205 4348.717949 4226.153846 4272.307692 4323.076923 4380.512821 4218.974359
4338.461538 4360.512821 4395.384615 4365.128205 4226.666667 4330.769231 4377.435897 4386.153846 4329.230769 4224.102564 4249.230769 4306.666667 4353.846154 4208.717949
4322.564103 4353.846154 4381.538462 4355.897436 4222.051282 4325.641026 4368.717949 4374.358974 4314.358974 4224.615385 4234.358974 4291.794872 4346.666667 4206.153846
4318.974359 4339.487179 4373.846154 4352.307692 4225.128205 4324.102564 4360.000000 4364.615385 4306.153846 4223.589744 4227.692308 4286.153846 4341.538462 4206.666667
4328.717949 4347.692308 4377.435897 4359.487179 4220.000000 4327.179487 4369.230769 4375.384615 4317.948718 4222.564103 4222.051282 4289.230769 4343.589744 4201.025641
4327.692308 4349.743590 4376.923077 4356.410256 4220.512821 4327.179487 4372.307692 4380.000000 4320.512821 4226.666667 4202.564103 4288.205128 4338.461538 4196.923077
4315.897436 4331.282051 4370.769231 4342.564103 4225.128205 4318.461538 4361.025641 4366.666667 4305.128205 4226.153846 4183.076923 4278.461538 4324.615385 4192.820513
4309.230769 4331.282051 4372.307692 4338.974359 4221.025641 4311.794872 4358.461538 4363.076923 4297.948718 4222.051282 4175.384615 4269.743590 4317.948718 4186.666667
4310.769231 4341.538462 4377.435897 4341.538462 4222.051282 4310.769231 4364.615385 4363.076923 4295.384615 4224.102564 4167.692308 4267.692308 4314.871795 4184.615385
4313.333333 4341.538462 4378.461538 4343.589744 4221.538462 4312.307692 4366.153846 4360.000000 4291.794872 4225.128205 4160.000000 4268.205128 4315.897436 4184.615385
4313.846154 4342.051282 4378.461538 4341.538462 4223.076923 4311.794872 4361.538462 4351.794872 4287.179487 4223.076923 4154.358974 4267.179487 4312.820513 4183.589744
4312.820513 4346.666667 4381.025641 4335.384615 4226.666667 4307.179487 4357.435897 4346.153846 4286.666667 4224.102564 4146.666667 4262.564103 4311.794872 4178.461538
4306.666667 4341.025641 4382.051282 4331.794872 4222.564103 4306.666667 4355.384615 4344.615385 4286.153846 4226.666667 4136.410256 4259.487179 4312.820513 4173.846154
4306.153846 4336.923077 4386.666667 4332.820513 4225.128205 4306.153846 4354.871795 4340.512821 4282.051282 4226.666667 4131.794872 4263.076923 4304.102564 4174.358974
4311.794872 4349.230769 4391.282051 4336.923077 4225.128205 4301.025641 4354.358974 4341.025641 4287.692308 4225.641026 4129.743590 4262.564103 4297.948718 4173.333333
4314.358974 4349.743590 4386.666667 4334.871795 4224.102564 4296.923077 4348.717949 4330.769231 4283.076923 4224.102564 4118.974359 4256.923077 4291.794872 4178.974359
4311.794872 4342.051282 4380.512821 4330.256410 4224.615385 4295.384615 4346.153846 4315.897436 4267.692308 4224.102564 4107.692308 4250.769231 4283.589744 4189.743590
4307.179487 4342.051282 4378.974359 4329.230769 4223.076923 4295.897436 4349.230769 4321.025641 4272.820513 4224.615385 4109.230769 4245.641026 4282.051282 4193.333333
4306.666667 4342.051282 4382.564103 4331.794872 4227.692308 4297.948718 4349.743590 4326.153846 4283.076923 4224.615385 4113.846154 4246.666667 4284.615385 4196.410256
4310.256410 4346.666667 4380.512821 4334.358974 4221.538462 4297.435897 4350.769231 4322.051282 4277.435897 4223.589744 4111.794872 4247.692308 4286.153846 4204.102564
4311.282051 4350.256410 4378.461538 4331.794872 4221.025641 4296.410256 4349.743590 4322.051282 4274.358974 4225.128205 4109.743590 4243.589744 4283.076923 4211.794872
4312.820513 4349.230769 4388.717949 4334.358974 4230.256410 4301.025641 4347.692308 4326.666667 4282.564103 4225.641026 4115.897436 4245.641026 4281.025641 4217.948718
4310.769231 4347.179487 4390.256410 4333.846154 4224.102564 4300.000000 4342.564103 4326.153846 4283.589744 4223.076923 4119.487179 4246.153846 4280.512821 4223.589744
4305.128205 4339.487179 4382.051282 4322.051282 4223.589744 4290.769231 4333.846154 4316.410256 4272.820513 4226.666667 4114.358974 4240.000000 4275.384615 4228.205128
4308.717949 4339.487179 4382.051282 4316.923077 4224.102564 4288.717949 4332.820513 4307.692308 4272.307692 4226.153846 4121.538462 4235.897436 4272.307692 4228.205128
4311.794872 4347.692308 4385.128205 4322.051282 4220.512821 4292.820513 4337.435897 4307.692308 4276.410256 4221.538462 4137.435897 4234.871795 4271.794872 4227.692308
4310.256410 4348.717949 4381.538462 4321.025641 4225.128205 4291.794872 4334.358974 4310.256410 4270.769231 4223.589744 4151.282051 4237.435897 4269.230769 4230.256410
4307.692308 4343.589744 4378.461538 4317.435897 4224.102564 4291.282051 4330.256410 4311.282051 4272.820513 4224.615385 4168.717949 4238.461538 4268.205128 4235.897436
4301.538462 4341.025641 4381.538462 4316.410256 4226.666667 4288.717949 4327.692308 4305.128205 4272.820513 4223.076923 4180.000000 4234.358974 4258.974359 4238.974359
4300.512821 4349.743590 4380.512821 4318.974359 4225.641026 4283.589744 4326.153846 4305.641026 4270.769231 4224.102564 4185.641026 4232.307692 4252.820513 4237.948718
4309.743590 4353.333333 4378.974359 4320.000000 4220.512821 4287.692308 4327.179487 4307.692308 4272.307692 4224.102564 4200.512821 4236.410256 4263.076923 4240.000000
4316.923077 4350.256410 4382.051282 4315.897436 4224.615385 4292.820513 4326.666667 4299.487179 4269.230769 4223.076923 4220.000000 4241.538462 4271.794872 4244.102564
4313.846154 4356.410256 4381.538462 4316.410256 4221.538462 4287.179487 4325.128205 4303.589744 4270.769231 4223.589744 4227.692308 4244.615385 4271.794872 4247.692308
4309.230769 4354.358974 4375.384615 4318.974359 4221.538462 4281.538462 4322.564103 4307.179487 4270.256410 4223.589744 4228.205128 4243.589744 4270.769231 4253.846154
4311.282051 4351.794872 4366.666667 4316.923077 4224.615385 4285.641026 4322.051282 4303.589744 4271.794872 4223.076923 4224.615385 4242.051282 4280.000000 4257.948718
4313.846154 4358.974359 4357.948718 4314.358974 4222.051282 4284.615385 4320.512821 4301.538462 4271.794872 4225.128205 4208.205128 4243.589744 4281.538462 4262.051282
4306.666667 4351.794872 4350.256410 4311.282051 4225.128205 4278.974359 4313.333333 4289.743590 4261.538462 4226.153846 4186.153846 4242.564103 4269.230769 4263.589744
4293.846154 4333.846154 4334.871795 4301.025641 4223.589744 4278.461538 4306.666667 4280.000000 4254.871795 4224.615385 4174.358974 4234.358974 4261.538462 4259.487179
4288.717949 4332.820513 4318.461538 4293.846154 4224.615385 4276.923077 4302.051282 4276.410256 4252.307692 4225.128205 4166.666667 4228.205128 4253.333333 4261.025641
4288.717949 4338.461538 4310.256410 4298.974359 4226.153846 4274.358974 4302.564103 4276.410256 4254.358974 4226.666667 4158.461538 4228.717949 4250.769231 4261.025641
4283.076923 4328.205128 4298.461538 4296.923077 4222.051282 4275.384615 4303.076923 4280.000000 4256.410256 4224.615385 4159.487179 4225.128205 4257.435897 4255.897436
4276.410256 4320.000000 4288.717949 4284.615385 4227.179487 4275.897436 4294.871795 4275.384615 4244.615385 4224.615385 4158.974359 4220.512821 4252.820513 4255.897436
4274.871795 4324.615385 4286.666667 4283.589744 4226.153846 4270.256410 4291.794872 4272.820513 4236.923077 4224.615385 4149.230769 4219.487179 4247.179487 4256.410256
4275.897436 4322.564103 4283.589744 4288.205128 4223.589744 4272.820513 4297.435897 4274.871795 4244.102564 4225.128205 4140.512821 4222.564103 4254.358974 4256.410256
4270.769231 4314.871795 4271.794872 4279.487179 4226.153846 4276.410256 4297.948718 4275.384615 4247.692308 4224.102564 4131.794872 4225.641026 4253.333333 4256.923077
4260.512821 4307.692308 4254.871795 4264.615385 4222.564103 4270.769231 4293.333333 4271.282051 4237.435897 4221.538462 4118.974359 4216.923077 4236.410256 4254.871795
4260.000000 4299.487179 4244.615385 4260.000000 4225.641026 4269.230769 4289.743590 4267.692308 4235.897436 4223.076923 4110.769231 4211.282051 4233.846154 4254.871795
4266.666667 4302.051282 4244.615385 4265.641026 4226.153846 4271.794872 4293.846154 4277.948718 4253.846154 4225.128205 4115.384615 4217.948718 4253.846154 4257.435897
4262.564103 4302.564103 4244.102564 4266.153846 4224.102564 4269.743590 4294.871795 4276.923077 4254.871795 4224.615385 4115.897436 4223.589744 4254.871795 4259.487179
4255.384615 4294.358974 4240.512821 4258.974359 4226.153846 4266.153846 4289.743590 4259.487179 4237.435897 4225.641026 4106.153846 4221.025641 4235.384615 4263.589744
4260.000000 4301.025641 4238.974359 4259.487179 4222.564103 4267.179487 4291.282051 4263.589744 4238.974359 4226.153846 4102.051282 4220.512821 4237.948718 4267.179487
4262.564103 4308.717949 4229.743590 4261.538462 4226.153846 4266.153846 4292.307692 4274.871795 4248.717949 4224.102564 4104.615385 4223.589744 4247.179487 4267.692308
4252.307692 4297.948718 4204.615385 4255.384615 4222.564103 4261.538462 4289.230769 4270.769231 4251.794872 4223.076923 4102.564103 4214.871795 4236.410256 4262.051282
4246.153846 4288.205128 4184.102564 4250.769231 4220.000000 4264.102564 4290.256410 4265.641026 4250.256410 4223.589744 4097.948718 4210.256410 4226.666667 4256.410256
4253.846154 4300.512821 4179.487179 4261.025641 4228.205128 4275.384615 4299.487179 4272.820513 4250.769231 4224.102564 4108.205128 4219.487179 4237.435897 4255.384615
4252.307692 4306.666667 4164.615385 4267.179487 4223.589744 4276.923077 4302.564103 4280.000000 4255.897436 4224.102564 4115.384615 4217.435897 4245.128205 4255.897436
4234.871795 4283.589744 4134.871795 4250.769231 4223.589744 4264.102564 4290.256410 4266.153846 4249.230769 4225.641026 4095.897436 4202.564103 4221.025641 4256.410256
4231.282051 4277.435897 4117.948718 4240.000000 4226.153846 4261.025641 4286.666667 4265.128205 4247.179487 4224.615385 4085.128205 4201.538462 4208.717949 4255.897436
4240.000000 4289.743590 4111.282051 4246.153846 4223.076923 4265.128205 4293.333333 4279.487179 4260.000000 4223.076923 4092.820513 4207.692308 4220.000000 4256.923077
4237.435897 4282.051282 4092.307692 4243.076923 4224.102564 4263.589744 4286.153846 4269.230769 4253.333333 4224.102564 4087.179487 4198.461538 4216.923077 4256.410256
4234.871795 4279.487179 4075.384615 4239.487179 4219.487179 4260.000000 4278.461538 4261.538462 4242.564103 4222.564103 4082.564103 4191.794872 4215.897436 4256.923077
4244.615385 4288.717949 4076.410256 4249.230769 4222.051282 4261.025641 4279.487179 4266.666667 4247.179487 4223.589744 4092.820513 4202.564103 4227.179487 4261.025641
4252.307692 4292.307692 4069.743590 4254.871795 4223.589744 4264.615385 4281.025641 4266.666667 4250.256410 4225.128205 4094.358974 4209.230769 4232.307692 4259.487179
4245.128205 4286.666667 4052.820513 4246.666667 4219.487179 4264.102564 4276.410256 4263.076923 4246.666667 4223.589744 4082.564103 4201.025641 4225.128205 4257.948718
4237.435897 4282.564103 4049.743590 4239.487179 4225.128205 4255.384615 4270.769231 4254.871795 4240.512821 4225.128205 4075.897436 4195.897436 4218.974359 4261.538462
4241.025641 4287.179487 4057.435897 4247.692308 4225.641026 4255.897436 4277.435897 4256.923077 4245.128205 4227.692308 4076.923077 4198.461538 4225.128205 4258.974359
4241.538462 4283.589744 4060.512821 4251.794872 4225.128205 4264.615385 4280.512821 4263.589744 4248.205128 4226.666667 4072.820513 4198.974359 4225.128205 4254.358974
4235.384615 4276.923077 4061.025641 4241.538462 4223.589744 4261.025641 4277.948718 4264.102564 4246.153846 4225.641026 4066.153846 4195.897436 4219.487179 4250.769231
4234.358974 4278.461538 4060.000000 4238.461538 4220.000000 4255.384615 4297.435897 4260.000000 4247.179487 4226.153846 4066.153846 4192.820513 4221.025641 4244.615385
4236.410256 4280.512821 4060.000000 4242.564103 4227.692308 4255.897436 4328.205128 4260.512821 4247.179487 4224.102564 4066.666667 4194.358974 4223.589744 4240.512821
4232.307692 4281.538462 4051.282051 4241.538462 4223.589744 4253.333333 4336.410256 4268.717949 4249.743590 4221.538462 4061.025641 4193.846154 4222.051282 4240.000000
4229.230769 4279.487179 4041.538462 4240.000000 4221.025641 4255.384615 4328.205128 4263.076923 4244.615385 4224.102564 4060.000000 4189.230769 4216.923077 4240.000000
4232.307692 4274.871795 4044.102564 4241.538462 4228.717949 4263.589744 4332.307692 4255.897436 4243.076923 4225.641026 4074.871795 4190.256410 4217.435897 4240.512821
4229.743590 4267.179487 4046.153846 4237.948718 4224.102564 4260.512821 4340.512821 4268.717949 4251.794872 4223.076923 4091.794872 4190.769231 4220.512821 4238.974359
4229.230769 4270.256410 4048.205128 4237.948718 4224.102564 4258.974359 4339.487179 4278.461538 4254.358974 4224.102564 4098.461538 4189.230769 4218.461538 4232.820513
4233.846154 4285.128205 4053.846154 4241.025641 4223.076923 4265.128205 4336.923077 4271.794872 4251.794872 4226.153846 4102.051282 4189.230769 4222.051282 4216.923077
4227.692308 4278.461538 4057.435897 4231.282051 4222.564103 4257.435897 4330.256410 4257.435897 4242.564103 4225.641026 4104.102564 4186.153846 4219.487179 4197.948718
4220.512821 4264.615385 4062.051282 4222.051282 4227.692308 4244.615385 4323.589744 4250.769231 4233.333333 4222.564103 4104.102564 4182.051282 4214.358974 4185.641026
4228.205128 4275.897436 4072.307692 4231.794872 4225.641026 4254.358974 4325.641026 4261.025641 4237.948718 4220.512821 4104.615385 4186.153846 4226.153846 4185.641026
4238.974359 4285.641026 4085.641026 4241.025641 4228.205128 4262.051282 4329.230769 4271.794872 4247.692308 4224.615385 4105.128205 4194.871795 4230.256410 4192.820513
4233.846154 4278.974359 4091.794872 4233.333333 4228.717949 4253.333333 4329.743590 4271.794872 4251.282051 4227.692308 4100.000000 4192.307692 4220.512821 4191.794872
4226.666667 4273.846154 4100.512821 4225.641026 4226.153846 4251.794872 4330.256410 4263.076923 4244.615385 4225.641026 4091.282051 4185.641026 4217.435897 4192.820513
4233.333333 4274.358974 4114.358974 4228.717949 4225.641026 4256.410256 4328.205128 4253.846154 4236.923077 4225.128205 4091.282051 4191.794872 4224.102564 4203.076923
4234.871795 4271.794872 4119.487179 4228.717949 4220.512821 4249.743590 4321.538462 4252.307692 4235.897436 4226.153846 4090.256410 4192.820513 4223.076923 4205.641026
4225.128205 4266.153846 4122.051282 4221.538462 4224.102564 4243.589744 4317.435897 4246.666667 4233.846154 4226.153846 4075.897436 4183.076923 4210.256410 4202.564103
4223.589744 4263.589744 4132.820513 4220.000000 4226.153846 4248.205128 4317.948718 4244.615385 4231.282051 4225.128205 4065.641026 4177.948718 4206.153846 4206.666667
4226.153846 4260.000000 4143.076923 4218.461538 4225.128205 4246.153846 4309.743590 4244.102564 4226.666667 4225.641026 4064.102564 4178.974359 4207.179487 4212.307692
4221.025641 4254.871795 4144.102564 4209.230769 4228.205128 4233.846154 4295.384615 4232.307692 4213.846154 4225.128205 4057.435897 4175.897436 4202.051282 4209.230769
4214.871795 4255.384615 4145.641026 4206.153846 4223.076923 4229.230769 4293.846154 4232.307692 4214.358974 4222.564103 4050.769231 4170.256410 4200.000000 4203.589744
4216.410256 4252.307692 4154.871795 4208.717949 4226.153846 4233.846154 4297.435897 4242.051282 4223.076923 4224.102564 4048.717949 4175.384615 4195.384615 4206.666667
4225.128205 4251.282051 4160.000000 4213.333333 4227.179487 4235.384615 4294.871795 4243.589744 4222.564103 4226.153846 4048.205128 4180.000000 4192.307692 4209.230769
4226.666667 4251.794872 4157.435897 4212.307692 4223.076923 4234.358974 4289.230769 4234.871795 4217.435897 4226.666667 4045.641026 4177.435897 4194.871795 4208.205128
4220.000000 4244.102564 4156.410256 4203.076923 4229.230769 4234.358974 4286.666667 4229.230769 4216.410256 4225.641026 4042.051282 4178.461538 4192.820513 4209.230769
4219.487179 4243.076923 4159.487179 4205.128205 4224.615385 4235.897436 4292.307692 4240.000000 4227.692308 4222.564103 4044.102564 4181.538462 4190.256410 4208.717949
4222.051282 4247.692308 4163.589744 4212.820513 4223.589744 4237.435897 4292.820513 4238.974359 4227.179487 4224.102564 4038.974359 4181.025641 4187.692308 4210.256410
4221.538462 4248.205128 4166.153846 4210.256410 4228.205128 4237.948718 4291.282051 4230.256410 4217.435897 4226.153846 4027.692308 4178.461538 4185.641026 4209.743590
4223.589744 4245.641026 4164.615385 4205.128205 4224.615385 4236.410256 4292.820513 4237.435897 4219.487179 4223.589744 4025.128205 4177.435897 4185.641026 4203.589744
4235.384615 4244.615385 4167.179487 4206.666667 4224.615385 4233.846154 4293.846154 4238.974359 4221.025641 4223.589744 4025.128205 4181.538462 4188.205128 4198.974359
4230.256410 4239.487179 4166.666667 4205.128205 4222.564103 4232.820513 4290.769231 4231.794872 4216.923077 4223.589744 4017.948718 4181.025641 4187.179487 4194.871795
4203.076923 4224.102564 4155.897436 4192.307692 4224.102564 4229.743590 4276.923077 4214.871795 4206.666667 4224.102564 4007.692308 4173.333333 4171.794872 4190.769231
4216.410256 4218.461538 4155.384615 4186.666667 4228.205128 4225.128205 4268.205128 4206.153846 4203.589744 4225.641026 4009.230769 4168.205128 4165.641026 4191.794872
4194.871795 4217.435897 4161.538462 4186.153846 4224.615385 4221.538462 4272.820513 4213.846154 4207.179487 4224.615385 4017.435897 4165.128205 4167.692308 4192.820513
4044.102564 4205.641026 4160.512821 4179.487179 4225.641026 4216.410256 4266.153846 4204.615385 4197.948718 4223.589744 4022.564103 4158.974359 4157.948718 4183.589744
3922.051282 4204.615385 4162.564103 4177.948718 4221.538462 4215.897436 4247.179487 4198.461538 4201.025641 4225.641026 4030.769231 4156.923077 4156.923077 4174.871795
3935.897436 4212.820513 4172.820513 4182.564103 4222.564103 4218.461538 4229.230769 4207.179487 4210.256410 4226.153846 4042.564103 4156.923077 4164.102564 4180.512821
3957.435897 4211.282051 4176.923077 4181.538462 4227.692308 4218.461538 4223.076923 4201.538462 4197.948718 4222.564103 4048.205128 4153.846154 4155.384615 4188.717949
3938.974359 4204.615385 4174.358974 4178.974359 4222.564103 4217.948718 4226.666667 4189.230769 4185.128205 4222.564103 4052.307692 4152.307692 4148.205128 4195.384615
3944.615385 4200.512821 4174.871795 4175.897436 4225.641026 4217.435897 4222.051282 4188.205128 4188.717949 4225.128205 4058.974359 4156.410256 4154.358974 4202.051282
3949.230769 4198.461538 4169.230769 4169.743590 4226.666667 4214.871795 4214.358974 4192.820513 4194.871795 4226.153846 4056.923077 4150.256410 4152.307692 4195.897436
3942.051282 4193.333333 4166.153846 4170.256410 4225.128205 4214.358974 4218.974359 4192.820513 4195.897436 4226.153846 4046.666667 4142.051282 4142.564103 4194.358974
3954.871795 4195.384615 4178.461538 4174.871795 4227.179487 4217.948718 4227.179487 4192.307692 4195.384615 4224.615385 4044.615385 4145.641026 4150.769231 4205.128205
3964.102564 4204.102564 4188.205128 4178.461538 4222.564103 4218.461538 4225.128205 4195.897436 4195.897436 4223.076923 4043.589744 4145.128205 4167.179487 4204.615385
3963.076923 4201.538462 4192.820513 4180.000000 4227.692308 4217.435897 4222.051282 4195.897436 4194.358974 4225.128205 4034.358974 4141.025641 4163.076923 4195.384615
3962.564103 4192.820513 4195.897436 4176.410256 4228.717949 4217.435897 4224.615385 4197.435897 4196.923077 4225.641026 4025.641026 4141.025641 4153.846154 4190.256410
3963.589744 4190.769231 4199.487179 4171.794872 4223.589744 4216.410256 4224.615385 4194.358974 4194.358974 4222.051282 4017.435897 4142.051282 4150.769231 4190.769231
3971.794872 4195.897436 4206.666667 4175.384615 4226.666667 4216.923077 4223.589744 4192.820513 4190.769231 4223.589744 4010.769231 4144.615385 4150.256410 4198.974359
3980.000000 4204.615385 4209.743590 4181.025641 4222.564103 4220.000000 4228.717949 4200.512821 4197.948718 4225.128205 4017.435897 4148.205128 4158.974359 4208.205128
3978.974359 4203.076923 4207.179487 4180.512821 4224.102564 4226.666667 4239.487179 4202.051282 4198.461538 4225.128205 4021.538462 4153.333333 4164.615385 4212.820513
3978.974359 4199.487179 4208.717949 4182.564103 4226.153846 4232.820513 4245.641026 4204.102564 4196.923077 4225.128205 4014.871795 4152.820513 4163.589744 4210.769231
3987.179487 4202.051282 4211.794872 4188.205128 4222.564103 4232.307692 4241.025641 4208.717949 4199.487179 4224.615385 4015.384615 4151.282051 4165.128205 4200.000000
3995.384615 4203.589744 4212.307692 4190.769231 4225.128205 4230.769231 4236.923077 4206.666667 4200.000000 4224.615385 4022.051282 4151.282051 4169.230769 4190.769231
4000.512821 4206.666667 4208.205128 4194.358974 4222.051282 4233.333333 4243.589744 4208.717949 4203.589744 4225.128205 4024.615385 4152.820513 4173.846154 4188.717949
4007.692308 4207.692308 4208.205128 4197.948718 4222.564103 4232.820513 4250.256410 4209.743590 4206.153846 4225.641026 4024.615385 4157.435897 4175.384615 4194.358974
4008.717949 4206.153846 4209.230769 4197.948718 4225.128205 4230.769231 4252.820513 4206.666667 4207.179487 4224.615385 4021.025641 4154.871795 4174.871795 4202.051282
4009.743590 4203.589744 4210.256410 4194.871795 4223.076923 4234.358974 4256.923077 4210.769231 4214.358974 4224.102564 4017.948718 4149.230769 4174.871795 4208.205128
4018.974359 4205.641026 4217.948718 4195.897436 4227.692308 4234.358974 4256.923077 4211.282051 4214.871795 4223.076923 4022.051282 4154.871795 4177.435897 4214.358974
4025.128205 4215.384615 4226.666667 4204.615385 4224.615385 4232.820513 4261.025641 4215.384615 4216.923077 4221.025641 4025.128205 4162.051282 4185.641026 4219.487179
4026.153846 4215.897436 4233.333333 4208.205128 4224.102564 4240.000000 4265.641026 4222.564103 4221.025641 4224.615385 4019.487179 4159.487179 4187.692308 4225.641026
4028.717949 4208.717949 4237.435897 4205.128205 4227.692308 4243.589744 4265.641026 4218.461538 4216.410256 4225.641026 4012.307692 4159.487179 4188.205128 4225.641026
4032.820513 4213.333333 4241.025641 4209.743590 4224.102564 4241.538462 4265.641026 4214.871795 4219.487179 4222.564103 4008.205128 4164.102564 4196.923077 4219.487179
4041.538462 4219.487179 4247.179487 4218.461538 4225.128205 4246.153846 4262.051282 4221.025641 4228.717949 4223.589744 4002.564103 4166.666667 4201.538462 4217.948718
4054.871795 4224.615385 4254.871795 4223.589744 4222.564103 4252.307692 4265.128205 4232.820513 4232.820513 4224.102564 4000.512821 4169.743590 4207.179487 4217.435897
4058.461538 4229.743590 4265.128205 4226.153846 4223.589744 4250.256410 4268.717949 4233.333333 4227.692308 4223.076923 3997.948718 4172.820513 4211.282051 4215.897436
4056.923077 4229.230769 4269.230769 4225.128205 4226.153846 4248.717949 4263.076923 4230.256410 4228.205128 4222.051282 3988.205128 4174.871795 4206.666667 4212.820513
4058.974359 4223.076923 4265.641026 4222.564103 4222.051282 4251.794872 4262.051282 4237.948718 4234.871795 4221.538462 3976.923077 4174.871795 4202.564103 4212.820513
4061.538462 4218.974359 4268.205128 4221.025641 4225.641026 4250.769231 4267.179487 4236.923077 4230.769231 4224.615385 3973.846154 4174.871795 4207.179487 4214.871795
4070.769231 4224.615385 4280.000000 4223.076923 4223.589744 4250.769231 4268.717949 4242.051282 4237.435897 4225.641026 3980.512821 4178.461538 4220.512821 4211.282051
4073.846154 4222.051282 4280.512821 4224.615385 4221.025641 4248.205128 4258.974359 4238.974359 4237.948718 4222.564103 3971.794872 4179.487179 4213.333333 4202.051282
4064.615385 4211.282051 4273.846154 4218.461538 4226.153846 4238.974359 4249.743590 4215.384615 4216.923077 4222.051282 3950.256410 4172.820513 4191.282051 4184.102564
4062.564103 4209.230769 4273.846154 4212.307692 4223.589744 4234.871795 4250.256410 4209.743590 4212.820513 4223.589744 3950.256410 4169.743590 4190.256410 4169.743590
4070.769231 4211.282051 4281.025641 4209.230769 4223.589744 4236.410256 4248.717949 4218.461538 4223.076923 4223.076923 3962.564103 4176.923077 4201.538462 4162.051282
4073.846154 4208.717949 4288.205128 4211.794872 4222.564103 4228.205128 4248.717949 4223.076923 4227.179487 4221.538462 3969.230769 4182.051282 4211.794872 4147.692308
4071.794872 4201.025641 4295.384615 4211.282051 4223.076923 4215.384615 4249.743590 4220.512821 4223.589744 4224.102564 3975.384615 4182.564103 4213.333333 4136.410256
4078.461538 4199.487179 4300.000000 4210.256410 4227.692308 4214.358974 4245.641026 4218.974359 4222.051282 4227.692308 3982.051282 4185.128205 4208.717949 4140.000000
4082.564103 4202.564103 4292.307692 4208.717949 4223.589744 4215.384615 4241.025641 4211.794872 4217.435897 4225.128205 3979.487179 4175.897436 4197.435897 4144.615385
4077.435897 4194.358974 4286.153846 4200.512821 4226.153846 4208.717949 4238.461538 4200.000000 4208.205128 4222.564103 3977.435897 4166.666667 4184.615385 4145.641026
4074.358974 4181.538462 4290.256410 4192.820513 4226.153846 4202.564103 4233.333333 4205.641026 4211.794872 4223.589744 3987.692308 4168.717949 4190.256410 4144.615385
4070.769231 4172.820513 4288.717949 4188.717949 4219.487179 4198.974359 4221.025641 4201.538462 4207.179487 4223.589744 3989.230769 4162.564103 4191.794872 4145.128205
4068.717949 4168.717949 4280.512821 4182.051282 4224.102564 4197.948718 4214.871795 4175.897436 4184.102564 4223.076923 3982.051282 4148.717949 4175.384615 4151.794872
4070.769231 4173.846154 4282.564103 4179.487179 4223.076923 4199.487179 4218.461538 4177.435897 4183.589744 4223.076923 3986.666667 4145.128205 4170.769231 4156.923077
4072.820513 4175.384615 4294.358974 4181.025641 4225.128205 4200.000000 4218.461538 4191.794872 4196.410256 4223.589744 3997.435897 4152.820513 4173.333333 4156.410256
4077.948718 4171.794872 4304.102564 4186.153846 4226.666667 4203.076923 4223.076923 4190.769231 4196.410256 4224.102564 4006.666667 4155.384615 4176.410256 4156.923077
4081.538462 4168.717949 4307.179487 4186.666667 4222.051282 4205.128205 4227.179487 4191.282051 4196.923077 4224.102564 4011.794872 4149.743590 4182.564103 4158.974359
4082.564103 4164.102564 4311.794872 4180.512821 4226.666667 4203.076923 4223.589744 4192.820513 4200.000000 4224.615385 4011.794872 4147.692308 4177.948718 4156.410256
4084.615385 4167.692308 4318.974359 4180.000000 4225.128205 4202.564103 4225.128205 4194.871795 4201.538462 4225.128205 4016.923077 4149.743590 4174.871795 4153.846154
4085.641026 4174.358974 4326.666667 4184.615385 4222.564103 4203.589744 4223.589744 4192.307692 4195.897436 4224.615385 4023.589744 4149.743590 4182.051282 4157.435897
4083.076923 4174.358974 4332.307692 4181.538462 4223.589744 4198.974359 4210.256410 4177.948718 4186.153846 4223.076923 4021.538462 4144.102564 4180.000000 4158.974359
4088.717949 4172.820513 4334.871795 4175.897436 4222.051282 4198.461538 4208.717949 4176.923077 4191.794872 4222.564103 4022.564103 4144.615385 4170.769231 4165.641026
4104.615385 4181.025641 4348.205128 4183.589744 4226.153846 4210.769231 4222.564103 4195.897436 4209.743590 4225.128205 4034.358974 4157.435897 4182.051282 4175.384615
4114.358974 4195.384615 4363.589744 4194.871795 4222.564103 4218.974359 4227.179487 4204.102564 4214.358974 4225.641026 4044.615385 4165.128205 4203.076923 4177.435897
4115.384615 4195.897436 4369.230769 4192.820513 4222.051282 4213.846154 4220.000000 4189.743590 4196.923077 4225.641026 4046.153846 4162.051282 4197.948718 4184.615385
4125.128205 4199.487179 4378.461538 4193.846154 4225.641026 4212.820513 4223.076923 4192.820513 4192.820513 4224.102564 4052.307692 4164.102564 4198.461538 4197.948718
4135.897436 4207.692308 4389.743590 4202.051282 4221.538462 4218.974359 4231.282051 4212.820513 4212.307692 4221.025641 4059.487179 4168.717949 4212.307692 4202.564103
4131.282051 4200.000000 4391.282051 4200.512821 4224.102564 4218.461538 4223.589744 4208.205128 4213.846154 4223.076923 4058.974359 4166.666667 4203.076923 4208.205128
4125.641026 4196.410256 4388.717949 4197.948718 4223.076923 4215.384615 4221.025641 4201.025641 4206.153846 4224.102564 4062.564103 4165.128205 4193.333333 4215.897436
4132.820513 4203.589744 4393.846154 4201.538462 4223.076923 4222.051282 4232.307692 4208.205128 4209.230769 4221.538462 4072.820513 4167.179487 4201.538462 4223.076923
4141.538462 4205.128205 4400.512821 4202.051282 4225.641026 4227.179487 4234.871795 4212.307692 4214.358974 4221.538462 4084.102564 4169.743590 4207.179487 4233.846154
4145.128205 4210.256410 4403.589744 4207.692308 4219.487179 4229.743590 4233.846154 4218.461538 4223.076923 4222.564103 4101.025641 4171.794872 4207.179487 4235.897436
4150.256410 4215.897436 4406.153846 4213.333333 4223.076923 4232.820513 4236.923077 4217.948718 4224.102564 4223.589744 4114.871795 4173.333333 4204.102564 4233.846154
4150.256410 4210.769231 4403.589744 4209.230769 4225.641026 4226.666667 4231.794872 4208.205128 4216.410256 4225.641026 4115.897436 4171.282051 4197.948718 4235.897436
4150.256410 4207.692308 4406.153846 4208.205128 4221.538462 4217.435897 4217.948718 4195.897436 4208.205128 4226.153846 4121.538462 4168.205128 4196.410256 4240.512821
4156.410256 4216.410256 4416.923077 4214.358974 4224.102564 4217.948718 4212.820513 4189.230769 4204.615385 4224.615385 4135.897436 4166.666667 4203.076923 4248.205128
4155.897436 4222.051282 4421.025641 4215.897436 4222.051282 4221.538462 4221.538462 4198.974359 4212.820513 4223.589744 4145.641026 4167.179487 4205.641026 4254.358974
4148.717949 4215.897436 4421.025641 4212.820513 4225.641026 4217.948718 4219.487179 4201.538462 4210.256410 4224.615385 4144.615385 4168.205128 4196.923077 4259.487179
4150.769231 4221.025641 4428.717949 4217.435897 4225.128205 4217.435897 4211.794872 4194.358974 4200.512821 4223.589744 4146.666667 4164.615385 4191.282051 4262.564103
4157.948718 4230.256410 4439.487179 4225.128205 4221.538462 4222.051282 4213.333333 4197.435897 4203.589744 4223.076923 4157.435897 4166.153846 4198.461538 4266.153846
4156.410256 4228.717949 4441.538462 4224.102564 4225.641026 4221.025641 4213.846154 4198.974359 4205.128205 4224.102564 4164.615385 4171.794872 4199.487179 4262.564103
4155.384615 4228.205128 4437.435897 4222.051282 4222.051282 4215.897436 4211.794872 4195.384615 4198.974359 4223.589744 4155.897436 4169.230769 4193.846154 4254.871795
4162.051282 4228.205128 4444.102564 4225.128205 4224.102564 4214.871795 4213.333333 4196.923077 4197.948718 4224.615385 4146.153846 4172.307692 4193.846154 4258.974359
4167.179487 4231.282051 4454.358974 4227.692308 4226.666667 4217.435897 4215.897436 4200.000000 4207.692308 4226.153846 4152.307692 4180.512821 4200.000000 4267.179487
4165.641026 4230.769231 4449.230769 4226.666667 4222.051282 4216.923077 4209.230769 4192.820513 4203.589744 4225.128205 4162.564103 4181.025641 4203.589744 4271.794872
4170.256410 4227.692308 4453.333333 4231.282051 4223.589744 4216.410256 4206.153846 4193.846154 4195.897436 4225.128205 4173.333333 4186.153846 4204.615385 4273.333333
4178.974359 4227.179487 4468.205128 4238.461538 4221.025641 4217.435897 4213.333333 4210.769231 4208.205128 4225.128205 4192.820513 4196.410256 4212.820513 4273.333333
4168.717949 4217.435897 4466.666667 4228.205128 4222.564103 4217.435897 4209.230769 4201.025641 4205.128205 4224.102564 4196.410256 4192.307692 4208.205128 4272.307692
4160.512821 4213.846154 4458.461538 4218.974359 4226.153846 4218.461538 4198.461538 4184.102564 4188.205128 4223.076923 4190.769231 4182.564103 4197.948718 4269.743590
4171.282051 4228.717949 4466.153846 4231.282051 4223.076923 4221.025641 4195.384615 4194.358974 4194.871795 4223.589744 4200.512821 4184.102564 4204.102564 4267.179487
4180.512821 4237.435897 4475.897436 4241.538462 4226.153846 4221.538462 4196.410256 4198.974359 4201.025641 4225.641026 4207.692308 4193.846154 4212.307692 4265.128205
4178.461538 4231.794872 4473.846154 4236.923077 4223.589744 4220.512821 4200.000000 4196.923077 4197.948718 4225.128205 4200.000000 4198.461538 4213.846154 4261.538462
4180.000000 4228.717949 4471.282051 4232.820513 4223.076923 4224.102564 4203.076923 4201.025641 4200.512821 4223.589744 4192.820513 4198.461538 4212.307692 4260.512821
4190.769231 4238.974359 4475.384615 4238.461538 4226.153846 4231.282051 4207.179487 4207.179487 4206.153846 4224.102564 4192.820513 4205.641026 4216.923077 4259.487179
4199.487179 4246.666667 4481.025641 4243.589744 4220.512821 4233.846154 4210.769231 4214.871795 4210.256410 4224.102564 4188.717949 4212.307692 4227.692308 4256.410256
4202.051282 4237.948718 4477.948718 4239.487179 4223.589744 4231.794872 4209.230769 4212.307692 4207.179487 4223.076923 4179.487179 4210.769231 4231.282051 4252.307692
4202.051282 4235.384615 4469.743590 4236.410256 4223.589744 4230.256410 4208.205128 4211.794872 4209.230769 4223.076923 4174.871795 4207.692308 4231.282051 4246.153846
4204.615385 4247.179487 4471.794872 4241.025641 4222.564103 4231.794872 4209.743590 4216.923077 4209.230769 4225.641026 4166.666667 4208.205128 4227.692308 4247.692308
4208.717949 4259.487179 4476.410256 4240.000000 4225.128205 4234.358974 4207.179487 4213.846154 4202.051282 4227.692308 4155.897436 4210.769231 4224.102564 4253.333333
4203.076923 4255.384615 4469.743590 4225.128205 4221.025641 4232.307692 4201.538462 4208.717949 4200.512821 4226.153846 4149.743590 4208.717949 4225.128205 4249.743590
4198.974359 4242.564103 4466.666667 4215.897436 4224.615385 4229.743590 4197.435897 4208.205128 4202.564103 4224.102564 4143.589744 4208.717949 4223.076923 4242.564103
4209.743590 4247.179487 4471.282051 4222.051282 4223.589744 4232.307692 4197.948718 4213.846154 4208.717949 4224.102564 4138.974359 4212.307692 4225.641026 4240.000000
4210.769231 4251.794872 4470.769231 4221.538462 4221.025641 4232.820513 4194.871795 4213.333333 4209.230769 4224.102564 4131.282051 4210.769231 4222.051282 4237.948718
4198.974359 4244.615385 4466.666667 4216.923077 4226.153846 4229.230769 4185.641026 4205.641026 4201.025641 4222.051282 4121.025641 4208.717949 4209.230769 4236.923077
4200.512821 4247.179487 4463.076923 4220.512821 4223.076923 4230.256410 4185.128205 4201.538462 4196.410256 4222.564103 4121.538462 4207.179487 4208.717949 4234.871795
4209.230769 4251.282051 4465.128205 4222.051282 4225.128205 4231.282051 4186.666667 4196.410256 4192.307692 4227.692308 4128.205128 4207.692308 4216.410256 4230.769231
4206.153846 4247.179487 4464.102564 4221.025641 4225.641026 4225.128205 4184.102564 4196.923077 4194.871795 4225.641026 4131.282051 4206.153846 4218.974359 4225.128205
4199.487179 4237.435897 4453.846154 4214.871795 4224.102564 4218.974359 4178.974359 4198.461538 4199.487179 4222.051282 4131.282051 4202.051282 4208.717949 4224.102564
4203.589744 4233.846154 4451.282051 4210.256410 4228.717949 4217.435897 4176.410256 4192.307692 4193.846154 4225.641026 4137.948718 4201.538462 4202.564103 4232.307692
4206.666667 4238.461538 4453.846154 4217.435897 4223.589744 4218.461538 4181.025641 4195.384615 4191.794872 4224.102564 4151.794872 4200.000000 4209.230769 4242.051282
4201.025641 4233.333333 4448.717949 4216.923077 4224.102564 4217.948718 4178.461538 4189.743590 4186.153846 4222.051282 4157.435897 4195.897436 4204.615385 4248.205128
4192.820513 4225.641026 4437.948718 4205.128205 4225.641026 4211.282051 4167.179487 4175.897436 4177.948718 4221.538462 4154.358974 4189.743590 4192.820513 4249.743590
4189.743590 4223.589744 4429.743590 4202.564103 4222.051282 4207.179487 4162.564103 4177.948718 4182.051282 4220.512821 4154.358974 4184.102564 4188.205128 4254.358974
4195.384615 4228.717949 4431.794872 4209.230769 4228.205128 4212.307692 4166.666667 4184.615385 4191.282051 4224.102564 4161.538462 4188.717949 4191.794872 4264.102564
4206.153846 4242.564103 4435.384615 4215.897436 4226.153846 4218.461538 4173.846154 4189.743590 4197.948718 4226.153846 4167.179487 4195.897436 4204.102564 4270.256410
4211.282051 4246.666667 4437.948718 4220.000000 4225.128205 4215.897436 4181.025641 4190.256410 4195.897436 4222.564103 4169.230769 4195.897436 4207.692308 4274.358974
4208.205128 4240.000000 4440.000000 4217.948718 4226.153846 4216.410256 4185.128205 4189.230769 4194.871795 4222.564103 4167.692308 4194.871795 4201.538462 4275.384615
4205.128205 4241.025641 4436.923077 4214.871795 4224.102564 4218.974359 4180.512821 4188.717949 4198.974359 4226.153846 4161.025641 4196.410256 4200.000000 4274.871795
4206.666667 4243.076923 4433.333333 4212.820513 4227.179487 4217.435897 4174.871795 4183.076923 4193.846154 4224.102564 4155.897436 4195.384615 4200.512821 4275.384615
4205.641026 4239.487179 4428.717949 4210.769231 4222.564103 4216.410256 4177.948718 4182.564103 4188.205128 4223.076923 4154.358974 4191.794872 4198.974359 4270.769231
4203.076923 4232.820513 4427.692308 4209.743590 4221.538462 4216.923077 4177.948718 4181.025641 4188.717949 4225.128205 4146.153846 4191.794872 4193.846154 4272.307692
4204.102564 4225.641026 4426.666667 4206.153846 4225.641026 4215.897436 4169.743590 4176.923077 4188.717949 4224.615385 4133.333333 4186.666667 4189.230769 4282.564103
4200.512821 4220.000000 4416.410256 4202.051282 4224.102564 4213.846154 4168.205128 4174.871795 4184.102564 4222.051282 4123.589744 4180.512821 4184.615385 4290.256410
4196.410256 4223.076923 4410.256410 4205.641026 4227.692308 4215.384615 4173.333333 4176.410256 4182.051282 4223.589744 4120.512821 4187.692308 4184.102564 4292.307692
4198.974359 4232.820513 4416.410256 4213.333333 4222.564103 4219.487179 4178.461538 4185.641026 4193.333333 4224.615385 4122.051282 4194.871795 4191.282051 4290.256410
4201.538462 4233.333333 4422.051282 4213.333333 4222.051282 4221.025641 4173.846154 4181.538462 4195.384615 4223.076923 4121.538462 4195.897436 4196.410256 4294.871795
4203.076923 4234.358974 4421.025641 4212.307692 4227.179487 4217.435897 4171.794872 4173.846154 4186.153846 4223.076923 4124.102564 4194.871795 4200.512821 4297.948718
4204.102564 4240.512821 4420.512821 4213.846154 4221.538462 4219.487179 4178.461538 4185.641026 4192.820513 4224.102564 4131.794872 4196.410256 4202.051282 4293.333333
4202.564103 4236.410256 4422.051282 4213.333333 4225.641026 4224.615385 4175.897436 4188.205128 4195.897436 4225.128205 4130.769231 4203.076923 4193.333333 4293.846154
4202.564103 4237.435897 4417.435897 4217.948718 4226.153846 4222.051282 4173.333333 4177.435897 4184.615385 4220.000000 4130.769231 4202.564103 4196.410256 4296.410256
4199.487179 4241.538462 4411.794872 4214.871795 4220.000000 4216.923077 4172.820513 4172.307692 4177.435897 4220.000000 4136.410256 4195.384615 4197.948718 4296.410256
4192.307692 4234.871795 4412.820513 4203.076923 4223.076923 4215.384615 4168.717949 4174.358974 4184.102564 4228.205128 4141.538462 4196.923077 4185.641026 4299.487179
4193.333333 4237.435897 4418.461538 4208.205128 4223.589744 4218.461538 4169.743590 4184.102564 4195.897436 4228.205128 4151.282051 4201.025641 4189.743590 4306.153846
4201.538462 4245.641026 4422.051282 4222.564103 4226.666667 4225.128205 4174.358974 4190.769231 4195.897436 4223.589744 4164.102564 4204.102564 4197.948718 4314.871795
4207.179487 4249.230769 4421.538462 4226.666667 4224.615385 4230.256410 4179.487179 4194.358974 4199.487179 4222.564103 4173.333333 4210.256410 4198.461538 4320.512821
4205.641026 4248.205128 4421.538462 4226.153846 4222.051282 4229.230769 4184.102564 4195.897436 4203.589744 4224.615385 4180.000000 4210.769231 4199.487179 4318.974359
4207.692308 4249.743590 4426.666667 4229.743590 4227.179487 4228.717949 4187.692308 4193.846154 4197.948718 4225.128205 4195.897436 4211.282051 4204.615385 4319.487179
4221.025641 4255.897436 4437.948718 4240.512821 4223.589744 4233.333333 4189.230769 4200.512821 4205.128205 4222.564103 4221.025641 4224.102564 4219.487179 4325.641026
4225.128205 4253.846154 4444.102564 4241.025641 4224.102564 4234.358974 4185.128205 4200.512821 4209.743590 4223.076923 4231.282051 4227.692308 4222.051282 4325.128205
4215.384615 4247.692308 4438.974359 4229.743590 4225.641026 4231.282051 4183.589744 4193.846154 4200.512821 4226.666667 4230.256410 4214.358974 4206.153846 4318.974359
4207.179487 4237.435897 4430.769231 4220.512821 4224.615385 4226.666667 4178.974359 4186.666667 4192.820513 4226.153846 4231.794872 4207.179487 4195.384615 4321.538462
4204.615385 4225.641026 4426.153846 4213.846154 4226.666667 4218.461538 4165.641026 4172.307692 4187.179487 4224.615385 4224.615385 4210.769231 4193.846154 4326.666667
4204.615385 4224.102564 4423.589744 4210.256410 4221.538462 4215.384615 4165.128205 4171.282051 4188.205128 4225.128205 4211.282051 4209.743590 4188.205128 4327.179487
4205.641026 4227.179487 4427.692308 4216.410256 4224.615385 4223.589744 4180.512821 4184.102564 4191.282051 4225.128205 4212.307692 4215.897436 4188.717949 4331.794872
4207.692308 4231.794872 4432.307692 4222.564103 4226.153846 4228.717949 4188.205128 4192.820513 4192.820513 4224.102564 4215.897436 4226.153846 4202.051282 4333.846154
4205.128205 4233.333333 4431.794872 4220.512821 4220.512821 4227.692308 4183.076923 4192.820513 4197.435897 4224.102564 4207.692308 4224.615385 4201.025641 4331.794872
4209.743590 4232.307692 4435.897436 4221.538462 4225.641026 4226.666667 4180.512821 4188.205128 4201.025641 4225.641026 4206.153846 4227.179487 4193.846154 4336.923077
4215.384615 4234.871795 4439.487179 4226.666667 4225.641026 4226.666667 4184.102564 4189.230769 4198.974359 4224.102564 4212.820513 4233.333333 4201.538462 4336.923077
4212.820513 4237.435897 4440.512821 4225.641026 4226.153846 4222.564103 4181.025641 4187.179487 4189.743590 4224.615385 4213.333333 4230.769231 4207.692308 4334.358974
4212.820513 4237.948718 4443.589744 4225.128205 4226.666667 4219.487179 4179.487179 4186.153846 4191.282051 4227.179487 4215.897436 4228.717949 4207.692308 4335.384615
4213.333333 4234.358974 4440.512821 4227.692308 4220.512821 4221.538462 4181.538462 4188.205128 4197.948718 4225.128205 4218.974359 4228.205128 4206.153846 4332.820513
4211.794872 4226.153846 4434.871795 4225.128205 4226.153846 4217.435897 4175.897436 4181.538462 4189.230769 4224.615385 4223.589744 4226.153846 4206.153846 4332.307692
4213.846154 4228.205128 4437.435897 4225.128205 4225.641026 4216.410256 4175.897436 4182.564103 4186.153846 4226.153846 4244.102564 4227.179487 4216.923077 4333.846154
4217.435897 4230.769231 4446.153846 4227.692308 4222.564103 4223.076923 4182.564103 4187.692308 4189.230769 4225.128205 4261.538462 4230.769231 4217.948718 4333.333333
4220.000000 4230.769231 4450.769231 4225.128205 4224.615385 4222.564103 4180.512821 4185.641026 4190.769231 4224.102564 4267.692308 4228.205128 4212.307692 4333.333333
4218.974359 4236.410256 4451.282051 4224.102564 4221.025641 4218.461538 4173.846154 4184.102564 4193.333333 4225.641026 4277.435897 4225.641026 4220.512821 4339.487179
4218.974359 4236.923077 4451.794872 4225.641026 4227.179487 4221.538462 4174.871795 4189.230769 4195.384615 4226.153846 4285.641026 4233.846154 4224.102564 4342.564103
4224.615385 4236.923077 4453.846154 4228.205128 4227.179487 4224.102564 4182.051282 4195.384615 4200.000000 4225.128205 4288.717949 4239.487179 4223.589744 4339.487179
4221.538462 4234.358974 4453.846154 4224.615385 4223.589744 4218.461538 4176.923077 4185.128205 4194.871795 4224.615385 4290.769231 4233.333333 4222.051282 4342.051282
4209.743590 4228.205128 4451.282051 4222.051282 4227.692308 4214.871795 4167.179487 4170.769231 4185.128205 4224.102564 4290.256410 4230.769231 4216.410256 4342.564103
4206.666667 4225.128205 4447.692308 4224.102564 4223.589744 4219.487179 4170.769231 4178.974359 4190.769231 4222.564103 4283.076923 4236.410256 4215.384615 4342.051282
4216.923077 4226.153846 4449.743590 4228.205128 4224.102564 4224.615385 4177.948718 4187.179487 4196.923077 4223.589744 4276.410256 4242.564103 4217.435897 4351.282051
4224.102564 4231.282051 4452.820513 4235.384615 4224.615385 4226.153846 4178.974359 4187.179487 4197.435897 4225.128205 4275.897436 4248.205128 4220.512821 4359.487179
4222.564103 4232.820513 4447.692308 4236.410256 4222.564103 4224.615385 4175.384615 4184.102564 4197.435897 4225.128205 4277.948718 4255.384615 4221.538462 4360.000000
4217.435897 4223.589744 4438.461538 4225.641026 4226.666667 4219.487179 4167.692308 4173.333333 4189.230769 4225.128205 4271.282051 4251.794872 4214.871795 4360.000000
4210.256410 4210.256410 4430.769231 4215.384615 4224.615385 4214.358974 4163.589744 4171.794872 4184.615385 4223.589744 4261.025641 4244.615385 4208.717949 4357.948718
4208.717949 4198.974359 4431.794872 4214.358974 4226.153846 4213.846154 4167.179487 4174.358974 4182.564103 4224.615385 4254.358974 4247.692308 4210.256410 4356.923077
4208.717949 4200.000000 4434.871795 4216.923077 4224.615385 4216.410256 4167.179487 4171.282051 4179.487179 4226.666667 4250.769231 4250.769231 4215.384615 4355.897436
4210.769231 4207.179487 4441.538462 4221.538462 4221.538462 4215.384615 4166.666667 4172.307692 4183.076923 4226.666667 4252.820513 4249.743590 4216.410256 4352.307692
4219.487179 4210.769231 4452.307692 4226.666667 4225.641026 4217.948718 4174.871795 4177.948718 4188.205128 4226.153846 4251.794872 4255.897436 4219.487179 4351.794872
4218.461538 4205.641026 4453.846154 4223.076923 4220.512821 4219.487179 4177.948718 4185.128205 4191.794872 4225.128205 4251.282051 4252.820513 4220.000000 4350.769231
4211.794872 4193.333333 4455.384615 4216.410256 4224.615385 4215.384615 4170.769231 4179.487179 4189.230769 4225.128205 4268.717949 4246.153846 4221.025641 4349.230769
4222.564103 4198.974359 4465.128205 4221.025641 4229.230769 4217.435897 4173.333333 4173.846154 4190.256410 4223.076923 4302.051282 4257.435897 4235.897436 4353.333333
4232.307692 4207.692308 4472.820513 4229.230769 4224.102564 4220.512821 4181.538462 4184.102564 4195.384615 4223.589744 4328.717949 4266.153846 4243.076923 4362.051282
4225.128205 4198.461538 4475.384615 4225.128205 4227.179487 4218.974359 4182.051282 4187.692308 4194.871795 4226.666667 4342.564103 4262.564103 4236.923077 4372.307692
4224.102564 4203.589744 4474.871795 4225.641026 4223.589744 4216.410256 4178.974359 4177.435897 4191.794872 4225.128205 4352.307692 4261.025641 4241.025641 4372.820513
4229.743590 4213.333333 4472.820513 4229.743590 4223.076923 4214.358974 4171.282051 4164.102564 4181.025641 4225.128205 4360.512821 4266.153846 4237.948718 4368.717949
4226.153846 4208.717949 4472.307692 4226.153846 4225.641026 4214.871795 4169.743590 4168.205128 4177.948718 4226.666667 4375.897436 4272.307692 4235.384615 4363.589744
4225.641026 4207.692308 4469.230769 4228.717949 4221.538462 4216.410256 4175.384615 4182.051282 4188.717949 4224.615385 4391.794872 4276.923077 4251.794872 4358.974359
4231.794872 4215.897436 4466.666667 4237.435897 4226.153846 4212.307692 4173.846154 4181.025641 4189.230769 4226.153846 4400.000000 4284.102564 4257.435897 4359.487179
4231.794872 4215.897436 4466.153846 4236.410256 4225.641026 4209.230769 4173.846154 4178.461538 4188.205128 4226.666667 4409.743590 4285.641026 4252.307692 4358.974359
4227.692308 4211.794872 4459.487179 4229.230769 4224.615385 4213.846154 4180.000000 4181.538462 4191.282051 4223.076923 4421.538462 4286.666667 4257.435897 4356.410256
4231.794872 4222.051282 4461.538462 4238.461538 4226.666667 4216.410256 4183.076923 4183.589744 4189.743590 4224.102564 4430.769231 4298.461538 4268.717949 4356.923077
4240.000000 4232.820513 4480.512821 4250.256410 4224.615385 4214.358974 4179.487179 4182.564103 4190.769231 4226.153846 4440.000000 4309.743590 4277.948718 4353.333333
4246.666667 4232.820513 4494.871795 4249.230769 4226.666667 4213.846154 4175.897436 4179.487179 4196.410256 4226.153846 4450.256410 4313.846154 4284.102564 4332.820513
4245.641026 4231.794872 4487.692308 4248.717949 4222.564103 4215.897436 4176.410256 4179.487179 4195.384615 4225.128205 4453.333333 4315.384615 4289.230769 4300.000000
4241.538462 4233.333333 4482.564103 4250.769231 4221.538462 4217.435897 4175.384615 4173.846154 4183.076923 4225.128205 4445.641026 4316.410256 4290.256410 4278.461538
4247.179487 4237.948718 4495.897436 4253.333333 4226.153846 4218.461538 4180.512821 4173.846154 4186.666667 4226.153846 4440.000000 4319.487179 4297.948718 4268.717949
4251.282051 4238.461538 4500.000000 4253.333333 4222.051282 4220.000000 4190.769231 4190.256410 4203.589744 4225.641026 4427.692308 4322.564103 4307.179487 4261.025641
4243.589744 4234.358974 4488.205128 4251.794872 4225.641026 4218.974359 4185.128205 4187.179487 4195.384615 4224.615385 4401.025641 4322.564103 4292.307692 4259.487179
4237.948718 4235.897436 4482.564103 4251.794872 4226.153846 4218.461538 4177.948718 4176.410256 4186.153846 4223.076923 4380.512821 4316.410256 4280.512821 4260.000000
4232.820513 4225.641026 4481.538462 4244.102564 4223.076923 4223.589744 4180.512821 4180.000000 4192.820513 4223.589744 4370.769231 4313.333333 4285.128205 4260.512821
4220.000000 4208.205128 4473.333333 4233.333333 4223.589744 4222.051282 4176.923077 4176.410256 4189.230769 4224.102564 4358.461538 4312.307692 4281.025641 4265.641026
4212.307692 4211.794872 4467.179487 4235.384615 4220.000000 4217.435897 4175.384615 4172.820513 4182.564103 4222.564103 4347.179487 4307.692308 4269.743590 4270.769231
4208.717949 4211.794872 4467.692308 4235.897436 4225.641026 4215.384615 4175.384615 4169.230769 4179.487179 4223.589744 4335.384615 4303.589744 4259.487179 4274.358974
4202.051282 4200.512821 4458.461538 4225.128205 4223.589744 4211.282051 4167.179487 4166.153846 4181.025641 4224.102564 4318.974359 4296.923077 4254.871795 4276.410256
4197.435897 4205.641026 4447.692308 4226.153846 4216.923077 4207.692308 4167.692308 4169.230769 4187.179487 4223.589744 4307.692308 4292.820513 4254.358974 4282.564103
4201.538462 4212.820513 4447.692308 4231.794872 4225.128205 4207.179487 4174.358974 4169.230769 4184.102564 4224.615385 4304.102564 4294.358974 4256.923077 4288.205128
4208.205128 4208.717949 4446.666667 4230.769231 4225.641026 4204.102564 4174.871795 4168.205128 4178.461538 4224.102564 4299.487179 4290.256410 4258.461538 4286.153846
4209.743590 4205.128205 4439.487179 4231.282051 4225.641026 4202.051282 4173.333333 4170.256410 4180.000000 4223.076923 4292.820513 4285.641026 4252.820513 4289.743590
4212.307692 4218.974359 4432.307692 4237.948718 4226.666667 4204.615385 4174.358974 4175.384615 4182.051282 4222.051282 4295.897436 4290.769231 4257.435897 4300.512821
4220.512821 4232.820513 4423.589744 4240.512821 4222.564103 4201.538462 4174.358974 4175.384615 4176.410256 4223.076923 4304.615385 4291.282051 4266.153846 4306.666667
4231.794872 4236.410256 4421.025641 4239.487179 4224.615385 4197.435897 4172.820513 4169.743590 4174.358974 4224.615385 4310.769231 4287.179487 4267.179487 4310.769231
4243.076923 4250.256410 4428.205128 4248.205128 4220.000000 4200.512821 4173.846154 4172.307692 4181.538462 4225.641026 4324.102564 4292.820513 4276.410256 4319.487179
4250.769231 4263.076923 4433.846154 4254.358974 4219.487179 4200.512821 4170.256410 4170.256410 4178.461538 4226.153846 4338.974359 4302.564103 4289.230769 4330.256410
4250.769231 4260.000000 4425.641026 4244.615385 4223.076923 4193.846154 4168.717949 4163.076923 4172.307692 4226.666667 4335.384615 4300.000000 4290.769231 4328.717949
4243.589744 4251.282051 4417.948718 4231.282051 4221.025641 4192.307692 4173.846154 4162.564103 4173.333333 4225.128205 4323.076923 4293.333333 4287.179487 4322.564103
4246.153846 4251.282051 4421.025641 4232.307692 4224.615385 4198.461538 4175.897436 4160.512821 4170.256410 4224.615385 4314.358974 4297.948718 4286.153846 4324.615385
4251.794872 4257.948718 4413.333333 4239.487179 4221.025641 4201.025641 4176.410256 4167.179487 4177.435897 4225.641026 4307.692308 4300.000000 4290.256410 4320.000000
4237.948718 4250.769231 4397.435897 4231.794872 4221.538462 4197.948718 4174.358974 4171.282051 4180.000000 4226.666667 4293.333333 4290.769231 4280.512821 4308.205128
4226.666667 4241.538462 4390.256410 4225.128205 4224.615385 4197.435897 4173.846154 4161.025641 4167.692308 4223.076923 4275.384615 4281.025641 4262.051282 4300.000000
4228.205128 4240.000000 4381.538462 4228.717949 4218.974359 4201.025641 4174.871795 4158.974359 4166.153846 4218.974359 4266.666667 4280.000000 4258.461538 4294.358974
4223.076923 4234.871795 4368.205128 4223.589744 4222.564103 4196.410256 4172.820513 4163.076923 4171.794872 4223.076923 4262.051282 4279.487179 4257.435897 4285.641026
4212.307692 4228.717949 4355.384615 4212.307692 4224.102564 4190.256410 4173.846154 4162.564103 4171.794872 4226.153846 4247.692308 4273.846154 4244.615385 4278.461538
4204.102564 4220.512821 4344.102564 4205.641026 4225.128205 4191.794872 4167.692308 4151.794872 4161.025641 4225.128205 4228.205128 4266.666667 4231.282051 4276.923077
4195.384615 4215.384615 4336.923077 4204.102564 4227.692308 4189.230769 4160.000000 4145.641026 4152.307692 4225.641026 4222.564103 4262.051282 4226.666667 4274.358974
4187.692308 4209.743590 4334.358974 4200.000000 4222.051282 4185.641026 4164.102564 4147.692308 4155.384615 4224.615385 4221.025641 4257.948718 4220.000000 4268.205128
4184.615385 4204.102564 4329.743590 4195.384615 4224.102564 4188.717949 4168.717949 4141.025641 4155.897436 4224.102564 4207.179487 4256.410256 4209.743590 4259.487179
4182.564103 4202.564103 4315.897436 4191.794872 4223.589744 4193.333333 4169.230769 4146.666667 4158.974359 4225.128205 4192.307692 4251.794872 4207.179487 4246.153846
4177.435897 4195.897436 4302.051282 4184.102564 4222.564103 4192.820513 4167.692308 4155.897436 4163.076923 4225.128205 4186.153846 4245.641026 4203.076923 4231.794872
4173.846154 4193.846154 4297.948718 4182.051282 4227.179487 4191.794872 4164.615385 4149.230769 4163.076923 4225.128205 4183.589744 4246.153846 4200.512821 4216.410256
4174.358974 4202.564103 4292.307692 4192.307692 4222.051282 4196.410256 4168.717949 4148.717949 4165.128205 4224.615385 4183.076923 4245.641026 4204.102564 4203.076923
4173.846154 4198.974359 4279.487179 4193.333333 4223.589744 4195.384615 4169.743590 4148.717949 4160.000000 4225.641026 4174.871795 4240.512821 4200.512821 4193.333333
4164.102564 4184.615385 4265.641026 4182.051282 4226.666667 4187.692308 4161.025641 4139.487179 4153.846154 4225.128205 4162.051282 4233.333333 4193.333333 4179.487179
4149.743590 4177.435897 4251.282051 4174.358974 4223.589744 4183.076923 4149.230769 4127.179487 4147.179487 4224.615385 4146.153846 4220.000000 4175.897436 4166.666667
4147.692308 4168.717949 4237.435897 4169.230769 4225.128205 4176.923077 4144.615385 4117.435897 4136.410256 4225.128205 4133.333333 4209.743590 4156.410256 4161.025641
4143.589744 4156.410256 4229.743590 4161.025641 4223.076923 4174.358974 4146.666667 4118.461538 4137.435897 4224.102564 4129.230769 4206.153846 4160.000000 4153.846154
4115.384615 4152.307692 4230.769231 4157.948718 4225.128205 4176.923077 4145.128205 4120.000000 4138.461538 4223.589744 4128.717949 4205.128205 4160.000000 4153.333333
4093.846154 4167.179487 4234.358974 4162.564103 4224.615385 4175.897436 4141.538462 4120.512821 4135.384615 4222.564103 4133.846154 4205.128205 4152.307692 4157.435897
4104.102564 4177.435897 4238.974359 4169.230769 4222.564103 4173.846154 4139.487179 4120.000000 4138.461538 4222.051282 4146.666667 4207.692308 4156.923077 4156.923077
4122.564103 4176.410256 4250.256410 4175.897436 4227.179487 4184.102564 4143.076923 4122.564103 4145.641026 4226.153846 4164.615385 4210.769231 4167.692308 4159.487179
4127.179487 4187.179487 4257.948718 4182.051282 4223.076923 4191.794872 4150.769231 4136.923077 4156.410256 4225.128205 4181.025641 4215.897436 4173.846154 4164.102564
4128.717949 4192.307692 4257.435897 4181.025641 4224.615385 4187.179487 4153.333333 4142.564103 4157.435897 4222.051282 4188.717949 4222.564103 4172.307692 4164.615385
4132.307692 4186.153846 4257.948718 4179.487179 4226.153846 4189.743590 4154.358974 4144.102564 4158.974359 4222.564103 4192.307692 4218.974359 4173.333333 4160.000000
4133.846154 4186.153846 4256.410256 4187.179487 4220.512821 4197.435897 4157.948718 4152.307692 4164.615385 4225.128205 4197.435897 4212.820513 4175.384615 4160.512821
4139.487179 4189.230769 4256.923077 4195.384615 4225.128205 4198.974359 4158.461538 4148.205128 4158.461538 4224.102564 4194.871795 4220.000000 4172.307692 4170.256410
4143.076923 4188.717949 4257.435897 4193.333333 4223.076923 4199.487179 4160.512821 4148.205128 4158.974359 4224.102564 4187.179487 4224.102564 4172.307692 4176.410256
4143.589744 4186.153846 4257.948718 4186.666667 4222.564103 4197.435897 4161.025641 4153.846154 4167.692308 4225.128205 4179.487179 4217.435897 4171.794872 4181.538462
4146.153846 4187.179487 4257.435897 4187.692308 4225.128205 4198.461538 4158.461538 4151.794872 4167.692308 4224.615385 4165.641026 4211.794872 4168.205128 4189.743590
4148.717949 4189.743590 4251.282051 4193.333333 4218.974359 4203.076923 4161.538462 4154.871795 4170.769231 4224.615385 4155.384615 4211.794872 4167.179487 4192.820513
4148.717949 4189.230769 4244.615385 4196.410256 4224.102564 4202.564103 4164.102564 4162.564103 4177.948718 4224.615385 4157.435897 4216.410256 4168.205128 4196.410256
4148.205128 4190.769231 4224.102564 4198.461538 4225.128205 4198.461538 4164.102564 4160.512821 4177.948718 4223.589744 4155.897436 4214.358974 4165.128205 4201.025641
4151.282051 4194.358974 4193.846154 4195.897436 4223.589744 4202.564103 4169.230769 4154.871795 4173.333333 4224.615385 4145.641026 4208.717949 4160.512821 4204.615385
4156.923077 4200.000000 4182.051282 4197.435897 4224.615385 4210.769231 4174.871795 4166.666667 4177.948718 4224.615385 4148.717949 4213.846154 4166.153846 4206.153846
4162.051282 4205.641026 4176.410256 4208.205128 4221.025641 4213.846154 4172.820513 4181.538462 4189.743590 4223.076923 4159.487179 4217.948718 4173.846154 4206.666667
4164.615385 4205.641026 4163.589744 4211.282051 4226.666667 4214.871795 4171.794872 4175.897436 4187.692308 4223.589744 4155.897436 4213.846154 4168.717949 4210.256410
4168.717949 4207.692308 4163.589744 4207.179487 4225.641026 4216.923077 4180.000000 4176.410256 4188.205128 4225.641026 4152.820513 4212.820513 4173.846154 4215.384615
4173.846154 4210.256410 4175.384615 4208.205128 4221.025641 4216.410256 4178.974359 4182.564103 4190.256410 4227.692308 4157.948718 4213.846154 4182.051282 4217.435897
4172.820513 4210.256410 4169.230769 4209.743590 4224.615385 4214.871795 4169.743590 4175.897436 4183.076923 4225.641026 4155.897436 4209.743590 4173.846154 4213.333333
4171.794872 4212.820513 4154.358974 4208.205128 4223.076923 4217.435897 4182.051282 4182.564103 4188.717949 4220.512821 4154.358974 4210.256410 4172.820513 4211.282051
4180.000000 4216.410256 4152.820513 4204.615385 4226.153846 4222.051282 4192.820513 4195.897436 4197.948718 4223.076923 4161.538462 4218.974359 4182.051282 4219.487179
4182.051282 4218.974359 4141.025641 4205.641026 4224.615385 4221.538462 4174.871795 4192.307692 4194.871795 4225.128205 4161.025641 4210.256410 4180.512821 4221.538462
4179.487179 4225.641026 4118.974359 4223.076923 4221.025641 4217.435897 4155.384615 4188.205128 4191.794872 4222.564103 4153.846154 4200.000000 4176.410256 4215.384615
4192.307692 4242.564103 4116.410256 4245.641026 4225.128205 4216.923077 4158.461538 4193.846154 4199.487179 4224.615385 4154.871795 4209.743590 4188.717949 4211.282051
4203.589744 4248.205128 4116.410256 4247.179487 4222.564103 4218.974359 4167.692308 4201.025641 4207.179487 4226.153846 4161.025641 4215.897436 4202.564103 4210.769231
4200.512821 4234.358974 4103.589744 4236.923077 4225.641026 4223.076923 4171.282051 4195.384615 4202.051282 4225.128205 4158.461538 4209.230769 4197.948718 4209.230769
4200.512821 4238.461538 4094.358974 4237.435897 4226.666667 4229.743590 4178.461538 4194.871795 4205.641026 4224.615385 4152.820513 4207.692308 4195.384615 4202.051282
4202.051282 4249.743590 4092.820513 4244.102564 4221.538462 4231.794872 4181.538462 4201.025641 4212.307692 4223.589744 4150.769231 4209.230769 4196.410256 4194.358974
4200.512821 4242.564103 4087.692308 4242.564103 4225.641026 4227.179487 4175.384615 4195.897436 4204.102564 4223.589744 4146.666667 4204.615385 4188.717949 4196.410256
4200.000000 4241.538462 4081.025641 4240.000000 4221.025641 4228.717949 4175.897436 4194.358974 4202.564103 4225.641026 4146.153846 4201.025641 4191.794872 4203.076923
4202.564103 4248.717949 4079.487179 4240.000000 4220.000000 4230.769231 4177.435897 4197.948718 4209.743590 4225.128205 4147.692308 4204.102564 4197.435897 4204.615385
4204.102564 4245.641026 4074.358974 4236.410256 4223.076923 4225.641026 4178.974359 4201.025641 4210.256410 4222.051282 4141.025641 4201.538462 4190.256410 4196.923077
4197.435897 4235.384615 4066.666667 4225.128205 4221.538462 4220.512821 4178.461538 4197.948718 4204.102564 4223.076923 4131.794872 4188.717949 4176.410256 4190.769231
4183.589744 4228.717949 4061.025641 4216.410256 4226.153846 4217.435897 4173.333333 4188.205128 4197.435897 4227.692308 4127.179487 4180.000000 4166.153846 4191.282051
4178.461538 4235.384615 4056.410256 4217.435897 4223.589744 4216.410256 4169.230769 4185.641026 4199.487179 4225.641026 4122.564103 4178.461538 4165.128205 4186.666667
4180.000000 4238.974359 4055.384615 4216.410256 4221.538462 4214.871795 4163.589744 4181.025641 4197.435897 4223.589744 4113.333333 4174.871795 4159.487179 4180.000000
4175.897436 4231.282051 4051.794872 4210.769231 4222.564103 4207.692308 4159.487179 4173.846154 4191.794872 4225.128205 4106.153846 4168.205128 4149.743590 4181.025641
4166.153846 4220.000000 4041.538462 4201.538462 4220.512821 4201.538462 4160.512821 4171.282051 4189.743590 4225.128205 4098.461538 4161.025641 4142.564103 4188.717949
4165.128205 4213.333333 4042.051282 4194.871795 4225.128205 4202.564103 4161.538462 4168.205128 4188.205128 4224.102564 4091.794872 4161.025641 4142.564103 4192.820513
4178.461538 4221.025641 4050.256410 4205.641026 4224.102564 4205.128205 4165.128205 4177.948718 4197.435897 4223.589744 4095.384615 4167.692308 4155.384615 4188.205128
4180.512821 4223.589744 4044.615385 4209.743590 4223.589744 4202.051282 4163.589744 4177.435897 4196.410256 4224.102564 4088.717949 4164.615385 4155.384615 4182.564103
4168.717949 4215.384615 4038.461538 4197.435897 4225.128205 4200.000000 4158.461538 4161.538462 4187.179487 4225.128205 4073.846154 4157.435897 4144.615385 4177.948718
4165.128205 4215.384615 4044.615385 4196.410256 4223.589744 4202.564103 4160.000000 4161.538462 4187.692308 4225.641026 4073.333333 4156.923077 4144.102564 4172.820513
4167.692308 4215.897436 4044.102564 4203.076923 4229.743590 4199.487179 4158.974359 4158.974359 4181.025641 4225.128205 4072.820513 4154.358974 4141.538462 4169.230769
4167.692308 4210.769231 4036.923077 4197.948718 4224.615385 4187.692308 4155.897436 4153.333333 4178.461538 4225.641026 4063.076923 4149.230769 4139.487179 4162.564103
4167.179487 4204.102564 4035.897436 4194.358974 4219.487179 4182.051282 4157.435897 4155.897436 4183.589744 4226.153846 4056.923077 4150.256410 4137.948718 4154.871795
4163.076923 4198.974359 4030.769231 4194.358974 4227.179487 4184.615385 4158.974359 4150.256410 4173.333333 4222.564103 4056.410256 4148.205128 4129.743590 4146.666667
4156.923077 4195.384615 4020.512821 4187.179487 4225.641026 4185.641026 4155.897436 4143.589744 4164.102564 4218.461538 4050.256410 4139.487179 4123.589744 4137.948718
4156.923077 4189.743590 4022.564103 4177.948718 4225.128205 4187.692308 4154.358974 4145.128205 4170.256410 4223.076923 4038.974359 4136.923077 4119.487179 4130.256410
4157.435897 4185.128205 4023.076923 4172.820513 4223.076923 4191.282051 4162.564103 4152.820513 4178.461538 4226.153846 4037.435897 4135.384615 4117.948718 4118.461538
4159.487179 4188.205128 4022.564103 4174.871795 4222.564103 4192.820513 4167.692308 4152.307692 4176.410256 4224.102564 4044.615385 4134.871795 4120.512821 4108.205128
4163.589744 4201.538462 4030.256410 4183.076923 4227.179487 4193.333333 4167.692308 4150.256410 4172.307692 4224.615385 4043.076923 4140.512821 4125.128205 4102.051282
4156.923077 4204.615385 4024.102564 4183.076923 4221.025641 4190.256410 4169.743590 4157.435897 4176.410256 4226.153846 4030.769231 4133.333333 4120.000000 4092.307692
4145.641026 4191.282051 4013.846154 4174.871795 4223.076923 4184.615385 4168.205128 4157.435897 4177.948718 4228.717949 4023.589744 4123.589744 4106.666667 4083.589744
4146.153846 4191.794872 4015.897436 4175.384615 4225.641026 4185.641026 4162.051282 4148.717949 4176.410256 4227.179487 4022.051282 4125.128205 4101.025641 4080.000000
4145.128205 4191.282051 4010.256410 4171.794872 4220.512821 4187.179487 4158.461538 4141.025641 4168.205128 4223.076923 4013.846154 4120.000000 4095.384615 4076.923077
4138.974359 4171.794872 3999.487179 4160.512821 4221.538462 4184.615385 4158.461538 4136.410256 4159.487179 4222.564103 4005.128205 4109.743590 4084.615385 4074.358974
4142.051282 4170.256410 4003.076923 4162.051282 4220.000000 4184.615385 4163.076923 4146.666667 4167.179487 4222.051282 4004.102564 4106.666667 4084.615385 4077.948718
4148.717949 4185.128205 4013.333333 4168.717949 4223.076923 4185.128205 4165.641026 4153.333333 4174.871795 4223.589744 4005.128205 4110.769231 4090.769231 4084.102564
4147.179487 4185.641026 4009.743590 4165.128205 4225.128205 4186.153846 4163.589744 4148.717949 4172.820513 4226.666667 4003.589744 4116.923077 4093.333333 4081.025641
4135.384615 4172.820513 3996.923077 4155.897436 4221.538462 4184.615385 4160.000000 4142.564103 4165.641026 4225.641026 3993.333333 4108.205128 4084.615385 4075.897436
4128.205128 4167.179487 3991.282051 4151.282051 4225.641026 4174.358974 4166.153846 4135.897436 4157.435897 4223.589744 3983.076923 4106.153846 4071.282051 4075.384615
4130.256410 4167.692308 3991.282051 4154.871795 4222.564103 4169.743590 4182.564103 4139.487179 4159.487179 4225.128205 3981.538462 4148.717949 4071.282051 4069.743590
4129.230769 4164.615385 3992.307692 4155.897436 4221.025641 4177.435897 4186.666667 4142.564103 4162.564103 4226.153846 3972.307692 4197.948718 4075.897436 4065.128205
4131.282051 4170.256410 3998.461538 4155.897436 4224.102564 4182.051282 4188.205128 4145.128205 4163.589744 4223.589744 3966.666667 4199.487179 4076.410256 4067.692308
4135.384615 4174.871795 4005.641026 4163.076923 4223.589744 4180.000000 4196.923077 4151.282051 4166.666667 4222.564103 3968.717949 4183.589744 4072.820513 4066.153846
4130.769231 4164.615385 4007.179487 4165.641026 4226.666667 4178.461538 4192.820513 4148.717949 4162.564103 4226.153846 3955.897436 4185.128205 4060.512821 4058.461538
4126.153846 4158.461538 4003.076923 4160.512821 4220.512821 4178.974359 4188.205128 4149.230769 4160.512821 4226.666667 3944.102564 4183.589744 4053.333333 4054.871795
4127.179487 4157.948718 4004.615385 4158.974359 4218.461538 4181.025641 4195.384615 4156.410256 4161.538462 4224.615385 3946.666667 4176.923077 4053.846154 4061.025641
4125.641026 4152.307692 4009.230769 4161.025641 4223.589744 4184.102564 4201.025641 4162.051282 4160.512821 4224.102564 3942.051282 4173.333333 4050.769231 4059.487179
4125.128205 4152.820513 4011.794872 4163.076923 4221.025641 4186.666667 4197.948718 4164.615385 4163.076923 4222.051282 3935.897436 4172.307692 4052.820513 4050.256410
4127.179487 4154.871795 4009.230769 4161.538462 4222.564103 4180.512821 4193.333333 4157.948718 4158.461538 4223.076923 3940.000000 4171.794872 4054.871795 4047.179487
4121.025641 4151.794872 4007.179487 4160.512821 4221.025641 4174.871795 4190.769231 4153.333333 4156.410256 4224.102564 3938.461538 4167.179487 4057.948718 4045.128205
4121.538462 4150.769231 4013.846154 4165.641026 4222.564103 4179.487179 4190.256410 4154.871795 4162.564103 4224.102564 3931.794872 4166.666667 4060.512821 4046.666667
4134.871795 4157.948718 4025.128205 4171.282051 4227.179487 4185.641026 4193.333333 4162.051282 4168.205128 4225.641026 3937.435897 4169.743590 4061.025641 4061.025641
4145.641026 4166.153846 4039.487179 4180.512821 4223.076923 4188.717949 4203.076923 4174.358974 4176.410256 4225.641026 3944.102564 4171.282051 4068.717949 4081.025641
4155.384615 4163.076923 4061.025641 4190.256410 4226.153846 4197.435897 4211.282051 4174.871795 4178.974359 4225.128205 3945.128205 4178.974359 4079.487179 4100.512821
4157.435897 4166.153846 4077.948718 4193.333333 4223.589744 4203.589744 4213.846154 4172.307692 4177.435897 4224.615385 3948.717949 4183.589744 4081.025641 4120.512821
4151.794872 4168.205128 4083.076923 4189.743590 4220.512821 4201.538462 4214.871795 4180.000000 4179.487179 4223.589744 3948.717949 4180.000000 4075.384615 4141.538462
4162.051282 4155.897436 4095.897436 4189.743590 4225.128205 4207.179487 4221.025641 4190.769231 4188.205128 4223.076923 3954.358974 4185.128205 4084.615385 4155.897436
4183.076923 4160.000000 4118.974359 4200.512821 4219.487179 4215.897436 4229.230769 4193.333333 4200.512821 4224.102564 3969.230769 4195.897436 4097.948718 4166.153846
4183.076923 4171.282051 4130.769231 4207.692308 4221.025641 4214.871795 4225.641026 4173.846154 4198.974359 4224.615385 3975.897436 4193.846154 4087.692308 4177.948718
4174.871795 4162.051282 4129.743590 4204.615385 4223.076923 4211.282051 4220.000000 4163.076923 4195.897436 4223.076923 3976.410256 4184.102564 4081.025641 4185.128205
4179.487179 4149.743590 4133.333333 4198.461538 4220.000000 4212.820513 4222.051282 4168.717949 4193.846154 4223.589744 3980.512821 4181.538462 4085.641026 4192.820513
4185.128205 4156.923077 4146.666667 4203.076923 4222.051282 4215.897436 4221.538462 4164.615385 4184.615385 4226.666667 3984.102564 4184.615385 4083.589744 4205.128205
4182.564103 4165.128205 4154.358974 4208.205128 4221.025641 4214.358974 4216.923077 4162.564103 4185.641026 4225.641026 3987.179487 4183.589744 4083.589744 4205.641026
4177.435897 4154.358974 4154.871795 4198.974359 4222.564103 4209.230769 4208.717949 4160.512821 4186.153846 4224.615385 3989.743590 4176.923077 4082.564103 4197.435897
4181.025641 4156.923077 4160.000000 4194.871795 4223.076923 4208.717949 4208.717949 4158.461538 4182.051282 4226.153846 3995.384615 4173.333333 4083.076923 4191.794872
4189.230769 4171.794872 4168.717949 4201.025641 4221.025641 4213.846154 4211.794872 4160.000000 4182.564103 4226.153846 4002.564103 4181.025641 4087.692308 4187.692308
4189.743590 4171.794872 4179.487179 4197.435897 4226.153846 4213.846154 4208.717949 4157.435897 4183.589744 4224.615385 4004.615385 4188.717949 4085.128205 4180.512821
4186.666667 4172.307692 4190.769231 4192.820513 4221.538462 4214.871795 4213.333333 4168.717949 4193.333333 4222.051282 4020.000000 4189.743590 4091.794872 4177.435897
4193.846154 4180.000000 4206.666667 4201.025641 4221.538462 4220.512821 4222.564103 4184.615385 4204.615385 4223.589744 4052.820513 4197.948718 4106.666667 4186.153846
4201.538462 4187.179487 4222.564103 4210.769231 4222.564103 4223.076923 4227.179487 4188.717949 4208.205128 4223.076923 4079.487179 4209.743590 4116.923077 4192.307692
4200.000000 4188.717949 4230.256410 4211.794872 4219.487179 4224.615385 4230.769231 4193.333333 4211.794872 4222.051282 4093.333333 4212.820513 4124.615385 4193.846154
4203.589744 4190.769231 4236.923077 4212.307692 4227.179487 4224.615385 4230.769231 4193.333333 4208.205128 4226.153846 4106.153846 4220.512821 4134.358974 4201.025641
4202.564103 4186.153846 4233.846154 4209.743590 4223.589744 4221.025641 4224.615385 4187.179487 4197.948718 4225.128205 4115.384615 4224.615385 4139.487179 4204.102564
4193.333333 4171.282051 4228.205128 4201.538462 4220.000000 4218.974359 4220.000000 4180.512821 4188.205128 4223.076923 4115.384615 4222.051282 4132.307692 4198.461538
4202.051282 4177.948718 4233.846154 4206.153846 4224.102564 4221.025641 4222.051282 4181.025641 4190.256410 4226.153846 4117.435897 4230.256410 4133.333333 4197.435897
4206.153846 4186.153846 4228.717949 4209.230769 4221.025641 4221.025641 4219.487179 4179.487179 4192.820513 4227.179487 4122.051282 4234.358974 4137.948718 4205.128205
4183.589744 4160.512821 4206.666667 4184.102564 4222.051282 4217.435897 4210.769231 4167.692308 4180.512821 4225.641026 4127.692308 4227.692308 4130.769231 4210.256410
4174.358974 4143.076923 4196.923077 4168.717949 4220.512821 4215.384615 4208.205128 4167.179487 4176.410256 4224.615385 4143.076923 4230.256410 4130.256410 4209.743590
4191.282051 4149.743590 4203.589744 4180.512821 4222.051282 4215.384615 4211.282051 4175.897436 4184.102564 4223.589744 4156.410256 4238.461538 4134.358974 4216.923077
4203.589744 4157.435897 4209.743590 4189.230769 4224.615385 4218.461538 4214.871795 4182.051282 4185.128205 4224.102564 4162.051282 4247.179487 4142.051282 4222.051282
4202.051282 4157.435897 4209.230769 4185.641026 4217.948718 4217.948718 4212.820513 4183.589744 4183.589744 4226.666667 4161.025641 4253.846154 4155.897436 4215.897436
4194.358974 4137.435897 4204.615385 4175.384615 4221.025641 4213.333333 4204.615385 4172.307692 4177.435897 4226.666667 4148.205128 4250.769231 4152.307692 4211.282051
4196.410256 4133.846154 4201.538462 4174.871795 4221.025641 4214.871795 4205.128205 4172.820513 4177.948718 4225.128205 4137.435897 4243.589744 4146.153846 4210.256410
4197.948718 4147.179487 4194.871795 4178.974359 4218.461538 4215.897436 4206.666667 4183.076923 4184.102564 4224.615385 4135.384615 4244.102564 4150.256410 4208.717949
4180.512821 4133.846154 4179.487179 4163.076923 4222.051282 4206.153846 4192.307692 4173.333333 4178.974359 4222.051282 4128.717949 4242.564103 4145.641026 4203.589744
4173.846154 4118.461538 4170.256410 4151.794872 4218.974359 4198.461538 4183.076923 4160.512821 4170.256410 4220.000000 4123.076923 4236.410256 4138.974359 4202.564103
4181.025641 4113.846154 4170.769231 4157.948718 4222.564103 4201.025641 4188.717949 4162.564103 4168.205128 4224.102564 4125.641026 4236.923077 4145.641026 4205.641026
4170.256410 4096.923077 4158.974359 4148.205128 4223.076923 4204.102564 4190.769231 4167.692308 4176.923077 4224.102564 4125.128205 4238.974359 4152.820513 4205.128205
4156.923077 4079.487179 4144.102564 4127.692308 4218.974359 4200.512821 4177.948718 4158.974359 4178.461538 4222.051282 4117.948718 4236.410256 4146.153846 4204.615385
4167.692308 4084.615385 4148.205128 4133.846154 4222.564103 4197.435897 4175.897436 4156.410256 4173.846154 4224.615385 4116.410256 4235.897436 4143.076923 4208.717949
4173.846154 4096.410256 4152.820513 4151.282051 4221.538462 4201.538462 4189.230769 4167.692308 4181.025641 4224.615385 4120.512821 4237.435897 4150.256410 4208.205128
4166.153846 4093.846154 4143.076923 4141.538462 4223.589744 4202.564103 4188.717949 4165.128205 4186.153846 4222.051282 4122.051282 4235.897436 4150.769231 4207.179487
4160.000000 4081.025641 4128.717949 4121.538462 4220.512821 4192.307692 4180.000000 4156.923077 4182.051282 4223.589744 4117.948718 4225.641026 4143.589744 4205.128205
4151.794872 4054.871795 4116.410256 4108.717949 4217.948718 4185.128205 4177.948718 4154.871795 4172.820513 4225.641026 4112.820513 4213.333333 4135.384615 4197.948718
4150.769231 4055.897436 4109.743590 4108.205128 4225.128205 4186.666667 4176.410256 4148.205128 4166.153846 4225.641026 4108.717949 4211.794872 4133.333333 4193.333333
4153.333333 4074.358974 4105.641026 4117.948718 4222.051282 4187.179487 4180.000000 4149.743590 4171.282051 4226.153846 4106.153846 4208.717949 4129.230769 4187.179487
4149.230769 4061.025641 4101.025641 4114.871795 4222.051282 4185.641026 4182.564103 4152.307692 4171.794872 4226.153846 4101.025641 4201.025641 4120.512821 4178.461538
4144.615385 4052.820513 4090.769231 4103.589744 4224.102564 4181.538462 4174.871795 4147.692308 4170.769231 4222.564103 4094.358974 4196.923077 4122.051282 4173.846154
4145.128205 4066.153846 4082.051282 4107.179487 4217.948718 4177.948718 4165.641026 4146.666667 4173.846154 4221.538462 4091.794872 4192.820513 4125.641026 4171.282051
4152.820513 4067.692308 4083.589744 4116.923077 4221.025641 4180.000000 4164.102564 4143.589744 4169.230769 4225.641026 4094.358974 4192.820513 4122.051282 4167.179487
4156.923077 4065.641026 4084.102564 4117.948718 4218.974359 4184.615385 4169.230769 4143.076923 4169.743590 4226.153846 4102.564103 4194.871795 4136.923077 4162.564103
4152.307692 4075.897436 4081.025641 4116.923077 4217.948718 4182.564103 4171.282051 4142.564103 4173.846154 4222.564103 4100.512821 4192.820513 4148.717949 4164.615385
4152.307692 4076.923077 4081.025641 4118.461538 4222.051282 4181.538462 4171.282051 4138.974359 4167.692308 4222.564103 4091.282051 4187.179487 4136.923077 4170.769231
4164.102564 4067.179487 4080.000000 4120.000000 4220.000000 4185.641026 4175.384615 4143.589744 4168.717949 4225.128205 4094.871795 4189.230769 4135.384615 4177.435897
4173.333333 4070.769231 4082.051282 4126.153846 4222.564103 4187.179487 4177.948718 4148.717949 4174.871795 4226.153846 4098.974359 4193.333333 4141.025641 4182.051282
4172.307692 4082.564103 4082.051282 4130.256410 4220.512821 4184.615385 4177.435897 4149.230769 4176.410256 4223.076923 4095.384615 4186.153846 4143.589744 4177.948718
4165.128205 4080.000000 4075.384615 4127.179487 4218.974359 4183.076923 4174.358974 4143.589744 4169.230769 4223.589744 4088.205128 4176.410256 4143.589744 4170.256410
4169.743590 4073.333333 4071.794872 4127.692308 4222.051282 4183.076923 4171.794872 4135.897436 4163.589744 4227.179487 4082.564103 4171.282051 4138.461538 4162.051282
4175.384615 4082.051282 4066.153846 4127.179487 4220.512821 4178.461538 4165.128205 4131.794872 4165.128205 4225.641026 4075.384615 4164.615385 4129.743590 4154.871795
4158.461538 4078.461538 4052.820513 4115.384615 4223.076923 4172.820513 4157.948718 4123.076923 4156.923077 4222.564103 4065.128205 4157.435897 4116.923077 4150.769231
4140.000000 4058.974359 4038.974359 4104.615385 4219.487179 4176.410256 4158.461538 4120.512821 4151.282051 4223.076923 4056.923077 4148.205128 4108.717949 4142.564103
4143.589744 4055.384615 4036.410256 4108.717949 4217.435897 4182.051282 4160.000000 4125.641026 4154.358974 4225.641026 4052.820513 4145.641026 4110.256410 4132.307692
4159.487179 4065.641026 4040.512821 4116.923077 4222.051282 4182.564103 4163.589744 4130.769231 4159.487179 4225.641026 4053.846154 4149.743590 4121.025641 4130.256410
4167.179487 4072.307692 4037.435897 4116.923077 4218.461538 4181.538462 4167.179487 4135.897436 4166.153846 4223.589744 4054.358974 4149.743590 4129.743590 4130.769231
4168.717949 4091.282051 4034.358974 4120.512821 4223.076923 4185.128205 4167.692308 4138.461538 4169.743590 4223.589744 4051.282051 4151.794872 4128.717949 4127.179487
4176.923077 4098.974359 4035.897436 4132.307692 4221.538462 4186.666667 4173.846154 4144.102564 4175.897436 4223.076923 4053.333333 4156.923077 4133.846154 4121.538462
4185.128205 4076.923077 4037.435897 4138.461538 4216.410256 4186.666667 4180.000000 4144.615385 4174.871795 4224.615385 4053.333333 4155.897436 4142.051282 4117.948718
