4252.307692 4313.333333 4266.153846 4247.692308 4234.871795 4280.000000 4257.948718 4287.179487 4275.897436 4221.025641 4244.102564 4214.358974 4231.282051 4228.717949
4241.538462 4304.615385 4261.025641 4238.974359 4230.256410 4249.743590 4208.205128 4242.051282 4234.358974 4229.230769 4230.769231 4209.230769 4221.538462 4209.230769
4233.333333 4294.871795 4250.256410 4236.410256 4212.820513 4240.000000 4180.512821 4191.282051 4189.743590 4231.282051 4212.820513 4218.461538 4196.410256 4226.153846
4233.333333 4295.384615 4243.589744 4233.333333 4209.230769 4238.974359 4196.410256 4205.641026 4213.333333 4225.641026 4214.358974 4212.820513 4188.205128 4236.410256
4250.256410 4310.256410 4266.153846 4248.205128 4238.974359 4229.230769 4215.384615 4260.000000 4264.102564 4232.307692 4237.948718 4226.666667 4221.025641 4226.153846
4258.461538 4306.666667 4301.538462 4273.333333 4227.179487 4252.820513 4241.538462 4296.923077 4278.974359 4233.846154 4253.846154 4228.205128 4268.717949 4208.205128
4248.717949 4297.948718 4278.974359 4258.461538 4215.897436 4260.000000 4228.717949 4252.820513 4234.358974 4226.666667 4237.948718 4222.051282 4242.564103 4226.666667
4234.358974 4294.871795 4240.000000 4228.205128 4231.794872 4237.948718 4204.102564 4224.615385 4223.589744 4221.538462 4228.717949 4217.948718 4192.307692 4242.051282
4233.846154 4291.282051 4248.205128 4234.871795 4227.179487 4234.358974 4221.025641 4268.205128 4263.076923 4225.641026 4239.487179 4213.333333 4200.000000 4231.282051
4250.256410 4298.461538 4281.538462 4265.128205 4222.564103 4262.564103 4255.384615 4278.461538 4248.717949 4233.846154 4247.179487 4234.358974 4231.282051 4232.307692
4253.333333 4292.307692 4298.461538 4277.435897 4213.846154 4293.333333 4267.179487 4247.692308 4214.871795 4230.256410 4247.179487 4237.948718 4247.692308 4231.794872
4252.307692 4292.307692 4284.615385 4265.128205 4225.128205 4272.820513 4236.410256 4243.589744 4231.794872 4228.205128 4249.230769 4228.205128 4242.051282 4227.179487
4252.307692 4301.538462 4280.000000 4257.948718 4240.512821 4240.000000 4213.846154 4262.564103 4250.769231 4230.256410 4252.307692 4223.076923 4245.128205 4207.692308
4240.512821 4287.179487 4281.538462 4254.358974 4224.102564 4240.000000 4224.102564 4248.205128 4224.615385 4228.205128 4242.051282 4218.974359 4243.589744 4203.076923
4248.717949 4288.717949 4277.435897 4261.538462 4226.666667 4277.435897 4263.076923 4245.641026 4225.641026 4225.641026 4239.487179 4237.435897 4233.846154 4241.025641
4257.948718 4297.948718 4278.461538 4267.692308 4234.358974 4288.205128 4270.256410 4276.410256 4262.051282 4217.948718 4245.128205 4225.128205 4239.487179 4235.897436
4253.846154 4287.692308 4282.564103 4262.051282 4228.205128 4241.025641 4224.102564 4266.153846 4251.794872 4226.666667 4244.615385 4217.948718 4238.974359 4218.461538
4257.435897 4284.615385 4294.358974 4270.256410 4222.564103 4244.102564 4233.333333 4252.307692 4241.025641 4234.871795 4250.256410 4241.538462 4249.230769 4232.820513
4248.205128 4289.230769 4274.358974 4258.461538 4218.974359 4258.461538 4239.487179 4233.846154 4229.230769 4221.538462 4240.512821 4222.564103 4243.589744 4227.179487
4244.102564 4300.512821 4259.487179 4243.076923 4234.871795 4232.307692 4213.846154 4227.179487 4219.487179 4226.666667 4237.435897 4218.461538 4231.794872 4220.512821
4263.076923 4304.615385 4302.564103 4274.358974 4229.230769 4255.897436 4260.512821 4290.769231 4273.333333 4238.974359 4262.564103 4238.461538 4271.794872 4218.974359
4271.794872 4303.076923 4310.769231 4289.743590 4220.512821 4293.846154 4297.948718 4305.128205 4285.128205 4230.769231 4263.589744 4236.923077 4274.871795 4227.179487
4260.000000 4304.102564 4271.282051 4262.564103 4235.384615 4278.461538 4257.948718 4243.589744 4225.641026 4215.897436 4241.538462 4225.128205 4233.846154 4233.846154
4247.179487 4292.307692 4265.641026 4251.794872 4231.282051 4258.974359 4238.974359 4240.000000 4212.820513 4220.512821 4241.025641 4214.871795 4239.487179 4222.051282
4257.435897 4287.179487 4288.717949 4277.435897 4225.128205 4284.615385 4285.128205 4287.692308 4251.794872 4236.923077 4248.205128 4232.820513 4256.923077 4231.282051
4268.717949 4289.230769 4300.000000 4301.025641 4215.384615 4310.769231 4315.384615 4302.051282 4276.923077 4231.282051 4247.179487 4240.512821 4258.974359 4240.512821
4263.589744 4307.179487 4288.205128 4292.820513 4218.461538 4271.282051 4269.743590 4271.794872 4260.000000 4222.564103 4245.128205 4227.692308 4251.794872 4231.282051
4257.435897 4331.794872 4280.512821 4273.846154 4236.923077 4223.589744 4216.410256 4232.820513 4214.358974 4228.205128 4241.025641 4228.717949 4244.615385 4213.846154
4255.897436 4323.589744 4290.769231 4270.769231 4217.435897 4258.461538 4247.692308 4242.051282 4211.794872 4233.333333 4237.948718 4230.769231 4252.820513 4212.307692
4265.128205 4321.025641 4288.205128 4275.384615 4217.435897 4312.820513 4315.384615 4297.948718 4273.846154 4228.205128 4244.102564 4241.538462 4249.743590 4247.179487
4265.641026 4329.230769 4281.538462 4281.538462 4236.923077 4303.589744 4311.282051 4313.333333 4293.333333 4215.384615 4252.820513 4230.769231 4251.282051 4243.076923
4260.512821 4321.538462 4290.769231 4292.307692 4229.230769 4266.666667 4253.846154 4256.410256 4238.461538 4225.128205 4252.307692 4224.102564 4271.794872 4217.435897
4276.923077 4313.846154 4317.948718 4318.461538 4222.051282 4288.205128 4275.384615 4261.538462 4252.820513 4238.974359 4256.923077 4252.820513 4292.307692 4236.923077
4286.666667 4301.025641 4332.307692 4336.410256 4216.410256 4332.307692 4343.589744 4339.487179 4328.717949 4225.641026 4268.205128 4245.128205 4300.000000 4245.641026
4276.410256 4296.410256 4309.743590 4321.538462 4231.282051 4307.179487 4314.358974 4334.871795 4308.717949 4221.025641 4269.230769 4231.282051 4289.743590 4224.615385
4265.641026 4291.282051 4297.435897 4307.692308 4235.384615 4284.615385 4266.153846 4274.358974 4237.948718 4230.256410 4257.948718 4234.871795 4284.102564 4205.128205
4262.564103 4275.384615 4290.256410 4304.102564 4217.435897 4289.230769 4270.256410 4253.333333 4230.256410 4228.717949 4240.512821 4228.717949 4262.564103 4223.076923
4266.153846 4281.025641 4274.358974 4296.410256 4233.333333 4271.282051 4272.307692 4269.230769 4259.487179 4223.589744 4241.538462 4234.358974 4243.076923 4245.128205
4265.128205 4292.307692 4283.589744 4295.384615 4241.025641 4275.897436 4281.538462 4303.589744 4276.923077 4224.615385 4258.461538 4231.282051 4266.153846 4221.538462
4270.769231 4292.820513 4299.487179 4306.666667 4226.153846 4292.307692 4280.000000 4295.897436 4265.641026 4232.820513 4258.461538 4234.358974 4276.923077 4220.512821
4276.410256 4280.512821 4302.564103 4316.410256 4213.333333 4308.205128 4293.333333 4280.000000 4264.102564 4230.769231 4249.230769 4243.076923 4264.615385 4242.564103
4267.692308 4271.282051 4285.641026 4301.538462 4215.384615 4312.820513 4314.358974 4300.512821 4285.641026 4221.025641 4245.128205 4231.282051 4253.846154 4235.384615
4264.102564 4289.743590 4266.153846 4279.487179 4237.948718 4281.538462 4271.794872 4279.487179 4255.897436 4224.102564 4244.615385 4228.717949 4246.153846 4214.871795
4257.435897 4290.769231 4266.153846 4275.897436 4225.128205 4262.564103 4238.461538 4236.923077 4211.794872 4231.282051 4236.410256 4222.051282 4245.641026 4205.641026
4257.948718 4279.487179 4265.128205 4285.641026 4215.897436 4262.564103 4249.230769 4237.435897 4229.230769 4232.820513 4228.205128 4227.179487 4233.333333 4234.358974
4278.974359 4292.307692 4275.897436 4306.153846 4238.461538 4272.820513 4263.589744 4270.769231 4265.641026 4225.128205 4247.692308 4241.025641 4251.282051 4246.153846
4289.230769 4298.974359 4294.871795 4315.384615 4233.333333 4287.179487 4267.179487 4289.743590 4270.256410 4225.641026 4270.256410 4235.384615 4288.205128 4222.051282
4289.743590 4294.358974 4294.358974 4310.769231 4223.076923 4291.282051 4267.692308 4271.794872 4252.820513 4233.333333 4266.153846 4243.589744 4276.410256 4231.282051
4298.461538 4282.051282 4303.589744 4325.641026 4217.435897 4314.871795 4293.846154 4276.410256 4263.076923 4225.641026 4263.076923 4244.615385 4273.333333 4245.128205
4306.153846 4271.282051 4315.384615 4333.333333 4223.589744 4321.538462 4302.564103 4300.000000 4278.461538 4221.538462 4272.820513 4239.487179 4295.897436 4234.871795
4295.897436 4254.871795 4307.179487 4314.871795 4230.256410 4289.743590 4275.384615 4291.794872 4263.076923 4228.205128 4267.692308 4241.538462 4291.282051 4218.461538
4279.487179 4232.307692 4286.666667 4301.025641 4211.794872 4263.076923 4246.666667 4258.974359 4236.923077 4230.256410 4248.717949 4230.769231 4260.000000 4219.487179
4293.333333 4252.307692 4284.615385 4311.282051 4223.589744 4283.076923 4267.179487 4265.128205 4242.051282 4229.743590 4252.820513 4242.564103 4249.743590 4247.692308
4312.307692 4282.051282 4316.923077 4330.769231 4234.871795 4320.512821 4312.307692 4303.076923 4267.179487 4224.102564 4271.794872 4247.692308 4289.230769 4239.487179
4311.282051 4277.435897 4333.846154 4333.333333 4220.512821 4309.230769 4298.974359 4290.256410 4250.256410 4228.205128 4266.153846 4239.487179 4304.102564 4222.051282
4304.102564 4270.769231 4314.871795 4322.051282 4217.435897 4283.589744 4262.564103 4255.897436 4227.692308 4232.307692 4251.282051 4242.051282 4267.692308 4235.897436
4299.487179 4277.435897 4301.538462 4307.179487 4220.512821 4272.820513 4252.820513 4264.102564 4252.307692 4224.615385 4253.333333 4228.717949 4256.923077 4240.000000
4312.820513 4294.358974 4326.153846 4314.871795 4234.871795 4272.307692 4264.615385 4294.871795 4282.564103 4231.794872 4271.282051 4242.051282 4297.948718 4230.769231
4314.358974 4287.692308 4346.153846 4327.179487 4227.692308 4281.025641 4275.897436 4287.179487 4260.512821 4234.871795 4270.256410 4249.743590 4317.435897 4212.820513
4291.282051 4271.794872 4302.051282 4296.923077 4213.846154 4269.230769 4264.615385 4251.282051 4230.256410 4224.615385 4241.538462 4228.205128 4261.025641 4226.666667
4298.461538 4287.179487 4287.179487 4289.743590 4235.897436 4286.666667 4293.846154 4295.897436 4284.615385 4223.589744 4251.794872 4240.000000 4252.307692 4255.384615
4313.846154 4292.307692 4327.179487 4321.025641 4233.846154 4309.743590 4303.076923 4328.205128 4308.717949 4221.538462 4281.538462 4242.564103 4312.820513 4230.256410
4300.512821 4271.794872 4313.846154 4307.692308 4219.487179 4263.076923 4227.692308 4237.948718 4227.692308 4222.564103 4262.051282 4237.948718 4300.000000 4225.128205
4295.897436 4263.076923 4295.897436 4293.333333 4219.487179 4273.846154 4252.307692 4244.102564 4238.461538 4229.230769 4253.333333 4246.153846 4279.487179 4254.358974
4307.179487 4277.948718 4321.025641 4313.846154 4229.230769 4320.000000 4320.000000 4328.205128 4301.538462 4225.641026 4274.871795 4243.589744 4306.666667 4243.076923
4308.717949 4288.205128 4335.384615 4315.384615 4240.000000 4272.820513 4258.974359 4289.743590 4262.564103 4226.666667 4276.410256 4248.205128 4317.435897 4212.820513
4306.153846 4273.333333 4337.948718 4300.512821 4218.461538 4250.256410 4231.794872 4261.025641 4246.153846 4235.384615 4269.230769 4250.769231 4323.076923 4214.358974
4317.435897 4276.923077 4331.282051 4300.512821 4223.589744 4304.615385 4301.025641 4320.000000 4295.897436 4235.897436 4276.923077 4255.897436 4317.435897 4246.153846
4319.487179 4283.076923 4323.076923 4303.589744 4244.102564 4326.666667 4313.846154 4333.333333 4297.948718 4222.564103 4280.512821 4246.666667 4308.717949 4237.948718
4302.564103 4258.461538 4315.897436 4288.717949 4225.641026 4285.641026 4249.743590 4270.769231 4250.769231 4223.076923 4263.589744 4231.794872 4299.487179 4214.358974
4298.974359 4267.692308 4306.666667 4285.641026 4217.435897 4267.692308 4233.333333 4242.051282 4240.512821 4231.794872 4250.256410 4249.230769 4275.897436 4241.538462
4296.410256 4297.435897 4298.461538 4300.512821 4218.974359 4302.051282 4285.128205 4284.102564 4273.846154 4222.051282 4256.923077 4247.179487 4270.769231 4258.461538
4291.282051 4300.000000 4289.230769 4294.871795 4231.282051 4309.743590 4304.102564 4314.358974 4287.179487 4222.051282 4265.641026 4241.025641 4280.512821 4241.538462
4282.564103 4285.641026 4292.820513 4285.641026 4233.846154 4270.769231 4255.384615 4282.051282 4256.410256 4229.743590 4258.461538 4243.589744 4283.076923 4210.256410
4269.743590 4278.974359 4286.666667 4291.794872 4213.846154 4247.179487 4218.974359 4243.589744 4233.333333 4229.230769 4246.153846 4235.384615 4269.230769 4214.358974
4285.128205 4288.717949 4283.076923 4304.102564 4227.179487 4278.461538 4262.564103 4281.025641 4273.846154 4227.692308 4258.974359 4248.717949 4269.743590 4250.769231
4284.102564 4266.666667 4286.153846 4293.333333 4236.923077 4284.102564 4271.794872 4296.410256 4277.435897 4220.512821 4258.974359 4235.384615 4272.307692 4225.641026
4264.102564 4240.000000 4274.358974 4274.358974 4228.717949 4248.717949 4227.692308 4242.564103 4213.333333 4227.692308 4237.435897 4227.179487 4249.230769 4211.282051
4287.179487 4254.871795 4299.487179 4305.641026 4225.641026 4295.897436 4287.179487 4277.948718 4247.692308 4235.897436 4261.538462 4257.435897 4277.435897 4252.307692
4309.743590 4264.102564 4332.820513 4335.897436 4220.512821 4349.743590 4347.692308 4344.102564 4317.948718 4225.128205 4295.897436 4254.358974 4323.589744 4253.846154
4292.307692 4264.615385 4314.358974 4321.025641 4232.820513 4306.153846 4287.692308 4303.589744 4275.897436 4223.076923 4285.128205 4242.564103 4305.641026 4220.512821
4275.897436 4273.333333 4301.538462 4314.358974 4228.205128 4282.564103 4268.717949 4296.410256 4263.076923 4230.769231 4273.846154 4246.666667 4291.794872 4208.717949
4282.051282 4286.666667 4294.871795 4313.846154 4221.025641 4290.769231 4294.871795 4327.692308 4302.564103 4227.179487 4274.358974 4244.615385 4280.000000 4231.794872
4269.230769 4281.538462 4258.461538 4283.589744 4237.948718 4248.717949 4235.384615 4261.538462 4247.179487 4217.948718 4254.871795 4229.230769 4236.923077 4230.256410
4244.615385 4260.000000 4245.128205 4258.461538 4229.743590 4223.076923 4188.205128 4201.025641 4186.153846 4224.615385 4236.923077 4222.051282 4227.179487 4208.717949
4257.435897 4261.025641 4265.641026 4271.282051 4223.589744 4263.589744 4234.871795 4228.717949 4209.743590 4235.897436 4240.512821 4248.717949 4242.051282 4233.846154
4274.358974 4267.692308 4274.358974 4283.589744 4227.692308 4294.358974 4283.076923 4268.205128 4250.769231 4225.128205 4247.692308 4247.179487 4248.205128 4252.820513
4274.358974 4263.076923 4270.769231 4279.487179 4233.846154 4262.051282 4257.948718 4277.948718 4261.538462 4218.461538 4253.846154 4233.333333 4261.025641 4236.410256
4277.435897 4248.205128 4285.128205 4284.615385 4237.435897 4234.358974 4224.615385 4270.769231 4251.794872 4227.692308 4254.871795 4250.769231 4282.564103 4222.564103
4286.666667 4227.692308 4308.717949 4301.025641 4215.384615 4269.743590 4266.153846 4285.641026 4266.153846 4230.256410 4254.871795 4250.769231 4300.000000 4226.666667
4298.461538 4236.410256 4307.179487 4305.128205 4223.589744 4298.974359 4308.717949 4311.282051 4286.666667 4226.666667 4261.025641 4247.179487 4295.384615 4245.128205
4290.769231 4241.025641 4294.871795 4295.897436 4242.051282 4284.615385 4286.153846 4307.692308 4274.358974 4221.538462 4260.512821 4243.589744 4289.230769 4224.615385
4271.794872 4220.512821 4280.512821 4278.461538 4226.153846 4247.179487 4231.794872 4257.435897 4237.948718 4225.128205 4241.538462 4238.461538 4276.410256 4205.641026
4282.051282 4222.051282 4276.923077 4279.487179 4217.948718 4236.410256 4222.564103 4220.512821 4221.538462 4230.256410 4230.769231 4255.384615 4261.538462 4239.487179
4293.333333 4229.743590 4289.230769 4294.871795 4218.461538 4273.333333 4269.743590 4250.256410 4237.435897 4224.615385 4241.538462 4246.666667 4270.769231 4250.256410
4288.205128 4227.692308 4291.282051 4291.794872 4229.743590 4283.076923 4277.435897 4278.974359 4253.333333 4227.692308 4247.179487 4242.051282 4279.487179 4230.256410
4290.769231 4226.666667 4297.435897 4294.358974 4227.692308 4264.102564 4250.256410 4275.384615 4263.076923 4231.282051 4247.692308 4253.846154 4293.846154 4217.435897
4296.923077 4228.717949 4298.974359 4297.948718 4216.923077 4278.461538 4282.051282 4294.871795 4280.512821 4229.230769 4252.820513 4251.794872 4296.923077 4229.743590
4290.256410 4235.897436 4280.512821 4281.025641 4235.897436 4298.461538 4322.564103 4317.948718 4290.256410 4227.179487 4250.769231 4249.230769 4274.358974 4236.923077
4267.692308 4218.974359 4261.538462 4258.974359 4231.794872 4258.461538 4265.641026 4288.717949 4273.333333 4223.589744 4236.410256 4232.820513 4262.051282 4207.692308
4273.846154 4213.846154 4266.666667 4266.666667 4220.512821 4237.948718 4240.000000 4280.512821 4283.076923 4230.769231 4237.948718 4245.128205 4269.230769 4224.102564
4301.025641 4229.743590 4292.820513 4301.025641 4226.666667 4307.692308 4334.871795 4333.846154 4320.000000 4225.641026 4258.461538 4262.564103 4288.717949 4257.948718
4295.384615 4222.051282 4289.743590 4300.512821 4227.179487 4306.153846 4318.974359 4302.051282 4277.948718 4215.897436 4253.333333 4241.025641 4284.615385 4233.333333
4293.333333 4217.435897 4290.769231 4291.794872 4230.769231 4238.461538 4219.487179 4233.846154 4227.179487 4230.769231 4246.153846 4251.282051 4284.615385 4215.897436
4299.487179 4218.974359 4312.820513 4306.666667 4217.435897 4269.230769 4269.230769 4277.435897 4268.205128 4235.384615 4252.307692 4260.512821 4305.641026 4226.153846
4277.435897 4213.846154 4273.846154 4282.564103 4220.000000 4291.282051 4310.769231 4292.307692 4277.435897 4223.589744 4232.307692 4241.025641 4262.564103 4235.384615
4268.717949 4218.974359 4254.358974 4260.512821 4237.948718 4258.974359 4262.051282 4264.615385 4257.435897 4226.153846 4232.307692 4243.076923 4245.128205 4226.153846
4288.717949 4222.051282 4298.461538 4282.051282 4225.128205 4263.589744 4252.820513 4274.358974 4266.153846 4232.307692 4260.000000 4250.769231 4298.974359 4215.384615
4284.102564 4212.820513 4273.846154 4267.179487 4226.666667 4257.435897 4249.743590 4245.128205 4245.641026 4226.666667 4244.615385 4250.256410 4271.794872 4232.307692
4256.410256 4202.564103 4219.487179 4227.179487 4229.743590 4247.179487 4254.358974 4244.102564 4256.923077 4220.000000 4220.512821 4236.410256 4213.846154 4240.000000
4270.256410 4212.820513 4252.307692 4250.256410 4227.692308 4274.358974 4294.871795 4296.923077 4296.923077 4228.717949 4242.051282 4245.128205 4250.769231 4238.461538
4305.128205 4227.179487 4316.923077 4304.102564 4229.230769 4302.051282 4318.461538 4304.102564 4284.102564 4234.358974 4264.102564 4267.179487 4317.435897 4237.435897
4299.487179 4233.333333 4309.743590 4297.948718 4217.948718 4295.384615 4307.179487 4289.743590 4283.076923 4226.666667 4248.717949 4256.923077 4305.128205 4233.846154
4283.589744 4253.846154 4270.769231 4265.641026 4231.794872 4276.410256 4300.000000 4305.128205 4301.025641 4223.589744 4239.487179 4254.358974 4258.974359 4233.846154
4269.743590 4245.128205 4261.538462 4251.794872 4237.948718 4252.307692 4270.769231 4277.948718 4257.435897 4225.128205 4236.410256 4244.615385 4254.871795 4208.205128
4264.615385 4222.051282 4258.974359 4243.589744 4225.641026 4227.692308 4227.692308 4221.538462 4220.512821 4231.794872 4224.615385 4238.461538 4254.358974 4215.897436
4290.769231 4242.564103 4275.897436 4256.410256 4232.307692 4269.230769 4274.871795 4254.871795 4270.769231 4230.256410 4241.538462 4260.000000 4267.692308 4253.846154
4298.974359 4250.769231 4294.358974 4270.256410 4230.769231 4314.358974 4333.846154 4303.589744 4292.820513 4217.435897 4259.487179 4255.897436 4295.897436 4239.487179
4282.564103 4234.871795 4278.461538 4256.410256 4228.205128 4268.205128 4285.641026 4268.717949 4252.307692 4225.128205 4246.666667 4253.846154 4284.615385 4223.589744
4276.410256 4218.461538 4272.820513 4252.820513 4216.923077 4245.128205 4258.461538 4243.076923 4245.128205 4234.358974 4236.923077 4255.897436 4269.743590 4232.307692
4281.538462 4205.641026 4277.948718 4261.025641 4211.794872 4281.538462 4302.051282 4269.743590 4269.230769 4228.205128 4242.564103 4249.743590 4270.256410 4242.051282
4276.923077 4199.487179 4260.512821 4246.153846 4232.307692 4261.538462 4280.512821 4270.256410 4263.589744 4223.076923 4241.538462 4248.205128 4252.820513 4226.666667
4252.307692 4180.512821 4235.384615 4217.948718 4225.128205 4196.923077 4201.538462 4211.794872 4213.333333 4224.615385 4220.512821 4229.743590 4224.615385 4200.000000
4260.512821 4181.025641 4243.076923 4224.615385 4220.512821 4216.923077 4230.769231 4209.230769 4211.282051 4235.384615 4217.435897 4246.153846 4229.743590 4232.820513
4297.948718 4210.256410 4284.615385 4267.692308 4230.769231 4303.076923 4341.538462 4311.794872 4297.948718 4230.256410 4252.820513 4264.615385 4280.512821 4258.461538
4303.589744 4216.410256 4296.923077 4283.076923 4229.230769 4302.564103 4333.846154 4337.948718 4314.871795 4222.051282 4267.692308 4246.153846 4299.487179 4230.769231
4286.153846 4203.076923 4284.102564 4267.179487 4226.666667 4264.615385 4273.846154 4264.615385 4246.666667 4230.256410 4246.666667 4250.256410 4274.871795 4222.051282
4268.205128 4189.743590 4263.076923 4244.615385 4212.307692 4269.230769 4272.820513 4231.794872 4228.205128 4226.666667 4229.743590 4245.641026 4249.230769 4229.743590
4263.589744 4199.487179 4232.307692 4222.564103 4224.102564 4247.692308 4252.820513 4234.358974 4242.564103 4222.051282 4231.794872 4236.410256 4229.230769 4235.384615
4280.000000 4217.435897 4262.051282 4243.076923 4237.948718 4248.205128 4260.000000 4267.179487 4265.641026 4230.769231 4260.000000 4248.717949 4271.794872 4225.641026
4284.615385 4213.846154 4293.846154 4261.538462 4220.000000 4269.230769 4291.794872 4292.307692 4280.512821 4231.282051 4266.153846 4250.769231 4299.487179 4217.948718
4260.512821 4206.153846 4237.948718 4223.076923 4224.102564 4228.205128 4250.256410 4235.384615 4235.384615 4218.974359 4229.230769 4244.102564 4225.641026 4229.743590
4238.974359 4196.923077 4201.538462 4199.487179 4230.769231 4203.076923 4215.897436 4204.615385 4210.769231 4217.948718 4216.410256 4229.743590 4190.769231 4225.128205
4250.769231 4197.948718 4233.333333 4225.128205 4227.692308 4230.256410 4243.076923 4238.974359 4229.230769 4234.358974 4236.410256 4240.000000 4226.666667 4224.102564
4272.820513 4206.666667 4271.282051 4255.384615 4221.538462 4267.692308 4288.717949 4269.743590 4251.794872 4237.435897 4249.230769 4259.487179 4259.487179 4235.897436
4284.615385 4214.871795 4286.666667 4269.230769 4216.410256 4297.435897 4315.897436 4292.307692 4283.076923 4226.666667 4257.948718 4254.871795 4285.641026 4240.000000
4282.051282 4227.692308 4266.153846 4252.307692 4236.410256 4272.307692 4279.487179 4278.974359 4269.230769 4224.615385 4253.333333 4250.256410 4268.205128 4229.743590
4251.794872 4214.358974 4233.333333 4217.435897 4229.743590 4224.615385 4240.000000 4257.948718 4241.025641 4227.179487 4231.282051 4236.410256 4223.076923 4207.692308
4257.948718 4216.410256 4248.717949 4236.410256 4216.410256 4255.384615 4287.179487 4291.794872 4284.102564 4232.820513 4236.923077 4248.717949 4237.435897 4235.384615
4290.769231 4243.076923 4278.461538 4280.512821 4229.743590 4309.743590 4332.820513 4310.256410 4303.589744 4221.538462 4252.820513 4264.615385 4277.435897 4257.435897
4265.128205 4228.205128 4242.564103 4255.384615 4228.717949 4255.897436 4251.794872 4230.256410 4216.923077 4211.282051 4221.538462 4232.820513 4238.461538 4219.487179
4244.615385 4209.230769 4225.128205 4232.820513 4224.615385 4200.512821 4187.692308 4188.205128 4181.538462 4231.794872 4208.205128 4238.974359 4207.179487 4217.435897
4257.435897 4208.205128 4254.871795 4255.384615 4213.333333 4243.076923 4245.128205 4237.435897 4230.256410 4233.846154 4224.615385 4251.282051 4236.923077 4235.384615
4254.871795 4210.256410 4235.384615 4249.743590 4219.487179 4250.256410 4263.076923 4244.102564 4237.948718 4222.051282 4220.000000 4238.974359 4223.076923 4236.410256
4267.692308 4228.205128 4249.230769 4267.179487 4245.128205 4239.487179 4249.230769 4261.538462 4264.102564 4230.256410 4240.512821 4255.897436 4248.205128 4230.769231
4281.538462 4228.205128 4294.871795 4296.923077 4231.282051 4259.487179 4270.769231 4301.025641 4301.538462 4231.794872 4261.025641 4257.435897 4300.000000 4219.487179
4267.692308 4219.487179 4265.641026 4269.743590 4225.128205 4261.025641 4289.230769 4290.256410 4286.153846 4223.076923 4235.384615 4248.717949 4249.743590 4234.871795
4255.897436 4225.128205 4238.461538 4251.282051 4234.871795 4269.743590 4303.076923 4286.666667 4284.615385 4218.461538 4224.615385 4244.102564 4217.435897 4241.025641
4259.487179 4225.641026 4263.076923 4266.666667 4230.256410 4260.512821 4271.282051 4270.769231 4270.256410 4226.153846 4239.487179 4246.153846 4258.461538 4229.230769
4268.205128 4221.025641 4282.051282 4281.025641 4222.564103 4249.230769 4244.615385 4241.538462 4246.153846 4230.769231 4243.589744 4260.000000 4281.025641 4232.307692
4253.333333 4211.794872 4252.307692 4263.076923 4209.230769 4254.358974 4261.025641 4240.000000 4247.692308 4220.512821 4227.179487 4242.051282 4241.538462 4234.358974
4237.435897 4216.410256 4221.538462 4236.923077 4227.179487 4230.256410 4252.307692 4246.666667 4250.769231 4226.153846 4214.871795 4240.000000 4202.051282 4232.307692
4255.384615 4228.717949 4263.076923 4264.102564 4236.410256 4238.461538 4257.435897 4281.025641 4280.000000 4240.000000 4241.025641 4260.512821 4254.871795 4218.974359
4270.256410 4235.384615 4284.615385 4287.692308 4217.435897 4270.769231 4278.461538 4291.282051 4287.692308 4233.846154 4250.256410 4251.282051 4285.641026 4221.538462
4250.256410 4235.384615 4225.128205 4247.179487 4230.256410 4239.487179 4249.230769 4236.410256 4233.846154 4217.948718 4213.333333 4233.846154 4206.153846 4236.923077
4235.897436 4224.615385 4216.410256 4224.615385 4237.435897 4216.410256 4231.794872 4230.769231 4228.717949 4218.461538 4215.384615 4231.794872 4190.256410 4222.564103
4256.923077 4222.051282 4273.333333 4253.846154 4225.128205 4249.230769 4250.256410 4257.435897 4249.743590 4234.871795 4255.384615 4256.410256 4260.512821 4220.000000
4261.538462 4215.897436 4280.512821 4258.974359 4214.871795 4262.564103 4249.230769 4233.333333 4228.717949 4232.820513 4251.282051 4260.000000 4269.743590 4230.256410
4246.153846 4203.589744 4245.641026 4233.846154 4217.435897 4236.923077 4233.846154 4230.256410 4238.974359 4225.641026 4233.846154 4243.076923 4234.358974 4226.666667
4250.769231 4209.743590 4246.666667 4231.794872 4236.410256 4226.153846 4242.564103 4269.743590 4265.128205 4231.794872 4249.230769 4253.333333 4243.589744 4218.461538
4241.538462 4202.564103 4252.307692 4233.846154 4223.589744 4214.871795 4230.256410 4250.256410 4225.641026 4230.256410 4238.974359 4244.102564 4252.307692 4203.589744
4219.487179 4196.923077 4208.205128 4215.897436 4218.974359 4182.051282 4188.717949 4192.820513 4195.897436 4225.128205 4200.512821 4233.846154 4192.820513 4223.589744
4234.871795 4220.512821 4210.769231 4236.923077 4238.974359 4207.179487 4221.025641 4229.743590 4248.717949 4224.102564 4211.794872 4246.666667 4192.820513 4245.128205
4266.666667 4236.410256 4269.230769 4280.512821 4235.384615 4253.333333 4274.358974 4287.692308 4273.846154 4226.666667 4245.128205 4249.743590 4272.307692 4228.205128
4267.179487 4233.333333 4274.871795 4275.384615 4226.666667 4244.102564 4258.461538 4259.487179 4236.923077 4230.256410 4234.358974 4257.435897 4278.461538 4223.589744
4241.025641 4218.461538 4242.564103 4247.179487 4212.307692 4238.461538 4245.128205 4223.076923 4219.487179 4223.076923 4207.179487 4246.153846 4231.794872 4232.307692
4241.025641 4223.589744 4233.846154 4243.589744 4221.025641 4231.282051 4254.358974 4237.948718 4238.974359 4223.076923 4207.179487 4243.076923 4225.128205 4240.000000
4261.538462 4236.410256 4262.051282 4264.615385 4238.461538 4217.435897 4255.897436 4273.333333 4268.717949 4234.358974 4229.743590 4259.487179 4266.666667 4223.076923
4248.205128 4220.000000 4260.000000 4264.615385 4216.923077 4229.743590 4258.974359 4265.128205 4256.923077 4233.333333 4224.102564 4247.179487 4262.051282 4209.230769
4228.717949 4214.358974 4212.820513 4233.846154 4218.974359 4230.769231 4252.307692 4222.564103 4218.461538 4224.102564 4196.410256 4239.487179 4198.974359 4234.871795
4229.743590 4217.435897 4205.128205 4220.512821 4233.846154 4209.230769 4235.897436 4226.666667 4227.692308 4219.487179 4197.435897 4237.435897 4197.435897 4230.256410
4236.923077 4213.846154 4237.435897 4236.410256 4229.230769 4202.564103 4226.666667 4242.564103 4240.512821 4231.794872 4212.820513 4246.153846 4242.051282 4214.358974
4240.512821 4214.358974 4246.153846 4249.230769 4219.487179 4232.820513 4252.307692 4235.384615 4224.102564 4236.410256 4211.794872 4258.974359 4242.564103 4229.743590
4243.589744 4216.923077 4232.307692 4245.128205 4216.410256 4249.230769 4274.358974 4248.205128 4248.717949 4224.102564 4208.717949 4246.153846 4224.102564 4238.461538
4258.974359 4230.769231 4245.128205 4252.820513 4237.435897 4227.692308 4241.025641 4256.923077 4278.461538 4225.128205 4224.615385 4251.794872 4248.717949 4231.282051
4253.333333 4222.564103 4267.692308 4261.025641 4227.179487 4206.153846 4199.487179 4230.256410 4239.487179 4230.769231 4230.256410 4248.717949 4275.897436 4206.153846
4229.743590 4204.102564 4237.948718 4228.205128 4210.769231 4193.846154 4195.384615 4209.743590 4207.179487 4230.769231 4205.641026 4237.948718 4232.820513 4213.333333
4238.974359 4220.000000 4211.794872 4203.589744 4234.358974 4214.358974 4241.538462 4248.717949 4252.820513 4223.076923 4200.512821 4247.179487 4198.974359 4246.153846
4253.333333 4228.205128 4236.923077 4220.000000 4233.333333 4238.974359 4271.282051 4276.410256 4270.256410 4216.410256 4220.000000 4237.435897 4235.897436 4232.307692
4252.307692 4219.487179 4255.897436 4234.358974 4222.051282 4228.717949 4247.692308 4236.410256 4217.435897 4228.717949 4221.025641 4245.128205 4249.230769 4226.153846
4256.410256 4222.051282 4257.435897 4238.974359 4216.923077 4251.794872 4272.820513 4250.256410 4236.410256 4231.794872 4216.410256 4259.487179 4236.410256 4244.615385
4263.076923 4231.282051 4255.897436 4239.487179 4220.512821 4269.743590 4295.897436 4291.794872 4284.615385 4222.564103 4225.128205 4247.179487 4245.128205 4241.538462
4257.948718 4231.282051 4255.897436 4237.948718 4236.923077 4219.487179 4227.692308 4247.692308 4242.564103 4225.641026 4229.230769 4243.589744 4256.923077 4212.820513
4234.358974 4207.179487 4240.000000 4218.974359 4222.564103 4175.384615 4166.153846 4181.538462 4189.230769 4230.769231 4209.230769 4233.846154 4231.794872 4194.358974
4225.641026 4204.102564 4203.076923 4195.384615 4222.051282 4184.615385 4192.307692 4190.769231 4202.051282 4229.230769 4192.307692 4234.358974 4184.102564 4223.589744
4241.025641 4227.179487 4213.846154 4211.794872 4242.051282 4226.666667 4258.974359 4267.179487 4260.512821 4223.076923 4215.384615 4244.102564 4208.717949 4232.820513
4252.307692 4226.666667 4250.769231 4236.410256 4231.282051 4235.897436 4259.487179 4287.179487 4283.589744 4224.615385 4235.897436 4246.153846 4257.435897 4217.435897
4256.923077 4216.410256 4255.384615 4242.051282 4216.923077 4222.051282 4227.179487 4237.435897 4247.692308 4230.256410 4226.153846 4258.974359 4248.717949 4231.282051
4242.564103 4211.794872 4228.205128 4227.692308 4212.307692 4218.974359 4218.974359 4211.794872 4221.538462 4222.564103 4208.717949 4243.589744 4217.435897 4233.846154
4226.666667 4216.410256 4204.102564 4203.076923 4229.743590 4197.948718 4202.051282 4209.743590 4218.461538 4223.076923 4205.128205 4233.846154 4202.051282 4224.615385
4240.512821 4221.538462 4237.948718 4216.410256 4234.871795 4218.461538 4228.717949 4236.923077 4234.358974 4232.820513 4224.102564 4253.846154 4237.435897 4222.564103
4265.128205 4230.256410 4280.000000 4252.307692 4217.435897 4269.743590 4288.717949 4295.897436 4281.538462 4234.358974 4245.128205 4261.025641 4276.410256 4232.307692
4256.923077 4244.102564 4250.256410 4238.974359 4231.282051 4244.102564 4262.051282 4291.794872 4285.128205 4223.076923 4234.358974 4246.153846 4242.051282 4230.769231
4218.461538 4223.589744 4203.076923 4195.384615 4236.410256 4178.461538 4183.076923 4220.000000 4221.538462 4215.897436 4207.179487 4216.410256 4193.333333 4205.128205
4218.461538 4208.717949 4205.641026 4193.846154 4228.205128 4179.487179 4172.820513 4190.256410 4194.871795 4229.743590 4205.641026 4230.769231 4193.333333 4223.076923
4234.871795 4215.897436 4221.025641 4210.256410 4223.076923 4220.512821 4211.282051 4213.846154 4224.102564 4230.769231 4216.410256 4250.769231 4207.179487 4246.153846
4220.000000 4206.153846 4209.743590 4194.871795 4212.820513 4215.897436 4211.794872 4220.512821 4232.307692 4222.051282 4208.717949 4232.307692 4196.410256 4226.666667
4222.564103 4209.743590 4217.435897 4198.974359 4227.179487 4200.000000 4202.564103 4217.948718 4221.025641 4231.794872 4208.717949 4243.589744 4196.923077 4221.025641
4233.333333 4213.846154 4238.461538 4228.205128 4221.025641 4222.051282 4219.487179 4225.128205 4221.025641 4234.871795 4211.794872 4249.743590 4211.282051 4221.538462
4225.641026 4208.205128 4214.871795 4222.051282 4214.871795 4225.641026 4220.000000 4223.589744 4218.461538 4229.230769 4200.512821 4235.384615 4181.025641 4225.128205
4230.769231 4222.564103 4209.230769 4217.435897 4238.461538 4214.358974 4223.589744 4249.743590 4244.615385 4227.179487 4211.794872 4237.435897 4177.948718 4226.153846
4245.641026 4232.820513 4249.743590 4249.230769 4233.846154 4226.666667 4242.564103 4280.512821 4274.871795 4226.666667 4234.871795 4240.512821 4230.256410 4215.897436
4230.769231 4220.000000 4227.179487 4242.051282 4219.487179 4205.641026 4190.769231 4210.769231 4217.435897 4225.128205 4205.128205 4238.974359 4200.512821 4218.974359
4184.102564 4188.205128 4147.179487 4180.000000 4213.846154 4142.051282 4098.461538 4108.205128 4142.051282 4217.435897 4152.307692 4214.871795 4107.179487 4217.948718
4185.128205 4191.282051 4153.333333 4175.897436 4224.615385 4128.717949 4106.666667 4135.897436 4170.256410 4228.717949 4170.256410 4221.025641 4121.538462 4225.128205
4243.589744 4233.846154 4254.871795 4256.410256 4234.358974 4211.794872 4214.871795 4251.282051 4248.717949 4245.641026 4234.871795 4265.128205 4238.974359 4229.743590
4252.307692 4236.410256 4264.102564 4269.230769 4215.897436 4264.102564 4254.871795 4260.000000 4243.589744 4232.820513 4231.282051 4248.205128 4246.153846 4218.461538
4224.102564 4221.538462 4190.769231 4213.846154 4225.128205 4229.230769 4217.435897 4207.179487 4212.820513 4221.538462 4198.461538 4225.128205 4158.461538 4233.846154
4222.051282 4222.564103 4201.538462 4220.000000 4237.435897 4209.230769 4210.769231 4226.153846 4233.333333 4225.641026 4215.384615 4232.307692 4174.358974 4224.615385
4228.205128 4219.487179 4233.333333 4246.153846 4222.051282 4204.615385 4204.615385 4225.641026 4224.102564 4231.794872 4224.615385 4236.410256 4212.307692 4207.179487
4226.153846 4203.076923 4201.025641 4224.615385 4222.564103 4195.897436 4192.820513 4183.589744 4193.846154 4225.128205 4200.000000 4238.974359 4168.205128 4231.282051
4224.102564 4181.025641 4187.692308 4213.333333 4224.102564 4199.487179 4204.102564 4201.538462 4211.282051 4216.923077 4196.923077 4225.641026 4157.948718 4236.923077
4242.051282 4187.692308 4241.025641 4249.230769 4231.282051 4210.256410 4226.666667 4264.102564 4259.487179 4232.307692 4227.179487 4240.512821 4221.025641 4224.615385
4265.128205 4200.000000 4296.923077 4292.307692 4224.102564 4232.307692 4241.025641 4271.794872 4266.153846 4236.923077 4253.333333 4261.025641 4278.461538 4221.025641
4250.769231 4188.205128 4261.538462 4275.897436 4212.820513 4218.974359 4201.538462 4198.461538 4202.051282 4220.000000 4234.871795 4239.487179 4247.179487 4227.692308
4214.358974 4177.948718 4184.615385 4225.128205 4238.974359 4166.666667 4148.205128 4155.897436 4160.512821 4217.435897 4203.589744 4222.564103 4171.282051 4223.589744
4202.564103 4172.307692 4186.666667 4218.974359 4236.410256 4162.564103 4168.205128 4195.384615 4194.871795 4229.230769 4205.641026 4223.589744 4171.282051 4203.589744
4227.179487 4180.000000 4230.769231 4246.153846 4215.384615 4209.230769 4215.897436 4208.717949 4211.282051 4234.871795 4220.512821 4246.153846 4211.282051 4226.153846
4244.102564 4195.384615 4237.435897 4256.923077 4221.538462 4257.948718 4255.897436 4213.333333 4211.794872 4225.128205 4226.153846 4249.743590 4224.102564 4246.153846
4211.794872 4180.512821 4190.256410 4217.435897 4231.282051 4225.641026 4233.846154 4223.589744 4220.512821 4217.948718 4203.589744 4216.923077 4180.512821 4215.897436
4185.128205 4154.358974 4166.153846 4186.153846 4229.230769 4143.076923 4148.205128 4170.256410 4180.512821 4229.230769 4180.512821 4222.051282 4145.128205 4201.025641
4208.205128 4160.512821 4216.923077 4221.025641 4209.230769 4177.435897 4165.128205 4157.948718 4172.307692 4236.410256 4203.076923 4242.051282 4193.333333 4222.564103
4230.769231 4197.948718 4223.589744 4235.897436 4221.025641 4244.615385 4235.897436 4209.230769 4214.871795 4229.743590 4220.512821 4237.948718 4199.487179 4242.564103
4217.435897 4213.333333 4192.820513 4213.333333 4242.051282 4214.871795 4235.897436 4249.230769 4246.153846 4222.051282 4210.256410 4226.153846 4164.102564 4221.538462
4212.307692 4201.025641 4214.358974 4221.025641 4227.179487 4176.923077 4201.538462 4244.102564 4241.025641 4225.128205 4212.820513 4228.717949 4192.820513 4207.692308
4233.333333 4211.282051 4238.461538 4249.743590 4225.641026 4213.846154 4200.512821 4201.025641 4206.153846 4228.205128 4226.666667 4250.769231 4228.717949 4237.948718
4212.820513 4206.153846 4201.538462 4228.717949 4227.692308 4229.230769 4202.051282 4174.358974 4182.564103 4217.435897 4213.333333 4227.692308 4196.410256 4229.230769
4168.205128 4175.384615 4153.333333 4178.461538 4225.641026 4144.615385 4141.025641 4149.230769 4160.512821 4221.538462 4182.564103 4208.205128 4137.435897 4203.076923
4184.615385 4179.487179 4187.692308 4194.358974 4221.538462 4136.923077 4145.641026 4155.384615 4168.205128 4239.487179 4191.794872 4241.538462 4161.025641 4214.358974
4231.794872 4207.692308 4247.179487 4247.179487 4210.769231 4233.333333 4233.846154 4212.307692 4218.461538 4238.974359 4227.692308 4254.871795 4230.256410 4234.358974
4243.076923 4214.358974 4248.717949 4255.384615 4231.794872 4249.230769 4266.153846 4264.102564 4256.923077 4227.692308 4241.025641 4246.153846 4237.948718 4232.307692
4216.923077 4182.564103 4226.666667 4230.256410 4233.846154 4198.974359 4236.410256 4271.282051 4261.025641 4224.102564 4223.589744 4229.230769 4211.794872 4197.948718
4207.692308 4164.615385 4217.435897 4219.487179 4214.358974 4187.692308 4203.076923 4210.256410 4213.333333 4232.820513 4201.538462 4231.794872 4194.358974 4204.102564
4224.615385 4184.615385 4221.025641 4231.282051 4220.512821 4220.512821 4216.410256 4180.000000 4177.435897 4230.769231 4204.615385 4246.666667 4196.410256 4241.538462
4219.487179 4184.615385 4217.435897 4228.717949 4227.692308 4227.179487 4241.538462 4227.692308 4216.410256 4219.487179 4216.923077 4232.307692 4203.589744 4231.794872
4204.615385 4171.794872 4206.153846 4215.384615 4231.282051 4190.769231 4218.974359 4247.692308 4244.615385 4226.153846 4211.794872 4234.871795 4194.871795 4213.846154
4205.128205 4171.794872 4220.000000 4222.051282 4217.435897 4191.794872 4211.282051 4216.923077 4212.820513 4232.820513 4202.564103 4242.564103 4200.512821 4217.435897
4207.692308 4182.564103 4216.923077 4229.230769 4214.871795 4205.641026 4217.435897 4194.871795 4195.384615 4228.717949 4202.051282 4235.384615 4201.538462 4228.717949
4201.538462 4192.307692 4193.333333 4223.589744 4242.051282 4186.153846 4201.538462 4214.358974 4228.717949 4225.641026 4206.666667 4232.307692 4184.615385 4217.435897
4196.923077 4183.589744 4206.153846 4231.794872 4231.794872 4185.641026 4208.717949 4235.384615 4243.076923 4230.256410 4209.743590 4224.615385 4192.820513 4196.923077
4207.692308 4187.179487 4216.410256 4241.025641 4219.487179 4209.230769 4226.666667 4201.025641 4201.538462 4231.794872 4204.615385 4233.333333 4190.256410 4224.615385
4202.564103 4189.743590 4187.692308 4224.615385 4226.153846 4206.666667 4210.769231 4161.025641 4168.717949 4218.461538 4191.282051 4228.205128 4157.435897 4240.000000
4201.538462 4191.794872 4194.358974 4233.846154 4224.102564 4201.538462 4211.282051 4194.871795 4200.512821 4224.102564 4203.076923 4229.230769 4173.333333 4230.769231
4220.512821 4204.615385 4243.076923 4269.743590 4221.538462 4219.487179 4234.871795 4227.692308 4228.717949 4236.923077 4225.641026 4257.948718 4230.769231 4230.256410
4195.897436 4188.717949 4216.410256 4241.538462 4208.205128 4197.435897 4203.589744 4175.384615 4181.538462 4227.179487 4198.461538 4237.435897 4199.487179 4218.974359
4178.461538 4187.179487 4169.230769 4206.666667 4223.589744 4169.230769 4191.794872 4172.307692 4177.948718 4228.205128 4185.128205 4225.128205 4149.743590 4224.615385
4206.666667 4210.769231 4216.923077 4247.692308 4244.102564 4202.051282 4245.641026 4257.435897 4251.794872 4234.358974 4227.692308 4242.051282 4214.871795 4217.435897
4198.974359 4198.461538 4228.205128 4251.282051 4224.102564 4202.051282 4236.410256 4240.000000 4234.358974 4227.692308 4218.974359 4232.307692 4224.102564 4204.102564
4170.256410 4184.615385 4167.692308 4204.615385 4218.974359 4174.871795 4198.461538 4159.487179 4162.051282 4222.564103 4173.846154 4230.769231 4137.948718 4229.230769
4180.000000 4194.871795 4171.794872 4216.410256 4226.153846 4192.820513 4231.282051 4198.974359 4204.102564 4224.102564 4187.692308 4232.820513 4150.256410 4236.923077
4207.179487 4206.666667 4223.589744 4255.897436 4232.307692 4194.871795 4249.230769 4272.820513 4284.102564 4233.333333 4221.025641 4241.025641 4214.871795 4223.076923
4203.589744 4197.435897 4233.333333 4254.871795 4220.512821 4181.538462 4210.769231 4229.743590 4244.102564 4231.794872 4211.282051 4242.051282 4212.307692 4213.333333
4180.512821 4182.051282 4189.230769 4224.102564 4209.230769 4173.333333 4171.794872 4137.948718 4154.358974 4222.564103 4181.538462 4224.102564 4165.128205 4219.487179
4186.666667 4193.846154 4173.333333 4215.384615 4238.461538 4162.564103 4173.333333 4140.000000 4161.025641 4226.666667 4187.692308 4233.846154 4162.051282 4227.179487
4201.025641 4199.487179 4218.974359 4236.923077 4236.410256 4178.974359 4208.205128 4214.871795 4224.102564 4232.307692 4220.000000 4238.974359 4224.102564 4208.717949
4196.923077 4192.820513 4226.153846 4236.923077 4215.384615 4200.000000 4219.487179 4218.974359 4225.641026 4231.794872 4218.974359 4235.897436 4233.333333 4221.025641
4187.179487 4194.358974 4187.692308 4216.410256 4222.051282 4206.666667 4228.717949 4193.846154 4207.179487 4222.051282 4201.538462 4237.948718 4188.205128 4244.615385
4182.051282 4191.282051 4181.538462 4207.692308 4228.205128 4192.820513 4226.666667 4207.179487 4210.256410 4217.948718 4200.512821 4229.230769 4182.564103 4223.076923
4197.435897 4197.435897 4218.461538 4227.692308 4229.743590 4182.564103 4198.974359 4208.717949 4203.589744 4231.282051 4208.205128 4244.102564 4212.307692 4215.384615
4211.794872 4202.564103 4248.717949 4255.384615 4212.307692 4220.000000 4230.769231 4223.589744 4222.051282 4232.307692 4215.897436 4249.230769 4235.897436 4230.256410
4211.794872 4205.641026 4234.871795 4252.307692 4217.435897 4233.846154 4270.769231 4256.923077 4257.435897 4224.615385 4220.000000 4239.487179 4228.205128 4235.897436
4213.846154 4211.794872 4231.794872 4242.564103 4238.461538 4195.897436 4221.538462 4246.153846 4257.435897 4224.615385 4223.076923 4240.000000 4232.307692 4214.871795
4210.256410 4203.589744 4242.564103 4244.615385 4219.487179 4170.256410 4152.820513 4184.615385 4213.333333 4226.153846 4215.384615 4234.358974 4237.948718 4206.153846
4219.487179 4212.307692 4238.974359 4258.461538 4217.435897 4208.205128 4214.871795 4212.820513 4228.205128 4230.769231 4217.435897 4248.205128 4224.102564 4243.589744
4215.384615 4210.769231 4217.435897 4254.358974 4228.205128 4237.948718 4282.051282 4280.512821 4274.358974 4222.051282 4217.435897 4235.897436 4207.179487 4232.820513
4192.307692 4189.230769 4198.974359 4230.769231 4221.025641 4184.102564 4182.051282 4198.974359 4210.769231 4222.564103 4198.461538 4220.512821 4192.307692 4202.564103
4207.179487 4197.435897 4235.897436 4252.307692 4215.384615 4182.564103 4153.333333 4138.974359 4159.487179 4236.923077 4206.666667 4249.743590 4224.102564 4227.692308
4219.487179 4204.615385 4251.794872 4269.230769 4212.307692 4234.358974 4255.897436 4215.384615 4212.307692 4231.282051 4218.461538 4245.128205 4239.487179 4240.000000
4201.538462 4197.948718 4207.692308 4232.307692 4233.333333 4197.435897 4226.153846 4222.564103 4221.025641 4221.538462 4200.000000 4227.179487 4189.230769 4218.974359
4198.461538 4190.769231 4211.794872 4227.692308 4234.358974 4157.435897 4138.974359 4174.358974 4189.743590 4226.666667 4200.000000 4232.820513 4194.358974 4199.487179
4217.435897 4198.974359 4245.128205 4257.948718 4217.435897 4199.487179 4193.846154 4212.820513 4215.384615 4233.846154 4218.461538 4242.051282 4238.974359 4220.000000
4226.666667 4228.717949 4237.948718 4257.435897 4234.358974 4240.512821 4268.717949 4261.025641 4250.256410 4226.666667 4220.512821 4242.564103 4230.256410 4243.076923
4205.641026 4235.897436 4212.307692 4230.256410 4236.410256 4202.564103 4214.358974 4236.923077 4245.128205 4219.487179 4208.205128 4220.512821 4202.051282 4214.358974
4192.820513 4223.589744 4203.589744 4222.051282 4225.641026 4152.820513 4147.692308 4197.948718 4224.615385 4231.282051 4197.435897 4233.846154 4189.743590 4207.692308
4219.487179 4224.615385 4242.051282 4257.948718 4215.384615 4208.205128 4213.846154 4224.102564 4237.435897 4235.384615 4212.307692 4263.589744 4225.641026 4241.538462
4240.000000 4237.435897 4263.589744 4272.820513 4215.384615 4255.384615 4260.000000 4250.769231 4257.435897 4224.102564 4233.846154 4251.794872 4259.487179 4246.153846
4210.256410 4233.333333 4212.820513 4222.051282 4238.461538 4174.871795 4172.307692 4209.230769 4226.666667 4220.512821 4215.897436 4228.717949 4210.769231 4207.692308
4188.717949 4203.589744 4204.615385 4208.205128 4225.641026 4141.538462 4148.717949 4198.974359 4207.692308 4232.820513 4200.512821 4230.256410 4191.282051 4194.358974
4227.692308 4201.538462 4253.333333 4255.897436 4213.846154 4223.589744 4232.820513 4234.358974 4229.230769 4237.948718 4222.051282 4257.435897 4241.538462 4241.538462
4238.974359 4210.256410 4250.256410 4259.487179 4232.307692 4254.871795 4258.974359 4249.743590 4250.769231 4219.487179 4233.333333 4250.256410 4252.820513 4249.743590
4198.461538 4187.179487 4203.076923 4214.358974 4230.256410 4198.974359 4202.051282 4227.692308 4241.025641 4213.846154 4209.230769 4219.487179 4209.230769 4213.846154
4182.564103 4169.230769 4185.128205 4199.487179 4222.564103 4179.487179 4171.282051 4186.666667 4198.461538 4228.205128 4189.230769 4232.820513 4175.897436 4218.974359
4195.384615 4175.384615 4205.641026 4213.333333 4214.871795 4219.487179 4212.820513 4201.538462 4207.692308 4228.717949 4198.461538 4243.076923 4190.769231 4236.923077
4218.974359 4198.974359 4238.461538 4229.230769 4225.641026 4226.153846 4240.512821 4264.615385 4274.358974 4229.230769 4226.666667 4246.666667 4231.794872 4233.846154
4223.076923 4197.435897 4248.717949 4233.333333 4232.820513 4198.461538 4218.974359 4272.307692 4276.410256 4230.769231 4233.846154 4245.128205 4245.128205 4205.128205
4203.076923 4170.769231 4226.666667 4218.974359 4215.897436 4190.769231 4211.282051 4226.666667 4221.025641 4227.179487 4213.333333 4231.794872 4208.205128 4203.076923
4215.897436 4182.051282 4225.641026 4223.076923 4225.128205 4212.820513 4230.256410 4220.000000 4216.923077 4228.205128 4220.000000 4246.153846 4206.666667 4240.512821
4234.871795 4194.358974 4248.205128 4243.589744 4229.230769 4240.512821 4252.820513 4258.974359 4260.000000 4226.153846 4244.102564 4244.615385 4254.358974 4233.333333
4220.512821 4179.487179 4236.410256 4236.410256 4220.512821 4218.461538 4234.358974 4254.871795 4265.641026 4227.179487 4231.794872 4234.358974 4241.025641 4216.923077
4203.589744 4166.666667 4209.230769 4216.923077 4217.435897 4173.846154 4177.948718 4188.717949 4214.358974 4225.641026 4201.538462 4237.435897 4191.282051 4229.743590
4200.000000 4162.051282 4197.948718 4207.179487 4212.307692 4165.128205 4147.179487 4152.307692 4177.435897 4222.564103 4196.410256 4229.743590 4182.564103 4230.769231
4208.717949 4175.897436 4208.717949 4210.769231 4234.358974 4176.923077 4176.410256 4197.435897 4207.692308 4232.307692 4220.512821 4242.051282 4208.205128 4222.051282
4221.025641 4183.076923 4246.153846 4232.307692 4232.820513 4197.948718 4223.589744 4257.948718 4257.435897 4235.897436 4240.512821 4250.256410 4253.846154 4209.743590
4231.282051 4183.076923 4254.358974 4240.512821 4216.923077 4223.076923 4235.897436 4251.282051 4248.205128 4229.230769 4235.384615 4247.692308 4260.000000 4226.666667
4231.794872 4192.307692 4235.384615 4230.769231 4228.717949 4246.666667 4255.384615 4260.000000 4253.846154 4222.051282 4230.256410 4251.794872 4236.923077 4240.512821
4226.153846 4188.717949 4249.230769 4236.923077 4227.179487 4246.666667 4280.512821 4308.205128 4295.897436 4225.128205 4241.538462 4244.615385 4256.410256 4218.974359
4228.205128 4182.564103 4254.871795 4241.025641 4224.102564 4222.051282 4253.846154 4273.333333 4258.461538 4232.307692 4237.435897 4245.641026 4254.871795 4218.461538
4206.666667 4168.717949 4211.282051 4208.205128 4217.435897 4193.333333 4203.076923 4194.871795 4192.820513 4221.538462 4204.615385 4233.846154 4195.384615 4227.692308
4187.179487 4160.000000 4183.076923 4181.025641 4212.307692 4167.179487 4169.230769 4177.435897 4197.435897 4223.076923 4193.846154 4226.666667 4177.948718 4231.282051
4220.000000 4182.564103 4237.948718 4218.974359 4223.076923 4189.743590 4196.410256 4218.461538 4229.230769 4242.051282 4238.974359 4253.846154 4254.871795 4228.717949
4237.435897 4194.358974 4275.897436 4244.102564 4216.410256 4221.538462 4229.230769 4240.512821 4232.820513 4237.948718 4263.589744 4249.743590 4288.717949 4215.384615
4222.564103 4201.538462 4235.384615 4215.897436 4224.615385 4214.871795 4234.358974 4244.102564 4238.461538 4226.666667 4244.102564 4241.025641 4233.333333 4233.333333
4218.974359 4205.641026 4214.871795 4204.102564 4234.871795 4231.794872 4262.564103 4272.307692 4267.692308 4221.538462 4237.948718 4237.435897 4221.025641 4233.333333
4200.512821 4181.538462 4198.461538 4187.179487 4225.128205 4210.256410 4224.102564 4227.692308 4229.230769 4219.487179 4222.564103 4220.512821 4206.666667 4205.641026
4191.794872 4173.333333 4190.256410 4182.051282 4222.051282 4176.410256 4189.230769 4177.948718 4196.410256 4228.205128 4208.205128 4235.897436 4179.487179 4225.641026
4215.897436 4192.307692 4223.589744 4216.410256 4214.358974 4227.179487 4266.666667 4246.666667 4258.461538 4228.205128 4228.205128 4244.615385 4216.923077 4251.282051
4227.179487 4205.128205 4231.794872 4221.538462 4228.717949 4235.897436 4277.948718 4282.051282 4281.025641 4224.102564 4237.948718 4239.487179 4234.871795 4232.820513
4223.589744 4197.435897 4245.128205 4218.461538 4233.333333 4189.743590 4210.769231 4239.487179 4237.948718 4229.230769 4232.307692 4243.076923 4241.538462 4202.051282
4230.769231 4190.256410 4265.641026 4234.871795 4212.307692 4201.025641 4221.025641 4232.820513 4228.205128 4236.923077 4230.256410 4244.102564 4255.897436 4214.871795
4233.846154 4200.000000 4235.384615 4223.076923 4229.230769 4227.179487 4267.179487 4262.564103 4255.897436 4230.256410 4224.102564 4243.076923 4226.153846 4245.128205
4221.538462 4197.948718 4211.794872 4202.564103 4238.974359 4209.230769 4251.282051 4261.538462 4263.076923 4216.923077 4220.000000 4229.230769 4208.205128 4232.820513
4229.230769 4191.794872 4238.461538 4219.487179 4222.564103 4190.256410 4216.410256 4224.615385 4233.333333 4224.615385 4226.666667 4245.128205 4235.384615 4228.717949
4233.333333 4183.076923 4244.102564 4224.102564 4213.846154 4196.923077 4216.923077 4197.948718 4206.153846 4226.153846 4220.512821 4252.307692 4231.282051 4236.923077
4207.179487 4173.846154 4198.461538 4185.641026 4219.487179 4177.435897 4210.769231 4202.051282 4207.692308 4218.461538 4196.923077 4226.153846 4174.871795 4230.256410
4221.538462 4208.717949 4218.974359 4202.051282 4237.435897 4187.692308 4231.794872 4254.871795 4250.769231 4232.307692 4218.461538 4245.641026 4198.974359 4228.717949
4250.256410 4232.307692 4280.512821 4252.307692 4223.076923 4240.512821 4271.794872 4280.000000 4265.641026 4236.923077 4256.410256 4254.871795 4278.974359 4215.384615
4236.410256 4217.435897 4249.230769 4230.769231 4217.435897 4234.358974 4252.307692 4224.102564 4214.871795 4224.615385 4235.384615 4232.820513 4244.615385 4228.205128
4228.205128 4219.487179 4220.000000 4205.641026 4237.948718 4210.769231 4235.897436 4220.512821 4211.282051 4222.051282 4224.102564 4236.410256 4211.282051 4241.025641
4247.692308 4229.743590 4271.282051 4235.897436 4228.717949 4223.076923 4261.025641 4281.538462 4271.794872 4231.282051 4259.487179 4247.179487 4280.000000 4219.487179
4265.128205 4228.717949 4298.974359 4258.461538 4219.487179 4231.794872 4271.794872 4278.974359 4282.051282 4233.333333 4268.205128 4259.487179 4308.205128 4232.307692
4263.589744 4220.512821 4286.666667 4256.923077 4214.871795 4242.051282 4277.435897 4254.871795 4258.461538 4222.051282 4255.384615 4252.307692 4289.743590 4254.358974
4262.564103 4224.615385 4286.666667 4253.333333 4221.025641 4228.717949 4266.153846 4270.256410 4262.564103 4223.076923 4263.076923 4246.153846 4302.051282 4238.974359
4263.589744 4221.538462 4299.487179 4253.333333 4229.230769 4198.974359 4239.487179 4268.717949 4252.820513 4231.794872 4267.692308 4258.461538 4318.974359 4213.333333
4261.025641 4194.871795 4300.512821 4254.871795 4210.256410 4209.230769 4245.128205 4246.153846 4231.794872 4229.743590 4255.897436 4254.358974 4314.358974 4220.000000
4264.102564 4191.794872 4282.564103 4247.179487 4221.025641 4220.512821 4254.871795 4243.589744 4236.923077 4225.641026 4254.358974 4252.307692 4296.410256 4244.615385
4255.384615 4195.897436 4271.282051 4234.358974 4237.948718 4211.794872 4256.923077 4273.846154 4261.025641 4223.076923 4260.512821 4245.641026 4292.307692 4226.153846
4250.256410 4187.692308 4274.871795 4235.897436 4226.666667 4210.769231 4248.205128 4267.692308 4249.230769 4226.153846 4253.333333 4246.153846 4296.410256 4216.410256
4266.666667 4189.230769 4289.743590 4254.358974 4218.974359 4230.769231 4253.333333 4246.153846 4233.846154 4230.769231 4252.307692 4265.641026 4302.564103 4244.102564
4271.282051 4192.307692 4297.435897 4263.589744 4215.384615 4255.897436 4288.717949 4282.564103 4262.051282 4226.666667 4265.641026 4260.000000 4315.897436 4246.153846
4255.384615 4192.307692 4273.333333 4244.102564 4230.256410 4231.282051 4256.923077 4271.794872 4252.307692 4224.102564 4262.564103 4254.358974 4298.974359 4229.230769
4232.820513 4178.974359 4254.358974 4223.076923 4227.692308 4186.153846 4188.205128 4209.230769 4214.358974 4227.692308 4247.179487 4248.717949 4276.410256 4217.948718
4241.538462 4177.435897 4266.153846 4231.794872 4215.384615 4185.128205 4203.076923 4227.692308 4238.461538 4230.769231 4252.307692 4247.179487 4283.076923 4233.333333
4261.538462 4189.743590 4273.333333 4248.205128 4232.820513 4214.358974 4258.974359 4288.717949 4276.410256 4226.666667 4265.128205 4258.974359 4286.666667 4242.051282
4246.666667 4173.333333 4266.153846 4242.564103 4227.692308 4216.410256 4255.384615 4275.897436 4255.897436 4223.589744 4251.282051 4249.743590 4271.794872 4217.948718
4255.384615 4175.897436 4288.205128 4257.948718 4218.461538 4221.025641 4255.897436 4258.461538 4247.692308 4234.871795 4253.846154 4265.641026 4288.205128 4234.358974
4287.692308 4196.923077 4320.000000 4287.692308 4218.461538 4263.589744 4307.179487 4300.000000 4283.589744 4231.282051 4274.871795 4275.897436 4325.641026 4254.871795
4268.205128 4185.641026 4285.128205 4259.487179 4218.974359 4240.000000 4269.230769 4270.256410 4258.461538 4218.461538 4254.871795 4246.666667 4296.410256 4230.256410
4241.025641 4171.794872 4258.461538 4230.256410 4230.769231 4176.410256 4195.384615 4214.358974 4217.948718 4226.666667 4235.897436 4248.717949 4265.128205 4215.897436
4252.820513 4170.256410 4291.794872 4253.846154 4215.897436 4202.051282 4235.897436 4260.000000 4256.410256 4234.871795 4254.871795 4259.487179 4301.538462 4225.641026
4271.282051 4183.076923 4295.897436 4265.641026 4218.974359 4252.307692 4291.794872 4305.641026 4293.333333 4233.333333 4268.205128 4263.076923 4310.256410 4245.641026
4260.512821 4186.666667 4273.333333 4250.256410 4240.000000 4241.538462 4270.256410 4287.179487 4284.615385 4224.102564 4263.076923 4255.384615 4290.769231 4227.692308
4230.769231 4155.384615 4251.794872 4225.128205 4225.128205 4195.897436 4214.358974 4235.897436 4242.564103 4220.512821 4241.538462 4236.410256 4268.205128 4207.179487
4235.384615 4148.205128 4245.128205 4222.564103 4217.948718 4197.948718 4227.692308 4215.384615 4214.358974 4230.256410 4229.230769 4253.846154 4248.717949 4241.025641
4270.256410 4175.897436 4285.641026 4268.717949 4221.025641 4252.307692 4295.897436 4268.717949 4261.025641 4228.717949 4257.435897 4266.153846 4289.230769 4254.358974
4283.589744 4189.743590 4313.846154 4291.282051 4228.205128 4234.871795 4270.256410 4295.384615 4296.923077 4226.153846 4276.410256 4262.051282 4324.615385 4232.307692
4268.717949 4178.974359 4303.589744 4266.153846 4225.641026 4191.282051 4226.153846 4260.512821 4261.538462 4229.743590 4258.974359 4260.512821 4304.615385 4214.871795
4258.974359 4172.307692 4289.743590 4251.282051 4211.794872 4208.717949 4270.769231 4261.538462 4250.769231 4231.282051 4247.692308 4253.846154 4281.538462 4225.128205
4275.897436 4189.743590 4297.948718 4266.666667 4228.717949 4219.487179 4283.076923 4297.435897 4293.846154 4232.307692 4267.692308 4263.076923 4297.435897 4241.025641
4274.358974 4188.205128 4316.410256 4272.820513 4230.256410 4191.794872 4211.794872 4264.615385 4269.230769 4226.666667 4278.974359 4258.974359 4324.102564 4216.923077
4257.435897 4181.538462 4302.051282 4256.923077 4219.487179 4183.076923 4183.589744 4193.333333 4194.871795 4225.641026 4265.128205 4260.000000 4304.615385 4218.974359
4266.153846 4197.435897 4285.641026 4257.948718 4229.230769 4224.102564 4250.769231 4231.282051 4235.897436 4225.641026 4268.717949 4272.307692 4290.256410 4247.692308
4269.743590 4199.487179 4290.256410 4268.205128 4226.666667 4240.000000 4281.538462 4301.025641 4303.076923 4222.564103 4281.538462 4256.410256 4302.051282 4234.871795
4261.538462 4192.820513 4298.461538 4276.410256 4225.128205 4207.179487 4231.282051 4255.384615 4245.641026 4229.230769 4275.897436 4262.051282 4302.564103 4222.051282
4260.000000 4190.769231 4305.641026 4295.384615 4214.358974 4212.820513 4222.564103 4206.666667 4197.435897 4231.282051 4268.205128 4272.307692 4308.205128 4230.769231
4268.205128 4203.589744 4291.282051 4301.025641 4217.948718 4238.974359 4266.666667 4256.410256 4259.487179 4227.692308 4268.717949 4264.102564 4300.512821 4246.666667
4265.128205 4209.743590 4278.974359 4289.743590 4243.589744 4224.615385 4273.333333 4307.692308 4308.717949 4224.102564 4275.897436 4255.897436 4288.717949 4229.743590
4246.666667 4179.487179 4282.564103 4276.923077 4229.743590 4190.256410 4231.282051 4273.846154 4261.538462 4226.666667 4270.256410 4247.692308 4297.435897 4202.051282
4260.000000 4175.384615 4295.384615 4284.615385 4217.435897 4216.410256 4244.102564 4244.615385 4231.282051 4233.846154 4267.692308 4273.846154 4311.282051 4235.384615
4277.948718 4192.307692 4299.487179 4293.333333 4221.025641 4268.205128 4306.153846 4293.846154 4287.692308 4220.512821 4275.897436 4275.384615 4314.358974 4255.897436
4252.307692 4176.923077 4262.564103 4254.358974 4225.128205 4210.256410 4256.923077 4283.589744 4280.000000 4213.846154 4260.512821 4240.512821 4275.897436 4226.666667
4230.769231 4160.000000 4241.538462 4218.974359 4227.692308 4152.307692 4182.564103 4202.564103 4192.820513 4230.256410 4239.487179 4248.205128 4247.179487 4214.871795
4243.076923 4163.076923 4266.153846 4233.846154 4213.333333 4205.641026 4237.435897 4212.820513 4197.435897 4235.897436 4248.205128 4266.153846 4275.897436 4229.743590
4273.333333 4188.717949 4287.692308 4261.025641 4228.205128 4256.923077 4316.923077 4308.717949 4302.564103 4231.282051 4278.461538 4276.923077 4316.410256 4248.717949
4281.025641 4195.384615 4288.717949 4263.076923 4239.487179 4236.410256 4297.948718 4333.333333 4331.282051 4221.025641 4290.256410 4264.615385 4336.410256 4222.051282
4251.282051 4164.615385 4252.820513 4227.692308 4217.948718 4182.051282 4225.641026 4243.589744 4238.974359 4218.974359 4255.897436 4246.666667 4287.692308 4208.717949
4250.769231 4165.128205 4232.307692 4220.000000 4220.000000 4194.871795 4240.512821 4219.487179 4213.333333 4224.615385 4241.538462 4262.564103 4240.512821 4251.794872
4273.333333 4181.538462 4259.487179 4247.179487 4224.102564 4238.461538 4283.589744 4278.461538 4267.179487 4219.487179 4265.128205 4255.384615 4271.282051 4249.743590
4275.384615 4177.435897 4273.846154 4248.717949 4224.102564 4204.615385 4234.358974 4255.384615 4249.743590 4224.615385 4271.282051 4251.282051 4291.282051 4219.487179
4277.948718 4168.205128 4281.025641 4248.205128 4218.974359 4193.846154 4221.538462 4216.923077 4220.000000 4235.384615 4265.641026 4271.282051 4292.307692 4227.179487
4292.820513 4168.717949 4281.538462 4255.897436 4215.384615 4238.461538 4276.923077 4249.743590 4245.641026 4229.743590 4267.179487 4268.205128 4296.923077 4244.102564
4305.128205 4178.461538 4271.794872 4252.307692 4235.897436 4226.153846 4263.076923 4270.256410 4252.820513 4225.128205 4271.794872 4262.051282 4299.487179 4230.256410
4303.589744 4169.743590 4281.538462 4252.307692 4228.205128 4183.076923 4210.256410 4250.256410 4243.076923 4228.205128 4273.333333 4256.923077 4313.846154 4203.589744
4297.948718 4157.948718 4266.153846 4238.461538 4216.923077 4181.538462 4198.974359 4212.820513 4219.487179 4228.205128 4255.897436 4260.512821 4281.538462 4225.641026
4294.358974 4159.487179 4234.871795 4216.923077 4226.666667 4192.820513 4204.615385 4200.000000 4208.717949 4221.025641 4245.641026 4260.512821 4241.025641 4246.666667
4312.820513 4169.230769 4263.076923 4236.923077 4223.589744 4204.102564 4224.102564 4250.769231 4267.179487 4226.666667 4272.820513 4258.974359 4285.641026 4233.333333
4343.589744 4190.256410 4313.333333 4277.435897 4223.076923 4231.282051 4264.102564 4294.871795 4298.974359 4239.487179 4295.897436 4281.025641 4339.487179 4233.846154
4340.512821 4195.384615 4315.897436 4281.538462 4213.333333 4259.487179 4283.589744 4278.461538 4263.076923 4230.256410 4288.205128 4276.923077 4332.307692 4240.000000
4324.102564 4196.410256 4277.435897 4253.333333 4220.512821 4224.615385 4235.897436 4234.358974 4234.358974 4219.487179 4276.410256 4261.025641 4297.435897 4237.435897
4312.307692 4194.358974 4252.307692 4229.230769 4235.897436 4157.948718 4180.000000 4210.769231 4226.153846 4224.102564 4264.615385 4259.487179 4277.948718 4217.435897
4315.897436 4192.307692 4276.410256 4245.128205 4217.435897 4170.769231 4196.410256 4225.641026 4233.333333 4234.358974 4266.153846 4264.615385 4298.974359 4222.051282
4349.743590 4220.512821 4315.897436 4286.153846 4217.435897 4235.384615 4248.205128 4262.564103 4263.589744 4234.358974 4293.846154 4285.128205 4334.358974 4255.897436
4342.564103 4224.102564 4295.384615 4271.282051 4226.153846 4230.256410 4243.589744 4278.974359 4276.923077 4220.512821 4295.384615 4266.666667 4322.564103 4230.256410
4308.717949 4198.461538 4254.358974 4231.794872 4224.102564 4176.923077 4198.461538 4256.923077 4258.974359 4227.179487 4271.794872 4253.846154 4286.153846 4210.769231
4323.076923 4208.717949 4283.076923 4262.051282 4217.948718 4198.974359 4213.333333 4241.025641 4249.230769 4237.948718 4278.461538 4281.025641 4306.153846 4238.974359
4339.487179 4236.923077 4304.615385 4294.871795 4206.666667 4241.538462 4245.641026 4237.435897 4236.923077 4225.641026 4287.692308 4272.307692 4332.820513 4240.512821
4333.333333 4258.461538 4286.666667 4284.615385 4230.769231 4235.897436 4257.948718 4266.153846 4249.743590 4226.153846 4290.256410 4265.641026 4335.384615 4223.589744
4317.948718 4245.128205 4275.897436 4269.230769 4234.358974 4212.307692 4247.692308 4280.512821 4263.589744 4229.743590 4282.051282 4262.564103 4327.179487 4206.153846
4304.102564 4224.615385 4253.846154 4250.256410 4211.794872 4168.205128 4183.589744 4208.205128 4219.487179 4224.615385 4253.846154 4256.923077 4283.589744 4226.153846
4327.179487 4250.769231 4268.205128 4265.128205 4228.205128 4183.076923 4192.307692 4203.589744 4225.641026 4225.641026 4269.230769 4275.897436 4298.461538 4254.871795
4347.179487 4264.615385 4307.179487 4294.358974 4235.384615 4236.923077 4264.615385 4280.512821 4278.974359 4225.128205 4303.589744 4269.743590 4361.025641 4229.743590
4332.307692 4243.076923 4296.923077 4284.102564 4223.589744 4215.384615 4238.974359 4258.974359 4252.820513 4227.179487 4290.256410 4266.666667 4342.564103 4217.435897
4318.974359 4229.743590 4286.153846 4278.461538 4209.230769 4199.487179 4210.769231 4221.025641 4224.102564 4230.256410 4270.769231 4276.923077 4314.871795 4236.923077
4323.076923 4240.512821 4288.717949 4283.076923 4213.333333 4227.179487 4253.333333 4260.000000 4255.897436 4231.282051 4276.410256 4273.333333 4329.230769 4242.564103
4323.589744 4250.256410 4285.128205 4276.923077 4241.025641 4217.435897 4258.461538 4286.666667 4275.384615 4230.769231 4286.666667 4270.256410 4336.410256 4218.974359
4309.230769 4227.179487 4287.692308 4271.794872 4231.282051 4195.384615 4228.205128 4271.282051 4260.512821 4227.179487 4285.128205 4256.923077 4330.256410 4195.897436
4297.435897 4211.794872 4262.051282 4252.307692 4221.538462 4190.256410 4215.897436 4235.384615 4229.230769 4224.102564 4263.589744 4256.923077 4286.666667 4224.102564
4297.948718 4220.000000 4247.179487 4234.871795 4232.820513 4202.564103 4237.948718 4240.512821 4240.000000 4222.051282 4262.051282 4265.641026 4273.333333 4245.641026
4310.256410 4224.615385 4289.743590 4257.435897 4229.743590 4215.897436 4258.461538 4287.692308 4281.538462 4231.282051 4292.820513 4274.358974 4335.897436 4225.641026
4322.564103 4217.948718 4320.000000 4284.615385 4221.025641 4220.512821 4252.307692 4282.051282 4267.692308 4235.897436 4299.487179 4286.666667 4365.641026 4222.564103
4312.307692 4201.025641 4297.435897 4271.794872 4209.743590 4225.641026 4256.923077 4245.128205 4234.358974 4222.051282 4278.461538 4270.256410 4330.256410 4234.871795
4305.128205 4205.641026 4275.897436 4252.307692 4226.153846 4211.794872 4254.358974 4244.102564 4240.000000 4225.128205 4274.871795 4266.153846 4305.128205 4236.410256
4311.282051 4213.333333 4301.538462 4266.153846 4235.897436 4197.948718 4238.974359 4262.564103 4252.820513 4238.974359 4291.282051 4278.974359 4336.923077 4213.333333
4314.871795 4205.128205 4317.948718 4277.435897 4218.974359 4201.025641 4238.974359 4260.512821 4253.333333 4234.871795 4295.384615 4273.333333 4353.333333 4211.794872
4316.410256 4207.179487 4287.179487 4263.589744 4230.769231 4220.000000 4259.487179 4252.307692 4257.435897 4224.615385 4284.102564 4275.897436 4312.820513 4243.076923
4306.666667 4202.051282 4266.666667 4252.820513 4232.307692 4235.897436 4282.051282 4272.307692 4267.692308 4220.512821 4277.948718 4267.179487 4295.897436 4232.820513
4311.794872 4198.461538 4292.307692 4269.743590 4222.051282 4215.384615 4271.794872 4292.820513 4273.846154 4232.307692 4290.769231 4273.846154 4325.641026 4216.923077
4333.333333 4205.641026 4327.179487 4296.923077 4218.974359 4214.358974 4256.923077 4276.410256 4268.205128 4235.897436 4305.641026 4289.230769 4354.871795 4231.282051
4325.128205 4196.923077 4307.179487 4284.102564 4211.794872 4222.564103 4234.358974 4220.512821 4229.743590 4224.102564 4291.282051 4267.179487 4332.820513 4233.333333
4310.769231 4196.923077 4280.000000 4263.076923 4227.179487 4191.282051 4203.076923 4187.179487 4193.846154 4229.743590 4281.025641 4269.230769 4307.692308 4222.051282
4316.410256 4202.564103 4314.358974 4283.589744 4225.641026 4197.435897 4228.205128 4228.205128 4217.435897 4240.000000 4300.000000 4284.615385 4346.666667 4209.743590
4307.179487 4192.820513 4295.384615 4269.230769 4216.923077 4192.307692 4219.487179 4217.948718 4214.358974 4228.717949 4284.615385 4272.307692 4322.564103 4220.000000
4276.923077 4180.512821 4215.897436 4209.743590 4234.358974 4142.564103 4168.205128 4161.538462 4171.282051 4214.871795 4242.564103 4254.871795 4227.692308 4227.692308
4291.282051 4182.051282 4250.769231 4232.820513 4231.282051 4179.487179 4231.282051 4221.025641 4217.435897 4230.256410 4263.589744 4268.205128 4260.512821 4226.153846
4351.794872 4213.333333 4355.384615 4321.025641 4220.000000 4264.615385 4325.128205 4307.692308 4295.384615 4244.615385 4320.000000 4306.153846 4375.384615 4247.179487
4354.358974 4235.384615 4350.769231 4327.179487 4212.307692 4262.051282 4298.974359 4282.564103 4283.076923 4224.615385 4315.897436 4289.743590 4377.948718 4247.692308
4313.846154 4238.461538 4281.025641 4269.230769 4224.615385 4210.256410 4245.641026 4236.410256 4235.897436 4218.461538 4280.000000 4259.487179 4303.589744 4229.743590
4306.153846 4236.410256 4282.564103 4256.923077 4236.923077 4187.692308 4235.897436 4227.692308 4219.487179 4232.820513 4276.410256 4272.820513 4298.461538 4214.358974
4310.769231 4219.487179 4302.564103 4268.205128 4209.743590 4171.794872 4202.564103 4197.435897 4210.769231 4233.333333 4278.461538 4275.384615 4325.641026 4211.794872
4318.461538 4229.743590 4284.615385 4271.794872 4215.897436 4179.487179 4203.076923 4194.871795 4227.179487 4229.743590 4280.512821 4281.025641 4311.794872 4246.666667
4326.153846 4250.256410 4297.948718 4292.820513 4243.076923 4220.512821 4269.230769 4268.205128 4285.641026 4225.641026 4301.538462 4285.641026 4326.153846 4244.102564
4325.641026 4243.076923 4324.102564 4308.205128 4233.846154 4215.897436 4271.282051 4283.076923 4292.307692 4226.666667 4309.743590 4283.076923 4352.820513 4216.923077
4327.179487 4234.871795 4313.333333 4298.461538 4217.948718 4205.128205 4244.102564 4225.128205 4240.512821 4229.230769 4295.384615 4290.769231 4331.282051 4238.974359
4321.025641 4232.307692 4294.871795 4281.025641 4209.743590 4230.256410 4271.282051 4229.230769 4238.974359 4224.102564 4291.794872 4276.410256 4311.794872 4253.846154
4321.025641 4239.487179 4302.051282 4275.897436 4228.205128 4216.923077 4271.282051 4261.025641 4263.076923 4230.256410 4305.641026 4276.923077 4323.589744 4234.871795
4323.589744 4235.897436 4323.076923 4285.641026 4224.102564 4191.794872 4237.948718 4233.846154 4238.974359 4235.384615 4308.717949 4286.666667 4343.076923 4216.923077
4317.435897 4226.153846 4306.153846 4276.410256 4207.179487 4203.589744 4236.410256 4202.564103 4211.282051 4230.769231 4287.692308 4281.538462 4326.666667 4231.282051
4325.128205 4240.512821 4287.179487 4265.641026 4233.333333 4222.564103 4259.487179 4229.230769 4238.461538 4225.128205 4284.102564 4284.102564 4308.205128 4245.641026
4325.128205 4239.487179 4300.000000 4271.794872 4234.358974 4213.333333 4248.205128 4233.846154 4249.743590 4221.025641 4297.435897 4271.282051 4320.000000 4224.102564
4314.358974 4227.179487 4299.487179 4269.230769 4216.410256 4194.871795 4221.538462 4196.410256 4228.717949 4230.256410 4293.846154 4279.487179 4319.487179 4234.358974
4316.410256 4229.230769 4295.384615 4267.692308 4215.897436 4227.179487 4261.538462 4224.102564 4261.538462 4228.205128 4293.846154 4291.794872 4327.692308 4254.871795
4306.666667 4223.076923 4273.846154 4250.256410 4222.051282 4223.076923 4257.435897 4232.307692 4265.128205 4215.897436 4289.743590 4267.692308 4320.512821 4237.435897
4294.358974 4215.897436 4259.487179 4234.871795 4233.846154 4169.743590 4191.282051 4182.051282 4215.384615 4228.205128 4281.538462 4271.794872 4312.307692 4222.051282
4301.025641 4210.256410 4288.717949 4252.307692 4215.897436 4190.256410 4218.974359 4202.564103 4228.717949 4238.461538 4292.307692 4283.076923 4349.230769 4218.974359
4299.487179 4209.230769 4270.769231 4240.000000 4215.384615 4204.102564 4244.102564 4230.256410 4262.564103 4227.692308 4288.717949 4274.871795 4328.205128 4232.820513
4277.948718 4204.102564 4220.000000 4202.051282 4237.435897 4157.435897 4193.846154 4196.410256 4235.897436 4221.538462 4270.769231 4265.641026 4274.871795 4230.256410
4273.333333 4192.307692 4226.153846 4203.076923 4226.666667 4174.358974 4224.615385 4206.666667 4210.769231 4231.282051 4271.282051 4265.641026 4289.743590 4221.025641
4284.615385 4197.435897 4230.769231 4209.743590 4219.487179 4209.743590 4267.692308 4216.923077 4210.769231 4228.205128 4271.794872 4276.923077 4296.410256 4240.512821
4265.641026 4193.333333 4196.923077 4186.153846 4216.410256 4151.794872 4170.769231 4142.051282 4191.282051 4215.384615 4254.358974 4261.025641 4269.743590 4238.974359
4261.025641 4195.384615 4209.230769 4191.794872 4220.512821 4114.871795 4107.179487 4110.256410 4187.179487 4229.743590 4265.641026 4269.743590 4294.358974 4234.871795
4278.461538 4204.102564 4252.307692 4221.025641 4223.589744 4158.461538 4167.179487 4159.487179 4206.153846 4235.897436 4290.256410 4288.205128 4338.461538 4229.743590
4246.666667 4182.051282 4205.128205 4186.153846 4211.282051 4131.794872 4147.179487 4134.871795 4180.000000 4222.564103 4262.051282 4257.948718 4289.743590 4214.871795
4224.615385 4187.179487 4160.512821 4160.000000 4229.743590 4093.846154 4109.230769 4115.897436 4176.923077 4229.743590 4246.666667 4260.000000 4241.538462 4231.282051
4245.641026 4212.307692 4214.358974 4201.538462 4240.512821 4157.435897 4195.384615 4216.410256 4249.743590 4234.871795 4281.538462 4275.897436 4292.820513 4228.205128
4244.615385 4205.641026 4232.307692 4210.256410 4226.666667 4176.923077 4215.897436 4229.230769 4248.717949 4227.692308 4277.435897 4267.179487 4303.076923 4215.897436
4228.205128 4193.846154 4198.974359 4187.692308 4218.974359 4156.410256 4177.435897 4154.871795 4191.794872 4223.076923 4246.153846 4266.666667 4259.487179 4232.820513
4223.589744 4193.333333 4190.769231 4184.102564 4215.384615 4166.153846 4187.179487 4162.564103 4202.564103 4221.025641 4249.230769 4260.512821 4255.384615 4236.410256
4221.538462 4193.333333 4190.256410 4175.384615 4230.769231 4129.230769 4137.948718 4147.179487 4179.487179 4224.615385 4258.461538 4261.538462 4264.615385 4222.564103
4214.871795 4181.538462 4191.794872 4168.205128 4221.025641 4116.923077 4114.358974 4116.923077 4140.000000 4230.256410 4252.307692 4262.564103 4270.256410 4218.974359
4213.333333 4180.512821 4178.461538 4162.051282 4211.282051 4149.743590 4169.230769 4153.333333 4177.435897 4231.282051 4245.641026 4263.076923 4246.666667 4240.000000
4209.743590 4192.307692 4154.358974 4146.153846 4236.410256 4131.282051 4151.794872 4161.538462 4190.769231 4221.538462 4248.717949 4262.051282 4218.974359 4233.333333
4195.897436 4181.538462 4158.461538 4140.512821 4230.769231 4085.128205 4074.871795 4108.717949 4146.666667 4219.487179 4246.666667 4247.179487 4231.282051 4205.128205
4209.230769 4185.641026 4184.615385 4168.205128 4218.974359 4111.282051 4103.589744 4113.333333 4157.948718 4232.820513 4246.153846 4266.153846 4250.256410 4229.743590
4196.923077 4180.000000 4145.641026 4152.820513 4222.051282 4141.538462 4142.564103 4126.153846 4165.641026 4219.487179 4223.076923 4260.512821 4196.410256 4233.846154
4148.205128 4147.692308 4067.179487 4083.589744 4225.128205 4063.076923 4045.128205 4048.717949 4093.333333 4211.794872 4185.641026 4225.641026 4113.333333 4206.666667
4175.897436 4160.000000 4121.538462 4113.333333 4230.256410 4046.153846 4029.743590 4052.307692 4100.000000 4240.000000 4216.410256 4257.948718 4174.871795 4217.435897
4234.358974 4190.769231 4226.153846 4196.923077 4213.333333 4138.974359 4140.000000 4154.358974 4194.358974 4243.589744 4271.794872 4283.076923 4293.846154 4229.743590
4227.692308 4196.410256 4194.358974 4179.487179 4222.051282 4144.615385 4141.538462 4168.717949 4211.794872 4224.102564 4264.102564 4263.076923 4267.179487 4229.230769
4196.410256 4189.230769 4144.102564 4137.435897 4238.461538 4101.025641 4091.794872 4136.410256 4171.282051 4222.564103 4242.051282 4243.076923 4213.333333 4208.717949
4188.717949 4180.000000 4153.333333 4140.000000 4222.051282 4106.666667 4092.307692 4104.102564 4127.179487 4233.846154 4230.769231 4242.051282 4211.794872 4200.000000
4190.769231 4180.512821 4137.948718 4131.794872 4221.538462 4106.153846 4075.897436 4062.564103 4108.717949 4229.743590 4210.769231 4255.897436 4187.692308 4229.743590
4184.102564 4180.512821 4116.410256 4115.897436 4225.641026 4088.205128 4066.153846 4091.794872 4154.358974 4221.025641 4210.256410 4241.538462 4180.000000 4232.307692
4188.205128 4200.512821 4136.923077 4128.205128 4229.743590 4113.846154 4125.641026 4156.410256 4182.051282 4233.333333 4228.205128 4244.615385 4206.666667 4213.846154
4202.564103 4224.102564 4171.794872 4154.358974 4221.025641 4155.897436 4155.897436 4147.179487 4154.871795 4236.923077 4235.897436 4264.102564 4228.205128 4210.256410
4189.230769 4213.333333 4136.923077 4130.769231 4206.666667 4106.153846 4045.641026 4055.384615 4103.076923 4220.000000 4211.282051 4240.000000 4187.692308 4212.820513
4152.820513 4194.358974 4060.512821 4066.153846 4229.230769 4010.256410 3931.282051 3982.051282 4051.282051 4220.000000 4175.384615 4221.025641 4112.307692 4207.692308
4150.769231 4193.333333 4081.538462 4072.307692 4233.333333 4033.846154 3999.487179 4049.743590 4098.974359 4235.897436 4187.692308 4235.384615 4140.512821 4200.512821
4193.846154 4216.923077 4150.769231 4133.846154 4222.564103 4123.589744 4109.230769 4142.051282 4186.666667 4238.461538 4226.153846 4261.025641 4210.769231 4225.641026
4214.871795 4233.333333 4159.487179 4150.769231 4226.666667 4149.743590 4111.282051 4121.025641 4170.769231 4224.615385 4230.769231 4257.948718 4207.179487 4239.487179
4200.000000 4224.102564 4145.128205 4133.333333 4226.153846 4132.820513 4090.256410 4082.051282 4113.333333 4223.076923 4220.000000 4236.410256 4193.333333 4218.974359
4200.000000 4221.025641 4156.923077 4137.948718 4227.692308 4123.589744 4094.871795 4101.025641 4126.153846 4233.846154 4227.179487 4251.794872 4211.282051 4217.435897
4198.461538 4214.358974 4158.461538 4138.461538 4211.794872 4129.230769 4092.307692 4111.794872 4153.333333 4226.153846 4223.589744 4250.769231 4208.205128 4221.538462
4190.769231 4210.256410 4132.820513 4119.487179 4212.307692 4125.128205 4074.358974 4084.615385 4138.461538 4220.000000 4206.666667 4237.948718 4175.897436 4226.153846
4189.230769 4212.820513 4123.589744 4114.358974 4234.358974 4109.230769 4072.307692 4093.333333 4133.846154 4224.615385 4209.743590 4242.051282 4166.666667 4215.897436
4168.205128 4191.282051 4106.153846 4096.923077 4224.102564 4086.666667 4058.974359 4084.615385 4105.641026 4222.051282 4197.435897 4225.128205 4141.025641 4195.384615
4157.948718 4183.589744 4077.435897 4074.358974 4219.487179 4078.461538 4027.179487 4018.974359 4057.435897 4222.564103 4170.769231 4228.717949 4094.871795 4220.000000
4185.641026 4205.128205 4115.897436 4111.282051 4222.564103 4121.538462 4059.487179 4049.743590 4109.230769 4228.205128 4202.051282 4248.717949 4151.282051 4235.384615
4211.794872 4220.000000 4174.358974 4157.435897 4224.615385 4147.179487 4105.641026 4146.666667 4192.820513 4233.333333 4263.589744 4255.384615 4243.076923 4215.897436
4208.717949 4208.205128 4181.538462 4154.871795 4224.102564 4140.000000 4107.692308 4154.871795 4179.487179 4235.384615 4271.794872 4259.487179 4245.641026 4204.102564
4202.051282 4196.923077 4167.179487 4153.846154 4207.692308 4151.282051 4100.000000 4112.820513 4142.051282 4233.333333 4249.743590 4248.717949 4216.923077 4210.769231
4218.974359 4221.025641 4166.666667 4182.564103 4228.205128 4153.333333 4098.974359 4122.564103 4164.615385 4231.794872 4254.871795 4248.205128 4218.974359 4226.666667
4223.076923 4227.692308 4177.435897 4199.487179 4241.538462 4150.256410 4110.769231 4162.051282 4192.307692 4225.641026 4268.205128 4242.564103 4232.820513 4208.717949
4210.256410 4207.179487 4173.846154 4186.666667 4215.897436 4154.871795 4115.897436 4146.666667 4168.717949 4225.641026 4252.307692 4241.025641 4215.897436 4207.179487
4213.846154 4214.358974 4163.589744 4178.461538 4216.923077 4171.282051 4129.230769 4127.179487 4158.461538 4226.153846 4238.461538 4256.923077 4193.846154 4241.025641
4214.871795 4223.076923 4165.128205 4177.948718 4228.205128 4172.307692 4133.846154 4149.230769 4185.128205 4218.974359 4247.692308 4243.076923 4203.589744 4230.256410
4206.666667 4212.307692 4163.589744 4165.641026 4232.307692 4138.461538 4095.897436 4129.230769 4151.794872 4226.153846 4244.615385 4235.897436 4204.615385 4202.564103
4203.076923 4200.512821 4164.615385 4158.974359 4217.948718 4134.871795 4090.769231 4097.948718 4114.358974 4233.333333 4230.256410 4243.076923 4200.512821 4205.128205
4215.897436 4212.307692 4172.820513 4169.743590 4209.743590 4151.282051 4107.692308 4120.000000 4159.487179 4227.692308 4236.923077 4241.538462 4212.307692 4218.974359
4211.282051 4221.025641 4151.794872 4153.333333 4234.871795 4111.794872 4050.769231 4101.538462 4147.179487 4222.564103 4231.794872 4234.871795 4190.256410 4202.564103
4176.410256 4190.256410 4116.410256 4115.897436 4228.717949 4080.000000 4009.743590 4053.333333 4078.461538 4225.641026 4198.974359 4218.974359 4143.589744 4185.641026
4201.025641 4199.487179 4148.205128 4148.717949 4217.435897 4151.282051 4109.230769 4109.230769 4130.256410 4235.384615 4217.435897 4247.179487 4172.307692 4231.794872
4254.358974 4238.974359 4210.769231 4211.794872 4227.692308 4234.358974 4206.153846 4193.333333 4218.974359 4226.153846 4263.589744 4266.153846 4249.743590 4247.692308
4229.743590 4217.435897 4185.641026 4187.179487 4224.615385 4189.743590 4130.769231 4149.743590 4178.974359 4218.461538 4238.461538 4234.871795 4233.333333 4205.641026
4207.692308 4197.948718 4160.512821 4161.025641 4218.974359 4137.435897 4064.615385 4097.948718 4140.512821 4233.333333 4218.461538 4243.589744 4201.538462 4214.871795
4234.358974 4215.384615 4203.076923 4200.000000 4209.230769 4184.615385 4124.615385 4139.487179 4187.179487 4232.307692 4251.282051 4254.358974 4248.205128 4234.358974
4234.358974 4220.512821 4188.717949 4192.307692 4224.615385 4188.205128 4130.769231 4147.692308 4184.615385 4222.564103 4247.179487 4234.358974 4233.846154 4219.487179
4220.512821 4213.333333 4163.076923 4168.717949 4238.974359 4157.948718 4100.000000 4137.435897 4166.666667 4225.641026 4232.820513 4233.333333 4198.974359 4202.051282
4223.589744 4209.230769 4180.000000 4181.025641 4220.000000 4169.230769 4120.512821 4148.717949 4186.666667 4228.205128 4240.000000 4240.512821 4215.897436 4208.205128
4223.589744 4214.358974 4169.230769 4175.384615 4226.153846 4181.025641 4139.487179 4144.102564 4188.205128 4223.589744 4232.307692 4245.641026 4200.000000 4232.820513
4223.076923 4213.846154 4172.307692 4177.435897 4229.230769 4204.615385 4169.743590 4170.769231 4200.512821 4220.000000 4237.435897 4240.512821 4204.615385 4229.230769
4227.692308 4209.230769 4192.820513 4191.794872 4218.974359 4206.666667 4166.666667 4163.589744 4180.000000 4224.615385 4245.128205 4242.051282 4224.615385 4215.897436
4212.820513 4198.974359 4174.358974 4172.820513 4215.897436 4162.564103 4095.897436 4086.666667 4117.948718 4226.153846 4219.487179 4244.615385 4193.333333 4213.846154
4197.948718 4188.205128 4149.230769 4155.384615 4213.846154 4145.128205 4078.974359 4087.692308 4142.564103 4226.153846 4212.307692 4235.897436 4174.871795 4217.948718
4230.256410 4212.307692 4183.589744 4196.923077 4233.846154 4187.179487 4153.333333 4187.692308 4230.769231 4233.846154 4254.871795 4255.897436 4232.820513 4228.205128
4251.794872 4224.102564 4233.846154 4240.000000 4228.205128 4218.974359 4175.897436 4206.153846 4226.666667 4230.769231 4274.871795 4256.923077 4293.846154 4209.743590
4225.128205 4204.615385 4202.051282 4209.743590 4212.307692 4195.384615 4109.230769 4110.769231 4142.564103 4223.589744 4238.974359 4238.974359 4244.615385 4210.769231
4214.871795 4205.641026 4164.615385 4182.051282 4227.692308 4197.435897 4120.000000 4110.256410 4151.794872 4222.051282 4224.102564 4244.102564 4191.794872 4233.333333
4233.333333 4212.820513 4204.102564 4211.794872 4225.641026 4226.153846 4182.564103 4188.205128 4214.871795 4224.615385 4247.179487 4243.589744 4240.512821 4222.564103
4250.769231 4216.410256 4242.564103 4242.564103 4219.487179 4223.589744 4172.820513 4192.820513 4222.051282 4233.846154 4257.435897 4256.410256 4282.564103 4225.641026
4237.948718 4210.256410 4217.435897 4229.230769 4217.948718 4213.846154 4149.743590 4167.692308 4211.282051 4224.615385 4243.589744 4251.282051 4253.846154 4229.743590
4216.923077 4202.564103 4173.846154 4199.487179 4221.538462 4197.435897 4142.564103 4154.358974 4188.717949 4218.974359 4230.769231 4232.820513 4210.769231 4217.948718
4232.820513 4212.307692 4203.076923 4217.435897 4234.358974 4211.282051 4167.692308 4184.102564 4205.128205 4233.846154 4249.230769 4254.358974 4241.025641 4214.358974
4241.025641 4209.230769 4237.435897 4234.358974 4221.025641 4239.487179 4189.743590 4212.820513 4234.871795 4233.333333 4255.384615 4251.282051 4272.820513 4207.179487
