4094.871795 4109.230769 4063.589744 4044.615385 4217.435897 4033.846154 4030.256410 4037.435897 4107.692308 4225.641026 4105.641026 4192.820513 4069.230769 4220.512821
4091.282051 4117.948718 4052.820513 4039.487179 4234.871795 4009.230769 4018.974359 4053.846154 4111.794872 4231.794872 4107.179487 4191.794872 4056.410256 4200.000000
4094.358974 4114.358974 4072.820513 4053.333333 4212.307692 4033.333333 4023.589744 4045.128205 4100.512821 4235.897436 4113.333333 4189.743590 4078.461538 4196.410256
4094.358974 4118.461538 4062.564103 4043.589744 4216.410256 4045.128205 4035.384615 4040.512821 4103.589744 4227.692308 4102.564103 4194.358974 4070.256410 4223.589744
4079.487179 4117.948718 4031.794872 4023.589744 4233.333333 4033.846154 4035.384615 4039.487179 4101.538462 4218.974359 4090.256410 4185.128205 4035.384615 4221.025641
4058.461538 4100.512821 4008.717949 4007.179487 4220.512821 4008.205128 4003.076923 4004.102564 4056.923077 4223.589744 4078.974359 4172.307692 4005.128205 4205.128205
4056.923077 4094.871795 4013.333333 4008.717949 4209.230769 3984.615385 3979.487179 3980.512821 4040.000000 4233.333333 4072.307692 4187.692308 4003.076923 4217.948718
4080.000000 4111.794872 4055.897436 4044.615385 4206.666667 4021.025641 4032.307692 4047.692308 4114.871795 4236.410256 4099.487179 4196.923077 4051.794872 4228.717949
4095.384615 4133.333333 4068.205128 4074.358974 4229.230769 4050.256410 4065.641026 4090.256410 4138.974359 4231.282051 4123.589744 4190.256410 4072.307692 4215.897436
4072.307692 4116.923077 4033.846154 4066.666667 4232.820513 4011.794872 4012.307692 4017.948718 4055.897436 4222.051282 4100.512821 4166.666667 4037.948718 4185.641026
4064.615385 4096.923077 4026.153846 4065.641026 4215.384615 3988.205128 3981.025641 3972.307692 4035.384615 4228.205128 4081.025641 4170.769231 4029.230769 4204.102564
4111.282051 4131.282051 4076.410256 4103.589744 4224.615385 4047.692308 4050.769231 4047.692308 4121.538462 4231.794872 4115.384615 4203.076923 4081.025641 4244.102564
4116.410256 4146.666667 4091.794872 4108.717949 4224.102564 4082.051282 4097.948718 4093.333333 4143.589744 4218.974359 4131.794872 4186.153846 4098.974359 4223.589744
4085.641026 4122.051282 4066.666667 4088.717949 4217.948718 4050.256410 4070.769231 4054.871795 4094.358974 4227.179487 4106.153846 4179.487179 4069.230769 4207.179487
4099.487179 4117.435897 4097.948718 4114.358974 4211.282051 4068.205128 4081.025641 4064.615385 4112.307692 4236.410256 4114.871795 4201.025641 4102.051282 4220.512821
4106.153846 4122.051282 4099.487179 4107.692308 4211.282051 4082.564103 4092.307692 4089.230769 4140.000000 4226.666667 4123.076923 4188.717949 4108.717949 4220.512821
4083.076923 4122.564103 4048.717949 4062.051282 4231.282051 4044.102564 4062.051282 4077.435897 4122.051282 4225.128205 4097.948718 4176.410256 4049.230769 4205.128205
4076.923077 4120.512821 4057.435897 4064.615385 4225.641026 4030.256410 4037.435897 4054.871795 4091.794872 4227.692308 4090.256410 4171.794872 4047.179487 4192.307692
4107.179487 4138.974359 4101.538462 4094.358974 4218.461538 4050.769231 4038.461538 4026.153846 4065.641026 4228.205128 4108.205128 4190.256410 4086.666667 4224.102564
4145.641026 4165.128205 4137.948718 4122.564103 4221.538462 4090.256410 4084.102564 4056.410256 4100.000000 4225.128205 4132.820513 4203.076923 4119.487179 4246.666667
4152.307692 4164.102564 4153.846154 4135.897436 4218.461538 4104.102564 4106.666667 4106.153846 4146.153846 4224.615385 4139.487179 4190.256410 4128.717949 4225.641026
4143.589744 4157.435897 4150.256410 4124.615385 4222.564103 4079.487179 4071.794872 4084.615385 4125.641026 4229.230769 4126.153846 4198.974359 4113.333333 4215.897436
4135.384615 4151.282051 4144.615385 4117.948718 4208.205128 4075.384615 4071.282051 4063.589744 4099.487179 4230.256410 4117.435897 4195.384615 4102.564103 4213.333333
4141.538462 4162.564103 4140.512821 4133.846154 4213.846154 4085.128205 4111.794872 4106.666667 4132.820513 4231.794872 4125.641026 4188.717949 4094.358974 4221.025641
4162.564103 4184.102564 4167.692308 4158.461538 4236.410256 4114.358974 4154.358974 4174.871795 4188.717949 4230.769231 4151.794872 4196.923077 4120.000000 4222.564103
4164.615385 4177.435897 4189.230769 4157.948718 4223.589744 4136.410256 4147.692308 4163.589744 4172.307692 4227.179487 4154.871795 4188.717949 4143.589744 4202.051282
4153.846154 4167.692308 4161.538462 4149.230769 4215.897436 4097.948718 4082.564103 4069.743590 4091.794872 4226.666667 4125.128205 4187.179487 4100.512821 4207.179487
4158.461538 4174.358974 4151.794872 4177.435897 4220.000000 4094.358974 4098.974359 4082.051282 4104.102564 4227.179487 4124.615385 4192.820513 4083.589744 4231.282051
4185.641026 4189.743590 4193.333333 4222.564103 4226.666667 4149.743590 4178.461538 4176.923077 4179.487179 4232.820513 4161.025641 4202.564103 4144.102564 4233.333333
4185.641026 4184.102564 4210.256410 4220.512821 4226.153846 4150.256410 4155.897436 4148.717949 4139.487179 4230.769231 4162.051282 4198.974359 4166.153846 4205.128205
4158.461538 4164.102564 4176.410256 4184.615385 4213.333333 4108.205128 4095.897436 4087.179487 4088.205128 4229.230769 4136.410256 4188.205128 4130.256410 4204.615385
4174.871795 4181.025641 4172.820513 4192.307692 4226.153846 4127.692308 4140.000000 4156.923077 4166.666667 4232.307692 4148.717949 4207.179487 4126.153846 4240.000000
4192.820513 4196.923077 4207.692308 4217.435897 4228.717949 4163.076923 4186.153846 4215.897436 4214.358974 4224.102564 4168.205128 4201.538462 4157.435897 4224.615385
4178.461538 4189.743590 4212.307692 4209.230769 4217.435897 4137.435897 4130.769231 4136.410256 4132.820513 4223.589744 4153.333333 4191.282051 4156.410256 4206.153846
4172.820513 4189.743590 4193.846154 4198.461538 4218.461538 4135.897436 4113.846154 4092.820513 4094.358974 4228.717949 4141.538462 4207.179487 4137.948718 4226.666667
4167.179487 4188.205128 4177.948718 4194.358974 4213.333333 4152.307692 4149.230769 4141.025641 4142.051282 4223.076923 4142.051282 4196.923077 4126.666667 4225.641026
4166.153846 4190.256410 4190.769231 4199.487179 4220.000000 4141.538462 4148.205128 4161.538462 4155.897436 4228.205128 4150.256410 4198.461538 4136.923077 4213.846154
4173.333333 4188.717949 4225.128205 4217.435897 4215.384615 4164.102564 4162.051282 4162.564103 4146.153846 4234.871795 4162.051282 4209.230769 4180.000000 4208.717949
4179.487179 4196.923077 4218.461538 4218.974359 4211.794872 4189.230769 4193.333333 4181.538462 4163.589744 4230.256410 4165.641026 4203.589744 4180.512821 4226.153846
4187.179487 4218.461538 4201.025641 4216.923077 4234.358974 4184.615385 4203.589744 4206.666667 4193.333333 4221.025641 4171.282051 4201.025641 4153.846154 4235.384615
4184.102564 4210.769231 4215.897436 4228.205128 4230.256410 4185.641026 4203.589744 4210.256410 4196.410256 4221.025641 4172.307692 4194.871795 4169.230769 4213.846154
4190.769231 4210.256410 4235.384615 4239.487179 4216.410256 4202.051282 4212.307692 4198.461538 4174.871795 4231.282051 4168.717949 4212.307692 4189.230769 4224.102564
4203.589744 4227.692308 4244.102564 4250.769231 4211.794872 4210.256410 4206.666667 4193.846154 4170.769231 4225.128205 4180.000000 4217.435897 4195.897436 4238.461538
4193.333333 4222.051282 4231.282051 4241.538462 4217.435897 4171.282051 4151.282051 4162.564103 4161.538462 4221.025641 4182.051282 4200.000000 4195.384615 4222.564103
4187.179487 4213.846154 4231.282051 4233.333333 4232.307692 4158.974359 4145.641026 4155.897436 4161.025641 4235.384615 4177.435897 4212.820513 4213.333333 4212.307692
4200.512821 4212.820513 4255.384615 4247.179487 4216.923077 4209.230769 4207.692308 4202.051282 4186.153846 4234.358974 4187.179487 4213.846154 4240.000000 4215.384615
4216.410256 4215.384615 4255.384615 4252.820513 4219.487179 4231.282051 4218.974359 4221.538462 4197.948718 4225.641026 4198.461538 4207.692308 4228.717949 4228.717949
4215.384615 4210.769231 4251.794872 4249.743590 4231.794872 4222.051282 4203.076923 4228.205128 4211.794872 4225.641026 4202.564103 4207.179487 4231.282051 4221.025641
4210.256410 4196.410256 4261.025641 4252.820513 4216.410256 4229.230769 4220.000000 4240.000000 4221.025641 4229.230769 4201.538462 4210.769231 4252.820513 4217.948718
4223.589744 4207.692308 4266.666667 4265.128205 4216.923077 4253.846154 4251.794872 4239.487179 4213.333333 4226.666667 4206.666667 4227.692308 4260.000000 4242.051282
4212.820513 4216.923077 4247.692308 4248.717949 4218.461538 4246.666667 4238.974359 4222.051282 4198.974359 4216.410256 4198.974359 4208.717949 4236.410256 4231.794872
4194.358974 4210.769231 4230.769231 4229.743590 4222.051282 4210.769231 4195.897436 4206.153846 4191.794872 4225.641026 4189.743590 4202.564103 4212.307692 4217.435897
4218.974359 4219.487179 4277.435897 4278.461538 4223.589744 4246.153846 4235.897436 4250.256410 4228.205128 4236.923077 4216.923077 4229.743590 4274.871795 4222.564103
4231.794872 4223.589744 4299.487179 4304.615385 4214.871795 4302.564103 4301.025641 4293.333333 4253.333333 4226.153846 4229.743590 4222.051282 4308.205128 4221.538462
4218.974359 4221.025641 4260.000000 4269.230769 4230.769231 4276.923077 4275.897436 4275.897436 4243.589744 4217.948718 4211.282051 4208.205128 4246.666667 4223.076923
4216.410256 4212.820513 4258.461538 4264.615385 4232.820513 4236.410256 4226.153846 4257.948718 4246.666667 4223.589744 4213.846154 4206.666667 4245.128205 4214.358974
4224.615385 4205.641026 4280.512821 4280.512821 4218.461538 4237.948718 4224.102564 4257.435897 4247.692308 4231.282051 4221.538462 4220.000000 4279.487179 4219.487179
4223.589744 4205.641026 4268.717949 4256.923077 4213.333333 4254.358974 4240.512821 4241.025641 4218.974359 4224.615385 4206.666667 4221.538462 4249.743590 4233.846154
4211.794872 4208.717949 4246.153846 4222.564103 4214.871795 4250.256410 4230.769231 4222.051282 4201.538462 4220.512821 4195.384615 4205.128205 4222.051282 4228.205128
4221.538462 4229.230769 4266.666667 4230.769231 4230.256410 4245.641026 4228.717949 4245.128205 4226.153846 4234.871795 4212.307692 4222.564103 4265.641026 4217.435897
4237.948718 4234.871795 4306.153846 4253.846154 4220.512821 4271.282051 4261.025641 4274.871795 4243.076923 4238.974359 4230.256410 4231.794872 4310.769231 4207.692308
4245.641026 4229.230769 4307.692308 4255.384615 4209.743590 4288.717949 4277.435897 4264.615385 4236.923077 4230.769231 4231.794872 4225.641026 4300.000000 4230.256410
4251.282051 4242.051282 4297.948718 4255.384615 4229.743590 4296.410256 4297.435897 4291.282051 4270.256410 4221.025641 4241.538462 4224.615385 4296.923077 4249.230769
4248.205128 4241.538462 4301.538462 4257.948718 4231.794872 4296.923077 4307.692308 4329.230769 4293.333333 4219.487179 4251.794872 4213.846154 4315.897436 4229.230769
4248.205128 4231.794872 4301.538462 4259.487179 4222.564103 4288.205128 4289.743590 4291.282051 4247.692308 4228.205128 4238.974359 4225.641026 4305.128205 4231.794872
4253.333333 4227.179487 4311.794872 4270.256410 4208.717949 4307.692308 4317.948718 4291.794872 4252.820513 4228.205128 4231.282051 4233.846154 4295.384615 4246.153846
4268.205128 4234.871795 4329.230769 4282.051282 4216.923077 4323.589744 4339.487179 4331.794872 4289.743590 4225.641026 4248.717949 4224.102564 4314.358974 4237.435897
4266.666667 4234.871795 4317.948718 4273.846154 4240.512821 4304.615385 4294.358974 4293.846154 4245.128205 4226.666667 4247.179487 4218.974359 4316.923077 4211.282051
4242.564103 4213.333333 4295.897436 4257.435897 4225.128205 4281.538462 4256.410256 4250.769231 4211.794872 4227.179487 4222.564103 4213.333333 4294.871795 4206.153846
4261.538462 4226.153846 4315.384615 4275.897436 4221.025641 4298.461538 4292.307692 4294.358974 4258.461538 4228.717949 4236.923077 4231.282051 4304.102564 4243.589744
4296.923077 4247.692308 4363.076923 4315.897436 4230.769231 4350.769231 4361.538462 4367.692308 4310.256410 4224.615385 4276.923077 4237.948718 4357.435897 4249.743590
4287.692308 4238.974359 4369.230769 4318.974359 4217.948718 4350.769231 4353.333333 4352.307692 4292.307692 4225.128205 4270.256410 4228.205128 4372.820513 4232.820513
4270.769231 4228.717949 4342.564103 4298.461538 4211.794872 4316.923077 4304.615385 4286.153846 4243.589744 4227.692308 4240.512821 4233.846154 4341.025641 4238.461538
4260.512821 4217.948718 4322.051282 4283.076923 4211.282051 4309.743590 4301.538462 4273.846154 4227.179487 4222.051282 4233.846154 4222.564103 4313.333333 4236.923077
4269.230769 4230.769231 4331.794872 4290.256410 4230.256410 4312.820513 4330.769231 4327.179487 4266.153846 4229.230769 4255.384615 4231.282051 4332.307692 4235.897436
4293.846154 4252.820513 4381.025641 4328.205128 4229.743590 4335.384615 4360.000000 4376.923077 4316.923077 4233.846154 4283.076923 4247.692308 4399.487179 4225.128205
4287.179487 4242.564103 4375.897436 4329.743590 4211.282051 4342.564103 4342.051282 4339.487179 4298.461538 4223.589744 4267.179487 4233.333333 4389.230769 4223.076923
4270.256410 4231.794872 4328.205128 4297.435897 4226.153846 4329.743590 4320.512821 4300.000000 4265.128205 4220.000000 4238.974359 4228.717949 4320.000000 4241.025641
4272.307692 4231.794872 4334.358974 4297.948718 4229.743590 4349.230769 4362.051282 4345.128205 4284.615385 4225.128205 4250.256410 4228.205128 4332.820513 4236.923077
4290.256410 4240.512821 4373.846154 4329.743590 4218.974359 4370.769231 4392.820513 4372.307692 4297.435897 4231.794872 4272.307692 4241.538462 4384.102564 4235.897436
4297.948718 4248.717949 4390.769231 4345.641026 4210.256410 4378.974359 4379.487179 4342.051282 4282.564103 4228.205128 4271.282051 4246.666667 4389.230769 4240.512821
4289.743590 4245.641026 4369.743590 4326.153846 4212.820513 4377.435897 4375.897436 4340.000000 4291.282051 4223.589744 4260.512821 4232.820513 4358.974359 4239.487179
4291.282051 4246.153846 4357.435897 4315.384615 4232.820513 4356.410256 4366.666667 4362.051282 4308.205128 4228.205128 4262.051282 4237.948718 4354.358974 4231.282051
4291.794872 4245.641026 4371.794872 4326.153846 4223.076923 4341.538462 4335.897436 4345.641026 4294.358974 4230.769231 4267.692308 4233.846154 4376.923077 4212.820513
4290.256410 4253.333333 4357.948718 4327.179487 4216.923077 4343.589744 4325.128205 4314.358974 4274.358974 4228.205128 4259.487179 4235.897436 4352.307692 4230.769231
4287.179487 4255.384615 4332.820513 4330.256410 4228.205128 4354.358974 4353.846154 4328.205128 4277.435897 4222.051282 4254.358974 4244.615385 4326.666667 4252.307692
4289.230769 4251.282051 4354.871795 4352.820513 4221.025641 4368.717949 4373.333333 4364.102564 4302.051282 4226.153846 4271.282051 4244.615385 4377.948718 4237.435897
4306.666667 4263.589744 4391.282051 4370.256410 4218.461538 4369.230769 4360.512821 4358.974359 4309.743590 4233.846154 4281.538462 4258.461538 4417.435897 4231.794872
4309.230769 4259.487179 4390.769231 4366.153846 4212.820513 4372.307692 4370.256410 4342.564103 4293.846154 4225.128205 4268.717949 4251.282051 4389.230769 4239.487179
4302.564103 4251.794872 4367.179487 4357.435897 4219.487179 4369.743590 4381.538462 4354.871795 4293.846154 4223.076923 4262.564103 4238.461538 4360.512821 4243.076923
4307.179487 4264.615385 4373.333333 4362.564103 4238.974359 4365.641026 4381.538462 4391.794872 4327.179487 4230.769231 4278.461538 4243.076923 4383.076923 4225.641026
4306.666667 4265.128205 4391.282051 4368.717949 4227.179487 4375.897436 4389.743590 4400.512821 4342.564103 4230.256410 4282.051282 4242.564103 4408.205128 4214.871795
4307.692308 4262.051282 4378.461538 4363.589744 4220.512821 4384.615385 4386.153846 4356.410256 4305.128205 4224.102564 4266.666667 4253.846154 4386.153846 4240.000000
4301.025641 4255.897436 4357.435897 4344.102564 4221.025641 4374.358974 4366.666667 4331.282051 4274.871795 4217.948718 4259.487179 4248.717949 4363.076923 4244.102564
4290.256410 4249.230769 4356.923077 4321.025641 4219.487179 4341.025641 4341.538462 4338.461538 4283.076923 4226.153846 4263.589744 4246.666667 4373.846154 4236.410256
4307.692308 4262.051282 4387.692308 4343.076923 4219.487179 4353.333333 4357.948718 4357.948718 4304.615385 4232.820513 4282.051282 4267.692308 4417.948718 4244.102564
4320.000000 4274.871795 4399.487179 4369.230769 4211.282051 4373.333333 4374.358974 4364.102564 4309.743590 4225.641026 4296.923077 4260.512821 4435.384615 4241.538462
4316.410256 4285.128205 4382.051282 4355.897436 4229.230769 4350.769231 4357.948718 4359.487179 4313.333333 4225.128205 4295.897436 4254.871795 4410.769231 4236.923077
4309.743590 4279.487179 4380.512821 4340.000000 4234.871795 4342.564103 4352.820513 4364.102564 4316.410256 4225.641026 4287.179487 4248.717949 4408.717949 4220.512821
4297.948718 4263.076923 4363.076923 4327.692308 4218.461538 4340.512821 4353.333333 4346.153846 4286.666667 4225.641026 4267.692308 4245.641026 4386.666667 4225.641026
4292.307692 4265.641026 4337.948718 4316.923077 4221.538462 4348.717949 4361.025641 4332.820513 4277.948718 4224.615385 4257.435897 4260.000000 4346.153846 4249.743590
4292.820513 4266.153846 4348.205128 4321.025641 4218.461538 4362.564103 4364.615385 4349.230769 4307.692308 4221.025641 4265.641026 4253.846154 4363.589744 4242.051282
4310.256410 4272.307692 4388.205128 4346.153846 4219.487179 4364.615385 4364.102564 4367.179487 4314.358974 4228.717949 4282.051282 4260.512821 4414.358974 4235.897436
4303.589744 4267.692308 4386.153846 4342.564103 4214.871795 4350.256410 4352.820513 4344.102564 4277.948718 4228.205128 4274.871795 4261.538462 4401.025641 4228.205128
4280.000000 4255.384615 4342.051282 4312.820513 4215.897436 4335.897436 4344.615385 4328.717949 4266.153846 4226.666667 4258.974359 4252.820513 4352.820513 4229.743590
4304.615385 4285.641026 4364.615385 4335.897436 4240.512821 4362.051282 4382.051282 4401.025641 4338.974359 4230.769231 4290.769231 4266.666667 4400.000000 4240.512821
4321.025641 4310.256410 4413.846154 4368.205128 4231.282051 4380.512821 4392.307692 4437.948718 4382.051282 4229.230769 4317.435897 4262.051282 4460.512821 4225.128205
4307.179487 4306.153846 4393.846154 4351.794872 4216.410256 4361.025641 4355.897436 4367.179487 4326.153846 4228.717949 4292.820513 4262.564103 4417.948718 4227.179487
4295.897436 4296.410256 4357.948718 4330.256410 4220.000000 4358.461538 4358.974359 4335.384615 4282.564103 4221.538462 4271.282051 4260.000000 4371.282051 4235.897436
4284.102564 4289.743590 4342.564103 4320.512821 4220.512821 4345.641026 4351.282051 4339.487179 4273.846154 4220.000000 4267.179487 4244.615385 4361.025641 4231.282051
4289.230769 4296.923077 4353.846154 4330.256410 4225.128205 4333.333333 4327.179487 4323.589744 4273.333333 4231.794872 4272.307692 4261.538462 4371.794872 4231.282051
4294.871795 4293.333333 4376.410256 4344.102564 4211.794872 4368.205128 4366.153846 4347.692308 4302.564103 4231.794872 4278.974359 4266.666667 4397.435897 4229.230769
4286.666667 4287.692308 4349.230769 4320.000000 4215.897436 4358.974359 4376.923077 4360.512821 4304.615385 4222.564103 4265.641026 4253.333333 4368.205128 4234.871795
4296.923077 4299.487179 4349.230769 4317.948718 4237.435897 4329.743590 4346.666667 4354.871795 4298.974359 4224.102564 4274.871795 4252.307692 4365.641026 4231.794872
4335.384615 4309.743590 4418.974359 4371.794872 4230.769231 4369.743590 4365.128205 4387.179487 4342.051282 4232.307692 4315.897436 4266.666667 4441.538462 4231.794872
4346.666667 4310.256410 4428.205128 4384.615385 4217.948718 4400.000000 4394.358974 4386.666667 4344.615385 4228.205128 4309.743590 4280.512821 4442.051282 4245.128205
4319.487179 4304.102564 4378.974359 4350.769231 4209.230769 4390.769231 4404.102564 4370.769231 4312.820513 4221.025641 4278.461538 4266.153846 4385.641026 4246.153846
4320.000000 4314.871795 4381.538462 4367.179487 4221.025641 4376.923077 4389.743590 4390.256410 4327.179487 4228.205128 4292.820513 4263.589744 4396.923077 4241.025641
4335.897436 4322.051282 4418.461538 4412.820513 4230.769231 4367.692308 4362.051282 4387.179487 4333.333333 4232.307692 4311.282051 4273.333333 4434.871795 4226.153846
4324.102564 4308.205128 4404.615385 4400.512821 4214.358974 4351.282051 4348.717949 4357.948718 4304.615385 4228.717949 4294.358974 4263.076923 4418.461538 4222.051282
4313.846154 4309.230769 4363.076923 4363.589744 4224.102564 4344.102564 4352.820513 4352.820513 4289.230769 4225.128205 4281.025641 4261.025641 4378.974359 4239.487179
4318.974359 4318.461538 4370.256410 4367.179487 4230.769231 4368.717949 4381.538462 4386.666667 4317.435897 4223.589744 4294.358974 4262.051282 4386.153846 4232.820513
4338.974359 4331.282051 4411.282051 4392.820513 4221.538462 4394.871795 4409.743590 4418.974359 4360.512821 4230.769231 4315.897436 4278.461538 4424.102564 4233.846154
4350.769231 4335.897436 4421.025641 4395.897436 4217.435897 4400.000000 4400.512821 4405.128205 4354.358974 4224.615385 4320.512821 4284.615385 4443.076923 4247.692308
4321.538462 4309.743590 4376.923077 4357.435897 4211.794872 4370.256410 4357.948718 4348.205128 4291.282051 4214.871795 4295.384615 4259.487179 4408.717949 4236.923077
4309.743590 4304.102564 4364.102564 4338.461538 4226.666667 4344.615385 4346.666667 4330.256410 4268.205128 4228.205128 4283.589744 4270.769231 4387.179487 4228.205128
4331.282051 4314.871795 4410.256410 4366.153846 4224.102564 4358.461538 4363.076923 4359.487179 4304.615385 4233.333333 4304.102564 4280.512821 4427.692308 4223.589744
4331.794872 4313.333333 4402.051282 4365.128205 4217.948718 4354.871795 4343.589744 4346.153846 4306.666667 4225.641026 4304.102564 4264.102564 4419.487179 4230.769231
4322.051282 4317.435897 4369.743590 4346.153846 4237.948718 4355.897436 4363.076923 4356.410256 4306.153846 4225.128205 4295.897436 4264.615385 4379.487179 4237.435897
4328.205128 4320.000000 4392.307692 4362.051282 4230.769231 4381.538462 4406.666667 4401.025641 4336.410256 4227.179487 4305.641026 4265.128205 4401.025641 4227.179487
4343.589744 4321.538462 4415.384615 4388.717949 4218.974359 4394.358974 4396.410256 4390.769231 4341.025641 4230.256410 4309.230769 4277.948718 4428.717949 4240.512821
4337.435897 4317.948718 4397.435897 4388.717949 4215.897436 4397.435897 4399.487179 4382.051282 4340.000000 4223.589744 4297.948718 4277.435897 4409.230769 4251.794872
4324.615385 4320.512821 4378.461538 4375.897436 4218.974359 4380.000000 4404.102564 4394.871795 4343.076923 4220.512821 4296.923077 4266.153846 4389.230769 4238.461538
4324.615385 4329.230769 4387.179487 4372.307692 4229.743590 4357.435897 4368.205128 4385.128205 4324.102564 4228.717949 4311.282051 4273.846154 4410.769231 4218.461538
4309.743590 4312.307692 4383.076923 4357.948718 4217.948718 4346.153846 4327.692308 4345.128205 4292.820513 4231.794872 4304.102564 4266.666667 4421.538462 4212.307692
4304.615385 4307.179487 4352.820513 4335.384615 4222.051282 4334.358974 4329.230769 4329.743590 4295.897436 4229.743590 4284.615385 4266.666667 4380.512821 4241.025641
4316.923077 4318.974359 4351.794872 4333.333333 4235.384615 4337.948718 4369.230769 4380.512821 4337.948718 4225.641026 4290.256410 4265.641026 4364.615385 4243.589744
4321.025641 4320.512821 4378.974359 4347.692308 4226.666667 4351.794872 4376.410256 4395.897436 4340.000000 4228.205128 4301.538462 4265.128205 4388.205128 4226.153846
4331.794872 4327.692308 4400.000000 4367.179487 4221.538462 4372.307692 4365.128205 4350.769231 4299.487179 4231.794872 4298.461538 4283.589744 4400.000000 4239.487179
4334.358974 4328.717949 4396.410256 4366.666667 4215.897436 4382.564103 4372.820513 4336.410256 4282.564103 4223.076923 4291.794872 4274.871795 4394.358974 4244.102564
4330.256410 4329.743590 4384.615385 4351.794872 4227.692308 4368.205128 4380.000000 4360.512821 4294.358974 4222.051282 4296.923077 4271.794872 4393.333333 4235.384615
4329.230769 4324.102564 4397.435897 4359.487179 4231.282051 4361.538462 4370.256410 4369.743590 4305.641026 4228.717949 4309.230769 4280.512821 4414.358974 4218.974359
4320.000000 4309.230769 4392.820513 4362.051282 4218.461538 4358.974359 4355.897436 4357.948718 4302.051282 4228.205128 4301.538462 4271.282051 4404.102564 4217.435897
4318.974359 4318.974359 4363.076923 4346.666667 4235.384615 4346.153846 4358.974359 4360.512821 4302.051282 4222.564103 4290.256410 4271.794872 4368.205128 4236.410256
4317.948718 4315.384615 4356.410256 4338.461538 4238.461538 4341.025641 4367.179487 4376.410256 4316.410256 4221.025641 4296.410256 4266.153846 4371.794872 4230.769231
4314.871795 4290.256410 4365.128205 4338.461538 4225.641026 4340.512821 4357.435897 4361.538462 4306.153846 4228.205128 4298.461538 4271.794872 4382.564103 4229.230769
4315.384615 4285.641026 4368.717949 4343.076923 4221.025641 4354.871795 4363.589744 4349.230769 4293.846154 4226.153846 4292.307692 4281.538462 4377.435897 4237.948718
4312.820513 4291.794872 4356.923077 4336.410256 4216.410256 4355.384615 4366.153846 4361.538462 4308.205128 4220.000000 4288.205128 4267.179487 4368.205128 4236.410256
4318.974359 4298.461538 4357.948718 4334.358974 4227.692308 4328.205128 4336.410256 4356.923077 4300.000000 4227.179487 4295.384615 4271.794872 4375.384615 4227.692308
4328.205128 4299.487179 4397.948718 4359.487179 4223.076923 4337.948718 4346.153846 4354.871795 4281.025641 4234.358974 4310.769231 4280.000000 4416.923077 4211.794872
4332.307692 4303.589744 4397.948718 4364.615385 4221.025641 4362.051282 4366.666667 4349.230769 4282.564103 4228.717949 4304.615385 4277.435897 4405.128205 4228.717949
4318.461538 4308.717949 4336.923077 4323.589744 4234.358974 4331.282051 4327.692308 4320.000000 4277.948718 4216.410256 4278.461538 4263.076923 4334.871795 4244.102564
4303.076923 4304.615385 4324.102564 4308.205128 4225.128205 4314.871795 4323.076923 4331.282051 4280.512821 4222.051282 4280.000000 4258.461538 4336.410256 4229.743590
4317.948718 4301.538462 4367.179487 4340.512821 4222.051282 4351.282051 4372.820513 4366.666667 4294.871795 4232.307692 4301.538462 4284.102564 4389.230769 4231.794872
4312.307692 4285.641026 4358.461538 4337.435897 4217.435897 4345.641026 4355.384615 4332.307692 4272.820513 4223.076923 4286.666667 4276.923077 4368.717949 4235.384615
4296.923077 4291.282051 4323.076923 4306.666667 4218.461538 4302.564103 4301.025641 4289.743590 4247.179487 4226.153846 4270.256410 4266.153846 4322.564103 4235.897436
4320.512821 4325.641026 4363.076923 4334.358974 4228.205128 4335.897436 4347.692308 4353.846154 4298.974359 4238.974359 4303.076923 4286.666667 4374.871795 4233.333333
4334.871795 4324.102564 4398.974359 4367.692308 4217.435897 4374.358974 4390.769231 4394.871795 4329.743590 4231.794872 4318.974359 4281.538462 4422.564103 4226.666667
4321.538462 4308.717949 4359.487179 4346.153846 4225.641026 4345.641026 4353.846154 4343.076923 4287.179487 4224.102564 4291.282051 4274.871795 4367.179487 4235.384615
4301.025641 4304.615385 4322.051282 4315.384615 4231.794872 4322.564103 4329.743590 4315.384615 4267.179487 4220.512821 4268.717949 4267.692308 4312.820513 4228.717949
4288.205128 4303.076923 4314.358974 4303.076923 4224.102564 4298.461538 4301.025641 4298.461538 4254.358974 4223.589744 4258.974359 4261.538462 4302.564103 4223.076923
4305.641026 4313.846154 4344.615385 4325.128205 4222.564103 4307.692308 4307.692308 4294.358974 4247.692308 4232.307692 4273.846154 4284.615385 4338.461538 4240.000000
4318.461538 4317.948718 4369.230769 4346.153846 4212.307692 4349.743590 4363.076923 4337.948718 4274.871795 4229.743590 4296.410256 4284.615385 4376.410256 4237.948718
4302.051282 4309.743590 4331.794872 4321.538462 4228.717949 4310.769231 4335.384615 4337.948718 4273.846154 4223.589744 4287.692308 4267.692308 4345.641026 4220.000000
4288.205128 4296.923077 4318.974359 4304.615385 4236.410256 4263.076923 4278.461538 4302.051282 4265.128205 4227.179487 4277.435897 4263.076923 4333.333333 4209.743590
4301.538462 4297.948718 4353.846154 4323.589744 4217.948718 4301.538462 4309.230769 4312.307692 4294.358974 4232.307692 4288.205128 4278.461538 4368.717949 4233.333333
4320.000000 4320.512821 4360.000000 4344.615385 4222.051282 4369.230769 4391.794872 4355.897436 4317.435897 4225.128205 4296.923077 4295.897436 4367.179487 4262.564103
4314.358974 4323.589744 4345.641026 4344.102564 4226.153846 4387.179487 4423.589744 4380.512821 4313.846154 4216.923077 4298.974359 4274.871795 4354.358974 4248.717949
4305.128205 4309.743590 4341.025641 4332.307692 4227.692308 4327.179487 4346.153846 4341.538462 4294.871795 4225.128205 4295.897436 4270.769231 4355.897436 4227.692308
4292.820513 4291.282051 4331.282051 4312.820513 4219.487179 4276.923077 4271.282051 4274.871795 4252.820513 4226.153846 4276.410256 4280.000000 4339.487179 4222.564103
4282.051282 4283.589744 4311.282051 4296.923077 4213.333333 4290.256410 4299.487179 4280.000000 4244.102564 4224.615385 4262.051282 4276.410256 4311.282051 4236.923077
4304.102564 4310.256410 4332.307692 4318.974359 4236.410256 4323.076923 4360.000000 4361.538462 4314.358974 4232.307692 4290.769231 4288.205128 4338.461538 4244.102564
4311.282051 4315.384615 4353.846154 4335.384615 4234.358974 4326.153846 4354.871795 4374.358974 4336.923077 4227.179487 4308.717949 4277.435897 4374.871795 4217.948718
4279.487179 4290.256410 4300.000000 4294.358974 4219.487179 4285.641026 4287.179487 4256.923077 4228.205128 4219.487179 4264.615385 4266.153846 4309.230769 4220.512821
4266.666667 4279.487179 4271.282051 4272.307692 4220.000000 4274.358974 4278.461538 4226.666667 4190.256410 4222.051282 4244.615385 4273.333333 4266.153846 4240.000000
4291.282051 4290.769231 4317.948718 4309.230769 4221.538462 4311.282051 4347.179487 4343.076923 4300.000000 4229.230769 4286.666667 4281.538462 4329.743590 4239.487179
4318.461538 4310.256410 4354.871795 4342.564103 4226.153846 4341.025641 4378.461538 4379.487179 4345.641026 4230.769231 4313.333333 4295.384615 4378.974359 4238.974359
4298.974359 4294.358974 4329.230769 4321.025641 4215.897436 4325.128205 4337.435897 4298.461538 4268.205128 4222.564103 4287.692308 4277.435897 4341.025641 4229.743590
4266.153846 4272.307692 4274.358974 4273.846154 4222.051282 4273.846154 4283.076923 4248.717949 4214.871795 4220.512821 4253.333333 4260.512821 4271.282051 4226.666667
4276.410256 4287.692308 4288.717949 4282.051282 4236.410256 4261.538462 4286.153846 4291.282051 4263.589744 4226.153846 4267.179487 4274.871795 4294.358974 4230.769231
4301.538462 4305.128205 4343.589744 4325.128205 4221.025641 4300.512821 4328.205128 4338.974359 4313.846154 4229.230769 4298.461538 4285.128205 4363.076923 4233.846154
4298.461538 4306.666667 4327.179487 4320.512821 4223.076923 4319.487179 4338.461538 4316.410256 4281.538462 4226.666667 4283.589744 4282.564103 4335.897436 4238.461538
4267.692308 4287.692308 4269.743590 4284.615385 4229.743590 4291.282051 4311.794872 4283.589744 4250.769231 4219.487179 4249.230769 4261.025641 4267.179487 4226.153846
4262.564103 4278.974359 4270.769231 4294.871795 4229.743590 4261.538462 4288.205128 4283.589744 4258.461538 4225.641026 4256.923077 4267.179487 4278.461538 4225.128205
4276.923077 4284.102564 4309.230769 4330.256410 4228.717949 4275.897436 4295.384615 4288.205128 4248.205128 4231.794872 4277.948718 4288.205128 4325.128205 4229.743590
4276.410256 4282.051282 4313.333333 4332.820513 4215.384615 4299.487179 4310.256410 4287.692308 4250.769231 4229.743590 4273.846154 4283.076923 4319.487179 4229.230769
4287.179487 4298.974359 4308.717949 4332.307692 4228.205128 4311.282051 4333.333333 4323.589744 4306.153846 4228.717949 4282.051282 4284.615385 4313.846154 4242.564103
4279.487179 4300.000000 4300.512821 4329.230769 4234.358974 4307.692308 4343.589744 4340.512821 4308.717949 4221.538462 4286.666667 4271.794872 4326.153846 4228.717949
4247.179487 4275.384615 4261.025641 4296.923077 4225.128205 4270.769231 4300.512821 4272.820513 4233.333333 4222.051282 4257.948718 4262.051282 4288.205128 4217.435897
4250.256410 4277.948718 4253.333333 4287.692308 4229.743590 4267.692308 4292.820513 4245.641026 4224.615385 4226.153846 4253.846154 4282.051282 4264.615385 4237.435897
4266.666667 4286.153846 4281.025641 4307.179487 4222.051282 4290.256410 4309.230769 4274.871795 4258.974359 4222.564103 4270.769231 4280.512821 4294.358974 4238.974359
4258.461538 4280.000000 4274.358974 4304.102564 4223.589744 4252.820513 4262.564103 4257.948718 4238.974359 4226.666667 4255.384615 4275.897436 4289.230769 4229.230769
4261.538462 4278.974359 4285.128205 4312.307692 4221.538462 4250.256410 4269.230769 4269.230769 4251.794872 4233.333333 4255.897436 4281.025641 4297.435897 4224.615385
4289.230769 4293.333333 4321.538462 4335.384615 4218.461538 4305.128205 4337.435897 4320.512821 4290.769231 4229.743590 4286.666667 4287.179487 4332.820513 4234.871795
4294.358974 4297.948718 4313.333333 4322.051282 4236.410256 4299.487179 4330.769231 4323.076923 4287.692308 4220.512821 4289.743590 4287.179487 4323.076923 4238.461538
4270.769231 4275.897436 4290.769231 4291.282051 4233.846154 4277.435897 4309.743590 4316.923077 4292.820513 4221.538462 4276.923077 4270.769231 4309.230769 4222.051282
4273.846154 4264.615385 4294.871795 4291.794872 4228.205128 4313.333333 4345.641026 4317.948718 4290.256410 4228.717949 4281.025641 4278.974359 4318.461538 4229.230769
4283.076923 4268.717949 4296.410256 4299.487179 4224.615385 4317.435897 4325.641026 4283.589744 4258.461538 4221.538462 4282.051282 4282.564103 4316.410256 4240.512821
4278.461538 4275.384615 4290.256410 4294.358974 4220.512821 4264.102564 4261.538462 4262.051282 4256.410256 4221.538462 4278.974359 4274.871795 4313.333333 4238.974359
4283.076923 4280.000000 4307.179487 4309.743590 4226.666667 4257.435897 4275.897436 4284.102564 4269.743590 4233.846154 4280.512821 4286.666667 4324.615385 4228.717949
4270.256410 4260.000000 4302.051282 4315.897436 4216.410256 4266.666667 4281.538462 4270.769231 4248.717949 4230.256410 4264.102564 4276.410256 4304.615385 4213.846154
4268.717949 4262.051282 4281.025641 4306.153846 4223.076923 4250.769231 4251.794872 4253.333333 4252.820513 4226.666667 4258.974359 4277.435897 4281.538462 4233.846154
4297.435897 4283.589744 4313.333333 4331.794872 4237.435897 4283.589744 4302.051282 4315.897436 4306.153846 4229.743590 4289.743590 4289.230769 4328.205128 4239.487179
4293.333333 4269.743590 4317.948718 4335.897436 4226.153846 4297.435897 4320.000000 4325.128205 4301.538462 4227.692308 4287.179487 4278.461538 4336.923077 4222.051282
4274.871795 4262.051282 4275.897436 4297.948718 4218.974359 4267.179487 4265.641026 4248.205128 4243.589744 4224.102564 4258.974359 4282.051282 4287.179487 4236.923077
4280.512821 4272.820513 4274.358974 4282.564103 4214.871795 4285.641026 4289.743590 4256.923077 4245.641026 4224.102564 4266.153846 4281.538462 4295.384615 4249.743590
4297.435897 4283.589744 4301.025641 4300.512821 4227.692308 4305.128205 4333.846154 4315.897436 4283.076923 4229.743590 4288.717949 4285.641026 4333.333333 4238.461538
4291.282051 4278.974359 4305.641026 4304.615385 4231.794872 4288.205128 4305.128205 4289.743590 4259.487179 4226.153846 4287.179487 4291.794872 4327.692308 4218.974359
4277.435897 4270.769231 4288.717949 4286.153846 4213.846154 4276.923077 4273.333333 4240.512821 4212.820513 4221.538462 4277.948718 4279.487179 4298.461538 4222.564103
4287.179487 4283.589744 4278.461538 4284.102564 4231.282051 4263.076923 4267.692308 4260.000000 4232.820513 4223.589744 4281.025641 4278.974359 4286.666667 4237.435897
4292.307692 4284.615385 4288.717949 4305.128205 4240.000000 4251.282051 4261.538462 4286.153846 4268.717949 4223.076923 4283.589744 4274.871795 4298.461538 4225.128205
4302.564103 4284.615385 4306.666667 4326.666667 4224.615385 4273.846154 4263.589744 4265.641026 4255.384615 4228.717949 4284.102564 4285.128205 4313.333333 4235.384615
4312.820513 4286.666667 4310.256410 4331.282051 4219.487179 4306.153846 4290.256410 4266.153846 4247.179487 4227.692308 4285.641026 4291.794872 4313.846154 4250.256410
4292.820513 4266.666667 4286.666667 4308.717949 4218.461538 4286.153846 4293.846154 4280.000000 4249.230769 4221.025641 4271.282051 4269.230769 4289.230769 4232.307692
4290.256410 4259.487179 4284.102564 4304.102564 4230.256410 4266.153846 4274.871795 4267.179487 4237.435897 4227.692308 4265.128205 4278.974359 4283.589744 4221.025641
4297.435897 4254.871795 4299.487179 4313.333333 4219.487179 4267.692308 4247.692308 4242.051282 4227.179487 4229.230769 4272.820513 4286.666667 4301.025641 4217.435897
4284.615385 4247.692308 4267.692308 4287.179487 4210.256410 4233.846154 4214.358974 4229.743590 4231.794872 4226.153846 4263.589744 4277.948718 4266.153846 4227.692308
4293.846154 4268.205128 4257.948718 4282.564103 4231.282051 4255.897436 4270.256410 4288.717949 4281.538462 4225.641026 4269.743590 4282.564103 4253.846154 4241.538462
4309.743590 4277.435897 4295.384615 4315.384615 4232.307692 4304.102564 4323.076923 4323.589744 4295.384615 4221.538462 4287.692308 4276.410256 4305.128205 4233.333333
4295.897436 4261.025641 4290.256410 4313.333333 4223.589744 4264.615385 4264.615385 4254.871795 4229.743590 4227.692308 4271.794872 4281.538462 4298.974359 4233.333333
4282.051282 4254.358974 4261.025641 4292.307692 4212.820513 4253.846154 4253.333333 4231.282051 4215.897436 4231.282051 4253.846154 4284.615385 4263.589744 4240.000000
4283.589744 4268.717949 4245.128205 4283.589744 4222.564103 4276.923077 4280.000000 4261.538462 4248.205128 4224.102564 4255.384615 4274.358974 4255.384615 4234.871795
4276.923077 4275.384615 4245.128205 4276.410256 4243.076923 4237.435897 4236.410256 4244.102564 4228.205128 4225.128205 4252.820513 4273.846154 4257.948718 4215.897436
4271.794872 4266.153846 4264.102564 4279.487179 4229.230769 4219.487179 4219.487179 4229.743590 4211.282051 4235.384615 4249.230769 4276.410256 4267.692308 4210.769231
4292.820513 4282.051282 4277.948718 4293.846154 4229.743590 4261.025641 4267.692308 4261.025641 4246.666667 4234.871795 4262.564103 4287.692308 4271.794872 4238.974359
4290.769231 4297.435897 4265.128205 4287.179487 4237.948718 4262.051282 4278.461538 4281.538462 4266.153846 4222.051282 4267.179487 4272.820513 4265.641026 4232.820513
4267.179487 4286.666667 4245.128205 4269.230769 4228.717949 4225.128205 4244.102564 4249.743590 4234.358974 4225.641026 4248.205128 4262.564103 4248.717949 4217.948718
4276.923077 4283.589744 4253.846154 4282.051282 4223.076923 4246.666667 4263.076923 4239.487179 4223.589744 4233.333333 4247.179487 4290.256410 4251.794872 4240.512821
4285.641026 4280.512821 4262.051282 4292.307692 4214.358974 4277.435897 4304.102564 4286.153846 4270.256410 4225.128205 4263.076923 4288.717949 4274.871795 4242.564103
4278.461538 4280.512821 4251.282051 4279.487179 4230.769231 4254.871795 4285.128205 4282.051282 4262.564103 4223.589744 4261.538462 4273.846154 4273.846154 4224.615385
4268.205128 4273.333333 4247.179487 4270.256410 4235.897436 4235.384615 4244.102564 4220.512821 4191.794872 4228.717949 4244.102564 4268.717949 4250.769231 4208.205128
4257.948718 4260.000000 4229.743590 4255.384615 4218.974359 4221.025641 4218.461538 4198.974359 4180.512821 4229.743590 4225.641026 4268.717949 4210.769231 4219.487179
4267.692308 4275.897436 4224.102564 4259.487179 4233.846154 4217.948718 4238.461538 4245.641026 4235.897436 4226.153846 4235.384615 4280.512821 4208.205128 4240.000000
4277.435897 4289.743590 4255.897436 4286.153846 4238.461538 4235.897436 4257.948718 4264.615385 4243.076923 4224.615385 4258.974359 4268.717949 4253.333333 4222.564103
4275.384615 4285.128205 4262.564103 4285.641026 4226.153846 4224.102564 4212.820513 4198.974359 4183.076923 4230.769231 4248.717949 4268.205128 4255.897436 4220.000000
4268.205128 4281.538462 4239.487179 4261.538462 4218.974359 4207.692308 4196.923077 4170.769231 4170.256410 4228.717949 4225.128205 4277.435897 4221.025641 4235.384615
4260.512821 4276.410256 4227.179487 4251.794872 4215.384615 4214.871795 4227.692308 4206.666667 4202.051282 4221.538462 4228.205128 4266.153846 4206.666667 4234.871795
4266.153846 4278.974359 4235.897436 4267.692308 4227.179487 4215.384615 4236.410256 4224.102564 4203.076923 4227.692308 4247.179487 4272.307692 4223.076923 4227.692308
4268.205128 4277.435897 4248.205128 4277.948718 4221.538462 4218.974359 4245.641026 4236.923077 4211.282051 4232.307692 4251.282051 4276.923077 4249.743590 4218.461538
4268.717949 4280.512821 4234.871795 4268.717949 4223.589744 4236.923077 4269.743590 4249.230769 4234.871795 4225.641026 4240.512821 4275.897436 4234.871795 4231.794872
4268.717949 4279.487179 4210.769231 4255.384615 4236.410256 4237.435897 4256.923077 4216.923077 4215.384615 4212.307692 4227.692308 4267.692308 4197.948718 4242.564103
4262.051282 4262.564103 4210.256410 4253.333333 4226.153846 4218.461538 4229.743590 4185.128205 4182.564103 4217.948718 4223.589744 4258.974359 4197.948718 4231.794872
4267.179487 4265.641026 4234.871795 4272.307692 4221.538462 4231.282051 4242.564103 4200.512821 4189.743590 4235.384615 4231.794872 4275.897436 4227.692308 4226.153846
4260.000000 4268.205128 4229.743590 4270.256410 4216.410256 4243.589744 4245.641026 4196.923077 4191.282051 4227.692308 4223.076923 4267.179487 4220.000000 4220.000000
4251.282051 4269.743590 4196.923077 4242.051282 4224.102564 4209.743590 4224.615385 4189.230769 4201.538462 4222.051282 4215.384615 4257.435897 4190.769231 4223.589744
4267.692308 4285.641026 4220.512821 4254.358974 4238.461538 4204.102564 4235.897436 4235.897436 4243.076923 4231.794872 4244.102564 4270.256410 4230.256410 4216.410256
4261.538462 4270.769231 4233.333333 4259.487179 4222.051282 4206.153846 4224.615385 4226.153846 4221.025641 4228.717949 4244.615385 4258.461538 4245.128205 4201.025641
4243.589744 4251.794872 4186.153846 4224.615385 4224.102564 4187.692308 4198.974359 4168.717949 4170.256410 4222.051282 4212.820513 4260.000000 4180.000000 4225.641026
4262.051282 4270.256410 4200.000000 4238.461538 4234.871795 4225.128205 4251.282051 4212.307692 4211.794872 4224.102564 4237.435897 4276.410256 4204.615385 4241.025641
4282.051282 4286.153846 4252.820513 4280.000000 4225.641026 4250.769231 4276.923077 4258.461538 4242.564103 4228.717949 4270.256410 4280.512821 4276.923077 4227.179487
4269.230769 4268.717949 4248.205128 4270.256410 4215.384615 4226.666667 4240.512821 4214.358974 4199.487179 4227.179487 4245.128205 4275.897436 4256.410256 4222.564103
4259.487179 4258.974359 4225.641026 4245.128205 4213.846154 4229.230769 4253.846154 4208.205128 4211.282051 4226.153846 4231.794872 4266.153846 4224.615385 4230.769231
4275.897436 4282.564103 4227.692308 4247.692308 4235.897436 4234.358974 4274.871795 4249.230769 4257.435897 4226.153846 4249.230769 4270.256410 4238.461538 4231.794872
4273.333333 4275.897436 4230.769231 4247.692308 4236.410256 4218.461538 4249.743590 4246.666667 4240.512821 4224.102564 4243.589744 4258.974359 4235.897436 4209.743590
4254.871795 4254.871795 4210.256410 4233.333333 4220.512821 4212.820513 4226.153846 4201.538462 4194.871795 4226.153846 4221.025641 4250.256410 4195.897436 4212.820513
4260.000000 4270.769231 4195.384615 4234.358974 4231.794872 4225.128205 4240.000000 4181.538462 4190.769231 4224.615385 4220.512821 4264.102564 4182.051282 4238.974359
4269.743590 4276.410256 4214.358974 4249.230769 4230.256410 4237.948718 4261.025641 4212.307692 4225.128205 4221.538462 4240.000000 4260.512821 4221.538462 4230.256410
4280.512821 4272.307692 4245.641026 4264.615385 4224.102564 4229.743590 4244.102564 4219.487179 4226.153846 4231.794872 4254.358974 4270.769231 4258.461538 4221.025641
4281.538462 4273.846154 4254.358974 4266.153846 4220.000000 4228.717949 4245.128205 4211.794872 4199.487179 4233.333333 4250.256410 4278.461538 4255.384615 4227.692308
4276.410256 4274.871795 4237.435897 4248.205128 4221.025641 4231.282051 4262.051282 4227.692308 4194.358974 4229.230769 4241.538462 4268.717949 4224.102564 4232.820513
4293.846154 4288.717949 4254.358974 4253.333333 4237.435897 4227.692308 4249.743590 4246.153846 4214.871795 4230.769231 4256.410256 4275.384615 4235.897436 4228.205128
4292.307692 4284.102564 4271.794872 4262.564103 4230.769231 4229.743590 4229.743590 4221.025641 4194.871795 4225.128205 4257.948718 4265.641026 4252.307692 4215.384615
4272.820513 4272.820513 4238.461538 4247.179487 4223.589744 4224.615385 4234.358974 4188.205128 4163.076923 4222.564103 4235.897436 4268.717949 4212.820513 4233.333333
4277.948718 4278.461538 4234.358974 4257.948718 4224.102564 4238.974359 4279.487179 4244.615385 4223.076923 4222.051282 4247.179487 4280.512821 4216.410256 4245.641026
4275.384615 4272.307692 4238.974359 4260.000000 4221.025641 4229.743590 4264.102564 4256.410256 4233.846154 4220.000000 4250.256410 4263.076923 4233.333333 4228.717949
4248.205128 4249.743590 4209.230769 4221.025641 4226.666667 4181.538462 4178.461538 4159.487179 4139.487179 4225.641026 4218.974359 4258.974359 4192.307692 4214.871795
4236.923077 4230.769231 4202.051282 4203.076923 4215.897436 4175.384615 4161.538462 4123.076923 4113.846154 4230.769231 4211.794872 4260.000000 4177.435897 4213.333333
4264.615385 4254.871795 4222.051282 4218.974359 4223.076923 4208.717949 4215.897436 4184.102564 4171.794872 4229.743590 4236.923077 4264.615385 4204.615385 4234.358974
4280.512821 4279.487179 4236.923077 4228.717949 4240.000000 4222.564103 4244.102564 4238.974359 4211.282051 4223.076923 4252.307692 4265.128205 4226.666667 4232.307692
4270.769231 4263.589744 4240.512821 4225.641026 4229.230769 4212.820513 4225.641026 4224.615385 4202.051282 4223.589744 4245.641026 4262.564103 4227.692308 4218.461538
4286.153846 4265.128205 4252.820513 4236.923077 4228.717949 4233.333333 4246.153846 4211.282051 4192.820513 4227.692308 4246.153846 4276.410256 4226.153846 4241.538462
4295.384615 4277.435897 4257.948718 4240.512821 4225.641026 4249.743590 4274.358974 4241.025641 4216.923077 4217.948718 4251.794872 4265.641026 4233.846154 4243.076923
4281.538462 4274.358974 4247.179487 4226.153846 4227.179487 4206.153846 4233.846154 4243.076923 4223.076923 4220.000000 4245.128205 4262.051282 4229.743590 4224.102564
4285.128205 4273.846154 4264.615385 4241.025641 4230.256410 4206.666667 4232.820513 4230.769231 4200.512821 4234.358974 4250.256410 4278.461538 4240.000000 4220.000000
4302.564103 4281.025641 4289.743590 4273.846154 4217.948718 4262.564103 4277.435897 4240.000000 4198.461538 4232.820513 4266.666667 4273.333333 4264.102564 4230.256410
4293.846154 4284.102564 4255.384615 4253.333333 4231.794872 4242.051282 4238.461538 4217.948718 4203.076923 4222.564103 4254.358974 4263.589744 4240.000000 4232.307692
4251.794872 4261.538462 4198.461538 4194.358974 4232.820513 4173.846154 4173.846154 4185.641026 4196.923077 4220.512821 4221.538462 4249.230769 4192.820513 4210.769231
4250.769231 4259.487179 4206.666667 4196.410256 4218.974359 4186.153846 4194.358974 4200.512821 4201.538462 4231.794872 4223.589744 4258.974359 4199.487179 4220.000000
4287.179487 4283.076923 4247.692308 4250.256410 4221.538462 4250.769231 4240.000000 4213.333333 4203.589744 4230.256410 4247.692308 4275.897436 4236.410256 4243.076923
4272.820513 4276.923077 4228.205128 4245.641026 4219.487179 4234.358974 4210.256410 4166.153846 4168.717949 4218.461538 4233.846154 4256.410256 4220.000000 4231.794872
4256.923077 4274.871795 4217.435897 4225.128205 4226.666667 4186.666667 4185.641026 4150.769231 4151.794872 4230.256410 4220.512821 4263.589744 4208.717949 4220.000000
4280.000000 4285.641026 4268.205128 4256.923077 4220.512821 4217.948718 4227.692308 4195.897436 4177.948718 4237.948718 4241.538462 4278.974359 4253.333333 4215.384615
4292.307692 4284.615385 4269.230769 4268.205128 4213.333333 4245.641026 4253.333333 4213.846154 4199.487179 4229.230769 4247.692308 4275.897436 4249.743590 4232.820513
4292.307692 4292.820513 4245.128205 4250.769231 4232.307692 4237.948718 4265.641026 4242.564103 4238.974359 4222.051282 4247.692308 4278.974359 4234.358974 4248.205128
4288.205128 4295.897436 4256.923077 4240.000000 4230.769231 4234.871795 4270.256410 4266.666667 4259.487179 4223.076923 4254.358974 4270.256410 4256.923077 4227.692308
4281.538462 4290.256410 4248.205128 4225.128205 4221.538462 4229.743590 4244.102564 4214.358974 4208.205128 4226.153846 4243.589744 4273.333333 4238.461538 4228.717949
4270.769231 4279.487179 4218.974359 4215.384615 4216.410256 4227.692308 4237.435897 4176.410256 4173.846154 4223.589744 4224.615385 4271.282051 4201.538462 4243.589744
4269.743590 4275.897436 4223.076923 4232.820513 4216.923077 4235.897436 4265.641026 4222.564103 4214.871795 4228.205128 4228.717949 4266.666667 4213.333333 4240.512821
4269.743590 4280.512821 4233.846154 4244.615385 4227.179487 4225.641026 4249.743590 4222.051282 4208.717949 4230.256410 4236.923077 4271.282051 4229.743590 4219.487179
4247.692308 4265.128205 4202.051282 4221.538462 4215.384615 4182.051282 4182.051282 4145.641026 4138.461538 4225.128205 4217.435897 4255.897436 4201.025641 4204.102564
4254.358974 4269.743590 4182.564103 4216.923077 4222.051282 4171.794872 4183.589744 4166.666667 4169.230769 4228.205128 4211.282051 4261.025641 4184.102564 4232.307692
4281.538462 4289.230769 4223.076923 4246.666667 4237.435897 4216.923077 4241.025641 4249.230769 4249.230769 4225.128205 4237.435897 4272.307692 4221.538462 4241.538462
4284.615385 4290.256410 4254.871795 4257.435897 4228.717949 4231.282051 4234.358974 4214.871795 4207.179487 4221.025641 4245.641026 4267.179487 4243.589744 4225.641026
4284.102564 4288.717949 4243.589744 4250.769231 4224.615385 4220.000000 4212.820513 4154.871795 4144.615385 4222.051282 4229.230769 4272.307692 4216.923077 4235.897436
4282.564103 4283.076923 4226.666667 4238.461538 4218.461538 4221.538462 4228.717949 4184.615385 4174.871795 4221.025641 4220.000000 4263.076923 4195.384615 4242.051282
4282.564103 4286.153846 4227.692308 4223.076923 4229.743590 4206.666667 4216.923077 4208.717949 4200.000000 4227.692308 4229.743590 4265.128205 4207.179487 4231.794872
4282.051282 4293.333333 4247.692308 4229.230769 4234.358974 4206.666667 4210.256410 4214.871795 4207.179487 4232.820513 4246.153846 4272.820513 4245.128205 4213.333333
4275.384615 4290.256410 4246.153846 4233.846154 4217.435897 4222.051282 4224.615385 4216.410256 4212.820513 4229.230769 4242.564103 4263.589744 4248.717949 4217.948718
4278.974359 4297.948718 4230.769231 4225.128205 4229.743590 4216.923077 4220.512821 4200.000000 4200.512821 4227.692308 4237.435897 4271.282051 4226.153846 4236.923077
4266.153846 4287.179487 4211.794872 4202.564103 4234.871795 4191.794872 4192.307692 4191.794872 4189.230769 4221.538462 4232.820513 4257.948718 4211.794872 4214.871795
4237.948718 4261.538462 4174.358974 4171.794872 4225.641026 4150.256410 4135.384615 4146.153846 4152.820513 4224.102564 4207.692308 4249.743590 4168.717949 4209.743590
4255.897436 4270.256410 4198.461538 4196.410256 4216.410256 4187.692308 4164.615385 4135.897436 4146.153846 4234.358974 4212.820513 4275.897436 4184.615385 4246.153846
4286.666667 4290.769231 4253.846154 4243.589744 4214.358974 4264.102564 4255.897436 4214.358974 4208.717949 4230.256410 4248.717949 4280.000000 4253.846154 4255.897436
4283.589744 4293.333333 4251.282051 4242.564103 4231.794872 4248.205128 4248.205128 4247.692308 4233.846154 4224.615385 4257.435897 4270.769231 4256.923077 4228.717949
4268.205128 4281.025641 4233.846154 4224.102564 4225.128205 4209.743590 4203.589744 4205.641026 4194.871795 4226.666667 4239.487179 4261.538462 4221.538462 4207.692308
4270.769231 4278.974359 4223.076923 4217.435897 4221.025641 4210.769231 4208.205128 4193.333333 4195.384615 4226.666667 4228.717949 4264.102564 4202.051282 4230.256410
4271.282051 4281.025641 4210.769231 4212.820513 4236.923077 4204.102564 4210.256410 4222.051282 4228.205128 4220.512821 4232.307692 4265.128205 4201.025641 4238.461538
4264.102564 4272.307692 4216.410256 4210.256410 4233.333333 4192.307692 4194.358974 4222.564103 4223.589744 4224.615385 4239.487179 4256.410256 4214.358974 4216.410256
4271.282051 4274.871795 4226.666667 4212.307692 4227.692308 4204.615385 4192.820513 4187.692308 4192.307692 4231.282051 4241.538462 4271.282051 4220.512821 4224.102564
4258.461538 4261.025641 4211.282051 4200.512821 4213.333333 4210.256410 4186.666667 4156.923077 4162.564103 4222.051282 4228.205128 4267.692308 4208.717949 4232.820513
4237.948718 4249.230769 4182.564103 4180.000000 4218.974359 4186.666667 4164.615385 4154.871795 4153.333333 4223.589744 4211.794872 4255.897436 4185.641026 4228.205128
4245.641026 4265.128205 4189.743590 4184.615385 4242.051282 4185.128205 4175.384615 4184.102564 4176.923077 4233.333333 4218.461538 4264.615385 4192.307692 4215.897436
4264.615385 4277.435897 4231.282051 4215.897436 4225.641026 4220.512821 4216.923077 4224.615385 4216.923077 4231.794872 4243.589744 4268.205128 4236.923077 4211.794872
4278.461538 4287.692308 4240.000000 4225.641026 4220.512821 4232.820513 4230.256410 4232.820513 4229.743590 4225.128205 4242.564103 4271.282051 4230.256410 4235.384615
4274.358974 4288.717949 4216.923077 4207.179487 4232.820513 4215.384615 4215.384615 4215.384615 4222.051282 4218.974359 4225.128205 4257.948718 4191.282051 4239.487179
4273.333333 4283.589744 4229.230769 4214.871795 4228.205128 4223.076923 4230.769231 4221.025641 4217.435897 4225.641026 4233.333333 4261.025641 4209.230769 4231.794872
4286.153846 4289.230769 4265.641026 4243.589744 4221.025641 4252.307692 4259.487179 4233.333333 4208.717949 4229.743590 4244.615385 4282.564103 4243.589744 4237.435897
4273.333333 4276.923077 4246.153846 4223.589744 4215.384615 4229.230769 4225.128205 4210.769231 4206.153846 4220.000000 4228.717949 4264.615385 4219.487179 4232.307692
4252.820513 4264.615385 4197.435897 4182.051282 4233.333333 4161.538462 4149.230769 4162.564103 4192.307692 4222.564103 4215.897436 4252.820513 4179.487179 4221.538462
4253.846154 4264.615385 4208.717949 4188.717949 4236.923077 4157.948718 4134.871795 4152.307692 4176.410256 4230.256410 4228.717949 4258.461538 4206.666667 4208.717949
4260.512821 4261.538462 4229.230769 4206.666667 4224.102564 4193.846154 4162.051282 4165.641026 4173.333333 4228.205128 4233.333333 4261.025641 4228.717949 4218.974359
4266.666667 4265.641026 4215.897436 4202.051282 4232.820513 4208.717949 4186.153846 4181.025641 4193.846154 4222.564103 4231.282051 4270.769231 4210.769231 4238.461538
4265.641026 4267.179487 4216.923077 4202.564103 4229.743590 4218.461538 4212.307692 4210.256410 4224.615385 4222.051282 4241.025641 4263.076923 4218.461538 4230.769231
4267.179487 4264.102564 4233.846154 4221.025641 4224.102564 4223.589744 4218.974359 4211.282051 4212.307692 4229.230769 4240.512821 4266.153846 4236.410256 4227.179487
4266.666667 4251.794872 4237.948718 4231.282051 4218.974359 4222.564103 4214.871795 4198.974359 4194.358974 4228.717949 4228.205128 4273.846154 4232.307692 4226.153846
4251.794872 4241.025641 4204.615385 4200.000000 4218.461538 4193.333333 4190.769231 4195.897436 4205.128205 4223.589744 4217.435897 4258.974359 4195.897436 4224.102564
4233.333333 4243.589744 4162.564103 4158.974359 4236.410256 4156.923077 4157.435897 4176.410256 4192.307692 4222.564103 4203.076923 4246.153846 4151.794872 4220.512821
4223.589744 4232.307692 4157.435897 4151.794872 4226.153846 4161.538462 4149.230769 4149.743590 4160.000000 4222.051282 4192.820513 4241.025641 4148.205128 4211.794872
4252.820513 4238.974359 4189.743590 4177.948718 4220.512821 4205.641026 4188.205128 4161.025641 4174.358974 4229.230769 4213.846154 4267.179487 4189.230769 4236.923077
4281.538462 4257.435897 4222.564103 4205.641026 4232.307692 4255.384615 4265.641026 4237.948718 4242.564103 4225.641026 4243.076923 4277.435897 4232.307692 4247.179487
4270.769231 4248.205128 4220.000000 4206.153846 4226.666667 4234.358974 4250.256410 4262.564103 4259.487179 4216.410256 4235.384615 4253.333333 4230.769231 4222.051282
4265.641026 4240.000000 4211.794872 4200.512821 4225.128205 4170.769231 4154.871795 4180.512821 4192.307692 4223.076923 4221.025641 4264.102564 4212.307692 4216.923077
4252.307692 4230.769231 4198.974359 4187.179487 4217.948718 4160.512821 4133.846154 4123.589744 4144.615385 4227.692308 4214.871795 4263.589744 4195.384615 4219.487179
4238.461538 4233.846154 4174.871795 4175.897436 4223.589744 4186.153846 4175.897436 4163.076923 4177.435897 4229.230769 4214.871795 4252.820513 4180.000000 4228.205128
4255.897436 4249.230769 4191.794872 4197.948718 4237.948718 4203.076923 4197.435897 4220.000000 4228.717949 4230.256410 4236.410256 4258.461538 4208.205128 4224.615385
4257.948718 4236.923077 4203.589744 4204.102564 4227.692308 4185.128205 4173.846154 4197.948718 4210.769231 4227.692308 4238.461538 4254.358974 4219.487179 4211.282051
4248.205128 4226.666667 4177.435897 4180.000000 4226.153846 4178.461538 4168.717949 4162.051282 4186.666667 4224.615385 4216.923077 4262.051282 4176.410256 4232.307692
4252.820513 4235.384615 4180.512821 4183.076923 4224.615385 4218.461538 4225.128205 4207.179487 4227.692308 4220.512821 4224.615385 4263.589744 4179.487179 4247.692308
4264.615385 4242.051282 4215.897436 4214.871795 4226.153846 4227.179487 4242.564103 4232.820513 4240.512821 4226.666667 4246.153846 4265.641026 4226.666667 4235.897436
4269.230769 4240.512821 4232.820513 4235.897436 4228.717949 4208.717949 4204.615385 4198.974359 4207.692308 4227.692308 4244.102564 4272.820513 4241.025641 4222.051282
4259.487179 4234.358974 4207.692308 4215.384615 4215.897436 4212.820513 4194.871795 4182.051282 4198.974359 4222.051282 4225.641026 4258.461538 4210.256410 4225.128205
4256.410256 4244.102564 4183.076923 4186.666667 4229.743590 4211.794872 4207.179487 4195.384615 4205.641026 4225.641026 4219.487179 4256.410256 4178.974359 4236.410256
4254.871795 4246.153846 4196.410256 4189.230769 4237.435897 4197.435897 4199.487179 4207.692308 4214.871795 4227.179487 4226.153846 4255.384615 4191.282051 4217.435897
4256.410256 4242.564103 4204.615385 4201.025641 4224.102564 4197.948718 4189.230769 4191.282051 4208.717949 4226.153846 4222.564103 4260.000000 4197.948718 4220.512821
4263.076923 4250.769231 4196.410256 4201.025641 4223.076923 4221.538462 4211.282051 4182.564103 4199.487179 4222.051282 4220.512821 4271.282051 4189.230769 4244.615385
4252.307692 4241.538462 4190.256410 4188.717949 4226.153846 4224.102564 4222.051282 4200.000000 4208.205128 4221.538462 4224.102564 4254.871795 4193.333333 4230.256410
4250.769231 4235.897436 4198.461538 4189.230769 4235.384615 4202.051282 4201.538462 4211.794872 4220.000000 4230.256410 4232.307692 4260.000000 4210.256410 4214.871795
4251.794872 4233.846154 4206.153846 4199.487179 4222.564103 4197.948718 4190.769231 4195.897436 4207.692308 4229.743590 4233.846154 4267.179487 4221.025641 4211.794872
4242.564103 4226.666667 4182.051282 4186.153846 4210.769231 4198.974359 4191.794872 4167.692308 4185.128205 4223.589744 4222.051282 4258.974359 4191.282051 4225.128205
4251.794872 4238.461538 4176.923077 4182.051282 4236.923077 4206.666667 4214.358974 4193.846154 4207.179487 4223.076923 4230.256410 4263.076923 4189.230769 4235.384615
4256.410256 4235.897436 4204.102564 4194.358974 4238.974359 4220.000000 4233.846154 4237.948718 4244.615385 4225.641026 4248.205128 4255.897436 4228.205128 4212.307692
4241.025641 4219.487179 4189.230769 4182.564103 4223.589744 4195.897436 4200.000000 4200.512821 4226.153846 4228.205128 4230.769231 4256.923077 4202.564103 4214.358974
4242.051282 4222.564103 4177.435897 4178.461538 4217.948718 4192.820513 4188.205128 4165.128205 4209.230769 4224.102564 4218.974359 4262.564103 4177.435897 4237.435897
4260.512821 4236.410256 4207.179487 4200.512821 4225.641026 4242.564103 4238.461538 4207.179487 4225.641026 4224.615385 4241.025641 4261.025641 4214.358974 4236.923077
4263.589744 4237.948718 4214.358974 4211.794872 4235.897436 4259.487179 4261.025641 4237.435897 4230.256410 4229.230769 4249.230769 4265.128205 4226.666667 4225.641026
4250.769231 4222.051282 4195.384615 4208.205128 4218.461538 4216.410256 4214.871795 4208.717949 4226.153846 4226.153846 4230.769231 4257.948718 4207.179487 4224.102564
4256.923077 4229.230769 4191.282051 4206.666667 4223.589744 4190.769231 4174.871795 4185.128205 4228.205128 4224.615385 4228.717949 4261.538462 4204.102564 4233.846154
4259.487179 4232.820513 4197.435897 4195.897436 4237.948718 4213.333333 4197.948718 4205.128205 4225.128205 4222.564103 4241.538462 4258.461538 4213.846154 4219.487179
4243.589744 4210.769231 4190.256410 4180.000000 4225.128205 4211.282051 4209.743590 4205.641026 4216.410256 4224.102564 4236.923077 4249.743590 4210.256410 4212.820513
4239.487179 4204.102564 4170.256410 4173.333333 4224.102564 4181.025641 4171.282051 4157.435897 4203.589744 4226.153846 4216.410256 4259.487179 4185.641026 4230.256410
4220.512821 4194.871795 4137.948718 4149.230769 4220.000000 4167.692308 4153.846154 4131.794872 4176.410256 4222.564103 4193.333333 4242.564103 4138.974359 4221.025641
4220.000000 4199.487179 4144.615385 4151.282051 4225.641026 4183.076923 4194.871795 4174.871795 4181.538462 4233.333333 4205.641026 4247.179487 4139.487179 4216.410256
4271.282051 4231.794872 4222.051282 4214.358974 4235.384615 4234.358974 4243.589744 4230.769231 4238.461538 4238.974359 4256.410256 4275.897436 4234.871795 4224.102564
4278.461538 4229.230769 4221.538462 4221.538462 4225.641026 4231.282051 4210.769231 4199.487179 4236.410256 4220.512821 4248.205128 4252.307692 4238.974359 4221.025641
4241.538462 4205.128205 4148.205128 4170.769231 4233.846154 4174.871795 4166.153846 4158.974359 4202.051282 4215.897436 4201.538462 4235.897436 4139.487179 4226.153846
4248.205128 4205.641026 4175.384615 4190.769231 4229.743590 4190.769231 4200.000000 4198.974359 4226.153846 4227.692308 4216.923077 4253.846154 4164.102564 4227.692308
4293.846154 4226.153846 4248.717949 4249.743590 4218.974359 4238.461538 4230.769231 4223.076923 4251.282051 4233.846154 4256.923077 4275.384615 4257.435897 4235.384615
4297.435897 4225.128205 4242.051282 4244.615385 4224.102564 4239.487179 4231.794872 4210.256410 4245.641026 4227.692308 4251.794872 4267.179487 4251.282051 4233.333333
4264.102564 4207.179487 4195.897436 4195.384615 4226.153846 4208.717949 4208.717949 4194.871795 4228.717949 4223.589744 4226.666667 4245.641026 4197.948718 4216.923077
4260.000000 4213.333333 4188.717949 4178.974359 4234.358974 4177.435897 4163.589744 4170.769231 4204.615385 4229.743590 4222.051282 4256.410256 4195.897436 4212.820513
4260.512821 4207.179487 4184.615385 4178.974359 4222.564103 4169.230769 4153.333333 4157.435897 4187.179487 4229.230769 4217.948718 4253.333333 4194.358974 4211.282051
4264.615385 4202.051282 4170.769231 4178.974359 4218.974359 4200.000000 4203.589744 4189.743590 4207.692308 4228.205128 4218.461538 4254.358974 4170.769231 4236.410256
4289.743590 4225.128205 4200.512821 4204.615385 4236.410256 4248.717949 4260.512821 4245.641026 4256.923077 4225.641026 4241.538462 4268.205128 4199.487179 4247.692308
4291.794872 4219.487179 4223.076923 4211.282051 4225.641026 4236.410256 4232.820513 4231.794872 4255.897436 4222.051282 4244.615385 4251.282051 4224.615385 4221.538462
4294.358974 4206.153846 4217.948718 4202.564103 4216.410256 4204.102564 4188.717949 4183.589744 4211.794872 4228.205128 4231.794872 4259.487179 4203.589744 4232.307692
4317.948718 4219.487179 4240.000000 4221.538462 4217.948718 4235.897436 4226.666667 4209.743590 4219.487179 4228.717949 4246.666667 4272.820513 4222.564103 4246.153846
4325.641026 4231.794872 4248.205128 4227.179487 4225.128205 4231.794872 4222.564103 4224.615385 4244.615385 4225.641026 4261.538462 4260.000000 4244.615385 4227.179487
4310.256410 4222.564103 4213.846154 4201.025641 4234.871795 4179.487179 4156.410256 4181.025641 4222.051282 4225.641026 4244.102564 4251.794872 4205.641026 4211.794872
4290.256410 4196.410256 4183.589744 4177.948718 4220.000000 4178.974359 4153.846154 4167.692308 4195.384615 4225.641026 4218.461538 4244.102564 4165.641026 4214.871795
4296.410256 4197.435897 4178.461538 4188.717949 4222.051282 4198.974359 4184.102564 4169.743590 4186.153846 4225.641026 4214.358974 4253.846154 4164.102564 4236.923077
4318.974359 4216.923077 4200.512821 4235.897436 4232.820513 4206.153846 4198.974359 4185.641026 4208.717949 4223.076923 4234.358974 4262.051282 4202.051282 4239.487179
4331.282051 4221.025641 4229.230769 4272.307692 4226.666667 4212.307692 4207.179487 4213.846154 4237.948718 4225.128205 4254.871795 4264.615385 4241.025641 4226.666667
4342.051282 4220.000000 4247.179487 4279.487179 4223.076923 4225.128205 4213.333333 4207.179487 4231.282051 4231.794872 4256.923077 4277.948718 4250.769231 4230.769231
4343.589744 4215.897436 4246.666667 4276.410256 4216.410256 4238.974359 4232.820513 4208.717949 4234.871795 4229.230769 4250.769231 4268.205128 4247.179487 4236.923077
4333.846154 4216.923077 4222.051282 4257.435897 4229.230769 4215.897436 4227.692308 4225.128205 4239.487179 4225.641026 4244.102564 4256.923077 4227.179487 4228.205128
4331.794872 4218.461538 4227.692308 4251.282051 4234.871795 4202.051282 4210.769231 4223.589744 4228.205128 4228.205128 4249.743590 4260.000000 4228.717949 4208.717949
4347.179487 4222.051282 4245.128205 4270.769231 4218.974359 4230.256410 4226.666667 4214.871795 4229.230769 4229.743590 4258.461538 4264.615385 4241.538462 4224.615385
4357.435897 4229.230769 4221.538462 4264.615385 4227.692308 4238.461538 4238.461538 4211.282051 4231.282051 4221.538462 4252.307692 4264.102564 4215.897436 4251.794872
4346.666667 4216.923077 4207.692308 4240.000000 4230.769231 4227.692308 4242.564103 4226.153846 4236.923077 4216.923077 4249.743590 4252.820513 4203.589744 4235.384615
4354.871795 4216.923077 4242.051282 4255.384615 4223.589744 4238.974359 4257.948718 4251.282051 4258.974359 4229.743590 4266.666667 4272.307692 4239.487179 4229.230769
4352.820513 4219.487179 4240.512821 4263.076923 4214.871795 4231.794872 4235.897436 4226.153846 4241.025641 4229.230769 4262.051282 4273.846154 4238.461538 4231.794872
4316.410256 4201.025641 4174.871795 4215.897436 4211.282051 4185.641026 4182.051282 4170.769231 4194.871795 4220.000000 4225.128205 4244.615385 4168.205128 4226.153846
4321.025641 4210.769231 4172.820513 4209.743590 4235.384615 4191.794872 4208.717949 4207.692308 4229.743590 4226.666667 4234.358974 4261.538462 4166.666667 4228.717949
4347.692308 4228.205128 4235.897436 4252.820513 4232.820513 4235.384615 4263.589744 4278.974359 4285.128205 4230.256410 4275.384615 4271.282051 4244.615385 4218.974359
4337.948718 4222.564103 4225.641026 4247.179487 4222.051282 4212.820513 4218.461538 4227.179487 4234.871795 4227.179487 4257.948718 4256.923077 4231.282051 4226.153846
4318.461538 4212.820513 4182.051282 4217.435897 4231.282051 4178.461538 4171.282051 4156.923077 4182.051282 4222.564103 4221.538462 4254.358974 4166.666667 4236.923077
4318.461538 4208.717949 4194.871795 4221.538462 4224.615385 4181.538462 4182.564103 4167.179487 4200.512821 4224.102564 4229.230769 4255.897436 4176.410256 4229.230769
4336.923077 4222.051282 4237.435897 4250.256410 4220.000000 4211.282051 4221.538462 4213.333333 4239.487179 4233.333333 4254.871795 4273.846154 4224.615385 4233.846154
4342.564103 4226.666667 4252.820513 4264.102564 4211.794872 4247.692308 4261.538462 4247.692308 4263.076923 4229.230769 4261.025641 4272.307692 4242.564103 4235.897436
4331.794872 4224.615385 4223.076923 4243.589744 4219.487179 4217.435897 4227.692308 4217.435897 4230.256410 4220.000000 4248.205128 4258.974359 4216.410256 4233.333333
4324.102564 4231.794872 4216.410256 4233.846154 4239.487179 4176.923077 4188.717949 4191.794872 4199.487179 4225.128205 4251.282051 4260.512821 4217.435897 4218.974359
4323.589744 4230.256410 4245.641026 4249.743590 4228.205128 4212.307692 4234.871795 4225.128205 4228.717949 4233.333333 4265.641026 4263.589744 4248.717949 4215.897436
4330.769231 4229.230769 4243.076923 4254.358974 4224.615385 4256.923077 4289.743590 4254.358974 4263.589744 4226.153846 4264.615385 4274.871795 4238.974359 4247.179487
4320.000000 4226.153846 4218.461538 4242.051282 4224.615385 4249.743590 4288.205128 4260.512821 4270.256410 4214.358974 4253.333333 4265.128205 4218.974359 4248.717949
4304.102564 4225.128205 4220.512821 4233.846154 4225.128205 4212.820513 4248.205128 4242.564103 4251.794872 4226.153846 4250.256410 4262.051282 4223.589744 4227.179487
4307.179487 4228.717949 4243.076923 4231.794872 4225.641026 4204.615385 4233.333333 4226.153846 4229.230769 4236.410256 4254.871795 4276.410256 4234.358974 4225.641026
4309.230769 4226.153846 4244.102564 4223.589744 4213.846154 4235.384615 4266.666667 4247.692308 4247.692308 4227.692308 4258.461538 4266.666667 4235.384615 4234.871795
4308.205128 4231.282051 4226.666667 4214.871795 4230.769231 4231.794872 4271.794872 4266.666667 4272.307692 4223.076923 4260.000000 4263.589744 4227.179487 4231.794872
4292.307692 4220.512821 4217.435897 4204.102564 4240.000000 4178.461538 4222.564103 4244.102564 4253.846154 4226.153846 4253.333333 4256.923077 4222.051282 4209.230769
4287.179487 4209.743590 4222.564103 4205.128205 4225.128205 4180.000000 4215.384615 4222.051282 4233.846154 4232.307692 4250.256410 4258.974359 4227.179487 4221.538462
4315.384615 4229.743590 4246.153846 4232.307692 4226.153846 4250.256410 4269.230769 4223.589744 4228.717949 4228.205128 4266.153846 4280.000000 4246.666667 4250.769231
4327.692308 4236.923077 4267.692308 4250.769231 4226.153846 4269.743590 4288.205128 4245.641026 4241.025641 4222.051282 4280.512821 4273.333333 4267.179487 4237.948718
4318.974359 4230.256410 4271.794872 4247.692308 4227.692308 4225.641026 4256.410256 4266.153846 4262.051282 4230.769231 4278.461538 4271.282051 4266.666667 4225.128205
4298.461538 4215.897436 4251.282051 4232.820513 4218.974359 4205.641026 4230.256410 4230.769231 4228.205128 4226.666667 4254.871795 4270.256410 4238.461538 4229.743590
4287.692308 4209.230769 4224.615385 4216.410256 4215.897436 4199.487179 4218.974359 4194.871795 4194.871795 4221.538462 4247.179487 4263.589744 4214.358974 4237.435897
4306.666667 4226.153846 4240.512821 4225.641026 4238.461538 4195.897436 4229.230769 4241.025641 4242.564103 4228.717949 4277.948718 4269.743590 4243.589744 4229.230769
4292.307692 4214.358974 4238.461538 4214.871795 4230.769231 4179.487179 4208.205128 4235.897436 4238.461538 4225.128205 4270.256410 4255.384615 4247.179487 4204.615385
4275.897436 4203.589744 4211.282051 4197.435897 4219.487179 4174.358974 4193.333333 4177.435897 4183.589744 4223.589744 4242.051282 4262.564103 4204.102564 4231.794872
4314.358974 4234.358974 4259.487179 4244.615385 4227.692308 4250.769231 4293.846154 4267.179487 4261.538462 4228.717949 4280.000000 4284.615385 4253.846154 4258.974359
4329.230769 4245.128205 4296.410256 4269.743590 4229.230769 4266.153846 4317.948718 4336.410256 4314.358974 4226.153846 4305.128205 4271.282051 4307.179487 4229.230769
4297.948718 4220.000000 4255.384615 4230.256410 4230.256410 4180.000000 4200.000000 4228.717949 4221.025641 4222.051282 4266.153846 4264.102564 4253.333333 4213.846154
4289.230769 4202.564103 4252.307692 4226.666667 4214.358974 4181.538462 4199.487179 4205.641026 4217.435897 4225.128205 4259.487179 4273.846154 4238.974359 4229.743590
4314.358974 4218.461538 4290.769231 4265.128205 4218.974359 4247.179487 4298.974359 4309.230769 4302.564103 4232.820513 4294.358974 4286.153846 4286.153846 4243.589744
4313.846154 4226.666667 4291.282051 4275.897436 4237.948718 4242.564103 4286.666667 4313.846154 4283.589744 4230.256410 4297.948718 4276.410256 4293.333333 4220.512821
4293.333333 4212.820513 4273.846154 4263.076923 4227.692308 4211.794872 4224.615385 4240.512821 4220.512821 4226.666667 4283.076923 4264.615385 4273.846154 4207.692308
4302.051282 4220.000000 4277.435897 4257.948718 4224.615385 4233.846154 4257.435897 4250.769231 4241.538462 4228.205128 4285.641026 4285.641026 4269.743590 4240.512821
4306.153846 4225.641026 4280.000000 4254.358974 4222.564103 4249.743590 4290.256410 4295.384615 4277.435897 4222.051282 4287.179487 4276.410256 4265.128205 4247.179487
4293.333333 4213.333333 4266.666667 4250.769231 4224.615385 4201.538462 4223.076923 4252.820513 4236.410256 4224.102564 4275.384615 4261.025641 4252.307692 4227.179487
4295.384615 4210.256410 4279.487179 4265.128205 4226.153846 4183.076923 4193.846154 4216.410256 4207.692308 4231.794872 4276.410256 4276.410256 4275.384615 4220.512821
4304.102564 4214.358974 4300.000000 4281.538462 4214.871795 4223.589744 4244.615385 4253.333333 4241.025641 4229.743590 4284.102564 4278.974359 4298.974359 4234.871795
4302.051282 4220.512821 4284.615385 4276.923077 4229.230769 4226.153846 4251.282051 4276.923077 4266.666667 4225.641026 4278.974359 4275.384615 4276.923077 4246.666667
4289.230769 4215.897436 4277.435897 4264.615385 4233.846154 4211.282051 4235.897436 4276.410256 4266.666667 4223.076923 4278.461538 4271.282051 4274.358974 4228.205128
4286.153846 4211.794872 4279.487179 4249.230769 4223.076923 4217.435897 4244.102564 4269.743590 4255.384615 4225.641026 4276.410256 4277.435897 4270.769231 4229.230769
4287.179487 4211.794872 4274.358974 4241.025641 4221.538462 4227.692308 4247.179487 4259.487179 4249.230769 4224.615385 4270.769231 4282.564103 4249.230769 4246.666667
4277.435897 4202.564103 4275.384615 4245.641026 4216.923077 4228.717949 4251.794872 4270.256410 4260.512821 4223.589744 4276.923077 4271.794872 4260.512821 4242.051282
4278.461538 4206.666667 4285.128205 4250.256410 4226.153846 4235.897436 4283.076923 4305.641026 4282.051282 4230.256410 4288.717949 4283.589744 4282.564103 4234.871795
4269.743590 4198.974359 4281.538462 4238.461538 4221.538462 4233.333333 4278.461538 4293.846154 4258.461538 4227.692308 4276.410256 4276.410256 4268.717949 4216.410256
4246.666667 4183.076923 4245.641026 4206.666667 4214.358974 4171.282051 4182.564103 4196.923077 4183.076923 4226.153846 4247.692308 4257.435897 4224.102564 4213.333333
4262.051282 4206.153846 4259.487179 4217.948718 4232.307692 4157.435897 4166.153846 4190.256410 4197.948718 4233.333333 4268.205128 4278.461538 4249.230769 4235.384615
4295.897436 4232.820513 4325.641026 4267.179487 4230.256410 4229.230769 4271.794872 4306.666667 4299.487179 4235.384615 4317.435897 4292.307692 4331.282051 4237.435897
4306.153846 4239.487179 4341.025641 4284.102564 4220.512821 4257.435897 4310.256410 4331.794872 4310.256410 4232.820513 4319.487179 4292.820513 4341.025641 4240.512821
4290.769231 4228.205128 4308.717949 4269.230769 4215.384615 4235.384615 4280.512821 4275.384615 4261.025641 4223.076923 4291.794872 4282.051282 4302.564103 4245.641026
4278.461538 4217.435897 4289.743590 4259.487179 4223.076923 4217.948718 4270.256410 4272.820513 4266.153846 4220.512821 4286.666667 4275.384615 4290.256410 4240.000000
4285.128205 4224.615385 4303.076923 4267.692308 4235.897436 4214.358974 4267.179487 4286.153846 4273.846154 4230.256410 4296.923077 4288.717949 4302.564103 4225.641026
4286.153846 4224.102564 4312.820513 4270.769231 4214.871795 4221.025641 4262.564103 4272.820513 4255.384615 4232.307692 4292.307692 4283.589744 4302.564103 4219.487179
4291.282051 4228.205128 4300.512821 4258.461538 4217.435897 4224.102564 4269.230769 4281.025641 4268.717949 4228.717949 4285.641026 4285.128205 4288.717949 4239.487179
4294.871795 4230.769231 4297.435897 4248.717949 4237.948718 4222.051282 4280.000000 4314.358974 4298.461538 4226.666667 4296.410256 4282.564103 4299.487179 4234.358974
4294.871795 4229.743590 4308.717949 4262.564103 4231.282051 4226.666667 4288.717949 4326.666667 4307.692308 4231.282051 4303.076923 4276.410256 4316.923077 4224.102564
4305.128205 4240.000000 4313.333333 4291.794872 4226.153846 4240.512821 4301.025641 4316.923077 4303.589744 4232.307692 4296.410256 4291.282051 4310.769231 4241.025641
4298.461538 4232.820513 4302.051282 4288.717949 4217.435897 4245.128205 4305.128205 4308.205128 4298.461538 4223.589744 4290.256410 4284.615385 4300.000000 4240.512821
4289.743590 4226.666667 4295.384615 4269.743590 4225.641026 4226.666667 4291.282051 4307.692308 4299.487179 4225.128205 4296.410256 4283.589744 4302.051282 4234.358974
4294.871795 4231.282051 4308.205128 4277.948718 4230.769231 4223.076923 4275.384615 4290.256410 4275.384615 4231.282051 4303.589744 4292.307692 4317.435897 4224.615385
4291.282051 4223.076923 4297.435897 4277.948718 4217.435897 4223.589744 4251.794872 4234.871795 4216.410256 4228.205128 4290.769231 4282.051282 4302.564103 4221.538462
4278.974359 4213.333333 4263.589744 4248.205128 4227.179487 4193.333333 4227.179487 4212.307692 4205.128205 4223.076923 4274.871795 4276.923077 4260.512821 4232.820513
4247.179487 4189.743590 4228.717949 4204.615385 4228.205128 4142.564103 4190.256410 4214.871795 4220.000000 4217.435897 4256.410256 4259.487179 4224.102564 4215.897436
4234.358974 4175.897436 4205.128205 4177.948718 4224.102564 4122.564103 4157.435897 4171.282051 4179.487179 4226.153846 4238.974359 4267.179487 4204.615385 4220.512821
4297.948718 4207.179487 4279.487179 4234.358974 4223.076923 4225.128205 4257.948718 4218.461538 4211.794872 4240.000000 4285.128205 4308.717949 4293.846154 4261.025641
4354.358974 4232.820513 4369.230769 4296.410256 4217.948718 4322.051282 4371.282051 4332.820513 4311.282051 4233.846154 4346.153846 4311.282051 4409.743590 4257.948718
4312.820513 4207.692308 4310.769231 4241.538462 4230.769231 4246.153846 4289.743590 4290.769231 4281.025641 4222.564103 4312.307692 4283.589744 4352.307692 4214.871795
4254.358974 4163.076923 4226.666667 4175.384615 4222.051282 4158.461538 4184.615385 4188.205128 4200.512821 4225.128205 4256.410256 4263.589744 4252.307692 4198.974359
4288.205128 4178.974359 4270.256410 4215.384615 4215.897436 4201.538462 4230.769231 4218.974359 4232.820513 4235.384615 4288.717949 4287.179487 4300.000000 4241.025641
4340.000000 4221.538462 4341.538462 4272.307692 4233.333333 4265.641026 4309.743590 4313.333333 4318.461538 4228.205128 4344.615385 4307.692308 4395.897436 4256.410256
4304.102564 4200.512821 4301.538462 4236.923077 4226.666667 4218.974359 4260.000000 4285.641026 4299.487179 4215.897436 4320.000000 4278.974359 4362.051282 4223.076923
4271.794872 4176.923077 4252.820513 4200.000000 4215.897436 4170.256410 4195.897436 4205.128205 4226.666667 4228.205128 4285.641026 4281.538462 4296.923077 4228.205128
4304.102564 4192.307692 4303.076923 4239.487179 4209.743590 4237.948718 4270.256410 4265.641026 4277.435897 4237.435897 4317.435897 4305.641026 4347.692308 4251.282051
4334.871795 4210.256410 4340.512821 4269.743590 4218.461538 4301.538462 4364.615385 4383.589744 4383.589744 4231.794872 4344.102564 4306.666667 4393.846154 4250.769231
4321.538462 4206.666667 4309.743590 4245.641026 4235.897436 4269.230769 4335.897436 4363.076923 4344.615385 4223.076923 4318.974359 4288.717949 4353.846154 4220.000000
4303.589744 4191.794872 4287.692308 4224.102564 4226.666667 4215.384615 4249.230769 4261.025641 4244.615385 4224.102564 4299.487179 4274.358974 4324.102564 4206.666667
4328.205128 4212.820513 4309.743590 4243.076923 4227.692308 4228.205128 4255.384615 4262.051282 4274.358974 4230.769231 4317.948718 4301.538462 4343.589744 4246.666667
4346.666667 4238.461538 4328.717949 4261.025641 4231.282051 4269.743590 4309.230769 4320.512821 4343.076923 4220.512821 4333.846154 4305.128205 4366.153846 4255.384615
4329.230769 4230.769231 4310.256410 4245.128205 4223.076923 4241.025641 4263.076923 4285.128205 4306.153846 4218.974359 4318.974359 4283.589744 4348.205128 4228.717949
4316.410256 4216.410256 4290.256410 4227.179487 4221.025641 4188.205128 4191.282051 4212.820513 4246.666667 4228.205128 4293.846154 4291.282051 4311.282051 4229.230769
4324.615385 4213.333333 4303.076923 4232.820513 4212.820513 4214.871795 4237.435897 4244.615385 4276.410256 4227.179487 4294.871795 4297.435897 4317.435897 4246.666667
4348.717949 4226.153846 4332.307692 4257.435897 4228.717949 4256.923077 4298.974359 4321.538462 4328.205128 4228.205128 4327.692308 4304.102564 4362.051282 4247.692308
4350.256410 4220.512821 4341.025641 4266.153846 4237.435897 4243.076923 4278.461538 4332.307692 4328.205128 4230.769231 4336.410256 4297.435897 4383.589744 4217.435897
4327.179487 4200.512821 4311.282051 4239.487179 4221.025641 4222.051282 4248.717949 4292.307692 4301.538462 4227.179487 4301.538462 4284.615385 4339.487179 4215.384615
4313.333333 4195.384615 4268.717949 4207.179487 4225.641026 4220.512821 4251.794872 4270.256410 4293.846154 4218.974359 4277.948718 4287.692308 4273.846154 4246.666667
4314.871795 4196.410256 4271.794872 4215.384615 4227.692308 4235.384615 4271.282051 4300.000000 4315.897436 4220.000000 4296.923077 4283.076923 4279.487179 4242.051282
4314.871795 4191.282051 4283.589744 4226.666667 4223.076923 4210.256410 4233.333333 4272.307692 4282.051282 4226.666667 4297.435897 4286.666667 4294.871795 4225.128205
4298.461538 4175.384615 4268.205128 4205.641026 4213.333333 4182.564103 4192.307692 4208.717949 4232.820513 4225.641026 4268.205128 4292.820513 4270.769231 4228.717949
4302.051282 4179.487179 4270.769231 4204.615385 4213.846154 4218.974359 4234.871795 4240.512821 4267.692308 4227.692308 4277.948718 4291.794872 4277.435897 4239.487179
4336.410256 4209.230769 4304.615385 4236.410256 4238.461538 4250.256410 4275.384615 4297.435897 4312.820513 4232.307692 4315.384615 4297.948718 4320.512821 4235.897436
4335.897436 4206.153846 4320.512821 4243.589744 4230.769231 4225.641026 4244.615385 4279.487179 4302.051282 4226.666667 4315.897436 4289.230769 4336.923077 4218.461538
4320.000000 4196.923077 4301.025641 4229.230769 4222.564103 4225.128205 4250.256410 4269.230769 4301.025641 4224.615385 4295.384615 4296.410256 4313.846154 4237.435897
4328.205128 4208.717949 4300.512821 4236.410256 4230.256410 4276.923077 4324.615385 4328.717949 4348.717949 4221.538462 4302.051282 4305.641026 4310.256410 4254.358974
4322.564103 4203.589744 4305.128205 4237.435897 4222.051282 4257.435897 4297.948718 4316.410256 4340.000000 4216.923077 4305.128205 4289.743590 4311.794872 4236.410256
4308.205128 4197.948718 4297.948718 4225.128205 4224.615385 4195.897436 4200.512821 4219.487179 4262.051282 4224.102564 4291.282051 4296.923077 4298.461538 4232.307692
4312.820513 4206.666667 4315.897436 4237.435897 4220.512821 4208.717949 4211.282051 4222.564103 4266.153846 4231.282051 4302.051282 4306.666667 4323.589744 4236.410256
4305.641026 4206.666667 4292.820513 4228.205128 4224.102564 4202.051282 4224.615385 4255.897436 4293.846154 4225.128205 4296.410256 4293.333333 4303.076923 4226.666667
4256.923077 4182.051282 4210.769231 4172.820513 4233.846154 4123.589744 4131.794872 4171.282051 4214.871795 4216.923077 4242.564103 4266.666667 4204.102564 4203.076923
4237.435897 4168.717949 4198.461538 4166.666667 4222.564103 4100.512821 4102.564103 4136.410256 4196.923077 4228.205128 4232.820513 4271.794872 4191.794872 4215.384615
4294.871795 4202.051282 4281.538462 4241.538462 4223.076923 4202.051282 4236.923077 4249.743590 4303.589744 4237.948718 4296.410256 4319.487179 4290.256410 4263.589744
4324.615385 4215.897436 4321.538462 4275.897436 4218.974359 4282.051282 4324.102564 4302.564103 4321.538462 4221.538462 4318.461538 4310.769231 4330.256410 4259.487179
4305.641026 4203.589744 4311.282051 4252.307692 4216.923077 4228.717949 4241.025641 4234.358974 4257.948718 4221.538462 4292.307692 4290.769231 4301.025641 4234.358974
4309.230769 4209.743590 4336.923077 4261.538462 4223.589744 4181.538462 4188.717949 4230.769231 4281.538462 4234.871795 4303.076923 4310.256410 4325.128205 4232.307692
4297.435897 4200.000000 4314.358974 4248.205128 4216.923077 4188.205128 4214.358974 4254.871795 4299.487179 4226.666667 4301.025641 4297.948718 4313.846154 4233.846154
4284.615385 4201.025641 4275.384615 4219.487179 4231.282051 4193.333333 4223.076923 4244.102564 4273.333333 4225.128205 4289.743590 4292.307692 4271.282051 4240.512821
4307.692308 4222.564103 4330.256410 4258.461538 4234.871795 4223.589744 4257.948718 4310.769231 4332.820513 4231.794872 4326.153846 4304.102564 4329.230769 4228.717949
4298.974359 4211.794872 4326.666667 4261.025641 4222.051282 4226.153846 4263.589744 4322.051282 4340.512821 4224.615385 4315.897436 4296.410256 4326.153846 4222.051282
4267.692308 4194.871795 4257.435897 4213.846154 4226.153846 4203.589744 4222.051282 4224.615385 4249.230769 4217.948718 4270.256410 4291.794872 4253.846154 4238.974359
4263.076923 4193.333333 4263.076923 4213.846154 4220.512821 4202.051282 4211.282051 4210.769231 4243.076923 4223.589744 4279.487179 4288.205128 4267.179487 4236.923077
4276.923077 4201.025641 4303.076923 4237.435897 4222.564103 4195.384615 4224.102564 4266.153846 4302.564103 4235.897436 4302.051282 4303.589744 4302.051282 4231.794872
4273.333333 4197.435897 4306.666667 4233.846154 4220.000000 4190.769231 4213.846154 4241.025641 4273.846154 4230.256410 4290.256410 4303.076923 4295.897436 4222.564103
4274.358974 4196.923077 4299.487179 4229.230769 4217.435897 4200.000000 4193.846154 4186.153846 4215.897436 4225.128205 4290.256410 4292.820513 4292.820513 4231.282051
4302.051282 4224.102564 4327.692308 4252.307692 4235.384615 4231.794872 4244.615385 4262.564103 4289.743590 4230.769231 4326.153846 4304.615385 4328.717949 4245.641026
4300.512821 4231.794872 4341.025641 4253.846154 4227.692308 4252.307692 4291.282051 4322.051282 4343.076923 4227.179487 4331.282051 4298.974359 4342.564103 4228.717949
4287.692308 4224.102564 4316.410256 4234.358974 4219.487179 4230.769231 4241.538462 4243.076923 4275.384615 4224.615385 4306.666667 4301.538462 4312.307692 4236.410256
4291.282051 4221.538462 4307.692308 4233.333333 4225.128205 4214.358974 4205.128205 4221.025641 4267.179487 4222.564103 4303.589744 4302.564103 4302.564103 4252.307692
4284.615385 4216.410256 4313.333333 4237.948718 4227.692308 4202.564103 4216.923077 4271.794872 4312.307692 4226.153846 4312.820513 4296.923077 4311.282051 4238.974359
4279.487179 4207.692308 4331.282051 4258.461538 4227.692308 4204.102564 4233.333333 4277.435897 4311.282051 4233.333333 4324.102564 4316.410256 4331.794872 4226.153846
4280.512821 4184.615385 4343.076923 4278.461538 4211.794872 4227.179487 4241.538462 4256.410256 4293.333333 4227.692308 4327.692308 4311.794872 4349.230769 4226.666667
4275.384615 4176.410256 4306.153846 4255.897436 4225.128205 4218.461538 4230.256410 4247.692308 4284.102564 4221.025641 4313.846154 4297.948718 4306.153846 4238.461538
