4374.358974 4356.410256 4379.487179 4322.051282 4230.769231 4381.538462 4413.846154 4403.589744 4389.230769 4232.307692 4377.948718 4341.538462 4373.846154 4286.153846
4370.769231 4352.820513 4374.871795 4323.589744 4232.307692 4366.153846 4404.102564 4387.692308 4367.179487 4232.307692 4376.410256 4333.333333 4369.230769 4283.589744
4367.179487 4347.692308 4372.307692 4312.307692 4229.743590 4365.641026 4393.333333 4375.897436 4353.333333 4231.794872 4374.871795 4326.153846 4364.615385 4281.538462
4369.230769 4348.205128 4373.333333 4316.410256 4231.282051 4375.897436 4391.282051 4376.410256 4353.333333 4230.256410 4374.871795 4332.307692 4364.102564 4282.564103
4372.820513 4354.871795 4376.923077 4328.717949 4231.794872 4382.564103 4404.102564 4385.128205 4366.666667 4230.769231 4373.846154 4340.000000 4364.615385 4283.589744
4375.897436 4362.564103 4383.076923 4333.333333 4231.282051 4383.589744 4418.974359 4395.384615 4387.179487 4231.794872 4376.923077 4340.512821 4370.769231 4283.076923
4378.974359 4364.615385 4382.564103 4335.384615 4231.794872 4374.871795 4415.384615 4402.564103 4386.153846 4232.307692 4385.128205 4340.512821 4374.358974 4285.128205
4370.769231 4354.871795 4373.846154 4332.307692 4232.307692 4363.589744 4398.974359 4394.871795 4361.538462 4233.333333 4376.923077 4335.384615 4365.641026 4287.179487
4359.487179 4341.538462 4366.153846 4317.948718 4231.794872 4364.615385 4394.358974 4378.974359 4351.794872 4233.846154 4361.025641 4325.641026 4360.512821 4283.076923
4354.871795 4333.333333 4361.025641 4311.282051 4228.717949 4365.641026 4396.410256 4373.333333 4358.974359 4232.820513 4352.820513 4319.487179 4351.282051 4274.871795
4348.205128 4327.179487 4356.923077 4310.256410 4230.256410 4356.410256 4387.692308 4369.743590 4349.743590 4232.307692 4341.025641 4313.846154 4329.230769 4270.256410
4337.948718 4315.897436 4355.384615 4297.948718 4231.282051 4350.769231 4375.384615 4355.897436 4327.179487 4232.307692 4338.974359 4306.666667 4322.564103 4269.230769
4337.948718 4307.179487 4355.384615 4284.102564 4228.717949 4356.923077 4381.025641 4351.794872 4323.076923 4232.820513 4348.717949 4308.205128 4326.153846 4270.256410
4345.641026 4318.461538 4357.948718 4293.333333 4229.230769 4363.589744 4391.282051 4373.846154 4349.743590 4232.307692 4351.794872 4315.897436 4330.256410 4272.820513
4348.717949 4329.743590 4358.974359 4305.641026 4229.743590 4361.538462 4384.102564 4384.102564 4369.743590 4231.794872 4346.153846 4315.897436 4336.923077 4276.410256
4344.615385 4320.000000 4355.897436 4297.435897 4232.820513 4355.384615 4370.769231 4358.461538 4352.820513 4231.794872 4339.487179 4309.743590 4331.282051 4278.461538
4341.025641 4316.410256 4355.897436 4295.897436 4232.820513 4354.358974 4369.743590 4343.076923 4333.333333 4231.794872 4343.076923 4312.307692 4325.641026 4276.410256
4353.333333 4331.794872 4361.025641 4309.743590 4230.256410 4358.974359 4378.461538 4360.512821 4344.615385 4231.794872 4358.974359 4324.615385 4348.717949 4274.871795
4368.205128 4340.000000 4366.153846 4313.846154 4233.846154 4360.000000 4382.564103 4370.769231 4358.461538 4232.307692 4366.666667 4332.307692 4367.179487 4276.923077
4367.179487 4338.461538 4366.666667 4309.743590 4232.307692 4355.897436 4381.025641 4361.025641 4349.743590 4231.794872 4361.025641 4330.769231 4357.948718 4278.974359
4362.051282 4341.538462 4366.666667 4315.384615 4231.282051 4359.487179 4380.000000 4362.564103 4347.692308 4232.307692 4363.589744 4330.769231 4355.384615 4280.000000
4362.051282 4344.102564 4366.153846 4317.948718 4232.307692 4368.205128 4385.641026 4376.923077 4367.179487 4232.820513 4364.102564 4328.205128 4362.051282 4277.948718
4352.820513 4329.743590 4360.000000 4305.128205 4231.282051 4365.128205 4384.615385 4370.256410 4370.769231 4232.307692 4348.717949 4317.948718 4353.333333 4273.333333
4339.487179 4307.692308 4352.820513 4288.205128 4232.820513 4345.128205 4363.589744 4340.512821 4338.461538 4231.282051 4336.410256 4311.282051 4332.820513 4274.358974
4342.564103 4309.743590 4353.846154 4291.794872 4230.769231 4335.384615 4356.923077 4330.769231 4323.589744 4231.794872 4341.025641 4314.358974 4328.717949 4276.410256
4350.769231 4324.615385 4361.025641 4306.153846 4229.743590 4347.179487 4374.358974 4350.256410 4345.128205 4232.820513 4344.615385 4316.923077 4336.923077 4274.358974
4342.564103 4318.461538 4356.410256 4300.000000 4233.333333 4352.307692 4372.307692 4360.000000 4349.743590 4232.307692 4337.435897 4310.769231 4335.384615 4271.794872
4333.333333 4306.153846 4346.153846 4287.692308 4231.794872 4341.538462 4351.794872 4344.102564 4330.769231 4232.307692 4333.846154 4306.666667 4329.230769 4269.743590
4336.923077 4310.256410 4349.743590 4291.794872 4229.230769 4337.948718 4353.333333 4337.435897 4328.205128 4232.307692 4340.512821 4310.769231 4330.256410 4271.282051
4334.358974 4312.307692 4350.769231 4296.410256 4229.743590 4343.589744 4363.589744 4348.717949 4339.487179 4230.769231 4341.538462 4307.692308 4330.256410 4271.794872
4327.179487 4311.794872 4343.076923 4292.307692 4231.794872 4340.000000 4361.538462 4360.000000 4340.512821 4230.769231 4335.897436 4297.948718 4328.717949 4271.794872
4332.307692 4317.948718 4341.025641 4292.820513 4233.846154 4337.435897 4363.076923 4361.025641 4337.948718 4232.307692 4342.564103 4301.538462 4332.820513 4272.307692
4336.923077 4315.897436 4344.615385 4294.871795 4232.307692 4346.153846 4369.743590 4360.512821 4345.641026 4232.307692 4348.205128 4310.769231 4332.820513 4274.358974
4331.794872 4313.333333 4347.692308 4296.410256 4234.358974 4350.256410 4370.769231 4358.461538 4349.230769 4232.307692 4338.974359 4311.794872 4331.282051 4269.743590
4327.179487 4313.333333 4345.128205 4294.871795 4233.846154 4344.615385 4365.641026 4353.333333 4338.974359 4232.820513 4330.256410 4304.615385 4331.794872 4262.564103
4325.128205 4306.153846 4338.461538 4283.076923 4231.282051 4338.974359 4359.487179 4350.769231 4335.384615 4231.282051 4327.179487 4300.000000 4322.051282 4263.589744
4324.615385 4304.615385 4340.000000 4282.051282 4235.897436 4346.153846 4361.538462 4350.256410 4349.743590 4231.794872 4326.666667 4303.589744 4317.435897 4264.615385
4326.666667 4313.333333 4346.153846 4293.333333 4235.384615 4355.897436 4360.512821 4345.641026 4350.769231 4232.307692 4325.641026 4304.615385 4325.128205 4261.538462
4327.179487 4307.179487 4346.153846 4290.769231 4232.820513 4345.641026 4348.205128 4331.794872 4327.179487 4230.769231 4325.128205 4306.153846 4325.641026 4263.076923
4326.666667 4294.871795 4344.102564 4281.025641 4233.846154 4326.666667 4339.487179 4318.461538 4315.384615 4230.769231 4330.769231 4307.692308 4325.641026 4261.025641
4322.564103 4297.435897 4340.000000 4281.538462 4234.358974 4323.589744 4332.307692 4309.743590 4310.256410 4232.307692 4330.769231 4301.025641 4327.179487 4256.410256
4318.974359 4301.025641 4332.820513 4282.051282 4234.871795 4330.256410 4325.641026 4304.615385 4293.846154 4232.820513 4321.538462 4297.435897 4317.435897 4257.948718
4320.000000 4296.923077 4328.717949 4279.487179 4232.307692 4327.179487 4331.282051 4310.769231 4295.897436 4231.794872 4317.435897 4303.076923 4308.717949 4261.025641
4320.512821 4295.897436 4331.794872 4276.410256 4231.282051 4320.512821 4341.025641 4320.000000 4321.538462 4232.307692 4318.974359 4301.538462 4311.794872 4262.051282
4325.128205 4305.128205 4341.025641 4278.974359 4232.820513 4328.205128 4348.205128 4334.358974 4342.564103 4232.820513 4323.589744 4299.487179 4322.564103 4264.102564
4335.897436 4315.384615 4349.230769 4291.794872 4233.333333 4343.076923 4356.410256 4349.230769 4349.230769 4231.282051 4329.743590 4310.256410 4333.333333 4269.230769
4338.461538 4311.794872 4346.666667 4293.846154 4233.333333 4339.487179 4353.846154 4344.102564 4337.948718 4229.743590 4331.282051 4312.307692 4333.846154 4273.846154
4327.179487 4303.589744 4335.897436 4282.051282 4230.256410 4325.128205 4344.102564 4327.692308 4316.923077 4231.794872 4325.128205 4300.000000 4318.974359 4272.307692
4315.897436 4295.384615 4329.743590 4274.871795 4230.769231 4325.641026 4344.102564 4324.615385 4312.820513 4233.333333 4319.487179 4295.384615 4307.692308 4266.153846
4308.205128 4284.102564 4324.102564 4268.205128 4233.846154 4329.230769 4344.102564 4324.102564 4317.948718 4231.282051 4309.230769 4291.282051 4302.051282 4260.512821
4306.666667 4278.974359 4314.871795 4262.051282 4234.871795 4327.179487 4337.435897 4313.846154 4307.692308 4230.769231 4303.076923 4284.102564 4298.461538 4261.538462
4308.717949 4285.641026 4315.384615 4268.717949 4234.358974 4332.820513 4333.333333 4307.692308 4298.461538 4231.794872 4305.641026 4288.205128 4300.512821 4264.615385
4307.179487 4294.871795 4319.487179 4278.461538 4230.769231 4330.769231 4332.307692 4308.205128 4305.128205 4231.282051 4303.076923 4287.692308 4303.589744 4263.076923
4312.307692 4296.410256 4322.051282 4273.846154 4233.846154 4326.666667 4337.948718 4313.846154 4317.948718 4231.282051 4306.666667 4284.102564 4306.666667 4265.641026
4318.461538 4284.615385 4323.589744 4262.564103 4235.897436 4334.871795 4344.615385 4320.000000 4314.871795 4231.282051 4312.820513 4289.230769 4306.153846 4267.692308
4315.384615 4279.487179 4322.051282 4263.076923 4230.256410 4330.769231 4336.410256 4311.282051 4294.358974 4230.769231 4314.358974 4291.794872 4307.692308 4265.641026
4322.051282 4297.948718 4326.153846 4278.461538 4232.307692 4318.974359 4329.230769 4307.179487 4295.384615 4231.282051 4316.923077 4290.256410 4312.820513 4271.794872
4334.871795 4315.897436 4335.897436 4288.205128 4234.358974 4325.128205 4343.589744 4327.692308 4327.692308 4232.307692 4317.948718 4295.897436 4319.487179 4279.487179
4328.205128 4305.128205 4336.923077 4280.512821 4232.820513 4330.769231 4347.179487 4329.743590 4332.820513 4230.769231 4313.333333 4298.974359 4316.410256 4273.846154
4318.461538 4293.846154 4331.794872 4275.897436 4234.358974 4321.025641 4333.333333 4309.743590 4311.282051 4229.743590 4311.282051 4293.333333 4308.717949 4269.230769
4328.205128 4306.153846 4334.871795 4281.025641 4230.769231 4323.076923 4335.384615 4312.307692 4314.871795 4232.307692 4326.153846 4301.538462 4318.974359 4273.846154
4331.794872 4311.282051 4336.410256 4281.538462 4230.256410 4330.769231 4337.948718 4317.435897 4320.512821 4234.358974 4332.307692 4311.282051 4328.717949 4278.461538
4319.487179 4296.410256 4323.589744 4276.410256 4231.794872 4322.051282 4325.128205 4301.025641 4302.051282 4233.333333 4317.435897 4298.974359 4320.000000 4274.871795
4317.435897 4291.794872 4314.871795 4273.333333 4230.256410 4312.820513 4320.000000 4296.923077 4298.461538 4233.333333 4305.128205 4291.794872 4307.179487 4270.769231
4318.461538 4294.358974 4319.487179 4269.230769 4233.333333 4313.333333 4318.974359 4303.076923 4303.589744 4233.846154 4300.512821 4291.794872 4299.487179 4270.256410
4310.769231 4283.076923 4319.487179 4262.051282 4236.410256 4311.282051 4317.948718 4300.512821 4295.897436 4233.333333 4300.512821 4285.641026 4295.897436 4270.769231
4312.307692 4279.487179 4317.435897 4260.512821 4234.358974 4308.205128 4329.743590 4309.230769 4296.923077 4232.307692 4308.717949 4287.692308 4295.897436 4268.717949
4322.051282 4291.282051 4318.461538 4265.641026 4231.282051 4316.923077 4338.974359 4323.589744 4311.794872 4231.794872 4309.230769 4292.820513 4295.897436 4264.102564
4325.128205 4297.948718 4319.487179 4271.282051 4231.794872 4327.179487 4337.435897 4320.000000 4316.410256 4230.769231 4302.051282 4287.179487 4294.871795 4266.666667
4327.692308 4305.128205 4326.666667 4280.512821 4232.307692 4328.717949 4342.051282 4316.923077 4315.384615 4230.256410 4310.256410 4288.717949 4307.692308 4271.794872
4329.230769 4311.282051 4330.769231 4285.641026 4230.256410 4325.641026 4338.461538 4322.564103 4319.487179 4231.794872 4320.000000 4296.410256 4320.000000 4269.743590
4323.589744 4298.461538 4324.102564 4277.435897 4231.282051 4320.000000 4323.589744 4317.948718 4315.384615 4232.820513 4308.717949 4293.333333 4306.666667 4266.153846
4324.615385 4291.282051 4320.000000 4274.358974 4232.820513 4317.435897 4328.205128 4317.948718 4318.461538 4231.794872 4306.666667 4295.897436 4302.051282 4267.692308
4326.153846 4298.974359 4320.512821 4278.974359 4230.256410 4314.358974 4338.461538 4329.230769 4327.179487 4230.769231 4315.384615 4302.051282 4317.948718 4269.743590
4317.435897 4293.846154 4317.435897 4268.717949 4230.769231 4308.717949 4327.692308 4326.666667 4316.923077 4231.794872 4309.743590 4293.846154 4310.769231 4263.076923
4316.410256 4286.666667 4320.000000 4262.564103 4233.846154 4312.820513 4321.538462 4317.948718 4307.692308 4232.820513 4310.256410 4286.666667 4296.923077 4260.512821
4328.717949 4298.974359 4332.820513 4281.025641 4235.384615 4321.025641 4340.000000 4330.769231 4324.615385 4232.820513 4325.128205 4298.974359 4315.384615 4266.666667
4334.358974 4309.230769 4333.333333 4288.205128 4231.794872 4320.000000 4346.153846 4339.487179 4332.820513 4232.820513 4324.102564 4306.153846 4329.743590 4266.666667
4329.743590 4307.692308 4327.179487 4283.076923 4230.256410 4316.923077 4336.410256 4329.743590 4317.948718 4231.794872 4308.205128 4297.435897 4314.358974 4264.615385
4332.820513 4309.230769 4334.871795 4289.743590 4234.871795 4323.589744 4343.589744 4331.794872 4321.538462 4230.769231 4314.871795 4302.051282 4304.102564 4270.769231
4335.384615 4306.153846 4337.948718 4288.205128 4231.794872 4327.179487 4350.769231 4340.512821 4335.384615 4231.794872 4330.256410 4310.256410 4318.461538 4272.820513
4328.717949 4297.435897 4331.794872 4276.923077 4229.230769 4316.410256 4337.435897 4329.743590 4328.205128 4232.307692 4323.076923 4302.051282 4328.717949 4269.230769
4323.589744 4293.846154 4330.769231 4275.897436 4234.871795 4310.769231 4328.717949 4320.512821 4321.538462 4232.307692 4315.897436 4297.435897 4325.641026 4267.179487
4329.743590 4293.846154 4333.333333 4278.974359 4233.333333 4320.000000 4340.000000 4334.871795 4336.410256 4231.794872 4326.666667 4309.743590 4328.717949 4268.205128
4334.358974 4296.923077 4336.410256 4278.461538 4230.256410 4328.717949 4348.205128 4345.128205 4342.564103 4230.769231 4336.410256 4315.384615 4333.846154 4273.333333
4326.666667 4298.461538 4337.948718 4280.000000 4230.769231 4327.179487 4340.512821 4334.871795 4327.692308 4230.769231 4329.743590 4305.641026 4323.589744 4272.820513
4323.076923 4293.846154 4340.000000 4277.948718 4232.307692 4322.564103 4336.923077 4328.205128 4321.025641 4232.307692 4319.487179 4302.051282 4318.461538 4270.256410
4326.153846 4291.794872 4343.076923 4275.897436 4232.820513 4318.461538 4342.051282 4329.743590 4326.666667 4232.820513 4321.025641 4307.179487 4328.205128 4273.333333
4328.205128 4296.410256 4344.615385 4280.512821 4229.230769 4314.358974 4342.564103 4328.205128 4326.153846 4231.282051 4326.153846 4310.769231 4328.717949 4274.871795
4325.641026 4292.307692 4344.615385 4278.461538 4228.205128 4313.846154 4339.487179 4326.666667 4321.025641 4229.230769 4326.666667 4308.205128 4324.102564 4274.358974
4325.641026 4288.205128 4347.692308 4274.358974 4229.230769 4312.820513 4342.051282 4329.743590 4321.538462 4230.256410 4326.153846 4307.692308 4323.076923 4277.435897
4330.769231 4294.358974 4351.282051 4278.974359 4231.794872 4307.692308 4340.000000 4327.692308 4325.641026 4233.846154 4327.179487 4314.871795 4322.051282 4278.461538
4323.589744 4293.333333 4346.153846 4278.461538 4235.384615 4307.692308 4331.794872 4320.512821 4324.102564 4233.333333 4320.000000 4309.743590 4321.538462 4272.820513
4312.307692 4285.641026 4339.487179 4271.282051 4232.307692 4315.897436 4335.384615 4326.153846 4321.538462 4231.794872 4316.923077 4296.923077 4323.589744 4270.256410
4315.897436 4285.641026 4340.000000 4270.256410 4230.256410 4317.948718 4340.512821 4334.871795 4325.128205 4233.846154 4323.076923 4299.487179 4325.641026 4275.384615
4317.435897 4285.128205 4336.410256 4267.692308 4230.256410 4307.179487 4330.769231 4324.102564 4320.000000 4233.846154 4317.948718 4302.051282 4317.435897 4274.358974
4307.692308 4276.410256 4333.333333 4262.051282 4231.282051 4303.076923 4321.538462 4306.666667 4306.153846 4230.769231 4300.512821 4293.333333 4302.051282 4268.205128
4312.307692 4277.435897 4341.538462 4267.179487 4233.333333 4310.256410 4325.641026 4307.692308 4304.615385 4230.256410 4300.512821 4297.435897 4301.025641 4269.743590
4327.179487 4289.743590 4343.076923 4278.974359 4229.230769 4307.179487 4327.179487 4314.358974 4313.846154 4232.820513 4321.025641 4311.282051 4323.076923 4278.461538
4325.641026 4291.282051 4335.897436 4278.974359 4230.256410 4297.948718 4323.076923 4309.743590 4316.410256 4231.282051 4329.743590 4309.230769 4333.846154 4277.948718
4320.000000 4287.179487 4337.435897 4272.820513 4234.358974 4307.179487 4326.666667 4310.256410 4313.846154 4229.230769 4325.641026 4303.076923 4327.179487 4272.307692
4329.743590 4301.025641 4347.692308 4282.051282 4231.794872 4316.410256 4324.102564 4313.846154 4311.794872 4231.794872 4326.666667 4312.820513 4329.743590 4276.923077
4338.461538 4312.307692 4352.820513 4295.384615 4230.256410 4301.025641 4309.230769 4307.179487 4305.641026 4232.307692 4329.230769 4316.410256 4332.307692 4279.487179
4330.769231 4301.025641 4349.230769 4295.897436 4229.743590 4289.230769 4309.743590 4303.589744 4309.743590 4230.769231 4328.205128 4309.230769 4331.794872 4274.871795
4324.615385 4294.358974 4348.205128 4295.384615 4231.282051 4301.538462 4324.615385 4310.769231 4319.487179 4233.846154 4326.153846 4310.769231 4331.282051 4276.410256
4331.282051 4304.102564 4351.794872 4305.128205 4232.820513 4310.769231 4326.153846 4315.384615 4315.384615 4234.871795 4326.153846 4316.923077 4332.820513 4275.897436
4330.769231 4301.538462 4348.717949 4302.051282 4228.717949 4302.051282 4313.846154 4310.769231 4300.512821 4230.769231 4324.615385 4311.282051 4326.666667 4269.230769
4324.102564 4290.256410 4344.615385 4291.282051 4229.743590 4295.897436 4319.487179 4307.692308 4302.051282 4232.820513 4321.538462 4308.717949 4320.000000 4271.794872
4319.487179 4290.256410 4342.051282 4290.769231 4231.282051 4301.538462 4329.230769 4313.333333 4312.307692 4232.820513 4315.384615 4307.692308 4317.948718 4273.333333
4309.743590 4280.512821 4335.897436 4283.076923 4229.743590 4292.307692 4317.948718 4315.897436 4303.589744 4222.564103 4302.564103 4297.435897 4302.564103 4266.666667
4307.179487 4271.282051 4332.307692 4276.923077 4230.256410 4277.435897 4310.256410 4305.641026 4288.205128 4222.051282 4300.000000 4295.384615 4295.897436 4267.692308
4319.487179 4288.717949 4335.897436 4289.743590 4229.743590 4286.666667 4320.512821 4301.538462 4291.282051 4233.846154 4316.923077 4304.615385 4317.435897 4273.333333
4323.076923 4295.384615 4336.410256 4296.410256 4231.282051 4300.512821 4323.589744 4310.256410 4307.179487 4234.358974 4321.025641 4309.230769 4326.153846 4275.384615
4315.897436 4282.051282 4331.794872 4288.717949 4230.256410 4296.923077 4317.948718 4315.897436 4315.897436 4229.230769 4312.307692 4304.102564 4315.384615 4275.897436
4310.769231 4282.564103 4329.743590 4290.256410 4227.179487 4295.897436 4317.435897 4310.769231 4313.333333 4231.794872 4317.435897 4297.948718 4319.487179 4272.820513
4311.794872 4290.256410 4329.230769 4295.384615 4227.179487 4304.102564 4314.358974 4304.615385 4308.717949 4233.846154 4318.974359 4296.923077 4323.589744 4268.205128
4320.512821 4287.692308 4331.794872 4292.307692 4229.230769 4307.692308 4312.820513 4306.153846 4306.666667 4231.282051 4312.307692 4304.615385 4312.307692 4271.282051
4328.717949 4292.307692 4342.051282 4297.435897 4232.820513 4309.743590 4320.512821 4308.717949 4307.179487 4230.256410 4320.512821 4312.307692 4318.461538 4277.435897
4328.717949 4299.487179 4345.641026 4304.102564 4230.769231 4305.128205 4326.666667 4310.769231 4310.256410 4229.743590 4329.230769 4310.769231 4332.307692 4277.435897
4326.153846 4292.307692 4340.000000 4298.974359 4230.256410 4293.846154 4323.076923 4311.282051 4310.769231 4232.307692 4321.538462 4307.179487 4327.692308 4274.871795
4326.153846 4290.769231 4335.897436 4298.461538 4232.307692 4294.871795 4315.384615 4309.230769 4305.641026 4234.871795 4316.410256 4307.692308 4322.051282 4271.794872
4324.615385 4296.410256 4336.410256 4302.051282 4230.256410 4303.076923 4315.384615 4308.205128 4305.128205 4233.333333 4324.102564 4308.717949 4322.564103 4269.743590
4324.102564 4293.846154 4335.897436 4298.461538 4232.307692 4300.512821 4317.948718 4309.743590 4308.205128 4231.282051 4329.743590 4310.769231 4327.692308 4275.384615
4321.538462 4292.820513 4331.282051 4295.384615 4231.794872 4294.871795 4314.358974 4309.743590 4303.589744 4231.282051 4321.538462 4307.179487 4329.743590 4277.435897
4313.333333 4295.384615 4326.666667 4296.923077 4231.282051 4294.871795 4308.717949 4309.230769 4297.948718 4232.307692 4306.153846 4300.512821 4313.846154 4273.333333
4313.333333 4291.282051 4330.256410 4296.923077 4232.307692 4296.410256 4311.794872 4309.743590 4302.564103 4231.794872 4305.128205 4300.512821 4304.102564 4268.717949
4320.000000 4285.128205 4334.358974 4297.435897 4230.256410 4295.897436 4314.871795 4306.666667 4304.615385 4231.282051 4311.282051 4301.538462 4312.820513 4267.692308
4318.461538 4280.512821 4332.820513 4295.897436 4231.794872 4291.282051 4305.641026 4294.871795 4295.384615 4232.307692 4310.769231 4298.461538 4313.333333 4272.307692
4312.307692 4277.435897 4327.179487 4290.769231 4233.846154 4289.743590 4296.410256 4286.153846 4289.230769 4232.820513 4308.717949 4297.948718 4304.615385 4275.897436
4312.820513 4281.025641 4325.128205 4291.794872 4231.794872 4290.256410 4297.948718 4289.230769 4293.846154 4232.307692 4304.615385 4298.974359 4308.205128 4273.846154
4310.256410 4277.435897 4321.538462 4286.666667 4233.333333 4282.564103 4295.897436 4287.179487 4291.282051 4232.307692 4294.358974 4290.256410 4305.128205 4263.589744
4304.102564 4266.153846 4317.435897 4278.974359 4232.820513 4279.487179 4290.256410 4283.076923 4279.487179 4231.794872 4288.205128 4281.538462 4291.282051 4261.025641
4310.256410 4274.358974 4328.205128 4286.666667 4231.282051 4290.769231 4298.974359 4290.256410 4280.512821 4231.282051 4301.025641 4290.769231 4298.974359 4269.743590
4318.974359 4291.282051 4335.897436 4298.974359 4232.820513 4297.435897 4307.179487 4297.948718 4298.974359 4232.307692 4317.435897 4299.487179 4323.076923 4273.333333
4313.846154 4287.692308 4326.153846 4297.435897 4231.282051 4296.923077 4298.974359 4295.384615 4309.743590 4233.333333 4307.179487 4290.769231 4315.897436 4269.743590
4306.666667 4272.820513 4321.538462 4287.179487 4229.743590 4292.307692 4291.794872 4292.307692 4295.384615 4232.307692 4290.769231 4282.564103 4290.256410 4266.666667
4304.102564 4270.769231 4321.025641 4282.564103 4228.205128 4280.512821 4292.307692 4293.846154 4281.025641 4230.769231 4293.333333 4284.102564 4291.794872 4267.692308
4300.000000 4273.846154 4315.384615 4284.615385 4230.769231 4273.846154 4290.769231 4292.820513 4283.589744 4231.282051 4295.897436 4285.128205 4298.461538 4267.692308
4295.897436 4274.871795 4313.333333 4289.743590 4234.358974 4277.948718 4295.384615 4294.358974 4294.358974 4232.307692 4291.794872 4285.128205 4292.820513 4266.153846
4295.897436 4280.000000 4316.410256 4296.410256 4230.769231 4278.974359 4306.666667 4298.461538 4300.512821 4230.256410 4298.461538 4285.128205 4295.897436 4266.666667
4296.410256 4276.410256 4316.410256 4292.820513 4231.794872 4280.512821 4311.794872 4301.538462 4297.948718 4227.692308 4298.461538 4284.615385 4295.384615 4267.179487
4298.461538 4269.743590 4314.871795 4283.076923 4232.820513 4282.051282 4310.256410 4301.025641 4298.974359 4230.256410 4288.205128 4285.641026 4285.128205 4264.615385
4298.974359 4270.256410 4314.871795 4282.564103 4228.717949 4279.487179 4306.666667 4297.948718 4303.076923 4233.846154 4290.256410 4287.692308 4285.128205 4267.179487
4295.897436 4270.256410 4314.871795 4288.717949 4228.717949 4276.410256 4301.538462 4296.410256 4296.923077 4233.333333 4302.564103 4290.256410 4294.871795 4270.769231
4296.410256 4274.358974 4315.384615 4296.410256 4229.743590 4279.487179 4299.487179 4298.974359 4296.410256 4231.794872 4312.820513 4293.333333 4304.102564 4268.205128
4290.256410 4276.923077 4309.743590 4293.846154 4229.743590 4285.641026 4296.410256 4295.384615 4302.051282 4231.282051 4301.538462 4286.153846 4292.307692 4264.615385
4277.948718 4267.692308 4301.025641 4283.076923 4229.743590 4282.564103 4292.307692 4292.820513 4302.564103 4231.794872 4278.974359 4273.846154 4268.717949 4259.487179
4280.000000 4265.641026 4304.615385 4287.692308 4232.820513 4282.051282 4302.564103 4305.128205 4311.794872 4231.794872 4286.153846 4278.461538 4267.692308 4254.871795
4281.025641 4273.333333 4307.179487 4293.846154 4234.871795 4293.846154 4308.205128 4306.153846 4312.307692 4231.282051 4297.948718 4280.000000 4273.333333 4253.846154
4272.820513 4269.230769 4298.461538 4285.128205 4230.256410 4296.410256 4297.948718 4289.743590 4291.282051 4231.794872 4284.615385 4266.666667 4264.102564 4253.846154
4273.333333 4263.589744 4297.435897 4283.589744 4230.256410 4290.769231 4298.461538 4290.769231 4290.256410 4231.794872 4272.820513 4263.589744 4257.435897 4250.256410
4273.846154 4268.205128 4301.025641 4291.794872 4233.846154 4294.358974 4304.102564 4297.948718 4301.538462 4231.794872 4271.282051 4264.615385 4249.743590 4247.179487
4263.589744 4259.487179 4291.794872 4279.487179 4232.820513 4291.282051 4291.794872 4281.025641 4284.615385 4231.282051 4260.512821 4256.410256 4229.743590 4250.256410
4255.897436 4244.102564 4283.076923 4263.589744 4230.769231 4284.102564 4287.179487 4269.230769 4271.794872 4230.769231 4253.333333 4251.282051 4226.153846 4250.256410
4252.307692 4243.589744 4284.102564 4262.051282 4229.230769 4285.641026 4297.435897 4280.512821 4281.538462 4230.769231 4258.974359 4251.282051 4234.358974 4241.538462
4246.153846 4241.538462 4283.589744 4260.000000 4229.743590 4282.051282 4291.282051 4286.666667 4281.538462 4232.820513 4264.615385 4250.256410 4227.179487 4241.025641
4246.153846 4236.923077 4278.974359 4262.564103 4228.717949 4276.410256 4287.692308 4289.230769 4283.589744 4232.820513 4266.153846 4251.282051 4229.743590 4246.153846
4249.230769 4237.435897 4281.025641 4264.102564 4231.282051 4281.025641 4303.076923 4302.564103 4297.948718 4231.794872 4262.564103 4252.820513 4244.615385 4240.512821
4254.871795 4243.076923 4286.666667 4261.025641 4235.897436 4281.025641 4304.102564 4301.538462 4295.897436 4232.820513 4260.512821 4253.846154 4247.692308 4235.897436
4269.743590 4256.410256 4293.333333 4270.769231 4230.769231 4276.923077 4293.846154 4291.794872 4284.102564 4232.307692 4271.794872 4266.153846 4251.282051 4247.179487
4282.051282 4265.128205 4298.974359 4283.076923 4228.717949 4278.974359 4301.538462 4302.051282 4287.692308 4232.307692 4282.564103 4281.025641 4256.410256 4254.871795
4275.897436 4255.897436 4297.435897 4281.538462 4232.307692 4282.564103 4309.743590 4319.487179 4302.564103 4233.333333 4275.384615 4275.897436 4248.717949 4248.717949
4266.153846 4245.641026 4292.307692 4274.358974 4230.769231 4283.076923 4300.000000 4317.948718 4305.128205 4233.333333 4266.153846 4264.102564 4242.051282 4245.128205
4263.589744 4247.179487 4288.205128 4270.769231 4231.794872 4278.974359 4295.384615 4303.589744 4291.794872 4231.794872 4268.205128 4261.538462 4244.615385 4248.205128
4252.820513 4240.512821 4276.410256 4265.641026 4232.307692 4271.282051 4291.282051 4289.743590 4274.358974 4232.307692 4257.435897 4254.358974 4229.230769 4245.128205
4242.051282 4229.230769 4267.179487 4260.512821 4232.307692 4272.307692 4282.051282 4283.076923 4262.051282 4232.307692 4238.974359 4242.564103 4208.205128 4241.025641
4250.769231 4239.487179 4274.358974 4260.512821 4232.307692 4282.051282 4287.179487 4292.307692 4268.205128 4231.282051 4244.615385 4243.076923 4214.358974 4242.051282
4261.538462 4251.282051 4279.487179 4265.128205 4229.743590 4282.564103 4296.410256 4298.461538 4282.564103 4231.282051 4255.897436 4250.256410 4229.743590 4242.564103
4260.512821 4250.256410 4280.000000 4273.846154 4230.769231 4271.282051 4291.282051 4288.205128 4283.076923 4231.794872 4253.333333 4250.769231 4233.846154 4242.051282
4259.487179 4250.256410 4281.538462 4275.897436 4230.769231 4264.615385 4282.051282 4276.410256 4271.282051 4230.256410 4255.384615 4247.179487 4229.743590 4246.666667
4263.589744 4255.897436 4283.076923 4275.897436 4230.769231 4263.589744 4276.410256 4271.282051 4262.564103 4229.743590 4262.564103 4250.256410 4232.307692 4251.794872
4267.179487 4254.358974 4285.128205 4278.461538 4233.333333 4266.666667 4275.384615 4272.820513 4262.564103 4232.307692 4265.641026 4257.435897 4248.205128 4250.256410
4262.564103 4249.743590 4281.025641 4273.846154 4229.230769 4265.641026 4276.410256 4275.384615 4265.641026 4232.820513 4266.666667 4254.358974 4252.820513 4247.692308
4250.769231 4247.179487 4274.358974 4264.102564 4226.153846 4254.358974 4271.794872 4277.948718 4263.076923 4230.769231 4260.000000 4244.102564 4235.384615 4247.692308
4245.641026 4241.025641 4271.282051 4261.025641 4227.692308 4249.743590 4270.769231 4278.974359 4262.051282 4231.282051 4254.871795 4242.051282 4226.153846 4246.153846
4249.743590 4240.512821 4273.333333 4262.564103 4228.205128 4261.538462 4276.410256 4277.948718 4262.051282 4232.307692 4258.974359 4242.051282 4233.846154 4248.205128
4248.717949 4240.000000 4272.820513 4259.487179 4228.717949 4266.666667 4270.769231 4272.307692 4252.820513 4231.794872 4249.743590 4232.820513 4231.282051 4248.717949
4245.128205 4235.897436 4268.717949 4254.871795 4228.205128 4258.461538 4263.076923 4268.205128 4249.230769 4230.769231 4238.461538 4226.666667 4221.538462 4245.641026
4248.205128 4240.512821 4269.743590 4260.000000 4232.307692 4257.948718 4264.615385 4270.256410 4262.564103 4230.769231 4248.205128 4236.410256 4228.205128 4247.179487
4250.256410 4242.051282 4272.820513 4263.076923 4232.820513 4263.589744 4267.179487 4269.743590 4264.615385 4231.282051 4253.846154 4241.538462 4233.333333 4247.179487
4248.205128 4233.846154 4272.820513 4256.410256 4228.205128 4265.641026 4264.615385 4265.641026 4251.794872 4231.794872 4243.076923 4235.384615 4223.076923 4240.512821
4248.205128 4236.410256 4273.333333 4252.307692 4229.230769 4272.307692 4266.153846 4264.615385 4250.256410 4232.307692 4241.025641 4238.974359 4214.358974 4241.538462
4248.717949 4247.692308 4273.846154 4255.384615 4230.256410 4274.871795 4265.641026 4265.641026 4252.820513 4231.794872 4248.717949 4245.128205 4217.948718 4245.641026
4249.743590 4243.589744 4273.333333 4255.897436 4230.769231 4265.641026 4263.076923 4265.128205 4247.692308 4231.282051 4251.794872 4241.538462 4228.717949 4247.179487
4246.666667 4235.897436 4269.743590 4253.333333 4229.743590 4260.000000 4262.564103 4265.641026 4249.230769 4231.794872 4244.615385 4235.384615 4229.230769 4246.666667
4237.435897 4234.358974 4267.179487 4249.743590 4229.230769 4262.564103 4262.564103 4262.051282 4247.692308 4232.820513 4237.948718 4232.820513 4220.000000 4241.025641
4234.358974 4231.282051 4264.615385 4244.615385 4231.794872 4261.538462 4264.102564 4262.051282 4242.051282 4233.333333 4240.512821 4234.871795 4221.538462 4239.487179
4241.538462 4229.230769 4264.102564 4244.102564 4229.743590 4260.512821 4266.153846 4272.820513 4253.333333 4231.794872 4243.589744 4234.358974 4233.333333 4243.589744
4246.153846 4232.307692 4266.666667 4249.230769 4227.692308 4264.102564 4264.615385 4271.794872 4261.538462 4231.282051 4241.538462 4233.846154 4232.307692 4245.641026
4246.666667 4232.820513 4264.102564 4249.743590 4227.692308 4266.666667 4262.051282 4264.102564 4253.333333 4232.307692 4242.564103 4235.897436 4224.615385 4243.589744
4245.641026 4231.794872 4261.025641 4249.230769 4229.230769 4264.102564 4264.615385 4273.333333 4252.820513 4231.794872 4246.666667 4240.000000 4235.384615 4246.666667
4249.743590 4240.512821 4269.743590 4252.820513 4234.358974 4265.128205 4273.846154 4283.589744 4265.128205 4229.230769 4249.743590 4245.128205 4242.051282 4247.692308
4258.461538 4249.743590 4277.948718 4262.564103 4230.769231 4274.871795 4280.512821 4285.641026 4273.846154 4229.743590 4250.256410 4245.641026 4236.410256 4246.153846
4258.461538 4250.256410 4273.846154 4265.128205 4225.641026 4280.512821 4275.384615 4283.589744 4270.256410 4233.333333 4250.256410 4242.564103 4245.128205 4250.769231
4249.230769 4245.641026 4265.128205 4256.923077 4227.179487 4272.820513 4264.102564 4267.692308 4259.487179 4232.820513 4251.282051 4238.461538 4246.666667 4249.230769
4244.102564 4239.487179 4259.487179 4247.692308 4227.179487 4263.076923 4254.871795 4248.717949 4250.769231 4231.282051 4241.025641 4235.384615 4221.025641 4241.025641
4244.102564 4231.794872 4255.384615 4244.615385 4229.743590 4259.487179 4245.641026 4242.564103 4243.076923 4232.820513 4224.615385 4228.205128 4211.282051 4238.974359
4244.615385 4231.282051 4256.923077 4248.717949 4229.743590 4259.487179 4244.615385 4242.564103 4240.000000 4233.333333 4234.358974 4226.666667 4241.538462 4245.641026
4248.205128 4243.076923 4264.102564 4257.435897 4230.256410 4261.538462 4258.461538 4255.384615 4253.333333 4232.307692 4253.846154 4235.384615 4255.384615 4249.230769
4250.256410 4248.205128 4265.641026 4260.000000 4231.794872 4264.102564 4264.102564 4266.153846 4264.615385 4232.307692 4253.846154 4236.410256 4238.461538 4246.666667
4246.153846 4238.461538 4258.461538 4251.794872 4227.692308 4265.641026 4255.897436 4253.846154 4256.410256 4233.333333 4245.128205 4229.743590 4232.307692 4244.102564
4245.128205 4229.743590 4254.358974 4244.615385 4227.692308 4265.641026 4256.410256 4249.743590 4254.871795 4233.333333 4241.025641 4232.820513 4233.846154 4244.615385
4247.692308 4236.410256 4258.461538 4250.256410 4228.205128 4264.615385 4260.512821 4267.179487 4268.205128 4232.307692 4243.076923 4239.487179 4234.871795 4246.666667
4248.717949 4240.000000 4264.102564 4252.820513 4230.256410 4263.589744 4252.820513 4268.205128 4267.692308 4231.794872 4246.153846 4238.461538 4239.487179 4248.717949
4248.717949 4229.743590 4262.564103 4246.153846 4234.871795 4263.589744 4245.641026 4251.794872 4254.871795 4232.307692 4248.205128 4236.410256 4241.025641 4248.205128
4250.256410 4232.820513 4262.564103 4251.282051 4230.769231 4264.102564 4250.256410 4246.666667 4253.333333 4232.820513 4250.769231 4238.974359 4243.589744 4246.153846
4251.282051 4243.589744 4266.666667 4262.564103 4227.692308 4264.615385 4247.692308 4249.743590 4253.846154 4232.307692 4246.666667 4237.435897 4244.102564 4246.666667
4248.205128 4238.974359 4264.102564 4256.923077 4229.743590 4265.641026 4237.435897 4245.128205 4244.615385 4232.820513 4242.051282 4232.307692 4237.948718 4246.666667
4243.589744 4226.666667 4254.871795 4243.076923 4228.205128 4257.948718 4230.256410 4232.820513 4236.410256 4232.307692 4245.128205 4228.205128 4228.205128 4241.538462
4243.076923 4225.128205 4257.435897 4242.051282 4228.205128 4254.871795 4232.307692 4230.256410 4236.923077 4232.307692 4242.051282 4227.692308 4226.666667 4240.000000
4246.666667 4231.794872 4264.615385 4249.743590 4229.743590 4257.435897 4234.871795 4237.948718 4242.564103 4229.743590 4230.256410 4229.230769 4227.179487 4244.615385
4247.179487 4232.307692 4266.153846 4248.205128 4229.230769 4251.794872 4231.282051 4234.358974 4242.051282 4228.205128 4227.179487 4228.205128 4222.051282 4243.589744
4249.230769 4232.307692 4265.641026 4246.666667 4226.666667 4252.307692 4233.846154 4233.333333 4241.025641 4230.256410 4237.948718 4229.230769 4227.692308 4242.564103
4258.974359 4242.051282 4268.717949 4257.948718 4230.256410 4266.153846 4248.717949 4251.794872 4252.307692 4231.794872 4250.256410 4239.487179 4242.564103 4250.256410
4267.179487 4250.769231 4275.897436 4268.717949 4234.358974 4270.256410 4257.948718 4266.666667 4268.717949 4231.282051 4263.589744 4248.717949 4253.333333 4255.384615
4264.102564 4253.846154 4275.897436 4267.692308 4227.692308 4264.102564 4254.358974 4264.615385 4270.256410 4231.282051 4266.153846 4244.102564 4248.717949 4246.666667
4254.358974 4249.743590 4267.692308 4261.025641 4227.179487 4263.589744 4250.769231 4254.871795 4255.897436 4231.794872 4247.692308 4233.333333 4233.333333 4241.538462
4247.179487 4239.487179 4262.051282 4255.897436 4231.794872 4257.435897 4242.564103 4238.974359 4242.564103 4231.794872 4229.230769 4225.128205 4228.717949 4244.102564
4246.153846 4229.743590 4259.487179 4247.692308 4229.230769 4247.179487 4232.820513 4232.820513 4240.512821 4232.820513 4231.794872 4221.538462 4228.205128 4241.538462
4248.205128 4229.230769 4258.461538 4244.102564 4229.743590 4250.256410 4231.282051 4235.384615 4236.923077 4231.794872 4235.897436 4225.128205 4224.615385 4240.000000
4247.692308 4229.743590 4261.025641 4246.153846 4229.743590 4257.948718 4233.333333 4232.307692 4228.205128 4230.769231 4231.282051 4231.282051 4222.564103 4241.538462
4247.179487 4225.641026 4266.153846 4245.641026 4229.230769 4261.025641 4235.897436 4238.974359 4233.846154 4231.282051 4235.384615 4233.846154 4228.205128 4241.025641
4247.692308 4229.230769 4265.641026 4245.128205 4229.743590 4260.000000 4233.333333 4244.615385 4247.692308 4231.282051 4237.948718 4229.230769 4230.769231 4239.487179
4247.179487 4233.846154 4263.076923 4247.692308 4228.205128 4263.076923 4231.794872 4236.410256 4242.564103 4231.282051 4228.717949 4223.076923 4225.641026 4236.923077
4248.717949 4234.871795 4266.153846 4249.743590 4229.230769 4263.076923 4242.564103 4235.384615 4236.410256 4231.282051 4231.794872 4227.692308 4229.743590 4240.000000
4248.205128 4234.358974 4264.615385 4249.743590 4230.256410 4251.794872 4246.153846 4241.025641 4246.666667 4231.282051 4238.461538 4231.794872 4231.794872 4243.076923
4245.641026 4229.743590 4258.461538 4249.230769 4228.717949 4250.769231 4233.333333 4234.358974 4249.743590 4231.282051 4234.358974 4229.743590 4228.717949 4240.512821
4248.205128 4232.820513 4258.974359 4250.769231 4228.717949 4264.615385 4236.410256 4233.846154 4245.128205 4231.282051 4238.974359 4233.333333 4237.948718 4241.025641
4251.282051 4244.615385 4264.615385 4252.820513 4227.179487 4268.717949 4249.230769 4246.153846 4249.230769 4230.769231 4253.846154 4240.000000 4245.128205 4245.641026
4250.256410 4245.128205 4266.153846 4252.307692 4227.692308 4261.538462 4249.230769 4244.102564 4249.743590 4231.282051 4252.307692 4235.897436 4238.974359 4246.666667
4248.205128 4235.897436 4260.000000 4249.743590 4227.692308 4264.615385 4248.205128 4234.871795 4240.512821 4233.333333 4237.435897 4227.179487 4233.333333 4243.589744
4237.435897 4225.128205 4250.769231 4238.974359 4226.666667 4270.769231 4241.025641 4228.205128 4230.769231 4233.333333 4223.076923 4218.974359 4225.128205 4241.025641
4226.666667 4216.923077 4246.153846 4228.717949 4228.205128 4261.025641 4225.641026 4220.512821 4222.051282 4231.794872 4211.282051 4211.282051 4209.743590 4238.461538
4236.923077 4220.512821 4254.871795 4240.000000 4227.179487 4257.948718 4238.461538 4234.358974 4231.282051 4232.307692 4221.538462 4220.512821 4214.358974 4241.025641
4251.282051 4233.333333 4269.230769 4252.820513 4227.692308 4271.794872 4265.128205 4260.512821 4262.051282 4232.820513 4243.076923 4238.461538 4230.256410 4245.641026
4250.769231 4242.051282 4267.692308 4251.794872 4228.717949 4271.794872 4261.538462 4261.025641 4268.717949 4232.307692 4242.564103 4236.410256 4233.333333 4243.076923
4251.794872 4246.666667 4260.512821 4254.871795 4227.692308 4250.769231 4244.102564 4243.589744 4244.102564 4231.794872 4235.897436 4227.179487 4240.000000 4246.666667
4261.025641 4250.256410 4264.102564 4263.076923 4228.717949 4244.615385 4246.666667 4244.102564 4235.897436 4232.820513 4245.641026 4233.846154 4247.692308 4254.358974
4265.128205 4249.743590 4265.128205 4258.974359 4226.666667 4251.794872 4260.000000 4255.384615 4250.256410 4232.307692 4255.384615 4242.564103 4254.871795 4251.794872
4262.564103 4247.179487 4256.923077 4250.769231 4227.179487 4249.743590 4260.000000 4252.820513 4246.666667 4229.743590 4249.743590 4237.948718 4265.641026 4254.358974
4264.102564 4246.666667 4254.358974 4249.743590 4226.153846 4245.128205 4249.230769 4244.102564 4231.282051 4230.769231 4246.153846 4231.794872 4265.641026 4260.512821
4273.333333 4251.794872 4261.025641 4256.923077 4226.153846 4250.256410 4245.641026 4241.025641 4230.769231 4232.307692 4254.871795 4236.923077 4266.666667 4258.461538
4280.000000 4258.461538 4266.666667 4258.461538 4229.230769 4254.871795 4246.666667 4235.384615 4231.794872 4230.769231 4262.051282 4245.128205 4271.794872 4254.358974
4278.461538 4262.051282 4268.717949 4256.923077 4227.179487 4251.794872 4246.153846 4235.384615 4235.897436 4230.256410 4262.564103 4249.743590 4275.897436 4261.025641
4280.000000 4264.102564 4271.282051 4261.538462 4228.717949 4245.641026 4247.692308 4240.512821 4243.589744 4230.769231 4262.051282 4250.256410 4279.487179 4266.153846
4283.589744 4262.564103 4270.256410 4263.076923 4231.794872 4241.538462 4244.102564 4233.333333 4233.333333 4231.282051 4262.564103 4245.641026 4279.487179 4258.974359
4288.717949 4273.333333 4274.358974 4270.256410 4230.769231 4246.666667 4242.051282 4233.846154 4228.717949 4232.307692 4270.769231 4254.358974 4279.487179 4262.051282
4302.564103 4294.358974 4290.769231 4289.230769 4232.820513 4258.461538 4257.435897 4256.410256 4248.205128 4234.871795 4291.282051 4272.820513 4295.897436 4274.358974
4303.076923 4291.794872 4291.282051 4291.282051 4230.256410 4267.179487 4266.666667 4268.717949 4256.923077 4231.794872 4298.974359 4268.717949 4310.769231 4275.897436
4285.128205 4267.179487 4274.871795 4271.282051 4227.179487 4262.564103 4254.871795 4260.000000 4245.128205 4226.666667 4278.461538 4254.871795 4289.230769 4268.717949
4275.897436 4255.897436 4271.282051 4261.538462 4229.743590 4251.282051 4244.615385 4246.666667 4234.358974 4229.743590 4260.512821 4253.333333 4262.564103 4264.102564
4277.948718 4260.512821 4274.358974 4263.589744 4230.256410 4244.615385 4242.564103 4235.897436 4228.205128 4233.846154 4260.512821 4252.820513 4262.051282 4264.102564
4278.461538 4258.461538 4270.256410 4264.615385 4227.692308 4243.589744 4245.641026 4238.974359 4236.923077 4231.794872 4264.102564 4247.179487 4273.333333 4264.102564
4275.384615 4246.666667 4268.717949 4256.410256 4226.666667 4248.717949 4251.282051 4253.333333 4251.794872 4229.743590 4263.076923 4247.179487 4264.615385 4264.102564
4267.692308 4238.461538 4270.769231 4247.179487 4229.743590 4244.102564 4243.076923 4243.076923 4241.538462 4232.820513 4254.871795 4244.615385 4245.128205 4264.615385
4263.589744 4245.641026 4272.307692 4253.333333 4230.256410 4235.384615 4236.410256 4229.743590 4229.230769 4233.846154 4247.692308 4242.051282 4253.333333 4262.051282
4265.641026 4250.769231 4272.307692 4256.923077 4228.717949 4241.538462 4243.589744 4241.025641 4235.384615 4231.794872 4249.743590 4244.102564 4264.102564 4258.974359
4264.615385 4235.897436 4269.230769 4247.179487 4232.820513 4246.153846 4238.974359 4251.794872 4234.871795 4230.769231 4250.256410 4244.615385 4248.717949 4258.974359
4262.564103 4230.769231 4267.692308 4244.615385 4231.794872 4241.538462 4229.743590 4249.743590 4232.307692 4230.769231 4249.743590 4242.564103 4241.538462 4260.512821
4265.128205 4241.538462 4271.794872 4249.230769 4227.692308 4243.589744 4236.410256 4246.666667 4231.794872 4231.794872 4253.846154 4244.102564 4256.410256 4265.128205
4265.641026 4241.538462 4268.717949 4248.205128 4229.743590 4245.128205 4235.897436 4244.615385 4226.153846 4232.307692 4252.307692 4246.666667 4252.820513 4264.615385
4260.000000 4230.769231 4257.948718 4245.128205 4230.256410 4234.871795 4227.179487 4248.717949 4228.717949 4231.282051 4245.641026 4244.102564 4231.794872 4255.897436
4254.871795 4228.717949 4257.948718 4248.717949 4231.282051 4229.230769 4232.307692 4249.230769 4233.333333 4230.769231 4243.589744 4238.461538 4229.230769 4250.769231
4249.230769 4231.282051 4255.897436 4244.102564 4228.205128 4233.333333 4227.692308 4234.358974 4218.461538 4231.282051 4236.410256 4231.794872 4234.871795 4249.743590
4247.692308 4230.256410 4249.743590 4235.897436 4223.076923 4235.897436 4221.538462 4233.333333 4210.769231 4232.307692 4233.333333 4231.282051 4234.358974 4250.256410
4255.897436 4231.794872 4256.410256 4239.487179 4229.743590 4225.641026 4230.256410 4247.692308 4223.589744 4232.307692 4244.615385 4240.000000 4236.923077 4256.410256
4262.564103 4233.333333 4260.000000 4243.589744 4232.307692 4205.641026 4232.820513 4238.974359 4222.564103 4230.256410 4250.256410 4241.025641 4241.538462 4256.410256
4261.025641 4232.307692 4255.384615 4237.435897 4227.179487 4195.897436 4223.076923 4224.102564 4212.820513 4231.282051 4244.615385 4234.358974 4243.589744 4253.333333
4259.487179 4232.820513 4252.820513 4237.948718 4226.153846 4198.461538 4218.461538 4228.717949 4216.410256 4233.333333 4243.076923 4230.769231 4246.666667 4256.923077
4259.487179 4234.358974 4254.871795 4246.153846 4228.717949 4196.923077 4224.615385 4233.333333 4218.974359 4227.179487 4236.410256 4229.230769 4232.820513 4256.410256
4257.435897 4232.307692 4257.435897 4246.666667 4230.256410 4194.871795 4230.769231 4229.230769 4214.871795 4224.615385 4226.153846 4227.692308 4216.923077 4250.256410
4261.025641 4233.846154 4256.410256 4245.641026 4227.692308 4196.923077 4233.333333 4232.307692 4220.512821 4231.794872 4235.897436 4228.717949 4238.461538 4255.384615
4266.666667 4238.974359 4255.384615 4246.666667 4228.205128 4199.487179 4230.769231 4242.564103 4230.769231 4235.384615 4245.641026 4234.871795 4255.384615 4265.641026
4264.615385 4240.000000 4257.435897 4244.615385 4227.692308 4202.051282 4233.846154 4248.717949 4235.384615 4231.282051 4248.205128 4243.589744 4246.666667 4263.589744
4267.179487 4240.000000 4261.538462 4250.256410 4225.641026 4202.564103 4241.025641 4242.051282 4232.820513 4230.256410 4262.051282 4247.179487 4258.974359 4257.948718
4262.564103 4236.923077 4253.333333 4246.153846 4230.256410 4201.025641 4228.717949 4226.153846 4220.000000 4231.794872 4252.820513 4234.871795 4260.512821 4257.948718
4248.205128 4229.743590 4240.512821 4232.820513 4232.307692 4197.435897 4212.820513 4225.641026 4212.307692 4231.282051 4221.538462 4221.538462 4223.589744 4252.820513
4252.307692 4229.743590 4248.717949 4237.435897 4228.717949 4195.384615 4221.538462 4239.487179 4227.179487 4230.769231 4227.179487 4228.205128 4218.974359 4251.282051
4267.179487 4234.871795 4263.589744 4246.666667 4225.641026 4198.461538 4232.820513 4237.948718 4232.307692 4231.282051 4253.333333 4236.410256 4250.256410 4257.435897
4266.153846 4235.897436 4260.512821 4243.076923 4228.205128 4199.487179 4220.512821 4225.128205 4220.512821 4232.820513 4249.743590 4231.794872 4256.410256 4258.974359
4259.487179 4232.820513 4254.871795 4239.487179 4234.358974 4198.974359 4211.794872 4224.102564 4218.974359 4231.282051 4242.051282 4230.256410 4245.128205 4255.897436
4262.051282 4233.333333 4258.974359 4243.076923 4232.307692 4196.410256 4222.051282 4231.282051 4223.076923 4231.282051 4252.307692 4234.871795 4239.487179 4253.333333
4263.076923 4237.948718 4257.435897 4244.102564 4229.230769 4189.230769 4221.538462 4230.769231 4224.102564 4232.820513 4246.666667 4230.256410 4235.897436 4253.846154
4261.025641 4238.974359 4253.333333 4243.076923 4230.769231 4188.717949 4214.871795 4231.794872 4229.230769 4231.794872 4230.256410 4222.564103 4238.461538 4253.846154
4260.000000 4238.974359 4255.384615 4245.641026 4227.692308 4199.487179 4224.102564 4244.615385 4233.333333 4232.307692 4234.871795 4229.230769 4244.615385 4252.820513
4262.051282 4241.025641 4257.948718 4247.179487 4226.666667 4204.102564 4233.846154 4256.410256 4233.846154 4233.846154 4249.743590 4236.923077 4246.153846 4256.410256
4262.564103 4238.974359 4257.435897 4248.205128 4227.179487 4198.974359 4226.153846 4257.948718 4246.153846 4231.282051 4247.692308 4232.820513 4247.692308 4260.000000
4254.358974 4233.333333 4254.871795 4244.102564 4225.641026 4199.487179 4214.358974 4245.641026 4251.282051 4229.230769 4240.512821 4229.230769 4249.230769 4258.461538
4252.307692 4230.769231 4254.871795 4238.461538 4227.179487 4203.076923 4214.358974 4230.769231 4234.358974 4231.794872 4245.641026 4232.307692 4247.692308 4255.897436
4258.974359 4234.358974 4255.384615 4240.000000 4228.205128 4202.051282 4217.948718 4231.282051 4231.282051 4233.846154 4249.230769 4232.820513 4249.230769 4254.358974
4261.025641 4238.974359 4256.410256 4245.641026 4229.230769 4201.538462 4218.461538 4242.051282 4253.333333 4233.333333 4248.717949 4233.333333 4253.846154 4255.897436
4261.025641 4246.153846 4259.487179 4249.230769 4228.717949 4204.615385 4218.974359 4243.589744 4259.487179 4231.794872 4249.230769 4233.846154 4251.794872 4257.948718
4264.102564 4248.717949 4261.538462 4252.820513 4228.717949 4204.615385 4216.923077 4229.743590 4232.820513 4231.282051 4248.205128 4232.307692 4246.666667 4257.435897
4264.102564 4247.179487 4262.051282 4253.846154 4230.769231 4204.615385 4213.846154 4216.410256 4218.974359 4231.794872 4246.153846 4230.769231 4250.769231 4254.871795
4262.051282 4248.717949 4260.000000 4252.820513 4226.666667 4205.641026 4207.692308 4214.358974 4226.666667 4232.307692 4247.179487 4232.307692 4256.410256 4254.871795
4261.025641 4248.717949 4260.512821 4249.743590 4227.179487 4196.410256 4200.512821 4221.538462 4220.000000 4232.307692 4248.717949 4234.871795 4249.743590 4253.846154
4258.974359 4245.128205 4257.435897 4250.256410 4228.205128 4188.717949 4203.076923 4229.230769 4213.333333 4232.307692 4245.128205 4232.307692 4242.051282 4247.692308
4260.512821 4248.205128 4253.333333 4254.871795 4224.102564 4196.923077 4213.846154 4232.820513 4223.076923 4232.307692 4249.743590 4232.307692 4254.358974 4248.717949
4263.589744 4256.923077 4255.897436 4260.000000 4226.153846 4210.256410 4218.974359 4232.307692 4230.256410 4232.307692 4263.589744 4239.487179 4267.179487 4257.435897
4264.102564 4256.410256 4259.487179 4262.051282 4227.692308 4213.333333 4218.461538 4234.871795 4238.461538 4231.282051 4258.974359 4237.435897 4258.974359 4258.974359
4263.589744 4255.384615 4258.461538 4262.051282 4228.717949 4211.794872 4224.102564 4242.564103 4250.769231 4231.794872 4243.076923 4233.333333 4253.846154 4255.384615
4264.102564 4255.897436 4255.384615 4260.512821 4228.205128 4214.358974 4231.282051 4249.230769 4245.128205 4234.358974 4248.717949 4235.897436 4259.487179 4253.846154
4269.230769 4257.948718 4255.897436 4261.025641 4227.179487 4215.897436 4233.333333 4253.333333 4237.948718 4228.717949 4270.256410 4240.512821 4265.641026 4257.948718
4273.846154 4260.000000 4258.974359 4265.641026 4232.307692 4215.384615 4225.641026 4249.230769 4247.179487 4223.589744 4268.717949 4242.051282 4272.307692 4260.512821
4264.102564 4254.871795 4253.333333 4264.102564 4230.256410 4215.897436 4216.410256 4244.102564 4247.179487 4229.743590 4250.769231 4234.871795 4267.692308 4254.871795
4257.948718 4251.282051 4247.179487 4257.948718 4225.641026 4215.897436 4218.974359 4248.205128 4240.000000 4235.384615 4249.743590 4230.769231 4254.871795 4254.871795
4271.794872 4262.051282 4253.333333 4262.564103 4226.666667 4207.179487 4228.717949 4253.846154 4249.230769 4232.820513 4265.128205 4242.051282 4268.205128 4262.564103
4275.384615 4267.692308 4257.948718 4265.641026 4226.666667 4195.897436 4234.871795 4254.358974 4258.974359 4232.307692 4270.769231 4248.717949 4286.666667 4261.538462
4261.538462 4250.769231 4252.820513 4257.435897 4226.153846 4189.230769 4229.743590 4247.179487 4249.743590 4235.384615 4257.435897 4236.923077 4266.153846 4254.871795
4256.923077 4246.666667 4247.179487 4256.410256 4228.205128 4183.589744 4218.974359 4236.410256 4233.333333 4233.333333 4244.102564 4226.666667 4244.615385 4253.846154
4263.076923 4255.384615 4251.794872 4264.102564 4232.307692 4183.589744 4219.487179 4233.846154 4228.717949 4230.769231 4243.589744 4231.794872 4253.333333 4255.384615
4265.641026 4255.897436 4260.000000 4264.615385 4230.769231 4193.846154 4233.333333 4248.717949 4241.025641 4231.282051 4255.384615 4242.564103 4263.589744 4256.923077
4264.615385 4249.230769 4261.025641 4261.025641 4227.179487 4204.102564 4241.025641 4264.102564 4254.358974 4232.820513 4265.641026 4245.128205 4265.128205 4264.102564
4261.538462 4244.615385 4253.333333 4258.461538 4229.743590 4202.051282 4232.307692 4260.512821 4254.358974 4232.307692 4264.102564 4238.461538 4267.179487 4262.564103
4261.025641 4250.769231 4254.358974 4259.487179 4230.256410 4196.410256 4230.256410 4259.487179 4258.974359 4231.282051 4261.538462 4241.025641 4270.769231 4258.461538
4267.692308 4261.538462 4266.666667 4264.615385 4228.717949 4201.538462 4245.641026 4273.333333 4270.256410 4231.282051 4264.102564 4250.256410 4272.307692 4264.615385
4267.179487 4257.435897 4267.692308 4265.128205 4229.743590 4200.000000 4248.205128 4274.358974 4266.666667 4232.820513 4262.051282 4248.205128 4268.205128 4264.615385
4258.461538 4246.666667 4255.897436 4262.564103 4228.717949 4188.717949 4233.846154 4264.102564 4261.538462 4233.333333 4256.410256 4242.051282 4265.641026 4261.025641
4253.846154 4247.179487 4254.871795 4257.948718 4229.743590 4186.153846 4230.769231 4257.948718 4262.564103 4233.846154 4252.820513 4240.000000 4265.641026 4265.128205
4249.230769 4242.051282 4254.871795 4248.205128 4229.230769 4181.538462 4233.846154 4247.692308 4250.769231 4233.333333 4239.487179 4231.794872 4248.717949 4261.025641
4245.641026 4229.230769 4249.743590 4241.538462 4228.717949 4172.820513 4226.153846 4238.974359 4234.871795 4233.333333 4234.358974 4229.230769 4236.923077 4250.769231
4246.153846 4230.769231 4248.717949 4243.589744 4231.794872 4178.974359 4225.641026 4245.128205 4232.307692 4232.820513 4248.717949 4233.333333 4251.794872 4251.282051
4245.128205 4235.897436 4246.666667 4244.615385 4227.692308 4188.205128 4235.384615 4251.282051 4243.076923 4230.769231 4246.666667 4232.307692 4256.923077 4255.384615
4242.051282 4232.307692 4244.615385 4243.076923 4225.641026 4181.538462 4238.974359 4251.282051 4253.846154 4229.743590 4225.641026 4230.256410 4240.512821 4250.769231
4245.641026 4234.871795 4249.230769 4247.692308 4228.205128 4185.128205 4242.564103 4260.000000 4258.974359 4231.282051 4229.230769 4232.307692 4246.153846 4247.692308
4247.692308 4236.923077 4252.307692 4248.205128 4228.205128 4202.564103 4248.717949 4265.641026 4258.974359 4232.820513 4247.179487 4233.846154 4255.897436 4250.256410
4244.102564 4228.717949 4247.692308 4241.538462 4226.153846 4203.076923 4249.230769 4257.948718 4255.897436 4231.794872 4240.512821 4230.256410 4243.589744 4251.282051
4241.025641 4229.743590 4244.102564 4244.615385 4226.153846 4195.384615 4250.256410 4262.051282 4254.871795 4231.282051 4230.256410 4226.666667 4238.974359 4249.743590
4237.948718 4231.282051 4243.076923 4247.179487 4230.769231 4202.564103 4251.282051 4267.179487 4246.153846 4231.794872 4230.256410 4226.153846 4237.435897 4247.692308
4229.743590 4217.435897 4236.923077 4233.333333 4230.256410 4203.076923 4242.051282 4245.128205 4229.743590 4231.282051 4228.717949 4222.564103 4230.769231 4244.102564
4229.743590 4217.435897 4233.846154 4227.692308 4225.641026 4184.615385 4235.897436 4230.256410 4227.692308 4231.282051 4227.179487 4222.051282 4240.000000 4245.641026
4244.615385 4237.435897 4248.205128 4242.051282 4227.692308 4183.589744 4245.641026 4254.358974 4249.230769 4231.794872 4233.846154 4232.307692 4249.743590 4250.769231
4260.000000 4249.743590 4262.051282 4256.410256 4228.205128 4200.512821 4253.846154 4274.358974 4263.589744 4231.282051 4244.102564 4241.538462 4247.179487 4253.333333
4264.615385 4252.307692 4262.051282 4262.564103 4229.230769 4203.076923 4249.743590 4262.051282 4252.307692 4230.769231 4249.743590 4244.615385 4254.871795 4251.282051
4254.871795 4245.641026 4254.358974 4258.461538 4230.769231 4196.923077 4247.692308 4252.820513 4242.564103 4232.820513 4249.743590 4242.564103 4262.051282 4248.205128
4243.589744 4233.333333 4247.179487 4246.666667 4228.205128 4200.000000 4249.743590 4259.487179 4245.641026 4232.307692 4239.487179 4233.846154 4249.230769 4248.717949
4243.589744 4232.820513 4251.282051 4244.102564 4230.256410 4202.051282 4248.717949 4263.076923 4250.769231 4231.794872 4230.769231 4231.282051 4244.102564 4249.230769
4247.179487 4238.461538 4259.487179 4249.743590 4229.230769 4197.435897 4246.666667 4260.000000 4244.102564 4233.846154 4237.435897 4237.435897 4250.256410 4246.666667
4249.743590 4243.076923 4259.487179 4255.384615 4226.153846 4200.512821 4246.666667 4258.461538 4234.871795 4232.307692 4244.102564 4238.974359 4247.692308 4249.230769
4256.923077 4256.923077 4257.948718 4262.051282 4227.692308 4213.846154 4252.307692 4263.076923 4247.692308 4230.256410 4243.589744 4240.512821 4250.256410 4256.923077
4265.128205 4265.641026 4261.025641 4266.153846 4225.128205 4224.615385 4260.000000 4270.769231 4268.205128 4231.794872 4253.333333 4246.153846 4271.282051 4257.435897
4267.179487 4260.512821 4266.153846 4269.230769 4226.153846 4228.717949 4262.564103 4277.435897 4273.333333 4232.820513 4264.102564 4251.282051 4281.538462 4257.435897
4268.717949 4264.102564 4271.282051 4272.307692 4229.743590 4232.307692 4266.153846 4287.179487 4283.076923 4230.769231 4265.128205 4256.923077 4272.820513 4261.025641
4269.230769 4266.153846 4274.358974 4268.717949 4227.692308 4230.769231 4263.076923 4282.051282 4284.102564 4230.769231 4264.615385 4258.974359 4272.820513 4258.974359
4261.025641 4251.794872 4265.128205 4261.025641 4228.205128 4219.487179 4243.589744 4257.435897 4252.307692 4231.794872 4256.923077 4245.641026 4273.846154 4249.230769
4254.871795 4246.666667 4254.871795 4257.948718 4231.282051 4211.794872 4231.282051 4245.128205 4240.512821 4231.794872 4243.076923 4232.820513 4263.589744 4244.615385
4265.128205 4263.589744 4264.615385 4267.179487 4233.333333 4216.410256 4243.589744 4261.538462 4266.666667 4232.820513 4256.410256 4243.076923 4268.205128 4254.358974
4274.871795 4275.897436 4273.846154 4282.564103 4229.743590 4222.051282 4253.333333 4273.846154 4276.410256 4232.820513 4277.435897 4256.923077 4284.102564 4261.025641
4267.179487 4267.692308 4262.564103 4277.435897 4224.615385 4217.435897 4242.564103 4262.051282 4261.538462 4233.333333 4258.974359 4248.717949 4273.846154 4253.333333
4260.512821 4257.948718 4256.410256 4260.512821 4227.179487 4214.871795 4240.000000 4255.384615 4256.923077 4233.333333 4241.538462 4240.000000 4255.384615 4244.102564
4264.102564 4261.025641 4262.564103 4263.076923 4226.666667 4220.000000 4249.743590 4263.589744 4262.051282 4232.820513 4253.846154 4243.076923 4259.487179 4247.179487
4258.461538 4258.974359 4256.923077 4263.589744 4225.128205 4219.487179 4237.435897 4255.384615 4251.794872 4232.820513 4252.820513 4235.897436 4261.538462 4250.256410
4257.435897 4253.333333 4253.333333 4253.846154 4223.589744 4215.384615 4225.641026 4250.256410 4248.205128 4233.333333 4246.153846 4232.820513 4261.538462 4244.615385
4273.846154 4265.128205 4268.717949 4264.615385 4226.666667 4215.897436 4243.076923 4268.205128 4265.128205 4232.307692 4264.102564 4247.692308 4275.384615 4247.692308
4281.538462 4280.512821 4270.769231 4280.000000 4230.256410 4219.487179 4250.769231 4269.230769 4265.641026 4231.282051 4266.666667 4245.128205 4273.333333 4257.435897
4277.435897 4287.692308 4257.435897 4276.410256 4227.179487 4222.051282 4234.358974 4250.256410 4245.128205 4230.769231 4246.666667 4228.205128 4260.000000 4254.871795
4284.615385 4296.410256 4263.589744 4277.948718 4229.230769 4217.948718 4229.230769 4247.179487 4240.512821 4231.282051 4251.282051 4236.410256 4272.307692 4254.871795
4301.025641 4311.282051 4277.435897 4293.333333 4229.230769 4210.769231 4235.384615 4255.384615 4249.743590 4231.794872 4274.871795 4252.820513 4296.410256 4266.153846
4310.769231 4322.564103 4275.384615 4297.435897 4225.128205 4211.282051 4229.230769 4249.743590 4239.487179 4230.256410 4284.102564 4254.358974 4302.564103 4268.205128
4312.820513 4330.256410 4274.358974 4295.897436 4227.179487 4215.897436 4216.923077 4234.871795 4223.076923 4229.230769 4279.487179 4255.384615 4300.000000 4262.051282
4312.307692 4338.974359 4276.410256 4304.102564 4226.666667 4214.358974 4216.410256 4230.769231 4225.641026 4230.769231 4280.512821 4260.000000 4307.179487 4263.589744
4312.307692 4338.461538 4271.794872 4305.128205 4226.153846 4211.282051 4225.641026 4240.000000 4232.820513 4231.282051 4283.589744 4255.897436 4309.230769 4271.282051
4309.230769 4329.230769 4266.153846 4295.897436 4228.717949 4211.282051 4231.282051 4248.205128 4234.358974 4231.794872 4278.974359 4247.179487 4304.102564 4270.769231
4307.179487 4327.179487 4267.179487 4294.871795 4227.692308 4214.358974 4228.717949 4247.692308 4240.000000 4232.307692 4285.641026 4251.794872 4308.205128 4267.179487
4311.282051 4329.230769 4271.794872 4303.076923 4229.230769 4215.384615 4230.769231 4247.692308 4249.230769 4232.307692 4294.358974 4262.564103 4309.743590 4269.230769
4311.282051 4323.589744 4272.307692 4303.076923 4228.205128 4216.923077 4235.384615 4252.307692 4249.743590 4232.820513 4289.230769 4263.076923 4302.051282 4271.282051
4300.512821 4309.230769 4267.179487 4290.769231 4225.641026 4222.051282 4231.794872 4247.692308 4238.974359 4232.820513 4278.974359 4251.282051 4293.846154 4268.205128
4282.051282 4292.820513 4254.358974 4273.846154 4227.692308 4216.410256 4221.025641 4236.410256 4224.615385 4231.282051 4261.538462 4234.871795 4277.948718 4262.051282
4266.153846 4278.974359 4247.692308 4262.051282 4227.692308 4200.512821 4211.794872 4228.717949 4214.358974 4230.769231 4249.230769 4228.205128 4264.615385 4257.435897
4261.538462 4270.769231 4250.769231 4260.000000 4227.179487 4203.076923 4205.641026 4227.692308 4213.333333 4232.307692 4248.205128 4231.794872 4259.487179 4254.871795
4261.538462 4266.666667 4245.641026 4257.948718 4228.205128 4215.897436 4202.051282 4228.205128 4213.846154 4231.282051 4239.487179 4225.641026 4242.564103 4248.205128
4260.000000 4265.128205 4244.102564 4256.923077 4230.256410 4213.333333 4208.205128 4230.256410 4214.871795 4230.769231 4232.307692 4217.435897 4231.794872 4246.666667
4264.615385 4268.205128 4251.282051 4262.051282 4228.205128 4213.333333 4218.461538 4237.948718 4225.641026 4233.333333 4247.692308 4226.153846 4250.769231 4253.846154
4262.564103 4265.128205 4245.128205 4256.410256 4226.666667 4216.923077 4217.948718 4236.410256 4229.743590 4233.846154 4254.358974 4231.794872 4257.435897 4254.358974
4249.743590 4256.923077 4238.461538 4246.153846 4233.846154 4204.615385 4211.794872 4229.230769 4223.076923 4232.820513 4244.615385 4225.128205 4246.153846 4247.179487
4254.358974 4263.076923 4247.692308 4256.923077 4232.307692 4200.512821 4216.410256 4236.923077 4226.153846 4232.820513 4247.179487 4226.153846 4252.307692 4248.205128
4268.205128 4267.692308 4252.820513 4269.230769 4225.128205 4218.461538 4224.615385 4250.256410 4236.923077 4230.769231 4256.410256 4236.410256 4260.512821 4255.384615
4260.512821 4253.846154 4246.666667 4254.871795 4228.205128 4220.512821 4214.871795 4238.974359 4229.743590 4228.717949 4249.743590 4233.846154 4249.743590 4250.769231
4245.128205 4243.589744 4242.051282 4242.051282 4227.179487 4205.641026 4199.487179 4220.000000 4216.923077 4230.769231 4232.820513 4218.974359 4228.717949 4242.051282
4243.589744 4248.205128 4243.589744 4248.205128 4225.128205 4202.051282 4206.666667 4228.717949 4225.128205 4233.333333 4233.333333 4217.435897 4222.564103 4246.666667
4240.000000 4245.128205 4242.051282 4247.692308 4228.205128 4206.153846 4212.820513 4233.333333 4224.102564 4232.307692 4236.410256 4220.512821 4229.743590 4250.769231
4228.717949 4231.794872 4231.282051 4236.410256 4229.230769 4203.076923 4200.512821 4214.358974 4203.589744 4231.794872 4221.025641 4209.230769 4222.564103 4242.051282
4227.692308 4225.128205 4227.179487 4231.282051 4229.743590 4200.512821 4201.538462 4216.923077 4201.538462 4232.820513 4216.410256 4204.615385 4212.307692 4239.487179
4227.179487 4221.538462 4229.230769 4230.769231 4227.692308 4201.538462 4209.743590 4232.820513 4216.923077 4232.307692 4223.076923 4211.282051 4215.384615 4240.000000
4218.461538 4220.000000 4225.128205 4230.256410 4227.692308 4202.051282 4203.589744 4229.230769 4221.025641 4230.769231 4220.512821 4208.205128 4217.948718 4238.461538
4219.487179 4223.589744 4221.538462 4230.769231 4229.230769 4207.179487 4206.666667 4232.307692 4225.128205 4231.282051 4222.564103 4202.564103 4216.410256 4237.948718
4230.256410 4227.179487 4230.769231 4235.384615 4226.153846 4216.923077 4223.589744 4249.230769 4237.948718 4233.333333 4233.333333 4207.692308 4218.974359 4240.512821
4231.794872 4227.692308 4234.871795 4238.461538 4226.153846 4220.512821 4221.025641 4245.128205 4233.846154 4233.333333 4226.153846 4212.307692 4214.871795 4241.538462
4228.717949 4229.743590 4231.794872 4236.923077 4228.717949 4219.487179 4214.871795 4242.051282 4229.743590 4231.794872 4223.076923 4213.846154 4217.948718 4240.000000
4225.128205 4222.564103 4228.205128 4233.846154 4229.230769 4221.025641 4223.589744 4255.384615 4235.384615 4232.307692 4229.230769 4213.333333 4224.615385 4237.948718
4215.384615 4208.205128 4216.923077 4227.692308 4225.641026 4216.923077 4213.846154 4237.948718 4221.025641 4232.820513 4216.923077 4200.512821 4205.128205 4231.794872
4214.358974 4212.820513 4219.487179 4228.717949 4228.205128 4210.256410 4201.538462 4215.897436 4211.794872 4232.820513 4213.846154 4199.487179 4199.487179 4229.743590
4228.717949 4228.717949 4237.948718 4236.923077 4234.358974 4214.358974 4220.000000 4236.923077 4231.794872 4232.820513 4240.000000 4219.487179 4231.794872 4240.000000
4235.897436 4227.179487 4237.948718 4235.897436 4228.205128 4221.025641 4233.846154 4256.923077 4246.153846 4232.307692 4255.384615 4227.179487 4247.179487 4245.641026
4230.769231 4218.461538 4229.743590 4230.769231 4225.128205 4218.461538 4218.461538 4245.128205 4241.538462 4231.794872 4236.410256 4219.487179 4227.692308 4240.512821
4230.769231 4225.641026 4236.923077 4238.974359 4227.692308 4219.487179 4215.384615 4241.025641 4241.538462 4232.820513 4226.666667 4220.000000 4223.589744 4236.923077
4235.897436 4234.358974 4238.974359 4247.692308 4226.666667 4230.256410 4223.076923 4250.769231 4244.102564 4232.307692 4234.871795 4226.153846 4232.820513 4239.487179
4237.948718 4231.282051 4233.846154 4243.589744 4229.743590 4235.897436 4214.871795 4248.205128 4238.461538 4230.256410 4235.897436 4222.564103 4228.717949 4241.538462
4235.897436 4231.794872 4238.974359 4245.641026 4229.743590 4230.769231 4218.974359 4245.641026 4234.871795 4231.282051 4241.538462 4219.487179 4231.794872 4244.615385
4234.358974 4233.333333 4243.076923 4247.179487 4227.692308 4231.794872 4233.333333 4248.205128 4230.256410 4233.333333 4240.000000 4221.538462 4228.717949 4241.538462
4230.256410 4223.076923 4240.512821 4234.358974 4229.743590 4235.384615 4229.743590 4245.128205 4230.769231 4231.794872 4222.564103 4218.461538 4214.358974 4231.794872
4220.512821 4210.769231 4231.794872 4226.153846 4227.179487 4225.641026 4218.461538 4239.487179 4230.256410 4230.769231 4217.948718 4209.743590 4216.923077 4229.743590
4216.410256 4211.282051 4227.692308 4231.794872 4228.205128 4211.794872 4212.307692 4231.794872 4215.384615 4232.307692 4220.000000 4203.076923 4218.461538 4233.333333
4225.641026 4223.076923 4233.846154 4236.410256 4229.230769 4210.769231 4210.769231 4226.666667 4216.923077 4232.820513 4215.384615 4206.153846 4212.820513 4232.307692
4236.410256 4227.692308 4240.000000 4235.384615 4225.128205 4215.897436 4213.333333 4231.794872 4231.794872 4234.358974 4224.615385 4216.410256 4223.589744 4233.846154
4238.461538 4228.717949 4241.538462 4241.538462 4227.692308 4217.435897 4216.923077 4243.589744 4235.897436 4234.871795 4236.923077 4220.000000 4229.743590 4236.410256
4236.923077 4234.358974 4241.538462 4251.282051 4228.205128 4219.487179 4218.974359 4242.051282 4231.794872 4231.794872 4230.256410 4214.871795 4214.358974 4235.384615
4235.384615 4230.769231 4240.512821 4247.692308 4227.179487 4218.974359 4212.820513 4218.461538 4215.384615 4231.794872 4221.538462 4215.384615 4211.282051 4234.358974
4230.769231 4215.897436 4236.923077 4231.794872 4227.179487 4213.846154 4197.948718 4202.051282 4193.846154 4233.846154 4216.923077 4213.333333 4214.358974 4230.769231
4234.871795 4214.871795 4239.487179 4229.743590 4227.179487 4215.897436 4203.589744 4220.000000 4209.743590 4231.282051 4217.948718 4208.205128 4211.794872 4233.333333
4235.897436 4222.051282 4236.923077 4236.923077 4227.692308 4218.461538 4215.897436 4233.846154 4234.358974 4229.743590 4225.128205 4210.256410 4213.333333 4240.512821
4222.051282 4216.923077 4223.076923 4231.282051 4227.179487 4212.820513 4206.153846 4220.512821 4222.564103 4231.282051 4221.538462 4207.179487 4210.256410 4237.435897
4219.487179 4221.538462 4223.589744 4232.820513 4227.692308 4213.846154 4206.666667 4222.051282 4218.461538 4231.794872 4217.435897 4207.179487 4207.692308 4233.846154
4228.717949 4231.282051 4231.794872 4243.589744 4227.692308 4221.538462 4217.435897 4233.333333 4229.230769 4231.282051 4226.666667 4213.846154 4213.333333 4239.487179
4223.589744 4220.512821 4225.128205 4235.897436 4226.153846 4218.974359 4205.128205 4219.487179 4219.487179 4231.794872 4225.128205 4209.743590 4211.794872 4240.000000
4214.358974 4210.256410 4220.512821 4227.179487 4226.666667 4213.846154 4200.000000 4209.743590 4208.205128 4232.820513 4211.794872 4197.435897 4198.974359 4230.256410
4216.923077 4216.410256 4224.615385 4231.794872 4228.205128 4218.974359 4217.435897 4226.666667 4217.948718 4233.333333 4209.743590 4196.923077 4193.333333 4228.717949
4220.000000 4216.410256 4223.076923 4233.333333 4229.230769 4225.128205 4219.487179 4237.435897 4225.641026 4233.333333 4215.384615 4203.589744 4193.846154 4233.333333
4228.717949 4217.435897 4225.128205 4240.000000 4226.153846 4227.692308 4212.820513 4232.820513 4227.179487 4233.333333 4225.128205 4208.205128 4202.564103 4232.307692
4233.846154 4224.615385 4230.256410 4246.153846 4226.153846 4229.230769 4213.333333 4223.589744 4219.487179 4230.769231 4233.333333 4210.769231 4213.846154 4232.307692
4221.538462 4217.435897 4221.538462 4233.333333 4231.794872 4221.025641 4203.589744 4212.307692 4201.025641 4230.769231 4220.512821 4203.076923 4198.461538 4232.820513
4218.461538 4212.820513 4216.923077 4228.205128 4228.717949 4210.256410 4197.948718 4216.410256 4199.487179 4233.333333 4208.205128 4197.948718 4184.615385 4226.666667
4225.128205 4217.948718 4225.641026 4237.435897 4226.153846 4220.000000 4209.743590 4226.666667 4211.282051 4231.282051 4212.307692 4196.923077 4196.923077 4224.102564
4217.948718 4212.307692 4220.512821 4233.333333 4228.717949 4235.384615 4218.974359 4231.794872 4214.871795 4228.205128 4214.871795 4192.307692 4202.564103 4228.205128
4210.256410 4208.717949 4211.794872 4225.641026 4225.641026 4225.128205 4218.974359 4238.461538 4215.897436 4231.282051 4214.871795 4190.769231 4191.282051 4230.769231
4218.461538 4214.358974 4220.512821 4232.307692 4226.666667 4208.205128 4218.461538 4237.948718 4216.923077 4233.333333 4220.000000 4194.871795 4192.307692 4231.282051
4224.102564 4218.461538 4223.076923 4237.435897 4228.205128 4211.794872 4218.974359 4234.358974 4215.384615 4230.769231 4220.000000 4195.897436 4203.589744 4231.794872
4224.615385 4221.538462 4217.948718 4235.384615 4226.153846 4218.974359 4220.512821 4240.000000 4223.076923 4230.769231 4218.461538 4198.461538 4201.025641 4233.333333
4230.256410 4221.538462 4223.076923 4234.358974 4225.641026 4216.923077 4218.974359 4238.461538 4227.692308 4232.307692 4225.641026 4205.128205 4199.487179 4232.820513
4232.307692 4218.461538 4225.641026 4237.435897 4225.641026 4222.564103 4220.512821 4233.846154 4223.076923 4232.820513 4233.846154 4206.153846 4214.871795 4232.820513
4230.769231 4222.051282 4222.051282 4240.512821 4228.717949 4231.282051 4225.128205 4238.461538 4221.538462 4231.794872 4230.256410 4204.102564 4220.512821 4232.820513
4229.230769 4230.256410 4221.538462 4245.128205 4228.205128 4230.256410 4225.641026 4238.974359 4225.128205 4230.256410 4218.461538 4203.076923 4206.666667 4229.743590
4226.153846 4228.205128 4223.589744 4246.666667 4227.692308 4228.717949 4227.692308 4234.358974 4229.743590 4233.846154 4222.564103 4206.666667 4206.666667 4230.769231
4220.512821 4221.025641 4226.153846 4240.000000 4229.743590 4224.615385 4227.692308 4231.794872 4222.564103 4237.948718 4233.333333 4206.153846 4219.487179 4232.307692
4215.384615 4215.384615 4222.564103 4229.743590 4227.692308 4217.435897 4217.948718 4225.641026 4212.820513 4234.871795 4219.487179 4196.923077 4205.641026 4225.641026
4216.410256 4213.333333 4218.974359 4227.692308 4229.743590 4221.025641 4215.897436 4227.179487 4220.512821 4231.794872 4207.179487 4198.461538 4188.717949 4224.615385
4223.076923 4221.538462 4222.051282 4235.897436 4230.256410 4222.564103 4224.615385 4237.435897 4232.307692 4231.282051 4223.589744 4205.641026 4204.615385 4230.256410
4227.179487 4231.282051 4224.102564 4243.589744 4227.692308 4213.846154 4222.051282 4236.923077 4224.615385 4232.307692 4231.794872 4203.589744 4220.000000 4233.333333
4226.666667 4231.282051 4218.974359 4242.051282 4229.230769 4221.025641 4214.358974 4229.230769 4214.358974 4233.333333 4226.153846 4201.538462 4223.076923 4241.025641
4233.333333 4240.000000 4214.871795 4243.076923 4225.641026 4232.307692 4217.435897 4229.230769 4216.923077 4232.307692 4232.307692 4204.615385 4229.230769 4243.076923
4244.615385 4258.974359 4221.025641 4250.256410 4226.153846 4223.076923 4218.974359 4233.333333 4217.435897 4230.769231 4236.923077 4206.153846 4234.871795 4239.487179
4247.692308 4263.076923 4224.615385 4249.743590 4229.743590 4214.871795 4212.307692 4233.846154 4213.846154 4230.769231 4231.794872 4206.666667 4233.333333 4242.564103
4249.230769 4265.641026 4218.974359 4248.205128 4227.179487 4216.410256 4202.051282 4213.846154 4202.564103 4230.769231 4228.717949 4204.102564 4232.307692 4242.564103
4265.641026 4291.794872 4221.025641 4265.641026 4227.692308 4213.846154 4197.435897 4195.897436 4193.333333 4230.256410 4240.512821 4206.666667 4247.179487 4242.051282
4285.128205 4314.358974 4234.358974 4285.128205 4228.717949 4213.333333 4202.564103 4208.205128 4196.923077 4229.743590 4262.051282 4217.948718 4268.205128 4253.846154
4292.820513 4312.307692 4243.076923 4282.564103 4229.230769 4217.948718 4203.076923 4220.000000 4204.102564 4231.794872 4266.153846 4227.179487 4274.358974 4265.641026
4292.820513 4308.205128 4243.076923 4277.435897 4230.769231 4223.076923 4202.564103 4214.358974 4209.743590 4232.820513 4261.538462 4228.717949 4278.461538 4265.641026
4295.897436 4316.410256 4247.179487 4286.666667 4229.230769 4227.692308 4210.256410 4215.384615 4218.461538 4231.794872 4271.794872 4232.820513 4292.820513 4268.205128
4297.948718 4321.538462 4255.384615 4296.410256 4227.692308 4233.846154 4217.948718 4226.153846 4223.076923 4231.794872 4282.051282 4236.923077 4298.974359 4270.256410
4296.410256 4324.102564 4257.435897 4297.435897 4227.692308 4240.512821 4221.025641 4231.282051 4223.076923 4231.794872 4284.102564 4234.871795 4303.076923 4267.179487
4296.410256 4325.641026 4253.846154 4295.384615 4230.769231 4240.000000 4223.076923 4231.282051 4227.692308 4232.820513 4284.615385 4235.897436 4309.743590 4268.205128
4289.230769 4315.897436 4245.128205 4293.333333 4230.769231 4231.794872 4222.051282 4230.769231 4230.769231 4233.333333 4271.282051 4230.256410 4293.846154 4269.230769
4278.974359 4308.205128 4242.051282 4291.282051 4226.666667 4227.692308 4217.948718 4232.820513 4224.615385 4232.820513 4261.025641 4218.974359 4277.948718 4267.179487
4282.051282 4311.282051 4249.230769 4287.692308 4230.256410 4232.307692 4217.435897 4229.230769 4210.769231 4232.820513 4273.846154 4221.025641 4289.743590 4268.205128
4283.076923 4305.641026 4248.717949 4281.538462 4230.769231 4231.282051 4216.410256 4218.461538 4205.128205 4233.333333 4282.051282 4227.692308 4299.487179 4266.666667
4269.230769 4290.256410 4239.487179 4276.410256 4228.205128 4224.102564 4214.871795 4222.051282 4215.384615 4232.820513 4271.794872 4223.076923 4291.282051 4261.538462
4260.512821 4286.153846 4236.410256 4272.307692 4230.256410 4221.025641 4213.846154 4229.230769 4224.615385 4232.820513 4261.025641 4215.384615 4273.846154 4258.974359
4255.897436 4281.538462 4231.282051 4264.615385 4226.666667 4218.461538 4207.692308 4221.538462 4220.512821 4233.846154 4249.230769 4211.282051 4254.871795 4254.871795
4239.487179 4264.615385 4221.538462 4254.358974 4225.128205 4210.769231 4200.512821 4211.794872 4208.205128 4232.307692 4232.307692 4202.051282 4240.000000 4250.769231
4229.230769 4259.487179 4222.051282 4254.358974 4226.666667 4208.717949 4200.512821 4213.333333 4206.666667 4230.769231 4228.717949 4199.487179 4235.897436 4245.128205
4233.846154 4262.564103 4229.230769 4258.461538 4229.743590 4220.512821 4206.666667 4220.000000 4214.871795 4231.282051 4238.461538 4207.179487 4241.538462 4242.564103
4233.333333 4253.846154 4226.153846 4251.794872 4230.769231 4229.230769 4211.794872 4223.589744 4218.974359 4231.794872 4235.897436 4203.076923 4244.102564 4243.076923
4224.615385 4245.641026 4218.461538 4245.641026 4225.641026 4230.256410 4215.384615 4223.589744 4216.410256 4231.794872 4230.769231 4198.974359 4237.435897 4240.000000
4218.974359 4244.102564 4218.461538 4246.153846 4229.230769 4230.769231 4213.846154 4222.564103 4212.820513 4232.307692 4233.333333 4202.564103 4229.230769 4238.461538
4214.871795 4236.410256 4215.384615 4241.025641 4231.282051 4232.307692 4213.846154 4226.153846 4215.897436 4232.307692 4226.666667 4198.974359 4227.179487 4241.538462
4214.358974 4231.794872 4214.358974 4237.948718 4228.717949 4235.897436 4222.564103 4231.794872 4224.102564 4231.794872 4223.076923 4196.410256 4230.769231 4242.051282
4217.948718 4232.307692 4218.461538 4241.025641 4232.307692 4238.461538 4225.128205 4232.307692 4231.794872 4232.307692 4228.205128 4201.025641 4226.666667 4238.461538
4210.256410 4217.435897 4208.205128 4231.794872 4229.743590 4231.282051 4205.641026 4217.435897 4215.897436 4231.794872 4214.358974 4188.717949 4208.205128 4234.358974
4189.743590 4195.897436 4195.897436 4211.794872 4225.641026 4214.871795 4182.564103 4192.820513 4182.051282 4232.307692 4194.358974 4170.256410 4189.230769 4229.743590
4185.128205 4193.846154 4198.974359 4207.692308 4226.666667 4210.769231 4186.666667 4196.923077 4179.487179 4232.820513 4200.512821 4174.358974 4198.461538 4226.666667
4198.461538 4205.128205 4205.128205 4216.923077 4227.692308 4222.564103 4214.358974 4224.615385 4215.384615 4231.282051 4212.307692 4188.205128 4213.846154 4232.307692
4204.615385 4208.717949 4207.692308 4221.538462 4227.179487 4232.307692 4232.307692 4237.948718 4241.538462 4230.769231 4211.282051 4192.820513 4209.743590 4236.410256
4196.923077 4202.564103 4209.743590 4220.000000 4227.179487 4227.692308 4226.153846 4231.282051 4232.820513 4232.307692 4213.846154 4191.794872 4204.102564 4232.820513
4189.230769 4195.897436 4206.153846 4216.410256 4232.820513 4218.974359 4215.384615 4217.948718 4216.923077 4232.307692 4206.153846 4186.666667 4197.435897 4230.256410
4185.128205 4194.358974 4196.923077 4213.333333 4232.820513 4221.025641 4215.384615 4212.820513 4212.820513 4231.282051 4186.666667 4180.000000 4183.589744 4229.230769
4186.153846 4199.487179 4197.435897 4214.358974 4226.153846 4229.743590 4221.538462 4220.512821 4212.307692 4231.794872 4186.153846 4179.487179 4181.538462 4232.820513
4191.794872 4202.051282 4204.615385 4217.948718 4228.205128 4233.333333 4224.615385 4228.717949 4210.256410 4232.307692 4204.102564 4186.153846 4200.512821 4234.358974
4191.794872 4202.051282 4201.538462 4217.948718 4229.230769 4232.307692 4221.538462 4230.256410 4221.025641 4232.307692 4205.641026 4187.692308 4202.564103 4232.820513
4186.666667 4203.076923 4195.897436 4218.461538 4226.666667 4231.282051 4221.538462 4236.410256 4234.871795 4232.307692 4194.358974 4184.102564 4188.717949 4232.307692
4185.641026 4200.512821 4197.948718 4216.410256 4227.179487 4231.282051 4229.230769 4244.615385 4233.333333 4232.820513 4206.153846 4186.153846 4200.000000 4232.820513
4188.205128 4195.897436 4204.102564 4213.846154 4227.692308 4230.769231 4230.769231 4241.538462 4227.692308 4231.794872 4212.307692 4190.256410 4206.666667 4232.307692
4185.128205 4193.846154 4205.128205 4212.820513 4230.769231 4225.641026 4220.512821 4231.794872 4226.153846 4232.307692 4189.743590 4186.666667 4184.615385 4232.820513
4180.512821 4189.743590 4196.410256 4207.179487 4226.666667 4216.923077 4213.333333 4227.692308 4218.974359 4233.846154 4177.435897 4178.461538 4171.794872 4227.692308
4182.051282 4183.589744 4189.743590 4198.461538 4222.564103 4214.871795 4213.333333 4230.256410 4213.846154 4231.794872 4183.589744 4174.871795 4175.897436 4221.538462
4183.589744 4183.589744 4194.871795 4199.487179 4227.179487 4218.974359 4217.435897 4233.333333 4218.461538 4230.769231 4184.615385 4174.358974 4173.333333 4222.564103
4181.025641 4184.615385 4195.384615 4204.615385 4228.717949 4219.487179 4221.538462 4232.307692 4218.974359 4232.820513 4181.025641 4170.769231 4171.282051 4220.512821
4179.487179 4182.564103 4191.794872 4200.512821 4226.153846 4217.948718 4216.410256 4223.589744 4210.769231 4233.846154 4182.051282 4169.230769 4170.256410 4219.487179
4182.051282 4185.128205 4194.358974 4199.487179 4223.589744 4217.435897 4216.410256 4224.102564 4212.307692 4232.307692 4185.641026 4178.461538 4168.205128 4224.102564
4186.153846 4189.743590 4200.000000 4208.717949 4229.743590 4221.025641 4226.666667 4236.410256 4225.128205 4231.282051 4192.820513 4188.717949 4178.461538 4225.641026
4186.153846 4182.564103 4196.923077 4205.128205 4230.256410 4220.000000 4224.102564 4233.846154 4217.948718 4232.820513 4182.051282 4177.948718 4173.333333 4218.974359
4178.974359 4169.743590 4190.769231 4193.846154 4223.589744 4205.128205 4209.230769 4215.897436 4196.923077 4232.820513 4165.128205 4163.076923 4156.923077 4215.384615
4182.564103 4174.871795 4199.487179 4196.923077 4229.743590 4200.512821 4215.897436 4221.025641 4209.743590 4232.307692 4181.025641 4177.435897 4169.743590 4224.102564
4194.358974 4187.692308 4209.230769 4207.179487 4231.282051 4216.410256 4232.820513 4235.897436 4233.846154 4232.307692 4203.589744 4193.846154 4190.769231 4228.717949
4193.846154 4188.717949 4206.153846 4207.179487 4223.076923 4227.692308 4232.307692 4236.923077 4226.666667 4232.307692 4200.000000 4190.256410 4188.717949 4228.717949
4191.794872 4190.769231 4205.128205 4210.769231 4222.564103 4225.128205 4229.230769 4240.512821 4222.564103 4232.307692 4192.820513 4189.743590 4180.512821 4230.769231
4200.512821 4200.000000 4211.794872 4218.974359 4228.205128 4227.179487 4234.358974 4242.564103 4237.435897 4232.307692 4198.461538 4195.897436 4186.153846 4233.846154
4205.128205 4198.461538 4212.820513 4218.461538 4231.282051 4233.333333 4236.410256 4236.410256 4235.897436 4232.307692 4210.769231 4199.487179 4199.487179 4234.871795
4198.461538 4188.205128 4205.641026 4210.769231 4228.205128 4235.384615 4235.897436 4237.435897 4223.076923 4231.282051 4206.666667 4195.384615 4197.948718 4230.769231
4192.820513 4186.153846 4204.615385 4205.641026 4226.153846 4231.794872 4233.846154 4234.358974 4220.000000 4230.769231 4189.743590 4188.205128 4184.615385 4227.692308
4189.230769 4189.230769 4205.641026 4203.589744 4229.230769 4221.538462 4223.076923 4217.948718 4214.358974 4232.307692 4190.769231 4185.128205 4180.512821 4228.205128
4184.102564 4182.051282 4196.410256 4198.974359 4227.179487 4216.923077 4213.333333 4211.794872 4206.153846 4233.333333 4192.820513 4181.538462 4176.410256 4228.205128
4182.051282 4174.358974 4187.179487 4195.897436 4226.153846 4220.000000 4212.307692 4212.820513 4198.974359 4233.333333 4173.846154 4174.358974 4167.179487 4226.666667
4182.564103 4178.461538 4189.743590 4199.487179 4229.230769 4216.923077 4213.333333 4212.307692 4200.000000 4232.820513 4167.179487 4173.333333 4167.692308 4225.641026
4183.076923 4182.564103 4192.820513 4200.512821 4228.205128 4213.333333 4215.384615 4220.512821 4210.769231 4232.307692 4180.512821 4176.923077 4164.102564 4225.128205
4188.205128 4186.666667 4196.923077 4203.589744 4226.666667 4214.871795 4221.538462 4220.000000 4212.307692 4231.794872 4186.153846 4180.000000 4164.615385 4226.153846
4200.512821 4199.487179 4207.179487 4214.358974 4226.666667 4217.435897 4229.743590 4220.512821 4214.871795 4230.769231 4195.384615 4188.205128 4192.820513 4231.282051
4208.205128 4204.615385 4213.846154 4220.000000 4228.205128 4224.615385 4231.282051 4230.769231 4221.538462 4230.769231 4215.384615 4195.897436 4206.666667 4237.435897
4203.076923 4200.000000 4209.230769 4218.461538 4228.205128 4229.230769 4223.589744 4228.717949 4213.846154 4233.333333 4215.384615 4192.820513 4190.256410 4234.358974
4199.487179 4200.000000 4203.076923 4217.435897 4228.205128 4226.153846 4215.384615 4212.307692 4197.948718 4233.333333 4191.282051 4183.076923 4174.871795 4225.128205
4198.974359 4198.974359 4204.102564 4214.871795 4231.282051 4225.128205 4218.461538 4208.205128 4196.410256 4231.282051 4175.897436 4177.435897 4169.230769 4224.102564
4198.974359 4201.025641 4208.717949 4217.948718 4228.205128 4229.743590 4231.794872 4222.051282 4214.358974 4231.282051 4190.769231 4183.589744 4174.871795 4230.256410
4200.512821 4205.641026 4208.205128 4224.615385 4226.153846 4230.769231 4236.410256 4232.820513 4227.692308 4233.333333 4205.641026 4191.794872 4186.153846 4232.307692
