4257.435897 4245.641026 4248.205128 4260.512821 4227.692308 4247.692308 4234.871795 4251.282051 4382.564103 4231.794872 4237.948718 4203.076923 4282.051282 4270.769231
4264.102564 4249.743590 4256.410256 4265.128205 4227.692308 4252.307692 4239.487179 4247.692308 4407.179487 4228.717949 4240.000000 4203.076923 4291.794872 4267.179487
4253.846154 4248.717949 4249.743590 4256.410256 4226.666667 4244.615385 4235.384615 4238.461538 4334.871795 4228.717949 4234.871795 4197.435897 4275.897436 4263.589744
4247.692308 4244.615385 4245.128205 4246.666667 4231.282051 4239.487179 4234.358974 4242.564103 4346.666667 4231.794872 4233.846154 4198.974359 4272.307692 4265.641026
4250.256410 4240.000000 4245.128205 4249.230769 4224.615385 4242.051282 4233.846154 4241.025641 4315.897436 4230.769231 4236.410256 4196.923077 4267.692308 4259.487179
4253.333333 4239.487179 4247.179487 4248.717949 4227.179487 4244.615385 4238.974359 4248.205128 4348.205128 4235.384615 4236.923077 4201.538462 4269.230769 4265.128205
4262.564103 4254.358974 4257.435897 4255.897436 4226.153846 4249.230769 4242.051282 4251.282051 4415.897436 4232.307692 4250.256410 4206.666667 4295.384615 4264.615385
4259.487179 4252.820513 4254.358974 4253.846154 4223.589744 4238.974359 4231.794872 4246.153846 4367.692308 4229.743590 4251.794872 4202.564103 4287.692308 4260.000000
4252.820513 4242.051282 4250.256410 4245.128205 4231.794872 4233.846154 4233.333333 4248.205128 4368.717949 4231.282051 4241.538462 4202.051282 4276.410256 4263.589744
4251.282051 4240.512821 4249.743590 4244.615385 4225.128205 4245.128205 4238.461538 4244.615385 4334.871795 4228.717949 4237.435897 4200.000000 4268.717949 4259.487179
4249.230769 4241.538462 4247.692308 4245.128205 4225.641026 4245.128205 4235.384615 4247.692308 4340.000000 4232.307692 4236.923077 4203.589744 4268.717949 4261.538462
4257.435897 4245.641026 4252.820513 4248.717949 4228.717949 4241.025641 4231.282051 4246.666667 4368.717949 4230.256410 4243.589744 4204.615385 4280.000000 4260.000000
4254.871795 4235.384615 4247.692308 4240.512821 4225.641026 4236.410256 4228.205128 4243.589744 4308.717949 4227.692308 4237.435897 4200.000000 4261.538462 4260.512821
4248.717949 4227.692308 4245.641026 4233.333333 4229.743590 4239.487179 4232.307692 4249.230769 4342.051282 4232.307692 4229.743590 4202.051282 4261.025641 4265.641026
4251.794872 4233.846154 4250.256410 4237.948718 4224.615385 4244.102564 4230.769231 4241.025641 4331.794872 4231.282051 4237.435897 4198.461538 4268.205128 4259.487179
4250.769231 4232.820513 4250.769231 4237.948718 4225.641026 4238.974359 4229.230769 4244.615385 4324.615385 4231.282051 4242.051282 4198.974359 4265.641026 4265.641026
4251.282051 4236.923077 4253.333333 4241.025641 4228.717949 4243.589744 4236.923077 4245.128205 4362.564103 4230.769231 4243.076923 4200.000000 4277.435897 4268.717949
4245.128205 4238.461538 4246.666667 4240.000000 4222.051282 4246.153846 4234.358974 4236.410256 4305.128205 4231.282051 4236.410256 4197.435897 4263.589744 4261.538462
4243.076923 4235.384615 4245.641026 4237.948718 4226.666667 4239.487179 4232.307692 4246.666667 4334.358974 4232.307692 4235.897436 4201.025641 4261.538462 4264.102564
4245.128205 4234.871795 4244.615385 4238.974359 4224.615385 4235.897436 4231.282051 4243.589744 4319.487179 4229.743590 4241.025641 4193.846154 4265.128205 4264.102564
4232.820513 4227.179487 4229.230769 4226.153846 4227.692308 4228.717949 4224.615385 4239.487179 4253.846154 4234.358974 4229.230769 4186.153846 4243.076923 4263.076923
4227.179487 4223.076923 4225.641026 4220.000000 4231.794872 4225.641026 4222.564103 4240.512821 4247.179487 4232.307692 4220.512821 4186.153846 4235.897436 4258.461538
4227.692308 4222.564103 4226.153846 4221.538462 4224.102564 4224.615385 4222.564103 4237.435897 4202.564103 4227.692308 4220.000000 4184.615385 4225.641026 4256.923077
4228.717949 4225.641026 4228.205128 4223.589744 4229.230769 4228.205128 4225.128205 4245.128205 4257.948718 4232.820513 4224.102564 4192.307692 4234.871795 4265.128205
4236.410256 4231.794872 4234.871795 4233.846154 4228.717949 4232.307692 4224.615385 4243.589744 4278.974359 4230.769231 4231.794872 4195.384615 4251.282051 4263.589744
4230.256410 4224.615385 4230.256410 4227.692308 4226.666667 4225.641026 4221.538462 4244.102564 4229.230769 4227.692308 4223.589744 4191.282051 4236.923077 4261.025641
4219.487179 4218.974359 4225.128205 4214.871795 4228.717949 4223.589744 4222.564103 4243.076923 4214.871795 4227.692308 4212.820513 4184.102564 4222.051282 4255.897436
4214.871795 4218.974359 4220.512821 4213.333333 4223.589744 4224.615385 4222.051282 4235.384615 4150.769231 4229.230769 4205.641026 4177.435897 4200.512821 4250.256410
4217.948718 4217.435897 4223.076923 4215.384615 4227.692308 4225.641026 4222.051282 4243.589744 4187.179487 4233.846154 4202.564103 4183.589744 4204.615385 4253.846154
4222.564103 4217.435897 4225.641026 4213.846154 4225.128205 4228.717949 4215.897436 4238.974359 4187.179487 4229.743590 4208.205128 4183.589744 4216.410256 4244.615385
4221.025641 4216.923077 4221.025641 4212.307692 4225.641026 4221.538462 4214.358974 4236.923077 4145.641026 4230.256410 4207.179487 4182.051282 4203.589744 4242.051282
4230.769231 4229.230769 4233.846154 4229.230769 4231.794872 4225.128205 4225.128205 4245.641026 4229.230769 4233.333333 4212.307692 4189.230769 4221.538462 4246.153846
4233.333333 4233.333333 4237.948718 4236.410256 4224.102564 4233.333333 4224.102564 4240.000000 4219.487179 4229.743590 4219.487179 4188.205128 4230.769231 4237.948718
4223.589744 4223.076923 4227.692308 4220.000000 4227.692308 4230.256410 4220.512821 4240.000000 4204.102564 4231.282051 4216.923077 4184.102564 4222.051282 4232.307692
4227.692308 4228.205128 4230.769231 4218.974359 4228.205128 4230.256410 4222.051282 4237.435897 4202.564103 4231.282051 4220.000000 4182.051282 4223.589744 4222.051282
4229.743590 4229.743590 4234.358974 4224.102564 4224.615385 4230.256410 4220.512821 4239.487179 4174.871795 4232.820513 4217.435897 4187.692308 4215.384615 4216.923077
4231.794872 4228.205128 4240.000000 4228.205128 4229.230769 4237.435897 4227.179487 4246.666667 4235.384615 4233.333333 4219.487179 4196.923077 4229.743590 4218.461538
4239.487179 4231.282051 4240.512821 4231.282051 4224.615385 4244.102564 4229.230769 4242.051282 4225.128205 4229.743590 4228.717949 4192.820513 4235.897436 4212.820513
4241.025641 4233.846154 4240.512821 4231.794872 4226.666667 4241.538462 4226.153846 4245.641026 4251.282051 4233.333333 4232.820513 4193.333333 4240.512821 4213.846154
4244.615385 4241.025641 4249.230769 4241.538462 4226.153846 4243.589744 4227.692308 4241.538462 4288.717949 4233.333333 4237.948718 4194.358974 4258.461538 4209.230769
4243.076923 4238.461538 4246.666667 4240.000000 4223.589744 4240.512821 4222.051282 4236.923077 4230.256410 4231.794872 4232.820513 4190.769231 4242.564103 4208.717949
4243.589744 4235.384615 4244.102564 4231.282051 4230.256410 4239.487179 4221.025641 4241.538462 4247.692308 4231.282051 4224.102564 4192.307692 4237.435897 4210.769231
4241.025641 4234.871795 4240.000000 4228.717949 4224.615385 4238.974359 4221.538462 4235.897436 4208.717949 4228.717949 4216.410256 4187.692308 4230.256410 4202.051282
4232.820513 4228.717949 4233.333333 4219.487179 4224.615385 4228.205128 4217.435897 4242.564103 4184.615385 4233.333333 4210.256410 4188.205128 4215.384615 4203.589744
4239.487179 4232.820513 4238.974359 4223.076923 4226.666667 4231.282051 4218.461538 4244.615385 4216.923077 4231.794872 4221.538462 4191.282051 4225.128205 4202.051282
4241.025641 4233.333333 4242.051282 4225.641026 4224.615385 4237.948718 4220.512821 4240.512821 4191.794872 4230.769231 4226.666667 4189.743590 4220.512821 4198.974359
4236.923077 4228.205128 4244.615385 4222.564103 4229.743590 4234.871795 4223.076923 4245.128205 4235.384615 4233.333333 4223.589744 4193.333333 4226.666667 4204.615385
4238.461538 4228.717949 4242.051282 4226.666667 4224.615385 4233.333333 4218.461538 4235.897436 4212.307692 4228.205128 4223.589744 4192.307692 4227.692308 4198.461538
4235.384615 4229.230769 4234.358974 4227.179487 4226.666667 4231.282051 4217.435897 4237.435897 4190.256410 4231.282051 4214.358974 4193.846154 4216.410256 4195.897436
4235.384615 4233.333333 4238.461538 4232.307692 4229.230769 4234.871795 4226.153846 4241.538462 4228.717949 4234.358974 4216.410256 4193.333333 4226.153846 4198.974359
4231.794872 4229.230769 4236.923077 4233.846154 4223.589744 4233.846154 4222.051282 4236.923077 4188.205128 4231.282051 4221.025641 4186.153846 4218.974359 4201.538462
4225.128205 4223.589744 4231.794872 4227.692308 4229.230769 4230.256410 4215.384615 4242.051282 4207.692308 4234.871795 4216.923077 4187.179487 4216.923077 4204.102564
4227.692308 4228.205128 4233.846154 4227.692308 4225.641026 4229.743590 4213.333333 4237.948718 4191.282051 4234.358974 4220.512821 4185.128205 4219.487179 4199.487179
4231.794872 4227.692308 4233.333333 4229.230769 4226.666667 4218.974359 4217.948718 4238.461538 4177.435897 4233.846154 4225.128205 4186.666667 4216.410256 4204.615385
4236.410256 4229.743590 4234.871795 4235.897436 4230.769231 4224.615385 4227.179487 4241.025641 4227.179487 4231.282051 4225.128205 4187.692308 4228.205128 4205.128205
4227.692308 4231.282051 4227.179487 4232.820513 4225.128205 4237.948718 4221.538462 4237.435897 4181.538462 4231.794872 4216.410256 4180.000000 4215.384615 4197.435897
4226.666667 4233.333333 4228.205128 4233.846154 4229.230769 4197.948718 4217.435897 4245.128205 4194.871795 4233.333333 4220.512821 4183.076923 4215.384615 4200.000000
4242.051282 4242.051282 4240.000000 4249.743590 4227.179487 4140.000000 4222.051282 4240.512821 4192.307692 4227.692308 4235.897436 4188.205128 4229.743590 4194.871795
4235.384615 4234.871795 4235.897436 4246.666667 4226.153846 4156.410256 4223.076923 4240.512821 4172.307692 4233.333333 4229.743590 4189.230769 4218.461538 4191.794872
4227.692308 4230.769231 4234.871795 4241.025641 4230.256410 4222.051282 4225.641026 4245.128205 4230.256410 4235.897436 4225.641026 4188.205128 4224.615385 4189.230769
4232.820513 4234.871795 4231.794872 4240.000000 4224.615385 4232.307692 4226.666667 4239.487179 4196.410256 4227.692308 4229.230769 4184.102564 4223.589744 4182.051282
4233.846154 4231.282051 4228.205128 4235.897436 4229.230769 4210.769231 4227.179487 4242.051282 4195.384615 4230.769231 4224.102564 4186.153846 4216.923077 4184.615385
4235.384615 4230.769231 4232.820513 4240.000000 4227.692308 4221.538462 4227.692308 4238.461538 4196.410256 4232.307692 4224.102564 4184.102564 4222.051282 4180.000000
4230.256410 4225.641026 4227.179487 4235.897436 4224.615385 4228.205128 4229.230769 4236.923077 4174.871795 4231.794872 4220.000000 4182.051282 4216.410256 4178.461538
4226.153846 4220.000000 4222.564103 4228.717949 4230.769231 4225.641026 4229.743590 4237.948718 4196.410256 4229.743590 4218.461538 4184.102564 4218.461538 4176.923077
4224.102564 4215.384615 4223.589744 4227.692308 4225.641026 4223.076923 4223.076923 4231.282051 4126.666667 4228.717949 4218.461538 4181.538462 4205.641026 4170.256410
4228.205128 4221.538462 4229.230769 4233.846154 4226.666667 4219.487179 4223.589744 4239.487179 4165.128205 4232.307692 4218.461538 4188.205128 4209.230769 4177.948718
4243.076923 4241.025641 4240.000000 4250.256410 4225.128205 4230.256410 4230.256410 4240.512821 4249.743590 4230.769231 4231.282051 4195.384615 4237.435897 4176.410256
4246.666667 4243.589744 4244.615385 4251.282051 4224.102564 4231.794872 4228.717949 4238.974359 4246.153846 4234.871795 4238.974359 4197.435897 4242.051282 4172.307692
4245.641026 4235.897436 4247.692308 4245.641026 4228.205128 4224.102564 4229.743590 4241.025641 4274.871795 4236.923077 4238.461538 4198.461538 4250.256410 4176.410256
4243.076923 4231.282051 4240.512821 4244.102564 4223.076923 4221.025641 4226.666667 4233.333333 4218.461538 4228.205128 4234.871795 4190.769231 4237.948718 4174.358974
4236.923077 4229.230769 4233.846154 4239.487179 4227.692308 4221.538462 4224.615385 4237.435897 4215.384615 4230.256410 4229.230769 4188.205128 4225.128205 4179.487179
4238.974359 4236.410256 4239.487179 4242.564103 4227.692308 4227.179487 4228.205128 4235.384615 4249.230769 4232.820513 4236.410256 4187.692308 4237.435897 4180.000000
4236.923077 4233.846154 4235.897436 4241.538462 4223.076923 4226.153846 4226.666667 4231.794872 4209.230769 4231.282051 4234.871795 4188.205128 4228.717949 4180.000000
4233.846154 4227.179487 4232.820513 4237.948718 4230.256410 4228.717949 4227.692308 4236.923077 4233.333333 4232.307692 4227.692308 4191.794872 4228.717949 4184.102564
4234.358974 4227.179487 4232.307692 4240.000000 4226.153846 4231.794872 4224.615385 4230.256410 4202.051282 4231.282051 4232.307692 4187.692308 4228.205128 4180.000000
4236.923077 4231.282051 4235.897436 4240.000000 4227.179487 4228.205128 4224.102564 4236.923077 4225.128205 4231.794872 4241.025641 4191.282051 4233.846154 4183.589744
4238.461538 4232.820513 4240.000000 4239.487179 4227.179487 4232.820513 4228.717949 4236.410256 4256.923077 4229.743590 4243.076923 4188.717949 4244.102564 4181.538462
4222.564103 4217.435897 4223.589744 4226.153846 4223.076923 4227.179487 4222.564103 4226.666667 4154.871795 4231.794872 4229.230769 4180.000000 4214.358974 4181.025641
4217.435897 4217.435897 4221.025641 4221.025641 4229.230769 4223.589744 4224.615385 4235.384615 4188.717949 4234.358974 4229.230769 4186.666667 4214.871795 4192.820513
4229.230769 4233.846154 4230.769231 4230.256410 4222.564103 4233.846154 4229.230769 4235.897436 4214.871795 4228.717949 4237.435897 4187.179487 4228.205128 4197.435897
4225.128205 4226.666667 4224.102564 4222.564103 4221.538462 4231.794872 4227.179487 4234.871795 4185.128205 4232.307692 4223.076923 4181.025641 4210.769231 4204.615385
4225.641026 4223.589744 4223.076923 4222.051282 4227.179487 4231.794872 4227.179487 4231.794872 4201.538462 4234.871795 4216.923077 4181.025641 4214.358974 4207.692308
4227.692308 4227.692308 4227.179487 4226.666667 4224.615385 4231.794872 4225.128205 4229.230769 4178.461538 4230.769231 4221.538462 4183.076923 4216.410256 4211.282051
4224.615385 4225.128205 4228.717949 4221.538462 4228.205128 4226.153846 4224.102564 4237.948718 4212.307692 4231.282051 4217.948718 4185.641026 4215.897436 4221.538462
4226.153846 4226.153846 4227.179487 4221.025641 4225.128205 4225.641026 4223.076923 4232.820513 4192.820513 4230.256410 4217.435897 4178.974359 4211.282051 4221.538462
4227.692308 4229.743590 4225.641026 4223.589744 4228.205128 4230.769231 4225.128205 4232.307692 4192.820513 4234.358974 4220.512821 4182.051282 4210.256410 4227.692308
4234.871795 4235.897436 4234.358974 4233.333333 4230.769231 4240.512821 4229.743590 4234.871795 4268.205128 4234.358974 4230.769231 4191.282051 4235.897436 4229.230769
4234.871795 4234.871795 4231.282051 4232.307692 4222.564103 4237.435897 4225.641026 4231.282051 4223.589744 4228.717949 4230.256410 4184.615385 4229.743590 4222.051282
4232.307692 4233.846154 4227.692308 4224.615385 4227.179487 4228.717949 4223.589744 4238.461538 4227.179487 4231.282051 4224.102564 4183.076923 4222.051282 4223.076923
4235.384615 4236.923077 4234.871795 4229.230769 4226.153846 4231.794872 4223.589744 4233.846154 4228.205128 4231.282051 4230.769231 4185.128205 4227.692308 4214.871795
4229.743590 4231.282051 4234.358974 4229.743590 4226.666667 4230.256410 4219.487179 4231.282051 4203.589744 4232.307692 4227.179487 4187.179487 4217.948718 4213.846154
4235.897436 4239.487179 4242.051282 4235.897436 4229.230769 4231.794872 4221.025641 4237.435897 4262.051282 4231.282051 4232.307692 4191.794872 4234.358974 4218.461538
4243.076923 4246.666667 4244.102564 4241.025641 4221.538462 4235.897436 4220.000000 4233.846154 4250.769231 4230.256410 4244.102564 4191.794872 4242.051282 4213.333333
4235.897436 4237.435897 4238.461538 4234.358974 4227.692308 4232.820513 4222.051282 4235.384615 4254.358974 4233.846154 4238.461538 4192.820513 4237.435897 4209.230769
4236.410256 4238.461538 4239.487179 4235.897436 4229.230769 4235.897436 4224.615385 4229.230769 4237.435897 4230.256410 4233.333333 4190.256410 4235.384615 4203.076923
4236.410256 4238.974359 4238.974359 4235.384615 4225.128205 4234.871795 4221.538462 4230.256410 4213.333333 4230.256410 4233.846154 4191.282051 4228.205128 4205.641026
4237.948718 4238.461538 4241.025641 4234.871795 4227.692308 4232.307692 4226.666667 4237.435897 4265.128205 4230.256410 4239.487179 4194.358974 4240.512821 4206.666667
4238.461538 4239.487179 4236.923077 4233.846154 4224.615385 4232.307692 4227.692308 4231.794872 4232.307692 4229.743590 4238.461538 4190.256410 4236.923077 4203.589744
4237.435897 4238.461538 4236.410256 4231.282051 4229.230769 4233.333333 4226.666667 4235.897436 4255.384615 4233.333333 4234.358974 4192.820513 4233.333333 4210.769231
4242.564103 4243.076923 4243.076923 4237.435897 4229.230769 4238.974359 4229.743590 4233.333333 4264.102564 4228.205128 4236.923077 4189.230769 4240.000000 4207.179487
4240.000000 4243.589744 4238.461538 4233.846154 4227.692308 4238.974359 4226.666667 4233.846154 4219.487179 4229.230769 4232.820513 4187.692308 4230.256410 4207.179487
4238.461538 4244.615385 4236.410256 4233.333333 4230.256410 4242.051282 4224.615385 4237.435897 4277.948718 4235.897436 4236.923077 4192.307692 4241.538462 4214.871795
4233.333333 4240.000000 4232.820513 4236.410256 4222.564103 4237.435897 4221.538462 4226.666667 4227.179487 4230.769231 4238.974359 4184.102564 4233.846154 4208.717949
4226.666667 4234.358974 4233.333333 4232.820513 4227.692308 4226.153846 4224.102564 4234.358974 4210.769231 4230.256410 4229.743590 4186.153846 4219.487179 4210.256410
4233.846154 4245.128205 4245.128205 4241.025641 4227.692308 4234.358974 4227.179487 4236.410256 4264.615385 4231.282051 4235.897436 4194.358974 4234.358974 4209.230769
4236.410256 4247.692308 4242.051282 4242.051282 4222.564103 4237.435897 4222.051282 4227.692308 4240.512821 4232.307692 4242.051282 4192.820513 4232.820513 4206.153846
4236.923077 4243.076923 4240.000000 4240.512821 4228.205128 4233.333333 4225.641026 4232.820513 4264.615385 4231.794872 4243.076923 4191.794872 4240.512821 4211.282051
4236.923077 4240.000000 4241.538462 4243.076923 4224.615385 4236.923077 4227.179487 4232.820513 4231.794872 4229.230769 4241.025641 4188.205128 4237.948718 4214.358974
4231.794872 4235.897436 4237.948718 4237.435897 4227.692308 4236.923077 4225.641026 4235.384615 4232.307692 4232.820513 4233.846154 4189.230769 4227.179487 4218.461538
4236.923077 4243.076923 4240.512821 4238.461538 4227.179487 4235.897436 4225.128205 4229.230769 4259.487179 4228.717949 4238.974359 4191.282051 4238.974359 4215.897436
4238.974359 4244.102564 4238.461538 4237.435897 4223.076923 4229.743590 4221.025641 4223.589744 4207.692308 4228.205128 4240.512821 4191.794872 4230.256410 4218.974359
4239.487179 4242.564103 4239.487179 4233.333333 4232.307692 4231.282051 4224.615385 4231.794872 4251.794872 4235.897436 4237.948718 4194.358974 4230.256410 4225.128205
4242.564103 4244.615385 4240.512821 4235.897436 4226.153846 4238.974359 4226.666667 4226.666667 4242.564103 4231.282051 4240.000000 4188.717949 4232.307692 4219.487179
4236.410256 4238.461538 4235.384615 4233.846154 4223.589744 4230.769231 4223.589744 4226.666667 4211.794872 4229.230769 4232.820513 4190.256410 4223.589744 4226.666667
4236.923077 4238.461538 4241.538462 4235.384615 4228.205128 4227.692308 4225.641026 4230.769231 4242.564103 4231.794872 4231.794872 4193.333333 4232.820513 4230.256410
4233.846154 4238.461538 4241.538462 4233.333333 4223.589744 4232.820513 4227.692308 4229.743590 4211.794872 4231.794872 4233.333333 4185.641026 4224.102564 4226.153846
4226.666667 4234.871795 4234.871795 4227.179487 4226.666667 4232.307692 4226.666667 4231.794872 4223.589744 4231.794872 4231.282051 4184.615385 4219.487179 4233.333333
4227.692308 4235.384615 4231.794872 4231.282051 4225.128205 4229.230769 4220.512821 4222.051282 4194.358974 4229.743590 4229.743590 4183.589744 4217.435897 4236.410256
4228.717949 4233.333333 4233.846154 4231.282051 4226.666667 4230.256410 4220.000000 4224.102564 4195.897436 4233.333333 4225.641026 4186.666667 4210.769231 4242.051282
4232.820513 4235.897436 4239.487179 4230.769231 4227.179487 4240.000000 4227.692308 4228.717949 4251.794872 4231.794872 4230.256410 4190.769231 4225.641026 4243.076923
4227.179487 4231.794872 4230.769231 4227.692308 4220.512821 4237.948718 4222.564103 4222.564103 4189.743590 4228.717949 4232.307692 4183.589744 4216.923077 4241.538462
4221.025641 4227.692308 4226.666667 4225.641026 4226.666667 4232.307692 4217.948718 4230.256410 4211.282051 4232.307692 4228.205128 4185.128205 4217.435897 4250.256410
4224.102564 4235.384615 4230.256410 4226.666667 4227.179487 4232.820513 4218.974359 4227.692308 4211.282051 4230.769231 4227.179487 4183.589744 4229.743590 4246.153846
4219.487179 4234.358974 4227.179487 4217.435897 4226.666667 4224.102564 4216.923077 4227.692308 4167.179487 4232.820513 4223.589744 4182.564103 4216.410256 4244.102564
4222.051282 4236.410256 4234.871795 4220.512821 4228.717949 4222.051282 4214.871795 4230.769231 4217.435897 4233.846154 4229.230769 4190.769231 4222.051282 4247.692308
4224.102564 4236.410256 4234.871795 4223.076923 4223.589744 4218.461538 4206.666667 4222.051282 4181.025641 4228.205128 4227.692308 4188.717949 4218.461538 4248.205128
4222.564103 4229.230769 4229.743590 4214.871795 4229.743590 4213.333333 4206.153846 4225.128205 4181.025641 4233.333333 4222.564103 4186.153846 4214.871795 4255.897436
4229.230769 4233.333333 4236.923077 4222.564103 4228.205128 4221.538462 4212.820513 4225.641026 4205.641026 4235.384615 4235.897436 4189.230769 4228.717949 4257.948718
4230.769231 4235.897436 4241.538462 4229.743590 4225.128205 4222.564103 4215.384615 4230.256410 4222.051282 4232.307692 4244.102564 4195.897436 4236.410256 4262.564103
4235.384615 4236.410256 4242.564103 4230.769231 4226.666667 4222.051282 4214.871795 4233.846154 4280.512821 4230.256410 4244.102564 4196.410256 4250.256410 4265.128205
4237.435897 4232.307692 4236.923077 4227.692308 4220.512821 4224.102564 4210.256410 4222.564103 4222.051282 4231.794872 4235.897436 4189.743590 4235.384615 4260.512821
4232.307692 4232.820513 4235.897436 4224.615385 4227.179487 4225.641026 4215.897436 4228.717949 4231.794872 4235.384615 4227.179487 4192.307692 4227.179487 4267.179487
4235.384615 4242.051282 4240.512821 4232.307692 4225.641026 4231.794872 4222.051282 4230.256410 4263.589744 4232.307692 4235.897436 4191.282051 4241.025641 4265.128205
4234.358974 4234.358974 4234.871795 4229.230769 4221.025641 4228.717949 4214.358974 4227.179487 4215.897436 4235.384615 4235.897436 4189.230769 4230.256410 4260.000000
4233.846154 4228.717949 4235.897436 4223.076923 4228.717949 4223.589744 4212.820513 4230.256410 4235.897436 4236.923077 4230.256410 4193.333333 4230.769231 4258.461538
4234.871795 4231.282051 4235.384615 4221.538462 4225.128205 4220.512821 4211.282051 4227.179487 4205.641026 4227.692308 4234.871795 4192.307692 4227.692308 4253.333333
4229.230769 4227.179487 4230.256410 4217.435897 4227.179487 4216.410256 4209.230769 4229.230769 4213.846154 4229.743590 4234.871795 4192.307692 4223.589744 4254.358974
4226.153846 4226.666667 4230.769231 4220.512821 4227.692308 4223.589744 4211.794872 4222.564103 4219.487179 4233.846154 4232.307692 4185.641026 4228.717949 4248.205128
4220.512821 4226.666667 4226.153846 4217.435897 4225.128205 4222.564103 4209.230769 4223.076923 4167.179487 4233.846154 4229.743590 4180.000000 4215.384615 4243.589744
4223.589744 4229.743590 4228.205128 4211.794872 4230.769231 4221.025641 4209.743590 4233.333333 4213.846154 4230.256410 4232.820513 4186.153846 4225.128205 4244.102564
4226.153846 4231.794872 4232.307692 4211.282051 4225.641026 4225.128205 4209.230769 4228.717949 4186.666667 4226.666667 4235.384615 4186.153846 4226.666667 4237.435897
4222.051282 4227.179487 4231.794872 4207.692308 4227.692308 4221.538462 4208.205128 4232.820513 4186.666667 4232.820513 4230.769231 4188.717949 4218.461538 4242.051282
4227.692308 4229.230769 4234.871795 4208.205128 4228.717949 4220.512821 4210.256410 4230.769231 4217.435897 4231.282051 4234.871795 4189.743590 4228.205128 4242.051282
4218.461538 4220.512821 4220.512821 4195.897436 4223.076923 4216.923077 4205.128205 4222.051282 4124.102564 4228.205128 4224.615385 4180.000000 4206.666667 4236.923077
4210.769231 4214.871795 4216.923077 4190.256410 4227.692308 4213.846154 4208.205128 4229.743590 4140.000000 4232.820513 4218.461538 4180.512821 4201.538462 4243.589744
4224.615385 4226.153846 4232.820513 4206.153846 4225.128205 4221.025641 4214.358974 4230.256410 4182.051282 4230.769231 4232.820513 4186.153846 4218.974359 4245.128205
4226.666667 4225.641026 4234.358974 4206.666667 4229.230769 4220.512821 4212.820513 4230.769231 4193.846154 4231.794872 4233.333333 4189.230769 4221.538462 4248.205128
4220.000000 4222.564103 4230.256410 4205.128205 4231.282051 4221.025641 4209.743590 4229.743590 4198.461538 4231.282051 4229.230769 4186.153846 4225.128205 4245.128205
4215.384615 4217.435897 4224.615385 4206.153846 4223.589744 4220.512821 4208.717949 4226.153846 4145.128205 4229.230769 4228.205128 4181.025641 4211.794872 4242.564103
4214.358974 4209.743590 4220.512821 4195.384615 4228.205128 4217.435897 4211.794872 4230.256410 4168.717949 4230.769231 4222.051282 4184.102564 4205.641026 4246.153846
4210.769231 4206.153846 4213.846154 4184.615385 4226.153846 4213.333333 4207.692308 4225.641026 4116.410256 4227.692308 4213.846154 4176.410256 4193.333333 4239.487179
4205.128205 4201.538462 4208.717949 4182.564103 4227.692308 4209.230769 4206.666667 4232.307692 4082.051282 4230.769231 4210.769231 4171.794872 4181.025641 4243.076923
4214.871795 4207.692308 4217.948718 4195.897436 4230.256410 4220.512821 4214.871795 4235.897436 4158.461538 4232.820513 4220.512821 4176.923077 4205.641026 4247.179487
4215.897436 4211.282051 4219.487179 4201.025641 4223.589744 4221.025641 4210.769231 4227.179487 4137.948718 4230.769231 4223.076923 4178.461538 4207.179487 4245.128205
4213.846154 4212.307692 4223.589744 4200.512821 4228.205128 4210.256410 4207.692308 4233.846154 4169.743590 4232.820513 4226.666667 4186.153846 4208.205128 4248.205128
4220.000000 4213.333333 4225.128205 4204.102564 4226.153846 4211.282051 4209.230769 4226.666667 4174.871795 4229.743590 4234.358974 4185.641026 4216.410256 4243.589744
4208.205128 4202.051282 4211.282051 4192.820513 4226.153846 4209.743590 4205.128205 4222.564103 4114.871795 4230.769231 4221.025641 4177.435897 4195.384615 4246.153846
4200.000000 4201.538462 4210.769231 4187.692308 4229.230769 4208.205128 4206.153846 4228.205128 4115.384615 4232.820513 4211.282051 4173.846154 4190.256410 4247.179487
4206.666667 4206.666667 4216.410256 4193.846154 4221.538462 4207.179487 4205.641026 4225.641026 4088.717949 4230.256410 4212.820513 4173.846154 4188.205128 4247.692308
4216.410256 4209.230769 4223.076923 4200.000000 4226.666667 4209.743590 4206.666667 4231.794872 4157.948718 4233.333333 4215.384615 4183.589744 4200.512821 4258.974359
4223.589744 4215.384615 4230.769231 4207.692308 4227.179487 4216.410256 4209.743590 4229.230769 4193.333333 4232.307692 4225.641026 4185.641026 4219.487179 4258.974359
4216.410256 4212.820513 4225.128205 4201.538462 4225.641026 4209.743590 4210.256410 4228.205128 4157.435897 4232.820513 4223.589744 4182.564103 4212.820513 4262.564103
4214.358974 4212.820513 4225.641026 4200.000000 4230.256410 4208.717949 4212.307692 4232.307692 4201.025641 4231.282051 4217.948718 4182.564103 4221.025641 4270.256410
4219.487179 4213.846154 4226.153846 4203.076923 4225.128205 4212.820513 4208.717949 4229.230769 4174.358974 4230.769231 4223.076923 4181.025641 4217.435897 4267.692308
4217.948718 4209.230769 4222.564103 4196.923077 4227.692308 4208.717949 4207.692308 4235.384615 4192.307692 4234.358974 4230.256410 4187.179487 4215.897436 4271.794872
4220.000000 4209.743590 4226.666667 4198.461538 4227.179487 4212.820513 4208.205128 4230.256410 4203.076923 4229.743590 4235.897436 4185.128205 4225.641026 4268.205128
4217.948718 4207.179487 4226.666667 4198.461538 4225.641026 4218.461538 4205.641026 4227.692308 4160.000000 4231.282051 4227.179487 4180.512821 4211.282051 4261.025641
4216.923077 4207.692308 4226.153846 4200.512821 4228.717949 4220.000000 4208.717949 4234.358974 4200.512821 4234.871795 4222.051282 4183.589744 4210.256410 4258.461538
4214.358974 4207.692308 4222.051282 4205.128205 4220.512821 4216.923077 4206.153846 4227.692308 4155.384615 4229.230769 4222.051282 4176.923077 4200.512821 4255.384615
4212.820513 4206.153846 4223.076923 4202.564103 4225.641026 4216.410256 4207.179487 4233.333333 4164.615385 4233.333333 4218.461538 4177.435897 4198.974359 4257.948718
4224.102564 4214.358974 4232.307692 4207.179487 4227.692308 4223.589744 4213.333333 4234.358974 4213.333333 4235.384615 4227.179487 4184.102564 4217.948718 4250.769231
4227.179487 4215.897436 4230.769231 4209.230769 4222.051282 4221.025641 4209.743590 4231.282051 4185.128205 4233.333333 4231.282051 4188.205128 4211.794872 4248.205128
4224.615385 4214.358974 4231.282051 4210.769231 4228.717949 4221.025641 4211.794872 4234.871795 4220.000000 4230.256410 4227.179487 4185.641026 4217.435897 4255.897436
4213.846154 4206.666667 4223.076923 4205.641026 4227.179487 4218.461538 4210.769231 4227.692308 4154.358974 4225.641026 4216.410256 4171.794872 4205.128205 4252.820513
4199.487179 4193.333333 4208.717949 4191.794872 4228.205128 4206.153846 4202.051282 4230.256410 4104.102564 4231.282051 4206.153846 4171.282051 4181.025641 4258.461538
4202.564103 4195.384615 4211.282051 4193.846154 4227.179487 4210.256410 4201.538462 4232.307692 4131.794872 4232.307692 4214.871795 4174.358974 4192.820513 4260.512821
4205.128205 4198.461538 4213.846154 4202.051282 4223.589744 4217.948718 4207.692308 4228.717949 4118.461538 4231.282051 4218.974359 4172.820513 4194.358974 4257.948718
4207.179487 4202.051282 4219.487179 4209.230769 4228.717949 4223.589744 4216.410256 4232.307692 4188.205128 4234.358974 4217.435897 4175.897436 4199.487179 4263.076923
4211.794872 4206.666667 4223.076923 4213.846154 4223.076923 4227.179487 4216.410256 4228.205128 4180.512821 4228.205128 4222.564103 4172.820513 4202.051282 4258.461538
4207.179487 4201.025641 4218.461538 4206.666667 4224.102564 4220.512821 4211.282051 4233.846154 4151.282051 4230.256410 4219.487179 4174.871795 4192.820513 4253.846154
4211.794872 4205.641026 4222.564103 4212.820513 4227.692308 4224.615385 4213.846154 4236.410256 4191.794872 4235.384615 4221.538462 4182.051282 4205.128205 4251.794872
4215.897436 4209.743590 4222.564103 4219.487179 4222.051282 4227.179487 4213.333333 4231.282051 4179.487179 4235.384615 4225.641026 4181.025641 4207.179487 4251.794872
4212.820513 4205.128205 4221.025641 4215.897436 4227.692308 4220.512821 4214.358974 4239.487179 4208.205128 4233.846154 4223.076923 4180.512821 4208.717949 4257.435897
4216.410256 4205.128205 4222.051282 4217.948718 4226.153846 4222.051282 4212.307692 4233.846154 4178.974359 4231.282051 4218.974359 4178.974359 4206.153846 4254.358974
4218.974359 4204.615385 4221.538462 4217.435897 4225.641026 4221.025641 4207.692308 4230.256410 4170.769231 4234.871795 4217.948718 4182.564103 4202.051282 4257.948718
4225.128205 4209.743590 4229.743590 4223.589744 4227.179487 4221.538462 4213.333333 4231.282051 4241.025641 4234.358974 4233.846154 4186.666667 4226.153846 4257.435897
4225.128205 4209.230769 4231.282051 4226.666667 4224.615385 4226.666667 4221.025641 4231.282051 4224.102564 4231.794872 4242.051282 4183.589744 4229.230769 4253.846154
4217.435897 4201.538462 4227.179487 4220.000000 4229.230769 4231.794872 4226.666667 4241.025641 4246.666667 4234.358974 4234.871795 4184.102564 4228.205128 4257.948718
4216.410256 4202.564103 4226.666667 4222.564103 4224.102564 4234.358974 4224.615385 4235.384615 4230.769231 4233.846154 4237.435897 4183.076923 4227.692308 4253.846154
4219.487179 4207.692308 4227.179487 4228.717949 4224.102564 4232.307692 4219.487179 4234.871795 4221.025641 4234.871795 4236.410256 4186.666667 4218.461538 4257.948718
4229.743590 4217.948718 4237.948718 4237.435897 4230.256410 4235.384615 4222.051282 4241.025641 4287.692308 4232.820513 4235.897436 4189.230769 4237.948718 4263.076923
4227.692308 4217.948718 4238.974359 4235.897436 4225.128205 4231.282051 4219.487179 4235.384615 4247.179487 4229.743590 4237.948718 4181.538462 4237.948718 4261.538462
4224.615385 4214.871795 4233.846154 4231.282051 4229.743590 4228.205128 4216.923077 4238.461538 4266.666667 4234.358974 4242.564103 4186.153846 4232.820513 4265.641026
4232.820513 4218.974359 4233.846154 4238.461538 4225.128205 4234.871795 4215.897436 4234.358974 4273.333333 4232.307692 4247.179487 4186.666667 4240.000000 4258.974359
4229.743590 4213.846154 4229.743590 4234.358974 4221.025641 4228.205128 4214.871795 4234.358974 4226.153846 4232.307692 4237.948718 4181.538462 4228.205128 4261.025641
4232.820513 4220.000000 4235.897436 4235.384615 4226.666667 4225.641026 4216.923077 4238.461538 4279.487179 4233.846154 4238.974359 4188.205128 4236.923077 4267.692308
4242.051282 4229.230769 4241.538462 4247.692308 4222.051282 4232.307692 4214.871795 4231.794872 4286.153846 4231.282051 4247.692308 4192.307692 4241.025641 4266.153846
4243.589744 4225.641026 4244.102564 4252.820513 4227.179487 4232.307692 4219.487179 4237.435897 4325.128205 4235.384615 4248.205128 4196.410256 4249.230769 4274.358974
4247.692308 4229.230769 4247.692308 4255.897436 4227.692308 4233.846154 4225.641026 4235.384615 4340.512821 4232.820513 4254.871795 4194.871795 4263.589744 4274.871795
4241.025641 4227.179487 4238.461538 4245.128205 4224.102564 4230.769231 4219.487179 4232.307692 4280.000000 4230.769231 4247.692308 4187.692308 4246.666667 4271.794872
4233.333333 4218.974359 4235.384615 4237.435897 4228.205128 4224.615385 4215.897436 4234.871795 4284.615385 4231.794872 4236.923077 4188.205128 4240.000000 4274.358974
4234.358974 4217.435897 4235.384615 4238.461538 4222.051282 4220.000000 4214.871795 4228.717949 4238.974359 4230.256410 4241.025641 4189.230769 4231.282051 4273.846154
4235.897436 4218.461538 4232.820513 4233.846154 4226.153846 4217.948718 4217.435897 4233.333333 4253.333333 4232.820513 4246.153846 4193.846154 4231.282051 4276.923077
4242.564103 4224.102564 4236.410256 4238.461538 4229.230769 4224.615385 4218.974359 4230.769231 4282.051282 4229.743590 4249.743590 4191.794872 4246.153846 4274.871795
4241.538462 4223.076923 4234.871795 4236.410256 4226.153846 4224.615385 4212.307692 4228.717949 4234.871795 4227.692308 4244.615385 4186.666667 4233.846154 4277.948718
4238.974359 4221.025641 4236.410256 4231.282051 4230.769231 4224.615385 4211.282051 4234.871795 4274.871795 4232.307692 4242.051282 4188.717949 4239.487179 4284.102564
4239.487179 4224.102564 4237.435897 4235.384615 4225.128205 4230.256410 4211.794872 4228.205128 4256.410256 4230.769231 4246.666667 4188.205128 4241.025641 4281.025641
4236.410256 4225.641026 4236.410256 4238.461538 4226.666667 4230.769231 4215.384615 4233.333333 4264.615385 4233.846154 4245.128205 4190.769231 4231.794872 4287.692308
4237.435897 4228.205128 4240.512821 4241.025641 4227.179487 4234.358974 4220.512821 4234.358974 4295.384615 4232.820513 4245.641026 4188.717949 4238.974359 4286.153846
4233.333333 4218.461538 4233.846154 4236.410256 4223.589744 4230.769231 4217.435897 4228.205128 4238.461538 4230.769231 4242.564103 4188.205128 4230.256410 4284.615385
4236.923077 4220.000000 4237.948718 4241.025641 4228.205128 4229.743590 4220.000000 4236.410256 4294.871795 4232.820513 4243.589744 4197.435897 4241.025641 4296.410256
4244.102564 4231.282051 4244.615385 4251.282051 4222.051282 4232.820513 4218.974359 4232.307692 4297.948718 4231.282051 4247.692308 4193.846154 4246.666667 4292.820513
4238.461538 4223.076923 4238.461538 4242.051282 4226.666667 4223.589744 4212.820513 4231.794872 4259.487179 4233.846154 4242.564103 4190.769231 4232.307692 4290.256410
4236.923077 4218.461538 4241.025641 4235.897436 4231.794872 4222.051282 4214.871795 4231.794872 4275.897436 4233.846154 4246.153846 4191.282051 4239.487179 4288.717949
4234.358974 4220.512821 4241.025641 4237.435897 4223.589744 4224.102564 4215.384615 4227.179487 4245.641026 4233.333333 4245.641026 4188.205128 4234.871795 4287.179487
4233.846154 4222.051282 4239.487179 4244.102564 4226.153846 4228.205128 4218.974359 4232.307692 4283.589744 4233.846154 4238.461538 4192.820513 4236.923077 4291.794872
4234.871795 4221.025641 4236.923077 4245.641026 4225.128205 4230.256410 4220.000000 4227.692308 4249.230769 4230.256410 4233.846154 4187.179487 4232.307692 4286.153846
4229.743590 4212.307692 4233.846154 4229.743590 4226.666667 4221.025641 4218.461538 4229.743590 4217.435897 4235.897436 4231.794872 4184.615385 4222.051282 4290.769231
4237.435897 4218.461538 4242.051282 4229.743590 4228.205128 4223.076923 4220.512821 4232.307692 4280.000000 4236.410256 4245.128205 4193.333333 4241.025641 4294.358974
4234.358974 4222.051282 4234.358974 4236.923077 4222.051282 4224.102564 4213.333333 4225.641026 4233.846154 4230.256410 4244.615385 4190.256410 4232.307692 4285.128205
4215.384615 4213.846154 4220.000000 4231.282051 4227.179487 4216.410256 4207.692308 4228.205128 4208.205128 4231.282051 4229.743590 4183.076923 4215.897436 4280.512821
4211.282051 4211.794872 4217.435897 4227.179487 4225.641026 4218.461538 4211.282051 4223.589744 4172.820513 4229.743590 4226.153846 4176.410256 4212.307692 4272.820513
4217.435897 4208.205128 4218.461538 4220.512821 4225.128205 4220.000000 4214.871795 4227.179487 4153.333333 4231.794872 4221.538462 4180.000000 4200.512821 4273.333333
4229.230769 4214.358974 4228.717949 4226.666667 4227.179487 4218.461538 4216.923077 4231.794872 4214.871795 4233.333333 4226.666667 4188.205128 4213.846154 4276.923077
4234.358974 4223.076923 4233.333333 4237.435897 4224.102564 4214.871795 4213.333333 4227.179487 4198.461538 4231.282051 4235.384615 4186.153846 4218.974359 4274.358974
4231.794872 4222.051282 4230.256410 4236.923077 4230.256410 4215.384615 4216.923077 4232.307692 4234.358974 4233.333333 4236.410256 4188.717949 4223.589744 4276.410256
4231.794872 4225.641026 4232.307692 4241.025641 4226.666667 4220.512821 4217.948718 4226.666667 4232.820513 4230.769231 4238.974359 4187.692308 4232.307692 4270.256410
4232.307692 4230.256410 4233.846154 4240.512821 4224.102564 4213.333333 4210.769231 4226.666667 4202.051282 4232.820513 4238.461538 4186.666667 4225.641026 4271.794872
4244.615385 4232.820513 4241.025641 4239.487179 4229.230769 4211.282051 4213.333333 4231.794872 4272.307692 4234.358974 4242.051282 4192.820513 4237.948718 4272.307692
4249.230769 4226.153846 4237.948718 4234.871795 4223.589744 4215.897436 4214.871795 4224.615385 4243.076923 4229.230769 4242.564103 4192.820513 4236.410256 4263.076923
4244.615385 4224.615385 4235.897436 4232.820513 4227.179487 4219.487179 4218.461538 4230.256410 4252.307692 4231.282051 4235.897436 4194.358974 4233.846154 4264.615385
4251.794872 4238.461538 4245.128205 4246.153846 4225.641026 4226.153846 4221.538462 4230.256410 4286.666667 4232.820513 4243.076923 4193.333333 4246.666667 4259.487179
4250.256410 4237.948718 4244.102564 4247.692308 4223.589744 4222.564103 4216.923077 4228.205128 4257.948718 4231.794872 4246.666667 4193.333333 4241.025641 4252.820513
4245.641026 4233.846154 4238.461538 4242.051282 4230.256410 4220.000000 4220.512821 4230.256410 4276.923077 4229.743590 4244.615385 4195.384615 4245.641026 4249.230769
4244.102564 4231.794872 4233.333333 4239.487179 4225.641026 4220.000000 4219.487179 4222.564103 4228.717949 4228.205128 4249.230769 4190.769231 4237.948718 4240.000000
4244.615385 4231.794872 4237.948718 4240.000000 4228.717949 4218.461538 4216.410256 4230.256410 4256.410256 4232.820513 4254.358974 4194.358974 4238.461538 4236.923077
4253.333333 4243.076923 4248.717949 4249.230769 4228.205128 4226.153846 4218.461538 4232.307692 4298.974359 4230.769231 4256.410256 4196.410256 4254.871795 4229.743590
4247.179487 4236.923077 4237.948718 4245.128205 4223.076923 4223.589744 4214.871795 4225.641026 4229.230769 4230.256410 4245.128205 4191.282051 4235.897436 4226.153846
4234.871795 4227.179487 4229.743590 4235.897436 4228.205128 4222.051282 4214.871795 4228.205128 4234.358974 4230.769231 4240.512821 4190.769231 4230.769231 4227.179487
4234.871795 4227.179487 4234.358974 4234.358974 4223.589744 4229.743590 4218.461538 4224.102564 4208.717949 4228.205128 4245.128205 4187.692308 4232.307692 4221.538462
4234.358974 4219.487179 4231.282051 4225.641026 4225.641026 4220.512821 4219.487179 4227.179487 4202.051282 4235.384615 4239.487179 4190.256410 4222.564103 4224.615385
4228.717949 4210.256410 4222.564103 4216.923077 4228.717949 4209.743590 4214.358974 4224.615385 4183.076923 4233.333333 4232.820513 4187.179487 4217.435897 4216.923077
4216.923077 4201.538462 4211.282051 4208.205128 4225.128205 4211.282051 4209.230769 4222.051282 4096.923077 4227.179487 4226.153846 4180.000000 4194.358974 4211.794872
4223.076923 4207.692308 4218.974359 4212.307692 4228.205128 4223.076923 4216.410256 4234.358974 4167.179487 4230.256410 4234.871795 4186.153846 4205.128205 4221.538462
4238.974359 4222.051282 4231.794872 4226.153846 4224.102564 4230.256410 4221.538462 4232.820513 4207.179487 4228.717949 4246.153846 4188.205128 4227.692308 4221.025641
4237.435897 4223.076923 4230.769231 4224.615385 4226.153846 4225.641026 4220.512821 4233.333333 4204.102564 4231.794872 4234.871795 4189.743590 4225.641026 4223.589744
4241.538462 4225.641026 4234.358974 4228.717949 4226.666667 4228.205128 4222.051282 4232.820513 4238.974359 4232.307692 4232.307692 4191.794872 4232.307692 4225.641026
4245.128205 4226.153846 4236.410256 4232.820513 4224.102564 4228.205128 4221.025641 4230.256410 4216.923077 4230.769231 4240.512821 4189.743590 4228.205128 4226.153846
4242.564103 4226.666667 4241.025641 4232.820513 4231.794872 4228.205128 4224.615385 4236.923077 4267.692308 4233.846154 4247.179487 4194.358974 4236.923077 4229.743590
4247.692308 4237.948718 4245.128205 4242.564103 4224.615385 4233.333333 4224.615385 4231.282051 4273.333333 4231.794872 4251.282051 4196.923077 4245.641026 4223.076923
4247.692308 4238.974359 4238.461538 4238.461538 4223.589744 4229.230769 4221.025641 4230.256410 4248.205128 4232.307692 4242.564103 4193.333333 4235.384615 4225.128205
4245.641026 4232.307692 4237.948718 4232.820513 4229.743590 4225.128205 4222.564103 4228.717949 4256.410256 4231.282051 4243.589744 4188.717949 4240.000000 4226.666667
4245.128205 4227.179487 4240.000000 4235.384615 4223.589744 4223.076923 4222.051282 4227.179487 4215.897436 4231.794872 4247.692308 4191.794872 4231.794872 4223.076923
4249.743590 4233.846154 4245.641026 4242.051282 4228.717949 4225.641026 4226.666667 4237.435897 4279.487179 4235.897436 4245.641026 4200.000000 4236.410256 4230.769231
4258.461538 4244.102564 4248.205128 4249.230769 4225.128205 4232.820513 4227.179487 4229.743590 4289.743590 4231.794872 4249.743590 4193.333333 4248.717949 4231.282051
4260.512821 4241.025641 4244.615385 4242.564103 4222.564103 4230.769231 4221.025641 4226.153846 4263.589744 4230.769231 4251.282051 4193.846154 4249.230769 4235.897436
4266.153846 4243.589744 4252.820513 4243.076923 4227.692308 4231.282051 4224.615385 4231.794872 4332.307692 4231.794872 4255.897436 4204.102564 4269.230769 4240.512821
4261.025641 4243.589744 4249.743590 4244.102564 4224.102564 4228.205128 4223.589744 4227.179487 4294.871795 4230.769231 4255.897436 4198.461538 4258.461538 4236.923077
4248.205128 4233.846154 4238.974359 4235.384615 4227.692308 4223.076923 4219.487179 4229.743590 4265.641026 4232.307692 4247.179487 4191.282051 4241.538462 4236.923077
4246.153846 4234.358974 4237.435897 4235.897436 4226.153846 4229.230769 4223.076923 4226.153846 4230.769231 4230.769231 4240.000000 4186.153846 4237.435897 4231.794872
4242.051282 4231.794872 4231.282051 4233.846154 4226.666667 4228.205128 4224.615385 4228.205128 4194.358974 4234.871795 4232.307692 4188.717949 4220.512821 4230.769231
4248.205128 4233.846154 4236.410256 4236.410256 4231.282051 4227.179487 4225.641026 4233.333333 4263.076923 4233.333333 4242.051282 4199.487179 4230.769231 4233.333333
4253.846154 4236.923077 4242.051282 4239.487179 4224.102564 4228.717949 4225.641026 4227.179487 4254.358974 4226.153846 4251.282051 4197.435897 4236.410256 4234.358974
4250.769231 4236.410256 4242.051282 4236.410256 4226.666667 4225.128205 4229.743590 4237.435897 4279.487179 4232.307692 4249.230769 4198.974359 4241.538462 4242.564103
4254.871795 4240.512821 4247.179487 4243.076923 4226.666667 4225.128205 4229.743590 4234.871795 4297.948718 4233.846154 4256.410256 4198.461538 4252.820513 4238.461538
4249.230769 4234.358974 4241.025641 4241.025641 4226.153846 4221.538462 4223.076923 4224.615385 4242.051282 4231.282051 4250.769231 4191.282051 4235.384615 4233.846154
4237.948718 4229.230769 4234.871795 4237.948718 4229.743590 4221.538462 4224.102564 4227.179487 4246.666667 4232.820513 4237.435897 4185.641026 4227.179487 4231.282051
4233.333333 4225.641026 4229.230769 4235.897436 4222.564103 4222.564103 4221.538462 4224.102564 4183.076923 4231.794872 4230.256410 4178.461538 4211.794872 4220.512821
4234.358974 4221.538462 4228.717949 4226.153846 4228.205128 4216.410256 4220.512821 4229.230769 4181.025641 4231.282051 4226.666667 4183.076923 4202.564103 4221.025641
4240.512821 4231.282051 4235.897436 4227.179487 4229.743590 4220.512821 4220.512821 4230.256410 4216.923077 4230.256410 4240.512821 4188.717949 4221.025641 4216.410256
4237.948718 4237.948718 4233.333333 4230.769231 4223.589744 4224.615385 4216.923077 4229.743590 4199.487179 4235.384615 4248.717949 4188.205128 4224.102564 4213.846154
4237.948718 4236.410256 4236.923077 4236.923077 4228.205128 4225.128205 4223.076923 4232.307692 4262.051282 4236.923077 4246.666667 4191.794872 4233.846154 4218.461538
4238.461538 4230.256410 4235.384615 4236.923077 4225.128205 4217.948718 4221.538462 4223.076923 4213.333333 4230.256410 4244.615385 4186.153846 4225.128205 4214.358974
4231.282051 4224.615385 4227.692308 4226.666667 4229.230769 4208.205128 4213.333333 4228.205128 4183.589744 4235.384615 4241.025641 4186.153846 4212.307692 4223.589744
4240.000000 4233.846154 4237.948718 4233.846154 4229.230769 4217.948718 4217.435897 4228.717949 4250.769231 4234.358974 4249.743590 4191.282051 4232.820513 4229.743590
4246.666667 4233.846154 4242.564103 4236.410256 4223.076923 4220.512821 4221.025641 4224.102564 4241.538462 4229.230769 4252.820513 4193.846154 4234.358974 4230.256410
4246.153846 4229.230769 4240.512821 4230.769231 4228.717949 4216.410256 4221.538462 4230.256410 4266.666667 4230.256410 4247.692308 4196.923077 4236.410256 4237.948718
4242.564103 4228.205128 4238.461538 4233.846154 4225.641026 4221.538462 4219.487179 4224.615385 4231.794872 4227.692308 4243.589744 4192.307692 4231.282051 4237.435897
4237.435897 4224.615385 4237.435897 4232.820513 4224.615385 4224.102564 4222.051282 4231.282051 4228.205128 4232.820513 4240.512821 4194.358974 4221.538462 4240.000000
4244.615385 4229.230769 4246.666667 4235.897436 4227.179487 4230.256410 4228.205128 4234.871795 4287.692308 4233.333333 4251.794872 4198.461538 4240.000000 4240.000000
4245.128205 4225.641026 4245.128205 4232.820513 4224.102564 4229.743590 4223.589744 4226.153846 4255.897436 4229.743590 4255.897436 4197.435897 4237.435897 4240.512821
4243.076923 4219.487179 4245.128205 4226.153846 4229.743590 4223.589744 4225.128205 4231.282051 4291.282051 4233.333333 4253.846154 4202.564103 4240.512821 4249.743590
4251.282051 4224.615385 4251.794872 4231.794872 4226.153846 4226.666667 4229.230769 4228.205128 4290.769231 4232.307692 4257.948718 4202.564103 4249.743590 4251.282051
4251.794872 4225.128205 4251.282051 4231.282051 4224.615385 4229.230769 4227.692308 4227.692308 4280.000000 4231.282051 4251.794872 4200.512821 4245.128205 4256.410256
4249.743590 4226.666667 4249.230769 4231.794872 4227.692308 4228.717949 4229.230769 4227.179487 4303.076923 4232.820513 4246.666667 4195.897436 4249.230769 4256.410256
4247.692308 4224.615385 4241.538462 4232.820513 4224.102564 4223.589744 4229.743590 4225.641026 4246.666667 4234.871795 4244.102564 4192.307692 4236.923077 4256.923077
4246.666667 4221.538462 4241.538462 4231.282051 4229.230769 4224.615385 4232.820513 4233.846154 4286.153846 4234.871795 4246.153846 4198.974359 4240.000000 4263.076923
4245.641026 4223.076923 4244.615385 4227.692308 4227.179487 4228.205128 4232.820513 4228.717949 4283.076923 4229.230769 4251.282051 4196.923077 4247.179487 4257.948718
4241.538462 4220.512821 4237.948718 4220.000000 4228.205128 4218.974359 4228.205128 4230.256410 4239.487179 4231.794872 4246.666667 4193.846154 4234.358974 4262.564103
4249.743590 4226.666667 4241.538462 4225.641026 4229.230769 4217.948718 4228.717949 4234.871795 4283.076923 4231.282051 4249.743590 4197.948718 4240.000000 4267.179487
4249.230769 4226.666667 4238.974359 4228.205128 4220.000000 4221.025641 4225.641026 4228.205128 4244.102564 4227.692308 4247.692308 4194.871795 4230.256410 4262.051282
4235.384615 4215.384615 4229.743590 4219.487179 4226.153846 4218.974359 4222.564103 4228.205128 4224.615385 4229.743590 4235.384615 4190.256410 4218.974359 4262.564103
4231.794872 4216.410256 4231.282051 4223.076923 4226.666667 4223.589744 4222.564103 4224.615385 4209.230769 4228.717949 4236.923077 4187.692308 4221.025641 4258.461538
4232.820513 4220.512821 4233.846154 4226.153846 4224.102564 4218.974359 4225.128205 4228.205128 4209.743590 4232.307692 4240.512821 4192.307692 4218.974359 4260.000000
4233.846154 4218.461538 4233.333333 4226.153846 4229.230769 4213.846154 4227.179487 4230.256410 4255.897436 4232.820513 4239.487179 4193.333333 4228.205128 4260.000000
4230.769231 4208.717949 4227.692308 4222.564103 4224.102564 4224.102564 4221.025641 4221.025641 4191.282051 4227.692308 4239.487179 4184.615385 4218.461538 4253.846154
4229.743590 4208.205128 4230.256410 4221.538462 4228.205128 4202.564103 4222.051282 4227.179487 4203.589744 4230.769231 4242.051282 4189.743590 4217.948718 4258.461538
4233.846154 4216.410256 4234.358974 4228.205128 4228.205128 4149.230769 4226.666667 4224.615385 4198.461538 4230.769231 4245.128205 4191.794872 4221.025641 4255.384615
4225.128205 4207.692308 4221.538462 4219.487179 4228.205128 4140.512821 4222.051282 4220.000000 4111.794872 4231.282051 4232.307692 4184.102564 4190.256410 4248.205128
4223.076923 4204.615385 4218.974359 4215.384615 4233.333333 4194.358974 4223.076923 4227.179487 4156.410256 4234.358974 4224.615385 4181.538462 4194.358974 4243.589744
4226.666667 4210.256410 4220.512821 4222.564103 4223.589744 4217.948718 4224.615385 4222.564103 4155.384615 4232.307692 4228.717949 4178.974359 4202.051282 4238.461538
4226.153846 4210.769231 4226.153846 4223.589744 4226.666667 4201.538462 4226.153846 4226.666667 4183.076923 4235.384615 4231.794872 4187.692308 4203.589744 4243.589744
4237.948718 4216.923077 4240.512821 4232.307692 4227.692308 4212.820513 4229.743590 4226.153846 4238.974359 4234.871795 4242.051282 4194.358974 4225.641026 4237.435897
4242.051282 4214.871795 4235.897436 4235.897436 4221.538462 4219.487179 4226.666667 4222.051282 4209.230769 4233.333333 4243.589744 4190.256410 4221.025641 4228.717949
4240.512821 4215.897436 4233.333333 4238.461538 4227.692308 4213.333333 4230.769231 4229.743590 4247.692308 4234.358974 4244.615385 4193.333333 4225.641026 4228.205128
4245.641026 4224.615385 4241.538462 4246.153846 4226.666667 4216.923077 4232.307692 4227.179487 4247.179487 4230.769231 4253.333333 4194.358974 4237.948718 4220.512821
4241.025641 4220.512821 4240.512821 4238.974359 4228.205128 4214.871795 4228.717949 4228.717949 4256.410256 4230.769231 4253.846154 4194.358974 4239.487179 4222.051282
4235.384615 4213.846154 4237.435897 4234.358974 4228.205128 4216.923077 4231.794872 4228.205128 4263.076923 4228.717949 4252.820513 4193.333333 4242.051282 4222.051282
4227.692308 4209.230769 4228.717949 4230.769231 4225.641026 4213.846154 4231.282051 4223.589744 4192.820513 4229.230769 4244.615385 4188.205128 4223.076923 4218.461538
4222.564103 4207.179487 4224.102564 4225.128205 4229.230769 4219.487179 4230.256410 4224.102564 4210.769231 4233.333333 4236.410256 4185.641026 4216.923077 4220.512821
4225.641026 4205.128205 4225.128205 4222.564103 4222.051282 4228.205128 4229.230769 4218.461538 4181.538462 4231.794872 4234.871795 4184.102564 4214.358974 4217.948718
4225.641026 4199.487179 4225.641026 4220.512821 4225.641026 4187.692308 4229.230769 4224.615385 4155.384615 4233.846154 4231.794872 4190.769231 4208.205128 4225.128205
4227.692308 4205.641026 4228.717949 4226.153846 4230.256410 4131.794872 4226.153846 4222.564103 4163.076923 4231.794872 4235.384615 4190.256410 4212.820513 4226.666667
4224.615385 4209.743590 4222.051282 4228.717949 4224.102564 4114.871795 4220.000000 4217.435897 4102.564103 4230.769231 4233.333333 4182.051282 4195.897436 4224.102564
4226.153846 4212.820513 4223.589744 4233.846154 4228.717949 4125.128205 4227.692308 4229.743590 4155.897436 4232.820513 4235.897436 4186.153846 4201.025641 4231.282051
4234.871795 4216.410256 4228.717949 4240.512821 4226.153846 4125.128205 4232.820513 4225.641026 4177.435897 4227.692308 4246.666667 4188.717949 4217.435897 4227.692308
4230.256410 4207.692308 4223.589744 4230.256410 4227.179487 4114.871795 4228.205128 4225.128205 4152.820513 4231.282051 4239.487179 4189.743590 4209.743590 4227.692308
4231.282051 4209.743590 4229.230769 4229.230769 4227.692308 4116.923077 4226.666667 4224.615385 4165.641026 4233.846154 4233.846154 4190.256410 4213.846154 4226.666667
4230.769231 4210.769231 4230.256410 4231.282051 4219.487179 4110.256410 4220.512821 4215.384615 4109.230769 4230.769231 4234.358974 4185.128205 4202.051282 4222.051282
4226.666667 4208.205128 4227.179487 4231.282051 4226.666667 4101.025641 4220.512821 4224.102564 4142.564103 4231.794872 4236.923077 4186.666667 4201.538462 4224.102564
4228.205128 4211.282051 4227.692308 4237.948718 4226.666667 4107.179487 4223.589744 4225.128205 4144.615385 4228.205128 4238.974359 4185.128205 4208.205128 4218.461538
4221.025641 4205.641026 4221.538462 4230.769231 4224.102564 4108.205128 4223.076923 4223.589744 4104.102564 4231.282051 4228.205128 4182.564103 4194.358974 4219.487179
4219.487179 4201.538462 4222.564103 4225.128205 4226.666667 4109.230769 4227.179487 4225.128205 4124.102564 4232.307692 4226.153846 4183.589744 4198.461538 4221.025641
4222.051282 4200.512821 4221.025641 4224.102564 4224.615385 4107.179487 4223.076923 4218.974359 4073.333333 4228.717949 4226.666667 4181.538462 4188.205128 4215.897436
4227.692308 4204.102564 4223.076923 4224.615385 4231.282051 4102.051282 4215.897436 4223.589744 4106.666667 4232.307692 4222.051282 4189.230769 4186.666667 4220.512821
4237.435897 4215.897436 4232.820513 4235.384615 4226.666667 4105.128205 4215.384615 4221.538462 4133.846154 4230.769231 4229.230769 4189.230769 4201.538462 4219.487179
4232.820513 4212.307692 4229.230769 4236.923077 4224.615385 4109.230769 4219.487179 4223.076923 4120.512821 4231.794872 4234.358974 4185.128205 4198.974359 4221.025641
4227.179487 4207.692308 4226.153846 4231.282051 4231.794872 4114.358974 4224.615385 4226.666667 4168.205128 4233.333333 4237.435897 4189.743590 4208.205128 4222.051282
4225.128205 4206.666667 4223.076923 4227.692308 4226.153846 4109.743590 4220.512821 4220.512821 4110.769231 4228.717949 4236.923077 4187.692308 4201.025641 4220.000000
4224.615385 4204.615385 4224.615385 4228.205128 4227.692308 4103.589744 4218.974359 4227.692308 4123.589744 4229.743590 4235.384615 4188.205128 4200.000000 4228.717949
4230.769231 4212.820513 4234.358974 4241.538462 4226.153846 4110.769231 4218.461538 4227.692308 4175.384615 4230.769231 4248.717949 4191.282051 4220.000000 4227.692308
4228.205128 4215.384615 4230.256410 4243.589744 4224.615385 4109.230769 4214.871795 4226.153846 4153.846154 4232.820513 4249.743590 4194.358974 4216.923077 4226.153846
4227.179487 4216.923077 4227.179487 4240.512821 4229.743590 4111.282051 4220.000000 4229.743590 4182.051282 4233.846154 4243.589744 4191.794872 4220.000000 4230.256410
4231.794872 4220.000000 4229.743590 4241.538462 4222.051282 4120.512821 4222.051282 4223.589744 4162.564103 4231.282051 4244.615385 4185.128205 4216.923077 4231.794872
4233.333333 4217.435897 4234.358974 4237.948718 4225.128205 4119.487179 4223.076923 4227.692308 4189.230769 4232.820513 4244.615385 4190.769231 4218.461538 4241.538462
4236.923077 4216.923077 4237.435897 4239.487179 4229.230769 4115.897436 4224.615385 4224.102564 4193.846154 4231.794872 4247.179487 4192.307692 4228.717949 4238.974359
4231.794872 4213.846154 4229.743590 4238.461538 4225.641026 4109.743590 4224.102564 4220.512821 4140.512821 4235.384615 4242.051282 4187.179487 4211.794872 4235.897436
4233.333333 4223.076923 4233.333333 4246.666667 4228.717949 4116.410256 4231.794872 4231.794872 4222.564103 4235.384615 4244.102564 4190.769231 4221.538462 4239.487179
4235.897436 4226.153846 4232.820513 4250.256410 4225.128205 4127.179487 4230.256410 4228.205128 4205.128205 4226.666667 4247.692308 4188.205128 4229.743590 4231.282051
4222.564103 4207.692308 4219.487179 4228.717949 4227.692308 4122.051282 4223.589744 4226.666667 4137.948718 4229.743590 4235.384615 4184.615385 4211.794872 4228.717949
4217.948718 4204.102564 4216.923077 4222.051282 4226.666667 4120.512821 4226.153846 4223.076923 4130.769231 4229.743590 4232.307692 4182.564103 4206.153846 4223.076923
4218.461538 4208.717949 4220.000000 4228.205128 4223.076923 4117.435897 4223.589744 4220.000000 4102.564103 4228.717949 4231.794872 4181.538462 4197.948718 4218.461538
4226.666667 4213.333333 4230.769231 4234.358974 4229.743590 4117.948718 4223.076923 4229.230769 4160.512821 4234.871795 4237.948718 4188.717949 4211.282051 4219.487179
4235.897436 4219.487179 4235.897436 4242.051282 4224.615385 4126.153846 4223.076923 4226.666667 4159.487179 4233.333333 4248.205128 4188.205128 4220.000000 4213.846154
4231.282051 4217.435897 4229.743590 4239.487179 4225.128205 4124.615385 4221.025641 4228.205128 4162.564103 4232.307692 4247.692308 4190.256410 4218.974359 4216.410256
4234.358974 4218.974359 4233.333333 4238.461538 4226.666667 4127.179487 4224.615385 4227.179487 4211.794872 4232.307692 4251.282051 4195.384615 4235.897436 4217.948718
4233.333333 4217.435897 4232.307692 4235.384615 4222.051282 4134.358974 4227.179487 4225.128205 4177.435897 4231.794872 4250.769231 4192.307692 4226.153846 4218.461538
4228.205128 4216.410256 4230.769231 4233.333333 4229.743590 4138.461538 4227.692308 4231.794872 4201.538462 4231.282051 4245.641026 4190.769231 4222.564103 4223.076923
4231.794872 4220.512821 4231.794872 4239.487179 4226.666667 4140.000000 4224.102564 4223.589744 4183.076923 4228.205128 4247.179487 4188.717949 4229.230769 4217.948718
4233.333333 4219.487179 4228.717949 4237.948718 4226.153846 4134.871795 4224.102564 4226.153846 4171.282051 4233.333333 4242.564103 4191.282051 4220.512821 4221.538462
4233.846154 4221.538462 4228.205128 4235.897436 4230.256410 4136.410256 4225.641026 4228.717949 4197.435897 4231.282051 4240.000000 4189.743590 4218.974359 4223.076923
4224.615385 4214.358974 4219.487179 4227.179487 4227.179487 4133.846154 4216.410256 4219.487179 4115.897436 4226.666667 4234.871795 4180.512821 4201.538462 4218.461538
4217.948718 4201.025641 4215.897436 4214.871795 4231.282051 4127.692308 4215.897436 4225.128205 4120.000000 4232.307692 4230.769231 4184.102564 4199.487179 4222.051282
4223.076923 4203.076923 4220.512821 4217.435897 4224.615385 4132.820513 4222.051282 4224.615385 4126.666667 4231.282051 4238.974359 4184.615385 4205.128205 4218.974359
4224.102564 4206.666667 4220.000000 4220.512821 4223.589744 4135.897436 4221.538462 4224.102564 4115.897436 4230.769231 4240.512821 4184.102564 4194.871795 4218.461538
4228.205128 4210.256410 4226.153846 4225.128205 4228.717949 4140.512821 4224.102564 4226.153846 4158.461538 4230.769231 4237.948718 4183.076923 4205.641026 4215.897436
4226.666667 4211.282051 4223.589744 4227.179487 4223.589744 4138.974359 4223.076923 4224.102564 4114.871795 4229.230769 4233.846154 4177.948718 4202.564103 4209.743590
4227.179487 4215.384615 4222.564103 4226.153846 4227.692308 4141.025641 4223.076923 4232.307692 4160.000000 4235.384615 4237.948718 4186.666667 4212.820513 4213.846154
4236.410256 4221.538462 4230.256410 4233.846154 4225.641026 4151.794872 4223.589744 4229.230769 4195.897436 4233.846154 4250.769231 4189.743590 4234.358974 4209.743590
4234.358974 4215.384615 4227.179487 4232.820513 4225.641026 4146.666667 4218.461538 4227.179487 4163.076923 4232.820513 4248.205128 4185.128205 4225.128205 4206.666667
4233.333333 4217.435897 4227.179487 4232.307692 4232.307692 4144.102564 4218.461538 4227.179487 4187.692308 4232.307692 4243.076923 4185.641026 4227.179487 4203.589744
4232.307692 4220.512821 4226.153846 4231.282051 4224.102564 4150.256410 4218.974359 4219.487179 4134.358974 4229.230769 4237.435897 4182.564103 4218.461538 4195.897436
4228.205128 4217.948718 4226.153846 4228.717949 4226.666667 4152.820513 4222.564103 4229.743590 4155.897436 4231.282051 4236.410256 4185.128205 4213.846154 4199.487179
4235.384615 4223.076923 4232.820513 4237.435897 4227.179487 4154.358974 4224.615385 4228.717949 4182.564103 4229.230769 4250.256410 4185.641026 4225.128205 4194.871795
4233.333333 4220.512821 4231.282051 4235.384615 4224.102564 4147.179487 4223.076923 4222.564103 4143.589744 4231.282051 4251.794872 4185.641026 4215.384615 4193.333333
4232.307692 4221.025641 4233.333333 4234.871795 4229.743590 4147.179487 4227.692308 4229.230769 4196.410256 4232.820513 4249.230769 4191.794872 4223.076923 4199.487179
4236.410256 4225.128205 4234.358974 4238.461538 4226.153846 4154.871795 4225.641026 4226.666667 4171.282051 4229.743590 4246.666667 4189.230769 4221.025641 4192.307692
4231.794872 4222.051282 4231.282051 4232.820513 4228.205128 4152.820513 4222.051282 4227.692308 4158.974359 4234.358974 4236.410256 4188.205128 4208.205128 4191.794872
4234.871795 4224.615385 4234.358974 4235.384615 4226.666667 4150.256410 4221.025641 4223.076923 4160.512821 4231.282051 4237.435897 4187.179487 4210.256410 4193.846154
4235.897436 4218.461538 4230.256410 4231.794872 4225.128205 4145.128205 4215.897436 4222.051282 4101.538462 4228.717949 4233.846154 4184.102564 4195.897436 4193.333333
4235.897436 4212.820513 4231.794872 4224.102564 4229.230769 4143.589744 4217.948718 4226.666667 4128.717949 4231.282051 4228.717949 4185.641026 4194.871795 4188.717949
4237.435897 4219.487179 4236.410256 4227.692308 4221.538462 4145.128205 4222.051282 4217.435897 4113.333333 4229.743590 4233.846154 4184.615385 4193.846154 4181.538462
4237.948718 4226.666667 4237.435897 4231.794872 4227.692308 4148.717949 4225.641026 4224.615385 4132.307692 4232.820513 4232.820513 4188.717949 4195.384615 4188.205128
4238.461538 4227.179487 4237.435897 4233.333333 4231.282051 4156.923077 4224.102564 4224.102564 4152.820513 4230.769231 4230.256410 4185.128205 4208.205128 4184.102564
4228.205128 4215.384615 4226.666667 4224.102564 4223.076923 4154.358974 4213.846154 4213.333333 4077.435897 4227.692308 4225.641026 4178.974359 4190.256410 4178.461538
4229.230769 4218.974359 4229.230769 4225.641026 4228.205128 4156.410256 4213.846154 4222.564103 4113.846154 4231.794872 4225.128205 4184.102564 4190.256410 4183.076923
4240.512821 4232.820513 4236.410256 4237.435897 4227.692308 4162.564103 4217.435897 4223.589744 4123.589744 4232.307692 4229.230769 4182.051282 4198.974359 4177.435897
4233.846154 4227.692308 4229.743590 4230.256410 4226.666667 4155.384615 4216.923077 4223.076923 4114.358974 4231.282051 4225.128205 4180.000000 4193.333333 4175.384615
4230.256410 4224.615385 4229.230769 4226.153846 4226.666667 4155.384615 4220.512821 4220.000000 4135.897436 4229.230769 4231.282051 4180.512821 4201.538462 4173.333333
4232.307692 4224.102564 4231.282051 4226.153846 4224.615385 4158.974359 4220.000000 4220.512821 4108.717949 4231.282051 4238.461538 4182.051282 4203.589744 4173.846154
4232.820513 4222.051282 4234.871795 4226.153846 4231.282051 4161.538462 4223.076923 4230.256410 4166.666667 4233.846154 4241.025641 4190.769231 4219.487179 4177.435897
4229.230769 4225.128205 4232.307692 4227.179487 4226.153846 4165.128205 4223.076923 4222.051282 4143.076923 4228.717949 4241.538462 4186.153846 4218.974359 4170.256410
4221.538462 4218.461538 4223.589744 4218.461538 4224.615385 4158.461538 4217.948718 4220.000000 4091.282051 4231.794872 4231.794872 4181.025641 4196.410256 4171.794872
4222.051282 4212.307692 4223.589744 4214.871795 4228.205128 4157.435897 4221.025641 4219.487179 4111.794872 4232.820513 4229.230769 4180.000000 4198.461538 4172.307692
4220.512821 4207.692308 4217.948718 4214.871795 4225.641026 4156.923077 4220.000000 4216.410256 4064.102564 4228.205128 4227.179487 4173.333333 4185.641026 4166.666667
4219.487179 4210.769231 4216.923077 4217.435897 4230.256410 4155.384615 4218.461538 4226.666667 4097.435897 4233.333333 4224.102564 4175.897436 4185.128205 4172.820513
4228.717949 4221.025641 4226.153846 4228.205128 4224.615385 4158.974359 4220.512821 4224.102564 4121.538462 4233.846154 4232.307692 4182.051282 4200.000000 4172.307692
4230.769231 4219.487179 4228.205128 4228.205128 4224.615385 4157.435897 4224.102564 4223.076923 4122.564103 4233.846154 4235.897436 4186.153846 4202.564103 4173.846154
4228.717949 4219.487179 4227.692308 4226.666667 4229.743590 4161.025641 4222.564103 4225.641026 4153.333333 4231.282051 4235.897436 4183.076923 4212.307692 4173.846154
4221.025641 4218.974359 4220.000000 4224.615385 4223.076923 4163.076923 4212.820513 4222.051282 4086.153846 4230.769231 4230.769231 4176.923077 4196.410256 4170.256410
4221.538462 4218.974359 4225.641026 4222.051282 4227.179487 4157.948718 4215.897436 4230.256410 4121.025641 4236.923077 4228.717949 4186.153846 4195.384615 4174.871795
4240.000000 4228.205128 4243.589744 4233.333333 4226.666667 4160.512821 4221.538462 4229.230769 4181.025641 4232.307692 4240.000000 4190.769231 4218.461538 4176.923077
4243.076923 4231.282051 4241.025641 4235.384615 4228.205128 4161.025641 4218.974359 4226.153846 4177.435897 4231.282051 4244.102564 4187.179487 4220.512821 4183.589744
4235.897436 4234.358974 4235.897436 4232.820513 4231.282051 4165.128205 4223.589744 4227.692308 4213.846154 4232.820513 4247.179487 4186.666667 4230.769231 4184.102564
4234.358974 4234.871795 4234.871795 4233.333333 4221.025641 4168.205128 4225.128205 4225.641026 4185.128205 4229.230769 4251.794872 4188.717949 4233.333333 4175.384615
4235.897436 4229.230769 4235.897436 4229.743590 4227.692308 4168.717949 4223.589744 4233.333333 4204.615385 4230.769231 4246.666667 4192.820513 4232.307692 4178.974359
4235.897436 4227.179487 4238.461538 4228.717949 4228.717949 4173.846154 4221.538462 4227.692308 4184.615385 4228.717949 4237.948718 4184.102564 4226.153846 4171.794872
4226.153846 4220.512821 4229.230769 4221.538462 4224.102564 4164.102564 4212.820513 4224.102564 4110.769231 4231.794872 4227.179487 4176.923077 4202.051282 4167.179487
4231.282051 4225.128205 4234.358974 4224.102564 4229.230769 4158.461538 4211.794872 4229.230769 4168.717949 4234.358974 4233.333333 4185.641026 4216.923077 4172.820513
4235.897436 4227.692308 4242.051282 4229.743590 4224.615385 4169.230769 4213.333333 4221.538462 4161.538462 4229.743590 4241.538462 4187.179487 4226.153846 4169.743590
4222.051282 4214.871795 4229.743590 4217.948718 4226.666667 4173.333333 4213.333333 4226.153846 4141.538462 4231.794872 4232.820513 4182.564103 4212.307692 4165.128205
4222.564103 4215.384615 4220.000000 4213.846154 4228.717949 4171.794872 4213.333333 4225.641026 4126.153846 4231.282051 4231.282051 4175.384615 4208.717949 4158.461538
4232.820513 4222.564103 4225.128205 4221.025641 4225.128205 4165.641026 4210.769231 4224.102564 4099.487179 4231.794872 4232.307692 4176.923077 4200.000000 4161.538462
4250.256410 4233.333333 4245.128205 4236.923077 4230.769231 4171.282051 4215.384615 4233.846154 4202.564103 4234.871795 4235.384615 4190.769231 4218.974359 4165.641026
4255.384615 4241.025641 4249.230769 4247.692308 4228.717949 4178.461538 4215.384615 4228.205128 4206.153846 4232.307692 4238.974359 4190.256410 4231.794872 4157.435897
4237.435897 4233.333333 4233.846154 4235.897436 4228.717949 4172.307692 4214.871795 4230.256410 4178.974359 4233.333333 4237.948718 4185.128205 4225.641026 4157.948718
4230.256410 4226.666667 4228.717949 4226.666667 4225.641026 4174.871795 4219.487179 4232.820513 4187.692308 4230.256410 4244.615385 4181.538462 4230.256410 4151.794872
4225.641026 4220.000000 4226.666667 4221.538462 4223.589744 4178.461538 4214.358974 4230.256410 4126.153846 4227.692308 4236.923077 4177.948718 4209.743590 4145.641026
4224.102564 4223.076923 4231.794872 4226.666667 4230.256410 4177.948718 4213.333333 4231.794872 4149.230769 4231.282051 4226.153846 4183.076923 4204.615385 4150.769231
4231.794872 4231.282051 4235.897436 4239.487179 4225.128205 4176.410256 4214.871795 4225.641026 4153.333333 4231.794872 4230.769231 4184.102564 4213.333333 4147.179487
4232.307692 4226.666667 4231.282051 4236.923077 4227.179487 4172.820513 4213.333333 4231.282051 4175.384615 4233.846154 4232.820513 4186.153846 4216.923077 4151.794872
4234.358974 4228.205128 4237.435897 4237.435897 4228.205128 4181.025641 4216.410256 4234.871795 4222.564103 4232.307692 4238.974359 4186.666667 4235.384615 4158.461538
4238.461538 4229.743590 4241.538462 4242.564103 4222.564103 4186.153846 4220.512821 4230.256410 4200.000000 4231.794872 4245.641026 4185.641026 4234.871795 4159.487179
4237.948718 4228.205128 4242.564103 4244.615385 4230.256410 4185.641026 4224.615385 4235.897436 4254.871795 4232.307692 4248.205128 4192.307692 4240.512821 4160.000000
4231.282051 4229.230769 4234.358974 4242.051282 4223.589744 4184.102564 4216.410256 4228.205128 4216.410256 4227.179487 4246.666667 4186.153846 4239.487179 4151.794872
4219.487179 4224.102564 4221.025641 4232.820513 4222.564103 4178.461538 4208.205128 4227.179487 4149.230769 4232.307692 4233.333333 4176.923077 4217.435897 4152.820513
4220.000000 4227.179487 4226.153846 4239.487179 4231.282051 4182.051282 4212.307692 4230.769231 4171.794872 4233.333333 4229.230769 4175.384615 4214.358974 4150.769231
4222.051282 4230.256410 4231.282051 4243.076923 4226.666667 4180.000000 4213.333333 4227.179487 4140.000000 4229.230769 4229.230769 4177.948718 4204.615385 4143.589744
4226.153846 4229.743590 4232.307692 4237.948718 4230.256410 4176.923077 4214.871795 4233.846154 4180.512821 4233.846154 4228.205128 4184.615385 4211.282051 4145.641026
4228.717949 4232.307692 4233.333333 4244.102564 4230.256410 4183.589744 4217.435897 4230.256410 4180.512821 4231.794872 4233.333333 4182.564103 4222.051282 4141.025641
4223.076923 4231.794872 4233.333333 4247.179487 4227.179487 4182.564103 4216.410256 4231.794872 4174.871795 4232.820513 4235.384615 4183.076923 4217.435897 4143.076923
4232.307692 4239.487179 4242.051282 4255.384615 4226.666667 4185.641026 4220.512821 4235.384615 4247.692308 4232.307692 4243.076923 4186.666667 4236.410256 4145.128205
4234.358974 4240.512821 4239.487179 4260.000000 4223.076923 4188.205128 4221.025641 4229.743590 4214.358974 4228.717949 4245.128205 4182.564103 4238.974359 4140.000000
4228.717949 4233.846154 4236.410256 4254.871795 4229.230769 4187.179487 4218.461538 4236.923077 4243.589744 4232.307692 4244.102564 4188.717949 4244.102564 4145.641026
4236.410256 4240.000000 4239.487179 4253.846154 4227.692308 4191.282051 4215.897436 4233.333333 4262.051282 4229.743590 4249.743590 4189.743590 4255.384615 4144.615385
4234.358974 4238.461538 4230.256410 4245.641026 4226.666667 4189.230769 4212.820513 4231.794872 4209.743590 4229.743590 4240.512821 4182.564103 4237.948718 4144.102564
4233.333333 4234.871795 4231.794872 4248.205128 4229.230769 4187.692308 4217.948718 4236.923077 4235.384615 4231.282051 4235.384615 4183.076923 4240.000000 4149.743590
4242.051282 4238.974359 4238.461538 4255.384615 4223.076923 4188.717949 4217.948718 4233.333333 4228.717949 4231.282051 4242.564103 4187.179487 4246.666667 4148.717949
4243.076923 4241.025641 4238.974359 4251.282051 4227.692308 4191.282051 4217.948718 4239.487179 4267.179487 4233.846154 4245.128205 4193.333333 4256.410256 4149.743590
4241.025641 4241.025641 4240.512821 4256.410256 4225.641026 4202.051282 4222.564103 4237.435897 4272.820513 4230.769231 4247.692308 4189.230769 4264.102564 4145.128205
4238.461538 4235.897436 4235.384615 4256.923077 4224.102564 4200.512821 4220.512821 4234.871795 4230.256410 4231.794872 4238.974359 4186.666667 4246.666667 4146.153846
4243.589744 4240.000000 4238.974359 4254.358974 4230.256410 4198.974359 4222.051282 4244.102564 4293.846154 4233.333333 4238.974359 4192.307692 4259.487179 4149.230769
4244.102564 4244.102564 4242.564103 4257.948718 4224.102564 4204.615385 4224.102564 4244.102564 4282.564103 4231.794872 4249.743590 4189.743590 4270.769231 4148.717949
4234.358974 4236.923077 4238.461538 4255.384615 4228.717949 4203.589744 4225.128205 4247.179487 4281.025641 4233.846154 4248.205128 4188.205128 4265.128205 4155.384615
4232.820513 4234.358974 4234.358974 4254.358974 4228.717949 4202.564103 4222.564103 4242.051282 4270.769231 4230.256410 4244.615385 4183.589744 4259.487179 4148.205128
4230.769231 4231.282051 4229.230769 4249.230769 4222.564103 4198.461538 4213.846154 4240.000000 4208.205128 4231.794872 4240.512821 4181.025641 4240.512821 4145.641026
4233.333333 4235.897436 4236.410256 4248.205128 4229.743590 4200.000000 4215.384615 4246.153846 4261.025641 4235.384615 4244.102564 4187.692308 4250.769231 4153.333333
4233.846154 4235.897436 4236.923077 4249.743590 4228.205128 4202.564103 4217.948718 4237.948718 4234.358974 4228.205128 4242.051282 4184.102564 4248.717949 4148.717949
4231.282051 4230.256410 4230.256410 4245.641026 4229.230769 4197.435897 4221.025641 4243.589744 4217.948718 4230.769231 4230.256410 4186.666667 4231.794872 4151.794872
4240.000000 4239.487179 4239.487179 4253.846154 4228.717949 4201.538462 4224.102564 4245.641026 4266.153846 4232.820513 4237.948718 4192.307692 4245.641026 4156.923077
4240.512821 4239.487179 4238.974359 4252.820513 4224.615385 4201.025641 4220.512821 4244.102564 4245.641026 4231.282051 4243.076923 4189.743590 4249.743590 4160.000000
4238.461538 4233.846154 4238.974359 4248.205128 4229.230769 4200.000000 4224.102564 4253.846154 4286.153846 4234.358974 4245.641026 4191.794872 4258.974359 4162.564103
4246.153846 4241.538462 4244.615385 4254.358974 4225.128205 4203.076923 4222.564103 4245.128205 4280.000000 4233.333333 4256.923077 4191.794872 4263.076923 4156.410256
4241.538462 4240.512821 4240.000000 4252.307692 4228.205128 4195.897436 4212.820513 4241.538462 4270.769231 4232.307692 4253.333333 4192.307692 4254.871795 4161.025641
4235.384615 4236.410256 4235.897436 4247.692308 4228.717949 4193.333333 4211.794872 4241.025641 4269.230769 4230.256410 4241.025641 4188.205128 4253.846154 4162.564103
4232.820513 4232.307692 4228.717949 4243.076923 4223.076923 4195.897436 4211.794872 4233.846154 4202.051282 4231.794872 4233.846154 4183.076923 4232.820513 4158.974359
4235.897436 4234.871795 4228.717949 4247.179487 4229.743590 4195.897436 4213.846154 4240.000000 4246.666667 4231.794872 4240.000000 4188.717949 4238.461538 4164.615385
4238.461538 4240.512821 4231.282051 4253.333333 4225.128205 4194.871795 4214.871795 4238.974359 4245.641026 4226.666667 4246.153846 4186.666667 4250.256410 4162.051282
4232.307692 4234.358974 4225.641026 4243.589744 4224.615385 4191.794872 4217.435897 4241.538462 4223.076923 4233.333333 4238.974359 4184.102564 4237.948718 4163.589744
4233.333333 4234.871795 4226.666667 4242.051282 4229.230769 4197.435897 4218.461538 4240.512821 4256.410256 4231.794872 4238.974359 4186.153846 4244.102564 4167.179487
4232.820513 4236.923077 4228.205128 4245.641026 4224.615385 4198.461538 4211.282051 4234.871795 4214.871795 4227.692308 4241.538462 4185.128205 4243.076923 4168.205128
4237.435897 4239.487179 4235.384615 4247.179487 4229.743590 4197.948718 4217.948718 4245.128205 4264.102564 4233.846154 4242.564103 4190.256410 4252.307692 4174.358974
4247.179487 4244.615385 4241.025641 4250.769231 4228.717949 4203.589744 4227.179487 4241.538462 4277.948718 4232.307692 4245.641026 4189.230769 4255.897436 4171.282051
4237.948718 4238.974359 4233.846154 4245.128205 4227.692308 4201.025641 4223.589744 4240.512821 4249.743590 4231.282051 4238.974359 4185.128205 4243.076923 4173.333333
4232.307692 4238.974359 4233.333333 4244.102564 4227.692308 4202.564103 4224.102564 4243.589744 4286.666667 4232.307692 4241.025641 4186.153846 4258.461538 4174.871795
4232.307692 4238.461538 4231.794872 4246.153846 4221.025641 4201.025641 4221.538462 4235.897436 4236.410256 4229.230769 4240.512821 4185.641026 4250.769231 4171.282051
4233.333333 4240.000000 4232.820513 4249.743590 4228.717949 4196.410256 4219.487179 4242.051282 4260.512821 4233.333333 4235.384615 4189.230769 4245.128205 4178.974359
4245.128205 4248.205128 4242.051282 4261.538462 4228.205128 4202.564103 4218.974359 4245.128205 4297.948718 4233.846154 4246.666667 4189.743590 4266.666667 4181.025641
4251.794872 4245.641026 4245.128205 4258.461538 4225.128205 4202.051282 4215.384615 4241.025641 4295.384615 4232.307692 4252.820513 4195.384615 4272.307692 4188.205128
4252.307692 4245.641026 4247.179487 4256.923077 4230.256410 4198.461538 4214.871795 4228.717949 4324.615385 4230.256410 4249.230769 4198.461538 4273.846154 4192.307692
4244.615385 4245.641026 4239.487179 4258.461538 4226.666667 4195.384615 4212.307692 4217.948718 4250.256410 4230.769231 4242.564103 4187.692308 4254.358974 4182.564103
4237.948718 4241.025641 4234.358974 4250.769231 4228.205128 4193.846154 4216.923077 4228.717949 4256.410256 4233.846154 4236.410256 4190.256410 4247.179487 4183.076923
4244.615385 4244.615385 4240.512821 4251.794872 4223.589744 4198.974359 4220.000000 4224.615385 4272.820513 4228.717949 4238.974359 4191.794872 4255.897436 4182.051282
4238.461538 4241.025641 4232.820513 4249.230769 4223.076923 4192.820513 4210.769231 4219.487179 4215.897436 4231.794872 4232.820513 4183.589744 4240.000000 4185.128205
4235.384615 4241.025641 4233.846154 4247.692308 4231.794872 4191.794872 4212.307692 4227.692308 4261.025641 4235.384615 4235.384615 4187.692308 4247.179487 4189.230769
4241.025641 4246.666667 4242.051282 4250.769231 4224.102564 4203.076923 4218.974359 4223.076923 4257.435897 4228.205128 4245.128205 4192.820513 4254.358974 4184.102564
4240.512821 4244.615385 4241.538462 4248.717949 4226.666667 4208.717949 4220.512821 4225.128205 4268.205128 4231.794872 4239.487179 4193.846154 4251.794872 4188.717949
4245.641026 4251.794872 4244.102564 4255.897436 4232.307692 4211.794872 4222.564103 4223.589744 4303.589744 4234.871795 4241.025641 4192.307692 4264.615385 4190.256410
4244.102564 4253.333333 4241.538462 4256.923077 4230.256410 4207.179487 4219.487179 4224.102564 4285.641026 4233.333333 4245.641026 4191.282051 4266.666667 4191.282051
4236.923077 4249.230769 4241.538462 4253.846154 4230.256410 4207.179487 4219.487179 4230.769231 4311.794872 4230.769231 4242.564103 4190.769231 4273.846154 4194.871795
4234.358974 4248.205128 4237.435897 4254.358974 4223.589744 4208.717949 4218.974359 4223.589744 4258.461538 4228.205128 4236.923077 4186.666667 4262.564103 4188.205128
4234.871795 4247.692308 4232.820513 4249.743590 4228.205128 4201.538462 4217.948718 4225.641026 4256.923077 4234.358974 4233.846154 4191.282051 4252.307692 4191.282051
4240.512821 4252.307692 4240.512821 4250.769231 4228.717949 4203.589744 4216.410256 4226.666667 4298.974359 4233.846154 4243.076923 4191.794872 4267.692308 4191.794872
4239.487179 4251.794872 4242.051282 4249.230769 4223.076923 4205.128205 4216.923077 4224.102564 4260.512821 4230.256410 4241.538462 4189.743590 4260.512821 4192.307692
4245.641026 4254.871795 4245.641026 4252.820513 4229.743590 4207.179487 4224.615385 4231.282051 4309.230769 4233.333333 4240.000000 4196.410256 4267.692308 4197.948718
4249.743590 4256.923077 4244.615385 4257.435897 4226.153846 4209.230769 4220.512821 4225.641026 4292.307692 4231.794872 4243.589744 4192.307692 4272.820513 4190.769231
4242.051282 4253.846154 4237.948718 4250.256410 4227.692308 4203.589744 4217.435897 4228.205128 4280.000000 4231.794872 4238.974359 4190.769231 4266.153846 4192.820513
4246.666667 4261.025641 4242.564103 4254.358974 4232.307692 4206.153846 4226.153846 4228.717949 4323.076923 4229.743590 4243.076923 4194.358974 4279.487179 4197.948718
4242.051282 4257.435897 4233.846154 4250.769231 4226.666667 4202.564103 4219.487179 4220.512821 4259.487179 4231.282051 4238.974359 4188.717949 4265.641026 4194.871795
4232.307692 4247.179487 4228.205128 4238.974359 4228.205128 4199.487179 4213.846154 4225.128205 4255.384615 4233.846154 4223.589744 4184.615385 4253.333333 4191.282051
4235.384615 4246.153846 4233.333333 4241.538462 4224.102564 4207.179487 4216.923077 4222.051282 4233.333333 4227.179487 4219.487179 4180.512821 4254.358974 4187.179487
4234.871795 4243.076923 4232.307692 4240.000000 4224.615385 4207.692308 4219.487179 4224.102564 4233.846154 4231.794872 4224.102564 4185.641026 4253.333333 4195.897436
4234.358974 4243.076923 4234.358974 4235.384615 4228.205128 4208.205128 4222.051282 4224.615385 4273.333333 4234.871795 4231.794872 4190.256410 4263.589744 4195.384615
4232.307692 4238.461538 4231.794872 4232.307692 4226.153846 4205.641026 4219.487179 4220.512821 4214.871795 4229.743590 4228.717949 4184.615385 4251.282051 4189.743590
4229.743590 4232.307692 4231.282051 4234.358974 4230.769231 4206.153846 4223.076923 4227.692308 4244.102564 4230.769231 4227.692308 4186.666667 4251.794872 4191.282051
4228.717949 4230.769231 4233.846154 4236.410256 4225.641026 4214.358974 4225.128205 4223.076923 4240.512821 4231.282051 4236.923077 4185.641026 4255.897436 4184.102564
4221.025641 4220.000000 4228.717949 4224.102564 4226.153846 4211.282051 4217.948718 4225.641026 4197.948718 4232.820513 4234.871795 4184.615385 4242.564103 4184.615385
4219.487179 4213.846154 4227.692308 4220.512821 4229.230769 4206.153846 4215.384615 4228.717949 4218.974359 4230.769231 4235.897436 4188.205128 4250.256410 4184.615385
4215.897436 4209.230769 4224.615385 4217.948718 4223.076923 4204.102564 4213.333333 4223.589744 4169.743590 4230.769231 4236.923077 4185.641026 4243.076923 4177.948718
4208.205128 4202.564103 4222.051282 4208.717949 4230.256410 4207.692308 4214.358974 4228.717949 4183.076923 4235.897436 4228.205128 4183.076923 4232.307692 4178.461538
4202.564103 4201.538462 4215.897436 4206.666667 4226.153846 4209.230769 4211.282051 4220.000000 4140.000000 4231.794872 4215.384615 4173.333333 4218.974359 4169.230769
4191.794872 4190.256410 4200.512821 4195.897436 4222.564103 4194.871795 4204.102564 4215.897436 4036.410256 4230.769231 4194.871795 4166.666667 4183.589744 4166.666667
4195.384615 4188.717949 4202.564103 4193.846154 4229.743590 4195.384615 4206.153846 4220.000000 4060.512821 4231.794872 4190.769231 4171.282051 4180.512821 4170.256410
4199.487179 4191.794872 4207.179487 4201.025641 4224.102564 4205.128205 4208.205128 4215.897436 4048.717949 4228.717949 4197.435897 4170.769231 4180.512821 4164.615385
4191.794872 4184.615385 4202.564103 4196.923077 4227.692308 4202.051282 4212.820513 4225.641026 4061.538462 4231.794872 4196.410256 4170.256410 4179.487179 4168.205128
4192.307692 4183.076923 4200.512821 4198.461538 4227.692308 4200.000000 4212.307692 4223.076923 4056.410256 4230.256410 4198.974359 4167.179487 4185.641026 4164.102564
4188.717949 4183.589744 4197.948718 4198.974359 4222.564103 4200.000000 4207.692308 4218.461538 4017.435897 4229.743590 4196.410256 4165.641026 4173.333333 4158.461538
4185.641026 4186.666667 4197.948718 4198.974359 4229.230769 4204.102564 4213.846154 4223.076923 4064.615385 4230.769231 4193.846154 4166.666667 4178.974359 4160.512821
4186.666667 4187.692308 4194.358974 4198.974359 4226.666667 4203.589744 4212.820513 4216.923077 4022.564103 4229.743590 4193.846154 4161.538462 4176.410256 4158.974359
4186.666667 4185.641026 4196.923077 4195.384615 4226.153846 4194.358974 4207.692308 4220.512821 4021.025641 4234.358974 4190.769231 4165.641026 4171.794872 4162.051282
4189.743590 4190.769231 4204.615385 4199.487179 4225.128205 4201.538462 4212.307692 4220.000000 4048.205128 4232.307692 4195.897436 4168.205128 4180.512821 4159.487179
4180.000000 4187.692308 4195.384615 4194.871795 4225.641026 4206.666667 4215.384615 4216.923077 4008.205128 4231.282051 4191.794872 4163.589744 4169.230769 4158.461538
4176.410256 4187.692308 4193.846154 4192.820513 4230.769231 4205.128205 4216.410256 4222.564103 4049.743590 4233.846154 4190.769231 4162.564103 4174.871795 4160.512821
4186.666667 4194.358974 4201.538462 4202.051282 4222.564103 4206.153846 4213.333333 4219.487179 4052.307692 4230.769231 4201.025641 4164.102564 4181.025641 4156.923077
4191.794872 4194.358974 4205.641026 4205.128205 4224.102564 4205.128205 4210.769231 4224.615385 4081.025641 4233.333333 4201.538462 4170.769231 4186.153846 4163.589744
4190.256410 4192.820513 4203.589744 4203.076923 4226.153846 4205.128205 4210.769231 4221.025641 4085.128205 4231.794872 4194.871795 4165.128205 4192.307692 4162.051282
4178.974359 4182.051282 4188.717949 4188.205128 4225.128205 4201.538462 4208.717949 4214.871795 3989.230769 4231.282051 4182.051282 4156.410256 4162.564103 4156.410256
4175.897436 4173.846154 4189.230769 4180.512821 4232.820513 4199.487179 4211.282051 4221.025641 4004.102564 4233.846154 4177.948718 4160.512821 4156.410256 4159.487179
4181.538462 4174.871795 4195.384615 4186.666667 4226.666667 4197.948718 4210.769231 4216.410256 3986.153846 4231.282051 4182.051282 4156.410256 4156.923077 4157.435897
4185.128205 4176.923077 4192.820513 4188.717949 4226.153846 4193.846154 4210.256410 4220.512821 4001.025641 4233.333333 4187.179487 4158.461538 4153.846154 4162.051282
4196.410256 4189.230769 4205.128205 4197.948718 4227.692308 4201.538462 4212.307692 4220.512821 4087.692308 4233.846154 4206.153846 4168.717949 4183.076923 4163.589744
