4234.358974 4215.897436 4240.000000 4208.205128 4224.615385 4262.051282 4243.076923 4234.358974 4240.512821 4226.153846 4255.384615 4230.769231 4281.538462 4247.179487
4225.128205 4209.743590 4229.230769 4210.256410 4221.025641 4257.435897 4233.846154 4231.282051 4223.589744 4221.538462 4245.641026 4218.974359 4262.564103 4246.153846
4228.205128 4216.410256 4238.974359 4218.974359 4229.230769 4260.000000 4221.025641 4225.128205 4226.666667 4220.512821 4246.153846 4222.564103 4254.871795 4246.153846
4231.282051 4214.871795 4227.179487 4206.153846 4225.128205 4259.487179 4216.410256 4223.589744 4229.743590 4222.564103 4249.230769 4220.000000 4255.897436 4236.410256
4235.384615 4229.230769 4237.435897 4214.871795 4224.615385 4261.025641 4219.487179 4218.461538 4226.153846 4222.564103 4244.615385 4226.153846 4247.692308 4241.025641
4235.897436 4241.538462 4243.589744 4220.000000 4225.641026 4256.923077 4218.974359 4211.282051 4216.410256 4221.025641 4237.435897 4226.666667 4236.410256 4244.615385
4233.333333 4239.487179 4226.153846 4214.358974 4220.512821 4252.820513 4216.410256 4216.410256 4214.871795 4222.051282 4236.923077 4221.025641 4232.820513 4236.923077
4235.384615 4237.435897 4233.333333 4222.051282 4223.589744 4255.384615 4214.358974 4220.000000 4223.076923 4224.615385 4242.564103 4230.256410 4231.282051 4240.000000
4228.205128 4225.128205 4226.666667 4214.871795 4222.051282 4249.230769 4208.205128 4210.256410 4210.256410 4228.205128 4238.974359 4227.179487 4228.717949 4242.564103
4229.230769 4226.153846 4232.820513 4224.102564 4225.641026 4250.769231 4215.897436 4213.333333 4211.794872 4222.051282 4238.461538 4226.666667 4228.205128 4244.615385
4231.282051 4227.179487 4232.307692 4227.179487 4230.256410 4254.358974 4219.487179 4217.435897 4215.897436 4214.358974 4237.948718 4223.589744 4225.128205 4239.487179
4225.641026 4218.974359 4213.333333 4217.435897 4225.641026 4249.230769 4209.743590 4210.769231 4203.589744 4221.025641 4231.282051 4218.461538 4218.461538 4233.846154
4234.358974 4225.128205 4232.820513 4229.743590 4228.205128 4245.641026 4210.769231 4215.897436 4206.153846 4221.538462 4231.794872 4229.230769 4220.000000 4243.076923
4237.948718 4223.076923 4230.256410 4224.615385 4224.102564 4242.051282 4210.769231 4222.051282 4203.076923 4216.410256 4230.769231 4224.102564 4221.538462 4243.076923
4237.435897 4224.102564 4230.769231 4226.666667 4222.564103 4246.153846 4210.769231 4222.051282 4209.230769 4218.974359 4234.871795 4228.205128 4226.153846 4242.564103
4242.564103 4226.153846 4241.538462 4231.794872 4222.051282 4247.179487 4209.743590 4224.615385 4221.538462 4220.000000 4244.102564 4234.871795 4236.923077 4245.128205
4241.025641 4221.538462 4229.230769 4228.205128 4218.974359 4241.025641 4210.769231 4233.846154 4215.897436 4218.461538 4243.589744 4224.102564 4237.435897 4243.589744
4236.923077 4224.615385 4236.923077 4240.512821 4229.230769 4243.076923 4220.512821 4244.102564 4216.923077 4218.461538 4238.461538 4226.153846 4229.230769 4242.564103
4225.641026 4215.897436 4225.641026 4226.666667 4228.205128 4239.487179 4218.974359 4239.487179 4207.692308 4218.974359 4232.820513 4222.564103 4222.564103 4232.307692
4229.743590 4218.461538 4228.205128 4225.128205 4223.076923 4237.948718 4218.974359 4231.794872 4202.564103 4219.487179 4235.897436 4226.153846 4225.128205 4235.384615
4239.487179 4232.307692 4248.717949 4240.000000 4227.179487 4242.051282 4230.256410 4235.897436 4209.230769 4218.461538 4238.974359 4230.769231 4226.666667 4244.615385
4230.769231 4228.205128 4230.256410 4231.282051 4226.153846 4241.025641 4231.282051 4239.487179 4207.179487 4215.384615 4232.820513 4221.025641 4225.128205 4237.948718
4233.333333 4225.641026 4232.820513 4229.230769 4226.666667 4244.615385 4223.589744 4240.512821 4216.923077 4225.128205 4235.384615 4231.282051 4232.307692 4237.948718
4240.000000 4226.153846 4233.846154 4221.025641 4220.512821 4244.102564 4216.410256 4241.538462 4217.435897 4231.794872 4237.435897 4234.871795 4236.410256 4237.435897
4241.538462 4237.948718 4234.358974 4227.692308 4222.564103 4243.589744 4214.358974 4238.461538 4208.205128 4222.564103 4231.282051 4227.692308 4227.179487 4237.435897
4238.974359 4244.102564 4239.487179 4235.897436 4230.256410 4242.051282 4209.743590 4230.769231 4200.000000 4220.512821 4227.692308 4223.076923 4215.897436 4237.948718
4233.333333 4234.358974 4222.564103 4220.512821 4222.051282 4232.307692 4199.487179 4228.717949 4194.871795 4225.641026 4227.692308 4217.948718 4219.487179 4234.871795
4244.102564 4241.538462 4240.512821 4229.743590 4222.564103 4232.307692 4204.102564 4234.871795 4208.205128 4230.769231 4235.384615 4230.256410 4227.179487 4244.102564
4239.487179 4242.564103 4235.897436 4226.153846 4223.076923 4233.333333 4205.641026 4226.666667 4200.512821 4228.717949 4229.230769 4223.076923 4221.538462 4241.538462
4224.615385 4237.948718 4217.948718 4219.487179 4222.051282 4233.846154 4199.487179 4222.564103 4191.282051 4223.589744 4222.564103 4218.461538 4217.435897 4234.358974
4234.358974 4241.538462 4239.487179 4226.666667 4227.692308 4237.435897 4205.128205 4235.384615 4207.179487 4226.153846 4232.820513 4233.333333 4226.666667 4240.000000
4237.948718 4233.846154 4229.230769 4215.384615 4220.000000 4232.820513 4204.615385 4232.820513 4201.025641 4228.205128 4232.307692 4225.128205 4228.717949 4238.461538
4234.358974 4237.435897 4229.743590 4226.153846 4221.538462 4236.410256 4204.102564 4225.128205 4198.461538 4224.102564 4224.102564 4223.589744 4223.076923 4241.538462
4234.358974 4237.948718 4235.384615 4230.256410 4227.692308 4241.538462 4211.794872 4233.846154 4207.692308 4218.974359 4224.615385 4226.666667 4222.051282 4240.512821
4236.923077 4230.769231 4229.743590 4224.615385 4224.102564 4240.512821 4212.820513 4238.974359 4204.102564 4223.076923 4230.769231 4223.076923 4218.974359 4237.948718
4241.538462 4229.743590 4241.538462 4234.358974 4223.589744 4241.538462 4210.769231 4230.769231 4198.974359 4227.179487 4230.769231 4226.666667 4216.410256 4245.128205
4240.000000 4224.615385 4231.794872 4225.128205 4220.000000 4243.076923 4211.282051 4228.717949 4196.410256 4225.128205 4223.589744 4222.051282 4218.974359 4241.025641
4243.076923 4231.282051 4236.410256 4226.153846 4226.666667 4246.153846 4216.923077 4241.538462 4210.256410 4226.153846 4224.615385 4226.153846 4225.641026 4238.461538
4233.846154 4229.743590 4229.743590 4221.538462 4227.179487 4239.487179 4209.230769 4238.461538 4205.641026 4227.692308 4223.076923 4224.615385 4222.564103 4233.846154
4221.025641 4218.461538 4214.871795 4217.435897 4220.512821 4235.897436 4197.948718 4217.435897 4186.666667 4225.128205 4215.384615 4217.435897 4207.179487 4227.692308
4228.717949 4224.102564 4234.871795 4231.282051 4225.641026 4247.692308 4201.538462 4214.871795 4196.410256 4217.435897 4218.461538 4223.076923 4204.102564 4232.820513
4229.743590 4226.666667 4223.076923 4219.487179 4223.076923 4246.666667 4201.025641 4222.564103 4197.948718 4214.358974 4220.512821 4214.871795 4209.743590 4233.846154
4233.333333 4229.743590 4226.666667 4224.615385 4222.051282 4245.641026 4207.179487 4225.128205 4195.897436 4223.589744 4222.051282 4219.487179 4210.769231 4240.000000
4236.923077 4228.717949 4236.923077 4229.743590 4221.538462 4247.179487 4214.358974 4223.076923 4192.820513 4227.179487 4222.564103 4226.153846 4210.256410 4241.538462
4225.641026 4224.102564 4219.487179 4216.923077 4220.512821 4241.538462 4202.051282 4220.000000 4184.615385 4223.076923 4220.000000 4220.512821 4208.205128 4232.307692
4225.128205 4227.692308 4231.282051 4224.102564 4228.717949 4242.051282 4195.897436 4221.538462 4195.897436 4222.564103 4222.051282 4229.743590 4210.769231 4232.307692
4229.230769 4218.974359 4226.153846 4217.948718 4223.589744 4239.487179 4200.000000 4224.102564 4195.897436 4226.153846 4220.512821 4228.717949 4212.307692 4233.846154
4237.435897 4222.051282 4227.692308 4224.102564 4221.538462 4241.538462 4207.179487 4232.307692 4200.512821 4224.102564 4223.076923 4228.717949 4214.871795 4239.487179
4238.974359 4230.256410 4235.897436 4226.666667 4228.205128 4248.717949 4210.769231 4237.435897 4212.307692 4215.897436 4225.641026 4227.692308 4214.871795 4237.435897
4228.717949 4224.102564 4221.025641 4211.282051 4223.589744 4247.179487 4208.717949 4236.410256 4209.230769 4217.948718 4219.487179 4219.487179 4207.692308 4229.743590
4235.384615 4227.692308 4237.948718 4224.102564 4223.076923 4246.666667 4206.666667 4233.333333 4212.307692 4228.205128 4221.538462 4229.743590 4204.102564 4239.487179
4236.410256 4225.128205 4233.333333 4220.000000 4220.512821 4242.051282 4201.025641 4229.230769 4207.692308 4227.179487 4222.564103 4226.153846 4201.538462 4238.974359
4226.153846 4224.615385 4221.538462 4213.846154 4222.564103 4241.538462 4210.256410 4233.333333 4213.846154 4218.974359 4217.435897 4222.051282 4198.974359 4229.743590
4222.051282 4228.205128 4229.230769 4216.410256 4226.666667 4242.564103 4215.897436 4237.948718 4224.102564 4218.974359 4214.871795 4225.128205 4200.000000 4227.692308
4213.846154 4220.000000 4216.410256 4205.128205 4221.025641 4239.487179 4204.615385 4238.974359 4215.897436 4226.153846 4213.846154 4214.358974 4197.948718 4224.102564
4213.333333 4223.589744 4226.666667 4209.743590 4224.102564 4245.128205 4212.307692 4246.153846 4224.102564 4222.564103 4212.307692 4215.384615 4195.384615 4226.666667
4214.871795 4221.538462 4222.564103 4202.564103 4223.589744 4243.589744 4221.538462 4249.230769 4231.794872 4212.820513 4205.128205 4210.769231 4198.461538 4224.615385
4221.025641 4218.974359 4216.410256 4200.000000 4220.000000 4237.948718 4214.358974 4245.641026 4237.435897 4220.512821 4209.230769 4213.846154 4214.358974 4227.692308
4235.384615 4225.641026 4237.435897 4208.205128 4222.564103 4238.974359 4214.358974 4251.282051 4250.256410 4230.769231 4222.564103 4227.692308 4229.743590 4239.487179
4241.538462 4227.179487 4233.846154 4203.589744 4220.512821 4238.461538 4222.051282 4262.051282 4250.769231 4224.615385 4223.076923 4224.102564 4226.153846 4241.025641
4244.615385 4232.820513 4240.000000 4215.384615 4227.692308 4242.564103 4227.179487 4263.589744 4255.384615 4222.564103 4223.076923 4227.692308 4217.435897 4239.487179
4231.794872 4224.615385 4228.717949 4205.641026 4226.666667 4236.410256 4210.769231 4247.692308 4246.666667 4227.179487 4223.589744 4224.615385 4214.871795 4229.230769
4217.435897 4218.461538 4216.410256 4196.410256 4220.512821 4229.743590 4191.282051 4235.897436 4231.794872 4224.102564 4220.000000 4218.461538 4210.256410 4225.128205
4227.179487 4226.153846 4237.948718 4213.333333 4226.153846 4235.384615 4208.205128 4250.769231 4242.564103 4218.974359 4222.051282 4226.666667 4208.205128 4232.307692
4232.307692 4226.153846 4229.230769 4207.179487 4224.615385 4232.307692 4227.179487 4261.538462 4250.256410 4221.538462 4222.564103 4222.051282 4213.846154 4228.717949
4229.743590 4229.743590 4231.794872 4206.153846 4225.128205 4228.717949 4216.923077 4254.358974 4255.897436 4227.179487 4224.102564 4225.641026 4221.025641 4231.282051
4226.153846 4225.128205 4235.384615 4204.615385 4222.564103 4227.692308 4205.128205 4248.717949 4254.871795 4225.641026 4221.538462 4224.102564 4219.487179 4232.307692
4226.153846 4225.128205 4226.153846 4203.589744 4222.051282 4231.282051 4212.820513 4253.333333 4257.948718 4222.051282 4217.948718 4216.923077 4213.846154 4227.179487
4232.820513 4239.487179 4236.923077 4209.743590 4229.743590 4234.871795 4216.923077 4261.025641 4281.538462 4223.589744 4225.128205 4224.615385 4218.974359 4230.256410
4230.769231 4235.384615 4225.128205 4196.923077 4222.564103 4229.230769 4211.794872 4257.435897 4288.205128 4224.615385 4226.666667 4222.051282 4230.256410 4229.743590
4230.256410 4233.333333 4232.307692 4209.743590 4221.025641 4235.384615 4223.076923 4256.410256 4288.205128 4226.666667 4222.051282 4226.666667 4232.820513 4233.846154
4224.615385 4232.820513 4233.846154 4211.794872 4228.717949 4240.512821 4222.051282 4256.923077 4282.564103 4226.666667 4216.410256 4221.538462 4212.820513 4229.743590
4216.923077 4229.230769 4215.897436 4198.461538 4227.692308 4233.846154 4199.487179 4246.153846 4272.820513 4225.128205 4211.282051 4215.897436 4197.948718 4220.512821
4231.794872 4232.820513 4235.897436 4209.743590 4225.128205 4236.923077 4205.641026 4239.487179 4280.512821 4226.153846 4215.897436 4233.333333 4214.871795 4230.256410
4238.461538 4227.179487 4231.282051 4204.615385 4218.461538 4236.923077 4219.487179 4243.076923 4278.974359 4226.153846 4213.846154 4228.717949 4225.641026 4230.256410
4230.769231 4230.256410 4224.615385 4204.102564 4224.615385 4237.948718 4217.435897 4248.205128 4282.051282 4221.538462 4211.282051 4221.025641 4218.461538 4224.615385
4220.000000 4231.794872 4225.128205 4204.615385 4229.230769 4238.974359 4206.666667 4242.564103 4278.461538 4220.512821 4211.794872 4223.076923 4214.871795 4221.538462
4217.435897 4224.615385 4215.384615 4198.461538 4222.564103 4237.435897 4205.128205 4234.871795 4261.025641 4226.153846 4209.230769 4222.564103 4214.358974 4220.000000
4232.307692 4232.820513 4237.435897 4216.923077 4228.205128 4241.538462 4221.538462 4237.435897 4269.230769 4224.102564 4208.205128 4230.769231 4214.871795 4229.743590
4228.717949 4231.794872 4230.256410 4211.282051 4227.692308 4239.487179 4223.076923 4238.974359 4269.230769 4219.487179 4206.153846 4222.564103 4213.846154 4227.692308
4223.076923 4230.769231 4223.589744 4204.102564 4224.615385 4241.025641 4216.923077 4246.153846 4267.692308 4224.615385 4210.256410 4223.589744 4219.487179 4227.692308
4231.282051 4232.307692 4235.384615 4204.615385 4225.641026 4241.025641 4215.897436 4250.256410 4275.897436 4229.230769 4215.897436 4233.333333 4224.615385 4231.282051
4228.717949 4224.615385 4221.538462 4197.948718 4220.512821 4236.410256 4212.307692 4241.538462 4272.820513 4224.102564 4212.307692 4226.666667 4220.000000 4226.153846
4221.025641 4228.717949 4227.179487 4207.692308 4225.641026 4244.615385 4215.897436 4234.358974 4273.333333 4222.051282 4210.256410 4227.179487 4213.333333 4223.589744
4211.794872 4221.538462 4218.974359 4195.384615 4225.641026 4241.538462 4216.410256 4238.974359 4267.692308 4225.128205 4208.205128 4222.564103 4217.435897 4215.384615
4221.538462 4217.948718 4218.974359 4196.923077 4223.589744 4232.307692 4218.461538 4249.743590 4267.692308 4226.666667 4211.794872 4225.641026 4229.230769 4222.564103
4233.333333 4226.153846 4237.435897 4214.358974 4226.153846 4233.333333 4221.538462 4244.102564 4267.692308 4220.512821 4213.846154 4230.256410 4227.179487 4232.307692
4223.589744 4221.538462 4222.564103 4205.641026 4221.538462 4232.820513 4220.000000 4233.846154 4257.948718 4220.000000 4207.692308 4222.051282 4222.051282 4225.128205
4234.358974 4225.641026 4235.384615 4215.384615 4224.102564 4235.897436 4228.205128 4245.641026 4272.307692 4227.179487 4214.358974 4235.384615 4229.230769 4229.743590
4249.743590 4227.692308 4241.538462 4214.871795 4222.564103 4238.461538 4229.230769 4258.974359 4280.512821 4229.743590 4223.589744 4241.538462 4235.384615 4234.358974
4244.102564 4231.794872 4233.846154 4211.794872 4223.076923 4238.974359 4230.769231 4263.589744 4278.974359 4223.076923 4223.076923 4238.461538 4241.025641 4232.820513
4240.000000 4235.897436 4240.000000 4217.435897 4229.230769 4238.974359 4236.923077 4266.153846 4285.128205 4221.538462 4222.051282 4243.076923 4251.282051 4232.820513
4238.461538 4225.128205 4223.076923 4208.205128 4223.589744 4233.846154 4231.282051 4263.076923 4281.538462 4228.205128 4222.051282 4237.948718 4255.897436 4227.692308
4248.717949 4232.820513 4238.461538 4224.615385 4225.641026 4235.897436 4236.410256 4267.179487 4287.179487 4223.076923 4227.692308 4243.589744 4258.461538 4233.846154
4244.615385 4235.384615 4240.512821 4225.641026 4227.692308 4236.923077 4237.948718 4265.128205 4280.512821 4213.846154 4222.564103 4235.897436 4254.358974 4230.769231
4228.717949 4224.102564 4219.487179 4213.333333 4224.102564 4235.897436 4223.589744 4251.282051 4267.179487 4218.461538 4216.410256 4226.666667 4242.051282 4224.102564
4238.974359 4225.128205 4237.435897 4220.512821 4225.128205 4238.461538 4226.153846 4256.923077 4284.615385 4228.717949 4227.692308 4241.025641 4247.692308 4233.846154
4245.641026 4224.102564 4234.871795 4213.333333 4220.000000 4234.871795 4234.871795 4269.230769 4289.230769 4228.717949 4232.820513 4240.512821 4260.000000 4234.358974
4236.923077 4229.743590 4231.794872 4215.897436 4225.128205 4237.435897 4232.820513 4266.666667 4285.641026 4224.102564 4229.230769 4236.410256 4256.923077 4228.205128
4228.205128 4231.794872 4231.794872 4214.358974 4229.743590 4240.000000 4228.717949 4261.538462 4285.128205 4225.128205 4228.205128 4232.307692 4254.358974 4224.102564
4230.769231 4225.641026 4227.179487 4208.717949 4223.076923 4239.487179 4228.717949 4264.615385 4282.564103 4226.666667 4230.256410 4233.333333 4256.923077 4227.179487
4236.923077 4218.974359 4237.948718 4218.461538 4224.102564 4241.538462 4229.230769 4261.025641 4278.974359 4225.641026 4231.282051 4240.000000 4253.846154 4232.307692
4228.717949 4210.256410 4224.615385 4212.820513 4223.076923 4236.923077 4224.102564 4253.846154 4267.692308 4222.564103 4226.666667 4228.717949 4245.641026 4224.615385
4236.410256 4220.000000 4239.487179 4220.000000 4225.641026 4240.000000 4229.743590 4261.538462 4278.974359 4225.641026 4229.743590 4238.461538 4252.820513 4229.743590
4252.820513 4224.615385 4252.307692 4221.025641 4224.102564 4240.512821 4235.897436 4265.641026 4284.615385 4226.666667 4232.820513 4248.205128 4267.179487 4242.564103
4249.230769 4219.487179 4230.256410 4215.384615 4220.512821 4237.948718 4234.871795 4261.025641 4269.743590 4224.615385 4226.153846 4235.897436 4260.000000 4239.487179
4242.564103 4225.641026 4237.435897 4229.230769 4229.743590 4247.179487 4242.564103 4262.564103 4271.282051 4225.128205 4223.076923 4235.897436 4243.589744 4231.282051
4234.358974 4222.051282 4231.282051 4217.435897 4226.153846 4243.076923 4245.641026 4262.564103 4267.692308 4224.615385 4222.051282 4232.820513 4243.076923 4223.076923
4239.487179 4218.974359 4232.820513 4215.384615 4225.641026 4238.974359 4244.102564 4261.025641 4269.743590 4224.615385 4226.153846 4236.923077 4257.435897 4230.769231
4245.128205 4220.000000 4241.538462 4223.076923 4229.743590 4243.076923 4241.538462 4262.564103 4274.358974 4223.589744 4231.282051 4238.974359 4260.000000 4235.897436
4236.410256 4214.358974 4226.153846 4214.358974 4223.076923 4238.974359 4230.769231 4256.410256 4261.025641 4223.076923 4230.769231 4230.256410 4254.358974 4228.205128
4235.384615 4215.897436 4235.384615 4215.897436 4224.102564 4236.410256 4220.000000 4241.538462 4260.000000 4226.153846 4230.769231 4237.948718 4260.000000 4231.794872
4234.358974 4211.794872 4227.692308 4205.128205 4223.076923 4235.384615 4208.717949 4228.717949 4252.820513 4225.641026 4224.615385 4234.871795 4255.384615 4228.205128
4235.897436 4214.358974 4226.153846 4213.333333 4224.615385 4237.435897 4208.205128 4233.846154 4254.871795 4223.076923 4223.076923 4231.794872 4243.589744 4223.076923
4241.538462 4217.435897 4237.948718 4224.102564 4228.205128 4236.923077 4212.307692 4245.641026 4273.846154 4221.025641 4226.666667 4235.384615 4243.076923 4224.615385
4237.435897 4208.717949 4223.076923 4211.282051 4220.000000 4232.820513 4207.692308 4238.974359 4275.384615 4222.564103 4224.615385 4232.307692 4245.641026 4221.538462
4245.641026 4214.358974 4238.461538 4226.666667 4221.025641 4234.871795 4212.307692 4233.333333 4278.974359 4224.615385 4228.717949 4244.102564 4243.589744 4228.205128
4254.358974 4213.333333 4242.564103 4232.820513 4222.564103 4233.333333 4217.948718 4243.076923 4285.641026 4226.666667 4232.307692 4241.538462 4247.179487 4230.256410
4251.282051 4211.282051 4234.358974 4230.769231 4223.076923 4235.897436 4220.000000 4246.666667 4294.358974 4228.717949 4230.769231 4236.410256 4257.948718 4228.205128
4243.076923 4214.358974 4241.538462 4231.282051 4225.128205 4238.974359 4215.384615 4236.923077 4295.384615 4226.666667 4231.794872 4244.102564 4256.410256 4226.153846
4235.897436 4206.153846 4225.641026 4220.000000 4221.025641 4231.282051 4207.179487 4234.871795 4281.538462 4223.589744 4229.743590 4237.948718 4244.102564 4221.025641
4244.102564 4215.384615 4232.307692 4232.307692 4227.179487 4234.871795 4217.948718 4246.153846 4291.794872 4223.589744 4231.794872 4238.461538 4245.128205 4227.692308
4241.025641 4222.564103 4229.230769 4230.256410 4229.743590 4240.000000 4222.051282 4246.153846 4298.974359 4225.641026 4232.820513 4232.820513 4252.820513 4224.615385
4232.820513 4220.000000 4220.000000 4226.666667 4225.128205 4237.435897 4213.846154 4241.538462 4291.794872 4225.128205 4230.769231 4230.256410 4249.230769 4218.461538
4240.000000 4217.435897 4236.410256 4237.948718 4225.641026 4234.358974 4214.871795 4242.051282 4288.717949 4217.948718 4228.717949 4239.487179 4242.051282 4226.153846
4234.871795 4208.717949 4216.923077 4221.538462 4221.538462 4229.743590 4214.871795 4233.846154 4277.435897 4216.923077 4224.615385 4231.282051 4238.461538 4222.564103
4234.871795 4213.333333 4217.435897 4221.025641 4226.153846 4233.333333 4220.512821 4231.794872 4284.615385 4224.615385 4230.256410 4235.897436 4244.102564 4221.025641
4242.564103 4214.871795 4228.205128 4222.051282 4225.128205 4232.307692 4226.666667 4240.000000 4291.282051 4224.615385 4232.820513 4240.000000 4253.333333 4224.102564
4244.615385 4213.333333 4225.641026 4221.025641 4219.487179 4231.282051 4223.589744 4238.974359 4287.692308 4220.512821 4228.205128 4234.871795 4254.871795 4226.666667
4243.589744 4218.974359 4235.384615 4231.282051 4226.666667 4238.974359 4217.948718 4232.307692 4291.794872 4222.051282 4226.153846 4235.897436 4247.179487 4226.666667
4234.871795 4207.692308 4217.435897 4218.974359 4225.128205 4233.846154 4210.256410 4232.820513 4284.102564 4225.641026 4222.051282 4229.743590 4240.000000 4216.923077
4241.538462 4207.179487 4223.589744 4222.051282 4224.102564 4232.820513 4213.333333 4239.487179 4288.717949 4222.051282 4223.589744 4234.358974 4244.102564 4223.076923
4249.743590 4214.871795 4233.846154 4227.692308 4224.102564 4238.974359 4222.564103 4240.512821 4291.794872 4214.871795 4223.589744 4231.794872 4242.051282 4229.743590
4244.102564 4214.358974 4218.461538 4222.051282 4221.025641 4238.974359 4221.025641 4239.487179 4281.025641 4217.435897 4219.487179 4224.615385 4235.897436 4222.564103
4248.205128 4216.923077 4228.205128 4223.589744 4226.153846 4237.435897 4218.974359 4241.025641 4291.282051 4226.153846 4225.128205 4236.923077 4243.589744 4222.051282
4252.307692 4214.358974 4225.128205 4210.256410 4223.076923 4233.333333 4218.974359 4238.974359 4286.666667 4226.153846 4225.641026 4235.384615 4244.615385 4221.538462
4252.307692 4216.410256 4230.256410 4218.461538 4223.076923 4235.897436 4225.641026 4243.076923 4269.743590 4221.538462 4221.025641 4232.307692 4236.923077 4224.615385
4249.743590 4217.948718 4230.769231 4221.538462 4226.153846 4236.923077 4228.717949 4247.179487 4269.230769 4220.512821 4224.102564 4230.769231 4236.410256 4223.076923
4245.128205 4212.820513 4213.333333 4208.205128 4224.615385 4231.794872 4221.025641 4242.051282 4280.000000 4222.564103 4228.205128 4226.153846 4238.974359 4217.948718
4245.641026 4215.897436 4226.666667 4216.923077 4228.205128 4233.333333 4216.923077 4237.948718 4288.205128 4224.615385 4229.743590 4234.358974 4241.025641 4221.025641
4234.358974 4207.692308 4217.435897 4206.666667 4223.076923 4230.256410 4213.333333 4231.794872 4269.743590 4221.025641 4222.564103 4225.641026 4237.948718 4217.435897
4232.307692 4208.717949 4214.871795 4204.102564 4224.102564 4231.794872 4213.846154 4229.743590 4265.128205 4220.000000 4224.102564 4223.589744 4231.794872 4217.948718
4234.871795 4212.307692 4227.179487 4208.717949 4227.692308 4232.820513 4212.820513 4233.846154 4273.846154 4226.666667 4230.769231 4232.307692 4232.820513 4218.461538
4226.153846 4204.102564 4212.307692 4198.974359 4221.538462 4225.641026 4207.179487 4231.282051 4266.153846 4226.666667 4224.102564 4227.179487 4235.897436 4212.820513
4232.820513 4212.307692 4224.102564 4210.769231 4228.205128 4230.769231 4215.384615 4231.794872 4270.256410 4222.564103 4222.051282 4230.769231 4237.435897 4220.000000
4232.820513 4215.384615 4219.487179 4204.615385 4229.743590 4232.820513 4216.923077 4233.846154 4266.666667 4223.589744 4220.512821 4224.102564 4234.871795 4218.461538
4229.743590 4215.384615 4215.897436 4200.512821 4223.589744 4228.717949 4211.794872 4231.282051 4262.051282 4228.717949 4217.948718 4223.589744 4231.282051 4215.897436
4238.461538 4215.384615 4231.282051 4209.743590 4222.564103 4227.179487 4209.743590 4226.153846 4257.435897 4226.153846 4217.948718 4232.820513 4231.282051 4221.538462
4239.487179 4208.205128 4218.974359 4204.102564 4220.512821 4226.666667 4207.179487 4220.512821 4241.538462 4219.487179 4218.461538 4227.179487 4230.256410 4222.051282
4243.076923 4215.897436 4227.179487 4210.256410 4226.666667 4231.794872 4216.410256 4221.538462 4247.692308 4222.564103 4223.076923 4229.743590 4228.717949 4223.076923
4243.076923 4211.794872 4224.102564 4198.461538 4223.589744 4227.179487 4216.410256 4221.025641 4249.743590 4228.205128 4222.051282 4227.692308 4231.282051 4218.974359
4247.179487 4211.282051 4218.974359 4197.435897 4221.538462 4225.128205 4214.358974 4226.666667 4249.743590 4225.128205 4222.051282 4230.769231 4243.589744 4224.615385
4252.820513 4228.205128 4231.282051 4212.307692 4228.205128 4235.897436 4225.128205 4236.410256 4259.487179 4222.051282 4228.717949 4237.435897 4248.717949 4230.256410
4238.974359 4226.153846 4212.307692 4200.512821 4222.564103 4235.384615 4220.000000 4227.692308 4250.256410 4225.128205 4229.743590 4227.692308 4240.512821 4219.487179
4238.461538 4217.435897 4220.512821 4207.179487 4223.076923 4234.871795 4207.692308 4221.538462 4252.307692 4224.102564 4231.794872 4236.410256 4246.153846 4224.615385
4248.717949 4209.743590 4229.743590 4209.230769 4224.615385 4233.333333 4206.666667 4230.769231 4260.000000 4218.461538 4230.769231 4240.000000 4256.410256 4232.820513
4246.153846 4211.282051 4222.051282 4201.025641 4222.564103 4227.692308 4208.717949 4231.282051 4255.897436 4222.564103 4229.743590 4229.230769 4250.256410 4226.153846
4236.923077 4216.410256 4229.743590 4204.102564 4226.666667 4228.205128 4203.589744 4218.461538 4253.333333 4226.666667 4231.794872 4232.820513 4238.974359 4222.564103
4226.666667 4208.717949 4214.358974 4190.769231 4223.076923 4226.153846 4199.487179 4215.384615 4243.589744 4221.538462 4226.153846 4229.743590 4236.923077 4220.512821
4232.820513 4210.769231 4222.051282 4195.384615 4226.153846 4228.717949 4213.333333 4226.153846 4248.717949 4222.051282 4224.615385 4231.794872 4236.410256 4224.102564
4236.923077 4210.769231 4227.692308 4196.923077 4228.717949 4229.743590 4214.871795 4221.025641 4247.179487 4225.128205 4224.102564 4227.692308 4222.051282 4219.487179
4230.256410 4210.769231 4216.410256 4194.358974 4224.102564 4227.179487 4201.025641 4209.743590 4233.846154 4225.128205 4219.487179 4223.076923 4209.743590 4218.974359
4237.435897 4219.487179 4232.307692 4205.641026 4225.641026 4229.230769 4202.564103 4213.846154 4236.923077 4223.076923 4221.025641 4232.307692 4220.000000 4229.743590
4242.051282 4215.384615 4224.102564 4200.000000 4222.051282 4227.179487 4207.692308 4215.897436 4232.820513 4220.512821 4220.512821 4227.179487 4229.230769 4227.179487
4243.589744 4216.923077 4227.179487 4206.153846 4225.641026 4229.230769 4212.820513 4218.461538 4236.410256 4224.102564 4222.051282 4233.333333 4229.743590 4226.153846
4238.461538 4216.410256 4228.205128 4200.000000 4227.179487 4227.179487 4208.717949 4218.974359 4237.948718 4225.128205 4221.538462 4232.820513 4235.897436 4225.641026
4232.307692 4214.871795 4209.743590 4187.692308 4221.538462 4221.538462 4194.871795 4210.769231 4228.205128 4222.564103 4217.948718 4222.051282 4238.974359 4221.025641
4240.000000 4225.641026 4227.179487 4206.666667 4227.179487 4227.179487 4199.487179 4210.256410 4233.333333 4223.589744 4220.000000 4231.794872 4236.410256 4227.692308
4241.025641 4221.538462 4224.102564 4202.051282 4224.615385 4225.128205 4208.717949 4214.871795 4235.384615 4226.153846 4219.487179 4231.794872 4237.948718 4225.641026
4241.025641 4218.974359 4226.153846 4200.000000 4221.538462 4223.589744 4212.820513 4215.897436 4238.974359 4226.153846 4221.538462 4234.871795 4241.538462 4224.615385
4238.974359 4217.948718 4237.435897 4204.615385 4222.051282 4224.615385 4213.846154 4216.410256 4240.000000 4222.564103 4224.102564 4238.461538 4239.487179 4228.717949
4227.179487 4211.282051 4220.512821 4200.000000 4218.974359 4222.564103 4213.846154 4221.538462 4231.794872 4222.051282 4218.974359 4227.179487 4232.307692 4224.615385
4223.589744 4218.974359 4224.102564 4209.230769 4226.666667 4226.153846 4213.846154 4223.076923 4234.871795 4224.102564 4221.025641 4229.230769 4223.076923 4220.512821
4228.205128 4219.487179 4221.025641 4200.000000 4224.615385 4226.153846 4213.333333 4225.641026 4239.487179 4229.743590 4227.692308 4230.256410 4226.153846 4217.948718
4244.102564 4223.589744 4227.179487 4205.641026 4223.589744 4229.230769 4224.615385 4235.897436 4249.743590 4228.205128 4230.769231 4233.846154 4243.076923 4231.282051
4245.641026 4230.769231 4234.358974 4216.923077 4228.717949 4230.256410 4232.307692 4228.717949 4244.615385 4214.358974 4226.153846 4230.769231 4238.461538 4234.358974
4225.641026 4218.461538 4214.871795 4202.564103 4222.564103 4222.564103 4221.025641 4213.333333 4222.051282 4216.410256 4216.923077 4216.410256 4219.487179 4218.461538
4225.641026 4213.846154 4225.641026 4206.153846 4223.076923 4222.564103 4216.410256 4213.333333 4223.076923 4229.230769 4219.487179 4225.641026 4216.923077 4221.538462
4222.564103 4212.820513 4218.461538 4203.589744 4222.564103 4223.589744 4216.923077 4213.846154 4216.410256 4227.179487 4221.025641 4224.102564 4211.282051 4222.564103
4213.333333 4216.923077 4212.820513 4206.666667 4223.076923 4225.641026 4215.897436 4210.769231 4214.871795 4220.000000 4222.051282 4220.000000 4205.128205 4217.435897
4223.589744 4221.025641 4229.230769 4211.282051 4226.666667 4225.641026 4214.871795 4214.871795 4234.358974 4221.538462 4229.743590 4230.256410 4222.564103 4217.948718
4226.666667 4216.923077 4216.410256 4197.435897 4221.538462 4220.512821 4212.307692 4216.410256 4234.358974 4222.564103 4230.256410 4226.153846 4233.846154 4217.948718
4222.564103 4225.641026 4227.179487 4211.794872 4224.102564 4225.641026 4224.615385 4217.948718 4233.333333 4221.025641 4229.230769 4228.717949 4228.205128 4227.179487
4220.000000 4223.076923 4226.153846 4210.256410 4224.615385 4222.051282 4227.179487 4219.487179 4229.743590 4221.025641 4228.205128 4224.615385 4229.743590 4224.102564
4216.923077 4216.923077 4214.871795 4197.948718 4224.102564 4217.435897 4214.871795 4218.461538 4227.692308 4223.589744 4230.769231 4221.538462 4237.948718 4215.897436
4223.589744 4222.564103 4232.820513 4205.128205 4226.153846 4222.051282 4218.974359 4223.589744 4237.435897 4224.102564 4237.948718 4232.307692 4243.076923 4223.076923
4245.128205 4218.974359 4223.589744 4199.487179 4220.000000 4218.461538 4224.615385 4224.615385 4229.743590 4220.000000 4234.871795 4227.179487 4240.000000 4224.102564
4278.974359 4224.102564 4219.487179 4202.564103 4225.641026 4220.000000 4220.512821 4218.974359 4228.205128 4222.564103 4230.256410 4225.641026 4232.307692 4220.512821
4288.205128 4226.153846 4217.435897 4194.358974 4226.666667 4224.615385 4212.820513 4213.333333 4228.717949 4228.717949 4229.743590 4222.051282 4227.179487 4216.923077
4288.717949 4225.128205 4218.974359 4193.333333 4221.025641 4222.564103 4213.333333 4212.820513 4224.615385 4227.179487 4231.794872 4222.051282 4231.794872 4222.564103
4303.076923 4229.230769 4236.410256 4209.230769 4227.179487 4224.102564 4224.102564 4214.358974 4228.717949 4224.102564 4231.794872 4231.282051 4235.384615 4231.794872
4290.769231 4220.000000 4214.358974 4198.461538 4225.128205 4222.564103 4221.025641 4211.282051 4216.923077 4224.102564 4222.564103 4219.487179 4225.128205 4221.025641
4278.974359 4217.948718 4218.461538 4201.538462 4224.102564 4223.589744 4215.384615 4212.307692 4217.948718 4226.666667 4223.076923 4220.000000 4224.615385 4218.461538
4289.743590 4215.897436 4233.846154 4203.589744 4223.076923 4220.512821 4216.923077 4212.820513 4224.102564 4226.153846 4227.692308 4227.179487 4237.435897 4226.666667
4295.384615 4212.820513 4222.564103 4200.000000 4221.538462 4217.435897 4221.538462 4214.358974 4222.051282 4221.538462 4227.179487 4226.153846 4239.487179 4227.692308
4295.384615 4223.076923 4232.820513 4212.307692 4229.230769 4225.641026 4226.666667 4222.564103 4233.846154 4221.025641 4229.230769 4231.282051 4236.410256 4226.666667
4284.102564 4218.974359 4221.025641 4196.923077 4225.128205 4224.615385 4220.512821 4221.025641 4226.153846 4227.179487 4226.666667 4223.076923 4235.384615 4218.461538
4282.051282 4218.461538 4220.512821 4198.974359 4223.589744 4222.051282 4220.512821 4215.897436 4216.410256 4228.717949 4228.205128 4224.102564 4230.769231 4220.512821
4288.205128 4223.076923 4231.282051 4210.769231 4225.128205 4224.102564 4225.641026 4215.384615 4215.897436 4223.589744 4228.205128 4226.666667 4226.153846 4223.589744
4282.051282 4220.000000 4220.512821 4202.051282 4221.025641 4224.615385 4224.102564 4215.897436 4214.871795 4222.564103 4222.564103 4220.000000 4228.717949 4220.000000
4282.051282 4220.512821 4231.282051 4201.538462 4226.666667 4226.153846 4218.974359 4211.282051 4222.564103 4225.128205 4227.692308 4225.641026 4237.948718 4225.128205
4281.538462 4213.846154 4223.076923 4194.358974 4224.102564 4221.538462 4209.743590 4197.948718 4211.794872 4224.102564 4229.743590 4220.000000 4238.461538 4220.512821
4280.512821 4220.000000 4221.538462 4204.615385 4221.025641 4226.666667 4219.487179 4204.615385 4210.256410 4223.076923 4225.128205 4218.974359 4235.897436 4219.487179
4282.564103 4225.641026 4229.230769 4212.307692 4224.615385 4231.282051 4229.743590 4221.025641 4222.564103 4223.076923 4226.153846 4224.102564 4236.923077 4222.564103
4277.948718 4212.820513 4213.333333 4199.487179 4224.615385 4224.102564 4219.487179 4211.282051 4208.205128 4224.615385 4230.256410 4220.512821 4234.871795 4218.974359
4278.974359 4213.333333 4225.641026 4209.743590 4227.692308 4225.128205 4217.948718 4202.051282 4198.974359 4227.179487 4233.846154 4226.153846 4233.333333 4224.102564
4277.435897 4213.846154 4224.102564 4206.153846 4222.564103 4225.128205 4223.589744 4213.333333 4202.051282 4226.153846 4229.743590 4219.487179 4231.794872 4222.051282
4280.000000 4214.871795 4222.051282 4205.641026 4222.051282 4227.179487 4226.666667 4218.461538 4209.743590 4224.615385 4231.794872 4221.538462 4237.948718 4221.025641
4281.025641 4213.846154 4232.820513 4212.307692 4226.153846 4230.256410 4228.205128 4210.256410 4208.205128 4223.589744 4238.461538 4230.256410 4244.615385 4224.615385
4268.205128 4204.615385 4218.461538 4203.589744 4221.025641 4224.102564 4224.102564 4207.692308 4194.871795 4223.589744 4233.846154 4218.974359 4232.307692 4221.025641
4267.692308 4209.230769 4228.205128 4211.794872 4227.692308 4224.615385 4226.153846 4214.871795 4204.102564 4225.128205 4231.282051 4218.461538 4216.923077 4221.025641
4266.666667 4207.692308 4221.538462 4205.128205 4229.230769 4224.615385 4220.000000 4205.128205 4200.512821 4223.589744 4227.692308 4216.923077 4214.358974 4216.923077
4267.692308 4207.692308 4214.871795 4205.128205 4223.076923 4221.538462 4214.358974 4193.846154 4193.333333 4221.538462 4228.205128 4220.512821 4217.435897 4220.512821
4275.897436 4215.384615 4233.333333 4216.410256 4225.128205 4224.615385 4224.615385 4205.641026 4207.179487 4223.589744 4234.358974 4227.692308 4217.435897 4227.692308
4273.846154 4212.820513 4221.538462 4203.076923 4221.025641 4223.589744 4228.205128 4211.794872 4213.333333 4227.692308 4232.307692 4218.974359 4220.512821 4222.051282
4276.410256 4213.846154 4227.179487 4209.230769 4222.564103 4224.615385 4223.076923 4203.589744 4217.435897 4227.692308 4233.846154 4228.717949 4227.179487 4223.076923
4270.256410 4203.589744 4224.102564 4202.051282 4221.025641 4224.102564 4213.333333 4195.384615 4205.641026 4225.641026 4233.333333 4228.717949 4220.000000 4220.000000
4261.538462 4197.435897 4212.820513 4195.897436 4220.000000 4224.102564 4212.307692 4199.487179 4196.923077 4222.051282 4230.256410 4220.000000 4210.256410 4213.846154
4269.230769 4206.666667 4230.256410 4214.358974 4225.641026 4229.230769 4227.692308 4207.179487 4211.282051 4222.051282 4235.384615 4228.717949 4218.461538 4218.974359
4267.179487 4200.512821 4218.974359 4205.128205 4221.025641 4226.666667 4228.717949 4207.179487 4207.692308 4229.230769 4235.384615 4224.615385 4221.538462 4216.923077
4266.153846 4203.076923 4222.051282 4205.641026 4221.025641 4225.641026 4218.974359 4207.179487 4201.538462 4226.153846 4232.820513 4226.153846 4211.282051 4220.000000
4268.205128 4210.256410 4230.769231 4211.282051 4224.615385 4224.615385 4222.564103 4211.282051 4201.538462 4213.846154 4233.333333 4225.128205 4209.743590 4222.051282
4264.615385 4207.692308 4220.512821 4207.179487 4224.102564 4225.128205 4233.333333 4216.410256 4205.128205 4216.410256 4237.948718 4221.025641 4217.435897 4216.923077
4267.692308 4210.769231 4228.717949 4207.692308 4225.641026 4229.230769 4227.179487 4213.846154 4210.769231 4227.179487 4243.076923 4230.769231 4219.487179 4218.461538
4270.769231 4210.769231 4223.589744 4201.025641 4221.025641 4224.102564 4218.461538 4212.307692 4200.000000 4228.205128 4243.589744 4227.692308 4220.512821 4217.435897
4276.923077 4216.410256 4231.282051 4216.923077 4226.153846 4225.641026 4236.410256 4225.641026 4204.615385 4224.102564 4244.102564 4228.205128 4227.179487 4221.025641
4272.820513 4214.871795 4228.205128 4217.435897 4229.230769 4224.615385 4240.000000 4225.128205 4205.128205 4222.051282 4239.487179 4226.666667 4224.615385 4217.948718
4262.051282 4213.333333 4212.307692 4206.666667 4222.051282 4219.487179 4223.076923 4208.717949 4191.282051 4223.076923 4234.358974 4222.564103 4218.974359 4213.846154
4269.230769 4223.076923 4234.358974 4222.564103 4226.153846 4224.615385 4227.179487 4211.282051 4201.025641 4218.974359 4240.512821 4230.769231 4226.666667 4223.076923
4265.641026 4212.820513 4227.179487 4211.282051 4224.615385 4222.051282 4232.820513 4216.923077 4205.128205 4216.923077 4241.025641 4225.641026 4231.282051 4220.000000
4261.538462 4209.230769 4223.076923 4208.205128 4223.589744 4221.025641 4230.256410 4213.333333 4206.666667 4220.512821 4239.487179 4226.153846 4230.769231 4218.974359
4266.153846 4213.846154 4231.282051 4216.410256 4224.102564 4223.589744 4228.717949 4210.769231 4207.179487 4218.974359 4239.487179 4226.666667 4226.666667 4222.051282
4264.615385 4212.307692 4218.461538 4214.358974 4221.025641 4222.051282 4229.230769 4214.871795 4206.666667 4216.923077 4237.435897 4222.564103 4221.538462 4220.000000
4266.153846 4222.564103 4232.307692 4224.615385 4229.230769 4225.128205 4235.384615 4225.641026 4225.641026 4224.102564 4242.051282 4233.846154 4228.205128 4224.615385
4263.076923 4227.179487 4227.179487 4216.410256 4224.615385 4217.435897 4231.282051 4224.102564 4227.692308 4225.641026 4243.076923 4228.205128 4235.897436 4222.564103
4266.153846 4230.256410 4227.692308 4217.948718 4217.948718 4213.333333 4224.102564 4213.333333 4224.615385 4222.564103 4244.615385 4226.666667 4233.333333 4225.641026
4276.410256 4228.717949 4242.564103 4224.102564 4224.615385 4219.487179 4227.179487 4214.358974 4233.333333 4224.102564 4248.205128 4234.871795 4235.897436 4232.820513
4272.307692 4218.461538 4227.179487 4213.333333 4226.153846 4220.512821 4229.743590 4221.538462 4232.820513 4224.615385 4247.179487 4230.769231 4243.076923 4226.666667
4269.230769 4224.102564 4233.846154 4221.025641 4226.666667 4222.051282 4232.820513 4218.461538 4236.923077 4226.666667 4251.794872 4236.410256 4246.153846 4226.153846
4268.717949 4220.000000 4230.769231 4213.846154 4221.538462 4218.974359 4227.179487 4209.743590 4234.871795 4225.641026 4252.307692 4231.794872 4246.153846 4228.205128
4271.794872 4214.358974 4227.179487 4212.307692 4222.051282 4222.051282 4224.102564 4211.794872 4233.846154 4221.025641 4246.153846 4225.641026 4244.102564 4232.820513
4269.230769 4220.000000 4238.461538 4220.000000 4227.692308 4228.205128 4227.179487 4214.871795 4235.897436 4220.512821 4245.128205 4228.717949 4238.461538 4233.846154
4257.948718 4218.974359 4224.102564 4206.666667 4221.538462 4222.051282 4226.153846 4209.230769 4227.179487 4222.051282 4243.589744 4225.641026 4232.307692 4225.128205
4262.051282 4223.076923 4232.820513 4212.307692 4221.538462 4221.538462 4231.282051 4207.692308 4231.794872 4225.128205 4244.615385 4231.794872 4234.871795 4226.666667
4261.025641 4219.487179 4231.282051 4209.743590 4221.538462 4221.025641 4236.923077 4209.743590 4229.230769 4227.692308 4242.564103 4228.205128 4235.897436 4228.717949
4253.333333 4218.974359 4222.564103 4205.641026 4223.076923 4219.487179 4230.769231 4213.333333 4227.179487 4227.179487 4244.102564 4228.717949 4236.410256 4229.230769
4260.512821 4224.615385 4236.923077 4211.282051 4227.179487 4222.564103 4228.717949 4220.000000 4244.102564 4221.025641 4251.794872 4238.461538 4248.205128 4229.743590
4267.692308 4218.461538 4228.717949 4205.641026 4217.948718 4220.000000 4239.487179 4223.589744 4246.153846 4221.538462 4252.307692 4232.307692 4256.410256 4226.666667
4267.692308 4225.128205 4237.435897 4221.025641 4223.076923 4222.051282 4245.128205 4221.538462 4241.538462 4220.512821 4251.794872 4233.846154 4245.641026 4235.897436
4257.435897 4224.615385 4232.820513 4214.871795 4228.717949 4220.512821 4226.666667 4215.897436 4232.307692 4215.384615 4247.692308 4226.666667 4233.846154 4230.769231
4263.589744 4217.435897 4224.102564 4204.102564 4222.564103 4214.871795 4222.051282 4218.974359 4234.871795 4220.000000 4246.153846 4225.128205 4245.641026 4223.589744
4283.589744 4225.641026 4248.717949 4222.564103 4223.589744 4217.948718 4242.564103 4224.615385 4248.205128 4221.025641 4252.820513 4245.641026 4254.871795 4237.435897
4271.282051 4223.076923 4235.384615 4214.358974 4223.076923 4217.435897 4233.333333 4211.794872 4230.769231 4214.871795 4250.256410 4239.487179 4241.025641 4236.923077
4260.000000 4219.487179 4227.179487 4210.256410 4224.615385 4215.384615 4213.333333 4204.615385 4226.153846 4223.589744 4249.743590 4234.871795 4237.435897 4227.179487
4266.666667 4219.487179 4232.307692 4213.333333 4224.102564 4212.307692 4216.923077 4209.743590 4233.333333 4231.282051 4252.820513 4241.025641 4245.128205 4226.666667
4267.179487 4224.615385 4226.666667 4215.384615 4221.538462 4210.256410 4228.205128 4213.846154 4230.769231 4223.076923 4250.256410 4237.435897 4241.538462 4232.307692
4262.051282 4235.384615 4241.025641 4222.564103 4227.179487 4214.871795 4237.435897 4219.487179 4234.871795 4218.461538 4248.717949 4232.820513 4235.384615 4234.871795
4251.282051 4226.666667 4227.692308 4204.102564 4222.564103 4214.871795 4235.384615 4216.410256 4228.205128 4224.615385 4246.153846 4224.615385 4235.384615 4223.589744
4253.333333 4226.153846 4229.230769 4204.102564 4221.538462 4218.974359 4227.692308 4209.743590 4226.666667 4222.564103 4247.179487 4237.435897 4236.923077 4227.179487
4257.948718 4232.820513 4238.461538 4208.205128 4222.564103 4219.487179 4225.641026 4209.230769 4228.717949 4215.384615 4249.230769 4241.025641 4238.461538 4230.769231
4253.846154 4234.871795 4224.615385 4199.487179 4219.487179 4217.948718 4233.846154 4218.974359 4227.179487 4217.948718 4250.256410 4226.666667 4240.512821 4225.128205
4258.461538 4238.974359 4236.923077 4207.179487 4226.153846 4226.666667 4242.051282 4229.743590 4238.974359 4224.615385 4257.948718 4235.384615 4246.153846 4232.307692
4253.846154 4227.179487 4230.769231 4201.025641 4223.589744 4224.102564 4231.794872 4223.076923 4233.846154 4222.564103 4256.923077 4235.897436 4246.666667 4230.256410
4250.256410 4229.743590 4231.282051 4209.743590 4222.564103 4220.512821 4232.820513 4219.487179 4231.282051 4218.974359 4254.358974 4234.358974 4242.564103 4227.179487
4252.307692 4242.051282 4242.564103 4214.871795 4227.692308 4221.025641 4239.487179 4223.076923 4234.358974 4221.538462 4256.923077 4234.871795 4242.051282 4231.794872
4249.230769 4237.948718 4229.230769 4200.000000 4223.589744 4214.358974 4229.230769 4215.897436 4219.487179 4224.615385 4255.897436 4228.717949 4244.102564 4229.743590
4257.435897 4244.102564 4242.051282 4213.846154 4224.102564 4216.410256 4228.717949 4212.307692 4223.589744 4226.153846 4258.974359 4238.974359 4250.769231 4235.384615
4257.435897 4249.230769 4238.974359 4214.871795 4222.564103 4216.410256 4237.435897 4220.000000 4229.230769 4225.128205 4260.000000 4234.871795 4250.769231 4234.871795
4247.179487 4247.692308 4233.333333 4207.692308 4227.179487 4216.923077 4237.435897 4222.564103 4224.102564 4221.025641 4258.974359 4230.769231 4240.512821 4229.743590
4242.564103 4242.051282 4241.538462 4205.128205 4232.307692 4220.512821 4232.307692 4218.461538 4218.461538 4221.538462 4257.948718 4237.948718 4235.384615 4225.641026
4240.512821 4237.435897 4229.230769 4200.000000 4222.051282 4214.871795 4227.692308 4214.358974 4210.769231 4225.128205 4252.820513 4230.769231 4237.948718 4222.564103
4251.282051 4248.717949 4242.051282 4215.897436 4223.076923 4213.333333 4235.384615 4216.410256 4221.538462 4221.025641 4257.948718 4231.282051 4239.487179 4230.769231
4250.769231 4247.179487 4238.974359 4208.205128 4227.179487 4213.333333 4242.051282 4220.000000 4220.000000 4214.871795 4264.102564 4231.282051 4234.358974 4230.769231
4245.128205 4238.974359 4232.820513 4206.153846 4226.153846 4213.333333 4233.846154 4222.051282 4214.871795 4220.000000 4264.102564 4236.923077 4235.897436 4228.205128
4253.846154 4233.846154 4246.666667 4221.025641 4225.128205 4215.897436 4224.102564 4221.025641 4222.051282 4223.076923 4263.589744 4244.102564 4246.153846 4233.333333
4250.256410 4225.128205 4229.230769 4210.256410 4218.974359 4214.871795 4224.615385 4221.025641 4214.871795 4218.974359 4260.000000 4232.307692 4243.076923 4230.769231
4240.512821 4232.307692 4229.230769 4213.333333 4227.179487 4220.000000 4230.769231 4221.538462 4215.384615 4221.538462 4262.564103 4235.897436 4238.461538 4229.230769
4237.435897 4232.307692 4231.282051 4209.230769 4226.666667 4216.923077 4219.487179 4212.307692 4213.846154 4229.230769 4263.076923 4235.897436 4246.666667 4226.153846
4246.153846 4231.794872 4232.307692 4205.128205 4221.025641 4214.358974 4215.897436 4208.717949 4207.692308 4227.692308 4260.512821 4233.333333 4249.743590 4229.230769
4259.487179 4240.000000 4249.743590 4219.487179 4228.717949 4218.461538 4235.384615 4218.974359 4211.794872 4217.435897 4261.025641 4238.974359 4241.025641 4236.410256
4254.871795 4230.769231 4233.333333 4210.256410 4225.128205 4213.846154 4236.410256 4224.102564 4212.820513 4214.358974 4260.000000 4230.256410 4238.974359 4230.769231
4256.410256 4229.230769 4240.000000 4214.358974 4224.615385 4219.487179 4233.333333 4225.128205 4223.589744 4223.589744 4262.051282 4236.410256 4243.589744 4234.871795
4254.358974 4229.230769 4243.589744 4215.384615 4226.153846 4224.615385 4239.487179 4221.538462 4220.512821 4228.205128 4258.461538 4242.051282 4238.974359 4236.923077
4242.564103 4223.076923 4228.205128 4208.717949 4221.025641 4218.974359 4242.564103 4218.461538 4211.282051 4223.076923 4253.846154 4234.358974 4230.256410 4230.256410
4244.102564 4226.666667 4241.538462 4216.410256 4223.589744 4220.000000 4242.564103 4225.128205 4221.538462 4221.538462 4259.487179 4234.358974 4231.282051 4230.769231
4237.948718 4223.589744 4229.743590 4207.692308 4222.564103 4216.923077 4231.282051 4220.512821 4211.794872 4226.153846 4256.923077 4226.666667 4226.153846 4226.666667
4231.794872 4225.128205 4227.179487 4211.794872 4227.179487 4216.923077 4225.641026 4210.769231 4199.487179 4223.076923 4251.794872 4227.179487 4216.923077 4226.666667
4229.743590 4227.179487 4231.282051 4210.769231 4229.230769 4216.923077 4232.307692 4215.384615 4198.461538 4214.871795 4253.846154 4225.641026 4218.461538 4225.641026
4230.769231 4227.179487 4223.589744 4203.589744 4226.153846 4215.897436 4237.435897 4223.076923 4201.538462 4217.948718 4258.461538 4223.589744 4227.692308 4224.102564
4243.589744 4237.435897 4241.538462 4214.358974 4228.205128 4217.435897 4238.461538 4222.051282 4214.358974 4224.102564 4261.538462 4237.435897 4236.410256 4233.846154
4240.512821 4233.846154 4230.769231 4204.102564 4222.051282 4210.769231 4232.820513 4216.410256 4204.102564 4220.512821 4257.435897 4231.282051 4233.333333 4230.769231
4231.282051 4231.794872 4224.615385 4205.641026 4222.564103 4210.256410 4232.307692 4214.358974 4195.897436 4218.974359 4257.435897 4227.692308 4227.692308 4224.615385
4229.743590 4232.307692 4231.794872 4209.743590 4226.153846 4215.897436 4230.769231 4210.769231 4200.000000 4223.076923 4256.923077 4231.794872 4225.128205 4221.538462
4233.846154 4231.794872 4224.102564 4203.589744 4221.025641 4217.435897 4232.307692 4210.256410 4194.871795 4224.615385 4254.358974 4227.692308 4217.435897 4222.051282
4241.538462 4242.051282 4242.564103 4214.871795 4226.153846 4222.051282 4246.666667 4216.410256 4197.435897 4219.487179 4264.102564 4234.871795 4214.871795 4234.358974
4233.846154 4237.435897 4235.384615 4207.179487 4223.589744 4216.923077 4248.717949 4219.487179 4196.410256 4213.846154 4273.846154 4227.692308 4221.025641 4228.717949
4228.717949 4234.358974 4227.179487 4203.589744 4218.974359 4215.384615 4238.461538 4223.076923 4201.025641 4221.025641 4276.923077 4228.717949 4229.743590 4222.051282
4229.230769 4232.820513 4236.923077 4200.000000 4221.538462 4219.487179 4229.230769 4220.512821 4201.025641 4229.743590 4276.923077 4237.435897 4230.256410 4226.666667
4220.512821 4222.564103 4225.641026 4187.692308 4222.051282 4215.384615 4220.512821 4214.358974 4188.205128 4225.128205 4278.461538 4229.743590 4223.589744 4224.102564
4223.076923 4224.615385 4234.871795 4202.564103 4228.205128 4217.948718 4220.512821 4220.512821 4196.410256 4222.051282 4285.128205 4232.820513 4227.179487 4226.153846
4223.589744 4216.923077 4225.128205 4196.410256 4225.128205 4220.000000 4217.948718 4225.128205 4199.487179 4226.153846 4282.051282 4229.743590 4237.435897 4225.641026
4219.487179 4212.307692 4220.000000 4193.333333 4223.076923 4219.487179 4225.128205 4218.974359 4192.820513 4225.128205 4277.435897 4228.717949 4237.435897 4226.666667
4211.794872 4215.897436 4230.256410 4204.102564 4228.205128 4218.461538 4228.205128 4205.641026 4181.538462 4215.897436 4272.820513 4226.153846 4216.923077 4226.666667
4197.948718 4206.666667 4210.256410 4191.794872 4222.051282 4216.410256 4208.717949 4191.794872 4160.512821 4214.871795 4262.564103 4211.794872 4201.538462 4220.000000
4213.846154 4208.717949 4226.153846 4195.384615 4222.564103 4220.512821 4219.487179 4206.666667 4178.461538 4225.128205 4268.205128 4227.179487 4221.025641 4228.717949
4233.846154 4214.871795 4240.000000 4198.461538 4221.025641 4220.512821 4250.256410 4234.871795 4199.487179 4228.205128 4276.923077 4235.897436 4242.564103 4233.846154
4232.820513 4224.102564 4234.358974 4203.589744 4222.564103 4224.102564 4248.717949 4243.076923 4201.025641 4221.025641 4276.410256 4226.666667 4241.538462 4230.769231
4233.846154 4228.205128 4240.512821 4207.179487 4228.717949 4228.717949 4235.897436 4243.076923 4210.769231 4221.538462 4280.000000 4229.743590 4246.153846 4227.692308
4235.897436 4216.923077 4228.205128 4193.846154 4222.564103 4221.538462 4229.743590 4242.051282 4207.179487 4227.692308 4280.000000 4233.846154 4259.487179 4228.205128
4239.487179 4223.589744 4240.000000 4210.256410 4223.076923 4222.051282 4232.820513 4237.948718 4199.487179 4224.102564 4280.000000 4242.051282 4261.025641 4243.076923
4232.307692 4225.128205 4242.051282 4212.820513 4223.589744 4223.589744 4235.897436 4234.871795 4190.256410 4217.948718 4278.974359 4233.846154 4250.769231 4242.564103
4223.076923 4215.897436 4231.794872 4198.461538 4221.538462 4221.538462 4241.025641 4236.923077 4187.179487 4221.538462 4271.794872 4227.692308 4244.615385 4232.820513
4225.128205 4214.871795 4243.076923 4201.025641 4226.153846 4224.102564 4243.589744 4237.948718 4192.307692 4227.692308 4267.179487 4240.512821 4246.153846 4236.923077
4219.487179 4211.282051 4226.666667 4191.282051 4221.025641 4220.512821 4236.410256 4230.769231 4182.051282 4224.615385 4265.128205 4235.897436 4243.076923 4235.384615
4218.974359 4221.025641 4232.307692 4201.025641 4223.076923 4223.589744 4244.102564 4240.512821 4191.794872 4222.051282 4270.256410 4231.794872 4241.025641 4234.871795
4216.410256 4221.538462 4237.435897 4201.538462 4227.179487 4228.717949 4250.256410 4252.820513 4204.102564 4224.615385 4269.743590 4226.153846 4246.153846 4231.794872
4211.282051 4213.333333 4220.000000 4191.794872 4222.564103 4225.128205 4236.410256 4240.512821 4194.358974 4227.179487 4262.564103 4222.564103 4248.717949 4228.717949
4214.358974 4223.076923 4233.846154 4203.589744 4226.153846 4223.589744 4228.717949 4227.179487 4192.820513 4224.615385 4262.051282 4232.307692 4242.564103 4234.358974
4209.230769 4223.589744 4227.692308 4197.435897 4226.666667 4221.538462 4231.282051 4230.769231 4194.871795 4220.512821 4260.512821 4224.615385 4239.487179 4233.333333
4210.769231 4220.512821 4229.230769 4201.025641 4227.179487 4229.230769 4239.487179 4244.615385 4208.205128 4224.615385 4261.025641 4227.179487 4251.282051 4236.410256
4217.948718 4221.538462 4237.948718 4201.025641 4225.128205 4233.846154 4238.974359 4246.153846 4214.358974 4228.717949 4261.538462 4233.846154 4257.948718 4236.923077
4216.923077 4228.205128 4227.692308 4190.769231 4220.512821 4227.692308 4230.256410 4241.538462 4208.717949 4224.102564 4256.923077 4226.666667 4247.692308 4232.307692
4221.538462 4240.000000 4236.923077 4203.076923 4229.743590 4234.871795 4230.769231 4252.307692 4226.153846 4220.512821 4257.948718 4231.282051 4247.179487 4236.923077
4221.025641 4227.179487 4228.717949 4194.871795 4227.179487 4239.487179 4231.282051 4262.564103 4230.769231 4224.102564 4257.435897 4228.717949 4252.307692 4234.358974
4223.076923 4222.051282 4236.410256 4198.461538 4224.102564 4236.410256 4236.410256 4262.051282 4226.153846 4226.666667 4257.435897 4234.358974 4248.717949 4237.948718
4228.205128 4227.692308 4250.769231 4209.230769 4227.179487 4234.358974 4236.923077 4257.435897 4227.692308 4222.051282 4259.487179 4240.000000 4244.102564 4243.589744
4222.051282 4218.461538 4230.256410 4198.974359 4223.076923 4234.871795 4225.641026 4260.000000 4224.615385 4221.025641 4254.871795 4231.282051 4247.692308 4238.461538
4225.641026 4219.487179 4241.025641 4203.589744 4223.589744 4241.538462 4230.769231 4268.717949 4235.384615 4227.179487 4256.923077 4238.461538 4256.410256 4241.025641
4226.153846 4223.589744 4241.025641 4198.974359 4221.025641 4237.435897 4242.564103 4270.256410 4238.461538 4227.692308 4258.461538 4239.487179 4253.846154 4240.512821
4217.435897 4224.615385 4232.307692 4201.538462 4223.589744 4236.410256 4242.051282 4269.743590 4235.897436 4223.076923 4253.333333 4236.923077 4242.564103 4236.923077
4209.743590 4218.461538 4232.307692 4204.102564 4228.717949 4240.000000 4232.307692 4265.128205 4229.743590 4222.051282 4245.641026 4232.307692 4235.384615 4232.307692
4205.641026 4210.769231 4216.923077 4193.846154 4222.564103 4236.410256 4227.179487 4254.871795 4216.923077 4224.102564 4238.974359 4219.487179 4233.333333 4226.666667
4211.794872 4220.000000 4233.333333 4208.205128 4225.128205 4238.461538 4229.743590 4246.153846 4217.948718 4223.589744 4238.974359 4228.717949 4229.743590 4235.897436
4204.615385 4218.974359 4226.666667 4204.102564 4224.615385 4234.358974 4224.102564 4240.000000 4210.769231 4220.512821 4231.282051 4226.666667 4221.025641 4235.897436
4198.461538 4217.435897 4215.384615 4194.358974 4223.076923 4230.769231 4222.564103 4244.102564 4212.820513 4221.538462 4229.230769 4221.538462 4221.538462 4231.282051
4208.205128 4224.615385 4233.333333 4197.435897 4228.205128 4233.333333 4231.282051 4251.282051 4228.205128 4226.666667 4239.487179 4233.333333 4229.743590 4235.897436
4210.769231 4223.076923 4226.666667 4192.820513 4222.564103 4231.794872 4234.871795 4251.282051 4221.025641 4230.256410 4241.538462 4232.820513 4228.717949 4233.333333
4217.435897 4230.769231 4235.384615 4206.666667 4225.128205 4235.384615 4242.051282 4258.974359 4222.051282 4221.025641 4238.461538 4229.743590 4227.179487 4237.948718
4220.512821 4227.692308 4232.820513 4203.589744 4228.205128 4232.820513 4242.051282 4260.512821 4226.153846 4214.358974 4236.410256 4223.589744 4233.846154 4238.974359
4226.666667 4221.025641 4228.205128 4202.051282 4225.128205 4229.230769 4243.076923 4253.846154 4228.205128 4222.564103 4243.076923 4232.307692 4244.615385 4239.487179
4241.025641 4230.256410 4251.794872 4217.948718 4225.641026 4235.384615 4251.794872 4255.897436 4240.000000 4219.487179 4250.769231 4244.102564 4248.717949 4245.128205
4231.794872 4225.641026 4236.410256 4205.641026 4221.538462 4233.846154 4245.641026 4255.897436 4233.333333 4211.794872 4244.102564 4228.205128 4243.589744 4237.948718
4221.538462 4222.564103 4230.769231 4206.666667 4225.641026 4228.717949 4237.435897 4250.256410 4231.794872 4222.564103 4243.589744 4232.820513 4240.000000 4237.948718
4225.128205 4223.076923 4236.923077 4208.205128 4224.615385 4224.615385 4239.487179 4243.076923 4232.820513 4230.769231 4245.641026 4240.512821 4241.025641 4241.538462
4232.307692 4229.230769 4232.307692 4204.615385 4221.025641 4230.769231 4251.282051 4246.666667 4237.435897 4221.538462 4241.025641 4230.256410 4243.076923 4242.051282
4227.692308 4237.435897 4240.000000 4216.410256 4229.230769 4238.974359 4259.487179 4258.461538 4250.256410 4220.000000 4243.589744 4227.692308 4241.538462 4242.564103
4207.179487 4226.666667 4224.102564 4207.179487 4225.641026 4228.717949 4247.692308 4254.358974 4242.051282 4225.128205 4241.538462 4223.076923 4235.897436 4231.282051
4213.333333 4227.692308 4231.282051 4210.256410 4224.102564 4229.230769 4246.153846 4249.230769 4243.076923 4225.128205 4236.923077 4229.743590 4235.897436 4232.820513
4229.743590 4231.282051 4241.538462 4214.871795 4223.589744 4236.923077 4257.435897 4253.846154 4252.820513 4223.076923 4241.025641 4232.307692 4240.512821 4240.512821
4224.615385 4227.179487 4228.717949 4210.769231 4219.487179 4233.333333 4256.410256 4257.435897 4252.820513 4222.564103 4246.153846 4229.230769 4240.512821 4236.923077
4224.615385 4231.282051 4243.076923 4215.897436 4225.641026 4232.820513 4249.743590 4252.820513 4256.410256 4226.153846 4246.153846 4240.000000 4243.589744 4236.923077
4230.256410 4229.230769 4237.435897 4202.051282 4223.076923 4229.743590 4238.974359 4244.102564 4250.256410 4225.641026 4242.564103 4232.820513 4250.769231 4237.948718
4233.846154 4237.948718 4234.358974 4207.692308 4224.615385 4228.717949 4233.333333 4240.512821 4251.794872 4221.538462 4247.179487 4228.717949 4249.230769 4241.538462
4233.333333 4246.666667 4237.435897 4214.358974 4229.743590 4227.692308 4234.871795 4236.923077 4251.794872 4221.025641 4246.666667 4229.230769 4238.974359 4237.948718
4231.282051 4237.435897 4228.205128 4203.589744 4224.102564 4226.153846 4237.948718 4236.923077 4243.076923 4224.102564 4241.025641 4224.102564 4237.435897 4235.384615
4235.897436 4235.384615 4244.615385 4213.846154 4224.102564 4231.794872 4243.076923 4244.102564 4250.769231 4218.974359 4248.717949 4232.307692 4246.666667 4245.128205
4227.692308 4232.820513 4233.333333 4207.179487 4222.051282 4228.205128 4242.051282 4244.102564 4244.615385 4215.384615 4249.230769 4227.179487 4245.641026 4236.923077
4227.179487 4241.538462 4228.205128 4208.205128 4223.076923 4229.743590 4251.794872 4244.102564 4242.051282 4220.512821 4247.692308 4226.666667 4240.512821 4233.333333
4240.000000 4248.717949 4244.615385 4215.897436 4225.641026 4234.871795 4263.589744 4248.205128 4252.307692 4218.974359 4256.923077 4236.923077 4251.282051 4241.538462
4236.410256 4238.974359 4233.846154 4204.615385 4220.000000 4228.205128 4254.358974 4241.538462 4242.051282 4216.923077 4257.435897 4232.307692 4253.846154 4236.923077
4233.846154 4244.102564 4243.076923 4212.307692 4225.128205 4226.153846 4248.205128 4234.358974 4237.435897 4223.589744 4254.871795 4231.794872 4241.538462 4234.358974
4230.256410 4246.666667 4237.435897 4206.153846 4226.153846 4226.153846 4253.846154 4237.435897 4238.461538 4226.153846 4256.923077 4226.666667 4240.512821 4230.769231
4230.769231 4244.615385 4235.384615 4202.564103 4226.153846 4225.641026 4264.102564 4247.692308 4242.564103 4224.102564 4262.564103 4228.205128 4253.333333 4233.333333
4234.871795 4243.076923 4248.717949 4207.692308 4227.179487 4225.641026 4259.487179 4243.589744 4242.564103 4225.128205 4263.076923 4233.333333 4252.820513 4237.435897
4229.743590 4235.384615 4230.256410 4197.435897 4219.487179 4224.102564 4241.025641 4232.307692 4228.717949 4224.102564 4257.435897 4223.076923 4238.461538 4227.692308
4232.307692 4240.000000 4230.256410 4202.564103 4223.589744 4226.666667 4240.000000 4235.897436 4234.358974 4225.641026 4257.948718 4229.230769 4241.538462 4226.666667
4229.230769 4240.000000 4226.666667 4192.820513 4223.589744 4220.000000 4239.487179 4236.410256 4234.358974 4228.717949 4260.000000 4229.743590 4249.230769 4228.205128
4225.641026 4240.000000 4225.641026 4194.358974 4220.512821 4217.948718 4234.871795 4229.743590 4224.615385 4225.641026 4264.102564 4225.128205 4242.564103 4233.333333
4228.205128 4241.538462 4237.435897 4206.666667 4226.666667 4224.102564 4236.923077 4225.641026 4224.615385 4222.564103 4264.102564 4226.153846 4234.871795 4237.435897
4223.076923 4230.769231 4221.538462 4194.358974 4224.615385 4220.512821 4234.871795 4220.512821 4220.000000 4223.589744 4258.974359 4218.461538 4234.871795 4228.717949
4235.384615 4234.358974 4243.076923 4208.205128 4225.128205 4221.025641 4245.128205 4232.307692 4237.435897 4226.153846 4268.717949 4233.333333 4245.641026 4234.871795
4248.205128 4235.897436 4254.871795 4214.871795 4222.051282 4222.564103 4255.384615 4247.692308 4249.230769 4225.128205 4276.923077 4235.897436 4253.846154 4241.538462
4238.974359 4234.358974 4233.846154 4206.153846 4220.512821 4222.051282 4247.692308 4241.025641 4239.487179 4224.102564 4273.333333 4225.128205 4254.358974 4236.923077
4232.307692 4247.179487 4238.974359 4208.205128 4228.717949 4226.666667 4241.025641 4233.846154 4240.000000 4224.615385 4271.794872 4231.794872 4247.692308 4233.333333
4229.230769 4256.410256 4230.769231 4200.512821 4222.051282 4221.538462 4236.410256 4237.948718 4234.358974 4225.128205 4268.205128 4227.179487 4237.435897 4225.641026
4228.717949 4267.179487 4234.871795 4209.230769 4221.538462 4221.538462 4236.923077 4239.487179 4231.794872 4227.692308 4265.128205 4226.666667 4238.974359 4227.692308
4222.051282 4265.641026 4234.358974 4205.128205 4227.179487 4225.128205 4240.512821 4233.846154 4227.692308 4227.692308 4261.025641 4225.128205 4240.000000 4227.179487
4217.435897 4257.435897 4223.076923 4194.871795 4224.615385 4223.589744 4238.461538 4224.615385 4220.000000 4225.641026 4256.923077 4221.538462 4227.179487 4223.076923
4226.153846 4260.000000 4243.076923 4209.230769 4225.641026 4223.589744 4240.512821 4223.589744 4221.538462 4225.128205 4258.461538 4230.256410 4222.051282 4229.743590
4224.615385 4255.897436 4232.307692 4203.076923 4222.051282 4220.512821 4243.589744 4232.307692 4214.871795 4224.102564 4258.974359 4224.102564 4230.256410 4228.717949
4221.538462 4260.000000 4228.205128 4205.128205 4225.128205 4222.051282 4237.435897 4236.410256 4219.487179 4225.641026 4261.538462 4224.615385 4235.384615 4228.205128
4222.051282 4260.512821 4232.820513 4206.153846 4227.692308 4218.974359 4223.589744 4225.641026 4218.974359 4228.205128 4260.512821 4229.230769 4231.794872 4229.230769
4222.051282 4252.820513 4221.538462 4198.974359 4223.589744 4214.871795 4220.000000 4220.000000 4208.205128 4226.666667 4260.512821 4226.153846 4232.307692 4229.743590
4233.333333 4260.512821 4239.487179 4212.820513 4227.179487 4224.102564 4235.384615 4232.820513 4221.538462 4223.076923 4271.282051 4230.256410 4241.538462 4237.948718
4232.307692 4257.948718 4232.820513 4203.589744 4224.102564 4222.564103 4238.461538 4239.487179 4223.589744 4222.564103 4270.769231 4222.051282 4241.025641 4232.820513
4230.769231 4256.410256 4231.282051 4205.128205 4223.589744 4215.897436 4233.846154 4231.282051 4215.384615 4224.615385 4266.666667 4224.615385 4229.743590 4229.743590
4240.000000 4258.461538 4247.179487 4214.358974 4226.153846 4217.435897 4237.948718 4225.641026 4215.897436 4224.615385 4264.615385 4230.769231 4228.717949 4233.333333
4237.948718 4256.923077 4235.384615 4204.102564 4224.102564 4216.923077 4236.923077 4231.794872 4213.846154 4227.179487 4260.000000 4224.102564 4232.307692 4230.256410
4233.846154 4265.128205 4237.948718 4209.230769 4227.179487 4217.435897 4231.282051 4236.410256 4218.461538 4229.230769 4264.615385 4229.743590 4231.794872 4230.769231
4230.769231 4260.000000 4227.179487 4205.641026 4222.051282 4214.358974 4222.564103 4226.153846 4209.743590 4225.128205 4269.230769 4227.692308 4231.794872 4227.179487
4235.384615 4254.871795 4229.230769 4212.307692 4223.076923 4216.410256 4221.025641 4222.564103 4205.128205 4222.564103 4269.230769 4226.666667 4235.384615 4232.820513
4234.358974 4258.461538 4242.051282 4221.025641 4229.743590 4216.923077 4220.512821 4231.282051 4207.179487 4223.589744 4268.205128 4229.230769 4234.358974 4236.923077
4218.461538 4255.384615 4222.051282 4209.230769 4223.589744 4211.282051 4211.282051 4226.153846 4196.923077 4223.589744 4263.589744 4221.538462 4229.743590 4226.666667
4223.589744 4255.384615 4235.897436 4219.487179 4224.615385 4214.871795 4214.358974 4220.512821 4201.538462 4226.153846 4266.666667 4231.794872 4232.820513 4233.333333
4231.282051 4248.717949 4242.051282 4217.948718 4222.051282 4213.846154 4222.051282 4226.153846 4200.000000 4228.205128 4268.717949 4229.230769 4236.923077 4237.435897
4226.153846 4251.794872 4231.794872 4214.358974 4222.051282 4212.820513 4222.051282 4231.282051 4196.923077 4226.153846 4265.641026 4223.589744 4235.384615 4231.282051
4221.538462 4258.974359 4234.871795 4216.410256 4230.256410 4212.820513 4215.897436 4222.051282 4199.487179 4222.564103 4263.076923 4232.820513 4230.256410 4227.179487
4220.512821 4250.769231 4225.128205 4207.692308 4224.615385 4207.179487 4208.205128 4211.794872 4185.641026 4222.051282 4260.512821 4229.743590 4227.692308 4225.128205
4232.820513 4256.923077 4243.589744 4226.153846 4227.179487 4212.820513 4223.076923 4222.564103 4193.333333 4225.641026 4266.153846 4232.307692 4235.384615 4232.307692
4232.307692 4258.461538 4240.000000 4224.102564 4232.307692 4216.410256 4237.435897 4236.410256 4202.564103 4226.153846 4268.205128 4226.153846 4238.461538 4227.692308
4227.179487 4252.307692 4225.641026 4214.871795 4227.692308 4212.820513 4232.307692 4236.410256 4197.948718 4224.615385 4263.076923 4223.589744 4236.923077 4223.589744
4239.487179 4251.794872 4246.666667 4225.641026 4225.128205 4213.846154 4228.717949 4233.846154 4195.897436 4224.102564 4265.128205 4235.384615 4240.512821 4231.282051
4234.871795 4245.641026 4238.461538 4217.435897 4218.461538 4211.282051 4224.102564 4224.102564 4184.102564 4225.128205 4264.615385 4226.666667 4235.897436 4227.179487
4224.102564 4251.282051 4234.871795 4223.589744 4224.102564 4213.846154 4220.512821 4218.974359 4187.179487 4225.128205 4262.564103 4228.205128 4230.256410 4224.102564
4218.974359 4250.769231 4229.743590 4218.974359 4229.230769 4211.794872 4212.307692 4221.538462 4190.769231 4225.641026 4260.512821 4229.743590 4233.846154 4220.000000
4217.948718 4245.641026 4220.000000 4210.769231 4225.128205 4208.717949 4213.333333 4221.025641 4184.615385 4226.153846 4263.589744 4221.538462 4235.897436 4220.512821
4224.102564 4253.333333 4236.410256 4229.230769 4226.153846 4214.871795 4231.282051 4224.102564 4188.205128 4221.025641 4269.230769 4229.230769 4235.897436 4231.794872
4217.948718 4245.641026 4226.153846 4223.589744 4224.102564 4212.307692 4224.102564 4226.153846 4177.435897 4220.512821 4264.102564 4226.666667 4236.410256 4227.179487
4219.487179 4244.615385 4230.769231 4220.512821 4226.666667 4212.307692 4214.871795 4228.717949 4180.000000 4226.666667 4262.564103 4226.666667 4237.948718 4224.615385
4230.256410 4246.666667 4238.974359 4223.076923 4224.102564 4212.820513 4224.615385 4231.282051 4190.769231 4226.666667 4264.615385 4228.205128 4241.025641 4229.743590
4228.717949 4242.564103 4225.641026 4222.051282 4218.461538 4208.205128 4229.230769 4228.717949 4188.717949 4223.076923 4264.615385 4227.179487 4239.487179 4228.717949
4224.102564 4245.128205 4233.333333 4226.153846 4226.153846 4210.256410 4224.102564 4229.230769 4190.769231 4226.153846 4267.179487 4231.794872 4238.974359 4224.615385
4217.435897 4238.974359 4221.025641 4214.358974 4225.128205 4207.179487 4217.435897 4230.769231 4186.153846 4229.230769 4265.128205 4221.538462 4234.358974 4216.410256
4224.615385 4243.589744 4233.333333 4227.179487 4227.179487 4210.769231 4230.256410 4236.410256 4189.743590 4227.179487 4268.717949 4224.615385 4230.769231 4226.153846
4229.230769 4247.179487 4244.615385 4234.358974 4229.743590 4216.410256 4238.974359 4235.897436 4191.282051 4221.538462 4270.769231 4228.717949 4233.333333 4235.897436
4222.564103 4236.410256 4221.538462 4217.948718 4222.564103 4210.256410 4230.769231 4231.282051 4183.076923 4222.051282 4268.717949 4221.538462 4237.948718 4228.205128
4230.256410 4237.435897 4236.923077 4226.153846 4226.153846 4208.717949 4230.769231 4231.282051 4190.769231 4227.179487 4275.897436 4230.769231 4237.948718 4229.230769
4229.230769 4237.435897 4237.948718 4223.076923 4223.589744 4212.820513 4234.358974 4228.205128 4186.666667 4224.615385 4275.897436 4224.615385 4233.846154 4230.769231
4226.153846 4242.051282 4233.333333 4226.153846 4221.025641 4216.410256 4242.564103 4231.282051 4188.205128 4222.564103 4276.410256 4224.102564 4237.435897 4231.282051
4225.641026 4238.974359 4239.487179 4225.641026 4225.641026 4214.358974 4242.051282 4230.769231 4195.897436 4225.641026 4280.000000 4228.717949 4237.435897 4225.641026
4214.871795 4229.743590 4221.538462 4210.256410 4224.102564 4212.307692 4227.692308 4220.000000 4182.051282 4226.666667 4274.358974 4214.871795 4226.666667 4217.435897
4216.923077 4238.974359 4228.717949 4225.641026 4229.743590 4222.051282 4229.743590 4217.948718 4182.051282 4224.615385 4273.846154 4217.435897 4225.128205 4228.205128
4224.102564 4238.974359 4226.153846 4223.589744 4226.666667 4221.538462 4239.487179 4226.666667 4188.205128 4221.538462 4275.384615 4221.025641 4231.282051 4231.794872
4231.282051 4236.923077 4229.230769 4218.461538 4221.025641 4218.461538 4237.948718 4233.333333 4192.820513 4224.615385 4274.871795 4226.153846 4237.435897 4230.769231
4237.948718 4237.435897 4246.153846 4225.641026 4222.051282 4221.025641 4234.871795 4230.769231 4198.461538 4226.153846 4279.487179 4229.743590 4241.025641 4234.358974
4231.282051 4228.205128 4226.666667 4215.384615 4221.025641 4217.948718 4234.871795 4224.102564 4192.820513 4224.615385 4280.512821 4218.461538 4240.512821 4230.769231
4229.230769 4232.820513 4228.205128 4225.128205 4228.205128 4218.974359 4233.333333 4223.076923 4195.384615 4225.128205 4278.461538 4223.589744 4233.846154 4230.256410
4230.256410 4231.282051 4230.256410 4226.153846 4225.641026 4217.948718 4223.589744 4222.564103 4188.717949 4225.128205 4275.384615 4225.128205 4230.256410 4225.641026
4232.820513 4230.769231 4230.769231 4227.179487 4223.076923 4218.974359 4225.641026 4221.538462 4187.692308 4226.153846 4278.974359 4225.641026 4237.948718 4228.717949
4234.871795 4241.025641 4242.564103 4234.871795 4228.717949 4224.102564 4233.333333 4223.076923 4195.384615 4224.102564 4283.589744 4229.743590 4241.538462 4237.948718
4223.589744 4236.923077 4223.076923 4226.153846 4224.102564 4218.974359 4231.282051 4227.179487 4185.641026 4222.564103 4276.923077 4221.025641 4235.897436 4230.769231
4216.410256 4234.871795 4227.179487 4230.769231 4226.153846 4217.435897 4230.256410 4226.666667 4184.615385 4226.666667 4275.384615 4224.615385 4235.384615 4228.205128
4200.000000 4228.717949 4224.102564 4218.974359 4224.102564 4212.820513 4213.333333 4206.153846 4175.897436 4227.692308 4272.307692 4219.487179 4227.179487 4224.615385
4187.179487 4222.564103 4212.820513 4210.769231 4219.487179 4209.743590 4203.589744 4197.435897 4170.256410 4223.589744 4270.256410 4215.384615 4219.487179 4221.025641
4196.923077 4228.717949 4228.205128 4223.076923 4228.717949 4217.435897 4228.717949 4222.564103 4193.846154 4223.076923 4278.461538 4228.205128 4234.871795 4228.205128
4198.461538 4222.051282 4219.487179 4209.230769 4227.692308 4218.461538 4237.948718 4235.897436 4202.564103 4227.692308 4281.538462 4222.051282 4252.307692 4228.717949
4204.615385 4223.589744 4227.179487 4212.307692 4224.615385 4220.000000 4232.820513 4229.230769 4203.589744 4222.051282 4284.102564 4222.564103 4263.076923 4231.282051
4208.205128 4223.589744 4229.230769 4218.974359 4225.128205 4219.487179 4236.923077 4224.102564 4202.051282 4212.307692 4282.564103 4221.538462 4271.282051 4232.820513
4198.461538 4210.769231 4215.384615 4214.871795 4224.615385 4216.410256 4232.820513 4225.128205 4198.461538 4217.948718 4277.948718 4217.948718 4268.205128 4232.307692
4195.897436 4208.205128 4227.179487 4217.948718 4226.666667 4215.384615 4221.538462 4228.205128 4204.615385 4229.230769 4280.000000 4224.615385 4265.128205 4232.820513
4189.743590 4207.692308 4214.871795 4203.589744 4219.487179 4211.282051 4215.384615 4222.051282 4193.333333 4228.205128 4280.000000 4217.948718 4266.666667 4224.102564
4187.692308 4213.333333 4213.846154 4207.179487 4220.512821 4216.923077 4220.512821 4217.948718 4193.846154 4222.051282 4280.000000 4216.923077 4262.051282 4226.153846
4185.128205 4208.717949 4217.435897 4207.179487 4224.615385 4222.051282 4221.538462 4223.076923 4205.128205 4221.025641 4283.589744 4215.897436 4258.974359 4227.179487
4182.051282 4201.025641 4206.153846 4199.487179 4222.564103 4219.487179 4217.948718 4226.666667 4202.564103 4226.153846 4285.641026 4213.846154 4265.128205 4220.512821
4195.897436 4212.307692 4226.153846 4217.948718 4228.205128 4219.487179 4228.205128 4226.153846 4208.717949 4227.179487 4288.717949 4225.128205 4273.333333 4229.743590
4196.923077 4212.820513 4218.974359 4213.846154 4224.102564 4213.846154 4236.923077 4228.205128 4212.820513 4220.000000 4289.230769 4218.461538 4275.384615 4230.769231
4191.794872 4212.307692 4214.358974 4208.717949 4221.025641 4214.358974 4240.512821 4239.487179 4222.564103 4221.025641 4291.794872 4221.025641 4278.974359 4228.205128
4192.820513 4211.794872 4222.564103 4206.153846 4224.102564 4212.820513 4233.846154 4236.923077 4227.179487 4228.717949 4293.333333 4230.769231 4281.538462 4226.666667
4187.179487 4208.205128 4207.692308 4197.948718 4221.025641 4206.153846 4215.897436 4220.000000 4214.871795 4227.179487 4288.205128 4223.076923 4269.743590 4222.564103
4187.179487 4215.384615 4219.487179 4213.846154 4226.666667 4215.897436 4218.461538 4222.051282 4219.487179 4221.538462 4287.179487 4223.589744 4260.000000 4227.179487
4186.153846 4211.282051 4212.820513 4204.102564 4227.179487 4217.435897 4224.102564 4230.256410 4217.435897 4220.000000 4283.076923 4218.461538 4262.051282 4221.538462
4185.128205 4210.256410 4209.230769 4199.487179 4227.179487 4213.846154 4226.153846 4227.692308 4214.358974 4225.128205 4282.564103 4217.435897 4263.589744 4218.461538
4183.589744 4215.897436 4221.025641 4210.256410 4227.692308 4217.948718 4233.333333 4224.615385 4215.897436 4226.153846 4285.128205 4221.538462 4256.923077 4224.102564
4172.820513 4210.256410 4206.153846 4202.051282 4222.564103 4214.871795 4232.307692 4227.179487 4208.717949 4222.564103 4282.564103 4214.871795 4254.358974 4217.948718
4171.282051 4207.179487 4216.923077 4203.076923 4225.641026 4211.282051 4221.025641 4225.641026 4213.846154 4223.589744 4287.179487 4222.564103 4261.538462 4215.897436
4170.769231 4196.410256 4214.871795 4193.333333 4222.051282 4207.692308 4209.743590 4214.358974 4207.179487 4229.743590 4289.230769 4220.512821 4258.461538 4217.435897
4178.461538 4203.076923 4213.846154 4197.948718 4223.589744 4209.743590 4222.051282 4216.923077 4205.641026 4228.205128 4290.769231 4214.871795 4252.307692 4222.564103
4187.179487 4215.384615 4227.179487 4207.692308 4230.769231 4216.410256 4238.461538 4227.179487 4216.410256 4219.487179 4295.384615 4215.384615 4254.871795 4224.102564
4181.538462 4204.615385 4210.769231 4194.871795 4221.538462 4214.358974 4226.153846 4223.589744 4208.205128 4221.025641 4294.358974 4213.333333 4257.435897 4218.974359
4196.410256 4210.769231 4228.717949 4212.820513 4223.076923 4219.487179 4226.666667 4226.666667 4214.358974 4228.717949 4303.076923 4227.179487 4264.102564 4230.769231
4209.230769 4215.384615 4235.384615 4215.897436 4226.153846 4222.051282 4237.948718 4232.820513 4220.000000 4225.128205 4308.717949 4222.564103 4268.717949 4233.333333
4194.358974 4205.641026 4216.923077 4204.102564 4222.564103 4217.435897 4230.256410 4224.102564 4210.769231 4219.487179 4299.487179 4213.333333 4262.051282 4223.076923
4186.666667 4204.102564 4225.128205 4206.153846 4223.589744 4215.384615 4218.974359 4215.384615 4212.307692 4224.102564 4296.410256 4226.153846 4256.923077 4223.076923
4192.820513 4206.153846 4222.564103 4200.000000 4220.512821 4216.410256 4223.076923 4222.564103 4220.512821 4225.128205 4304.102564 4226.153846 4260.000000 4224.615385
4200.512821 4217.948718 4231.794872 4209.230769 4225.641026 4228.205128 4236.410256 4237.435897 4235.384615 4221.025641 4308.205128 4224.102564 4260.512821 4228.205128
4192.307692 4211.282051 4224.615385 4206.153846 4227.692308 4227.179487 4234.358974 4233.333333 4228.717949 4222.051282 4299.487179 4219.487179 4247.692308 4219.487179
4191.282051 4202.051282 4214.871795 4201.025641 4222.051282 4220.000000 4228.717949 4216.923077 4217.948718 4226.666667 4295.384615 4218.974359 4240.512821 4216.923077
4204.615385 4213.846154 4240.512821 4217.948718 4224.102564 4226.153846 4237.948718 4218.461538 4233.333333 4226.666667 4305.128205 4229.743590 4249.230769 4230.769231
4195.897436 4210.256410 4229.743590 4208.205128 4223.589744 4222.564103 4233.333333 4220.000000 4230.256410 4227.692308 4306.666667 4221.025641 4252.307692 4226.153846
4189.743590 4201.025641 4222.564103 4204.102564 4228.205128 4217.435897 4224.615385 4217.435897 4226.666667 4229.230769 4305.641026 4223.589744 4248.205128 4218.974359
4197.435897 4202.051282 4226.153846 4201.538462 4227.179487 4218.461538 4228.205128 4222.564103 4233.333333 4228.717949 4305.128205 4230.256410 4253.333333 4220.512821
4202.051282 4214.358974 4220.000000 4201.025641 4221.025641 4220.512821 4230.256410 4223.589744 4230.256410 4228.205128 4305.641026 4225.128205 4257.435897 4224.615385
4204.615385 4227.179487 4231.794872 4216.410256 4227.692308 4224.102564 4233.333333 4216.923077 4233.846154 4218.974359 4310.256410 4226.153846 4252.307692 4226.666667
4196.410256 4216.410256 4217.435897 4204.615385 4225.128205 4217.435897 4229.743590 4215.897436 4231.282051 4213.846154 4308.205128 4219.487179 4244.615385 4214.871795
4203.589744 4212.307692 4221.538462 4208.717949 4223.589744 4215.384615 4232.820513 4226.666667 4236.410256 4225.128205 4308.717949 4227.179487 4247.179487 4218.461538
4219.487179 4215.897436 4235.897436 4216.923077 4225.641026 4221.025641 4240.512821 4232.307692 4241.025641 4229.743590 4313.333333 4232.307692 4252.820513 4227.692308
4215.384615 4215.897436 4226.666667 4210.769231 4222.564103 4223.076923 4242.051282 4228.717949 4237.948718 4225.128205 4311.282051 4222.051282 4251.794872 4223.076923
4215.897436 4223.589744 4242.564103 4221.025641 4227.692308 4227.179487 4249.230769 4235.897436 4253.333333 4227.692308 4314.871795 4231.282051 4258.974359 4223.589744
4217.435897 4216.923077 4234.358974 4209.230769 4224.102564 4221.538462 4248.205128 4245.128205 4252.820513 4228.717949 4314.358974 4229.230769 4265.128205 4222.051282
4213.846154 4213.333333 4228.717949 4212.307692 4222.051282 4217.948718 4240.512821 4245.641026 4247.692308 4224.102564 4310.769231 4227.179487 4257.435897 4224.102564
4209.230769 4215.384615 4234.358974 4219.487179 4227.179487 4220.000000 4237.435897 4235.384615 4248.205128 4222.051282 4308.717949 4231.282051 4247.692308 4224.615385
4206.153846 4210.769231 4219.487179 4208.717949 4223.076923 4216.923077 4237.948718 4226.153846 4244.102564 4221.538462 4307.692308 4225.641026 4247.179487 4217.948718
4215.897436 4218.974359 4236.410256 4223.076923 4226.153846 4214.871795 4238.461538 4225.128205 4251.282051 4225.128205 4311.794872 4230.769231 4253.846154 4225.128205
4212.307692 4219.487179 4232.820513 4219.487179 4227.179487 4212.307692 4230.769231 4219.487179 4245.128205 4226.666667 4305.128205 4223.076923 4251.794872 4224.615385
4203.589744 4218.974359 4222.051282 4215.384615 4225.641026 4216.410256 4233.333333 4219.487179 4241.025641 4222.051282 4298.974359 4219.487179 4247.179487 4220.000000
4204.615385 4222.051282 4234.358974 4222.564103 4226.666667 4219.487179 4234.871795 4226.666667 4248.205128 4224.102564 4305.128205 4226.153846 4248.205128 4221.025641
4208.717949 4217.435897 4226.666667 4215.897436 4221.538462 4215.897436 4229.230769 4225.641026 4244.615385 4227.179487 4309.230769 4223.589744 4253.846154 4218.974359
4222.564103 4230.256410 4238.461538 4228.205128 4226.666667 4223.589744 4242.051282 4228.205128 4252.820513 4222.051282 4306.666667 4230.769231 4258.974359 4225.128205
4224.102564 4233.846154 4237.948718 4226.153846 4225.641026 4224.102564 4247.692308 4230.769231 4252.820513 4220.000000 4297.948718 4224.102564 4253.333333 4224.102564
4219.487179 4227.179487 4234.358974 4223.076923 4220.512821 4221.538462 4240.000000 4232.307692 4246.666667 4227.179487 4297.948718 4221.538462 4248.717949 4223.076923
4219.487179 4228.717949 4246.666667 4229.230769 4222.051282 4225.641026 4240.512821 4233.846154 4245.641026 4224.615385 4300.512821 4231.282051 4248.717949 4226.153846
4210.256410 4225.128205 4229.743590 4221.538462 4221.025641 4225.128205 4243.076923 4233.333333 4237.435897 4219.487179 4292.307692 4224.102564 4242.564103 4221.538462
4212.820513 4228.205128 4233.333333 4226.153846 4230.256410 4230.769231 4250.256410 4236.923077 4249.230769 4227.179487 4292.820513 4228.717949 4238.974359 4221.025641
4210.769231 4226.666667 4226.153846 4214.358974 4228.205128 4231.282051 4240.512821 4229.230769 4250.769231 4230.256410 4293.846154 4227.692308 4238.974359 4213.846154
4200.512821 4227.179487 4214.871795 4209.230769 4221.538462 4228.717949 4225.641026 4217.948718 4236.410256 4224.102564 4287.179487 4220.512821 4233.333333 4211.794872
4205.128205 4235.384615 4235.897436 4223.589744 4230.256410 4232.820513 4230.256410 4217.948718 4242.051282 4222.051282 4285.641026 4224.615385 4230.769231 4220.000000
4206.666667 4226.153846 4224.615385 4212.820513 4226.153846 4229.743590 4232.307692 4221.538462 4244.615385 4223.589744 4285.128205 4220.512821 4235.897436 4216.410256
4209.743590 4223.076923 4229.230769 4216.923077 4223.589744 4229.230769 4230.769231 4227.179487 4249.230769 4224.102564 4288.205128 4229.230769 4241.538462 4219.487179
4213.333333 4224.102564 4237.948718 4219.487179 4224.102564 4228.205128 4235.897436 4233.333333 4248.205128 4223.589744 4289.743590 4230.769231 4242.051282 4224.615385
4212.820513 4225.641026 4227.179487 4216.410256 4220.512821 4229.230769 4236.923077 4232.307692 4250.256410 4224.615385 4288.717949 4224.102564 4244.615385 4222.051282
4216.923077 4231.794872 4237.948718 4224.102564 4226.153846 4232.307692 4228.717949 4229.230769 4267.692308 4225.128205 4290.769231 4234.358974 4251.282051 4225.128205
4210.256410 4223.589744 4227.179487 4212.820513 4224.615385 4225.128205 4226.666667 4230.769231 4262.564103 4226.666667 4284.615385 4230.769231 4248.205128 4220.512821
4204.615385 4224.615385 4227.179487 4222.051282 4224.615385 4226.666667 4232.820513 4231.794872 4256.410256 4222.051282 4281.538462 4227.179487 4237.435897 4218.461538
4200.000000 4225.641026 4229.743590 4228.717949 4224.615385 4233.846154 4225.128205 4223.076923 4257.435897 4213.846154 4282.051282 4222.564103 4231.794872 4217.435897
4196.410256 4218.974359 4215.384615 4221.538462 4223.076923 4232.307692 4217.435897 4218.974359 4260.000000 4218.974359 4282.051282 4221.538462 4237.948718 4214.871795
4212.307692 4222.051282 4233.846154 4231.282051 4228.717949 4232.820513 4226.153846 4226.153846 4271.794872 4228.717949 4286.153846 4236.923077 4250.256410 4223.076923
4217.435897 4217.435897 4227.692308 4218.974359 4221.538462 4228.717949 4228.205128 4226.153846 4261.025641 4224.615385 4282.564103 4228.717949 4246.153846 4222.051282
4212.307692 4218.974359 4225.128205 4217.435897 4221.025641 4232.820513 4230.256410 4229.230769 4262.564103 4218.461538 4283.076923 4227.692308 4239.487179 4223.076923
4213.333333 4226.153846 4235.384615 4222.564103 4227.692308 4236.923077 4236.410256 4242.051282 4281.025641 4224.102564 4292.820513 4239.487179 4248.205128 4225.128205
4211.794872 4226.666667 4224.615385 4212.820513 4223.076923 4229.230769 4227.692308 4236.410256 4275.384615 4228.717949 4291.794872 4233.846154 4247.692308 4220.512821
4213.333333 4232.307692 4236.410256 4221.538462 4224.102564 4229.230769 4225.128205 4226.666667 4270.769231 4218.461538 4284.102564 4232.307692 4235.897436 4223.589744
4211.794872 4226.666667 4228.717949 4215.897436 4223.076923 4230.256410 4234.358974 4234.871795 4274.358974 4212.820513 4280.512821 4228.205128 4237.948718 4221.025641
