4209.230769 4212.820513 4206.153846 4216.923077 4226.153846 4226.153846 4229.743590 4223.589744 4235.897436 4230.769231 4213.846154 4182.564103 4180.512821 4178.974359
4197.435897 4197.948718 4189.230769 4198.974359 4228.205128 4222.051282 4214.871795 4205.641026 4220.512821 4230.256410 4197.948718 4178.974359 4165.128205 4167.179487
4185.641026 4186.153846 4180.512821 4188.205128 4223.589744 4211.282051 4207.692308 4192.820513 4208.717949 4226.153846 4191.794872 4171.282051 4156.923077 4165.128205
4189.230769 4187.179487 4188.205128 4190.769231 4226.153846 4213.846154 4212.820513 4209.230769 4215.384615 4226.666667 4197.948718 4177.435897 4160.000000 4172.820513
4194.358974 4192.307692 4193.846154 4194.871795 4225.641026 4217.948718 4221.025641 4220.512821 4220.512821 4228.205128 4207.179487 4175.384615 4167.692308 4167.179487
4192.820513 4193.846154 4193.846154 4196.923077 4225.128205 4217.435897 4221.538462 4210.256410 4217.435897 4227.692308 4212.820513 4177.948718 4170.256410 4156.923077
4196.410256 4194.871795 4198.974359 4201.538462 4226.153846 4219.487179 4222.564103 4211.282051 4220.512821 4227.692308 4217.948718 4185.641026 4171.282051 4157.948718
4195.384615 4190.769231 4198.974359 4198.461538 4224.102564 4220.000000 4219.487179 4208.205128 4212.820513 4231.794872 4218.461538 4179.487179 4168.717949 4160.000000
4186.153846 4183.076923 4192.307692 4189.230769 4225.641026 4217.948718 4205.128205 4187.692308 4190.769231 4233.333333 4212.307692 4178.461538 4158.461538 4158.974359
4187.179487 4188.205128 4192.307692 4191.794872 4224.102564 4216.923077 4207.692308 4189.230769 4189.743590 4228.205128 4221.538462 4176.923077 4163.589744 4157.435897
4192.307692 4192.307692 4196.410256 4193.333333 4225.128205 4218.461538 4221.025641 4204.615385 4198.974359 4230.256410 4234.358974 4176.410256 4170.769231 4157.435897
4189.230769 4187.179487 4193.846154 4187.692308 4225.641026 4218.461538 4217.435897 4203.589744 4195.384615 4233.846154 4227.692308 4175.897436 4157.948718 4153.333333
4194.871795 4194.871795 4197.948718 4195.384615 4221.538462 4219.487179 4215.384615 4208.205128 4207.179487 4227.692308 4229.743590 4175.384615 4162.051282 4151.794872
4209.230769 4205.128205 4212.307692 4206.666667 4226.666667 4224.102564 4224.615385 4227.179487 4232.307692 4226.153846 4252.307692 4191.794872 4185.641026 4155.897436
4207.692308 4198.461538 4209.743590 4203.076923 4225.641026 4220.512821 4226.153846 4227.692308 4231.794872 4228.717949 4260.000000 4187.692308 4187.179487 4150.769231
4202.051282 4189.743590 4202.564103 4196.410256 4223.076923 4216.410256 4220.000000 4213.333333 4219.487179 4226.666667 4251.794872 4182.051282 4177.435897 4146.666667
4205.641026 4194.358974 4209.230769 4200.512821 4227.692308 4219.487179 4222.051282 4217.435897 4226.153846 4225.641026 4258.461538 4193.333333 4185.128205 4150.769231
4205.128205 4195.897436 4206.666667 4201.025641 4225.128205 4219.487179 4225.128205 4223.589744 4230.256410 4228.205128 4264.615385 4188.205128 4185.128205 4149.230769
4201.025641 4187.692308 4198.461538 4196.410256 4225.641026 4218.461538 4221.025641 4212.820513 4217.435897 4228.717949 4253.846154 4187.692308 4169.743590 4146.153846
4203.076923 4191.282051 4201.025641 4204.615385 4226.153846 4220.000000 4229.230769 4218.974359 4220.512821 4229.743590 4253.846154 4187.179487 4175.897436 4150.256410
4210.256410 4203.589744 4208.205128 4212.820513 4223.589744 4222.051282 4236.923077 4236.410256 4237.435897 4232.820513 4266.153846 4188.205128 4189.743590 4154.358974
4215.897436 4210.769231 4213.846154 4215.384615 4226.666667 4221.025641 4228.717949 4227.692308 4238.461538 4232.820513 4271.794872 4197.435897 4187.179487 4153.846154
4217.948718 4214.871795 4220.000000 4222.564103 4226.153846 4221.025641 4221.025641 4217.435897 4231.794872 4227.692308 4274.871795 4194.358974 4191.282051 4147.692308
4217.948718 4215.897436 4220.512821 4223.076923 4226.153846 4226.666667 4225.641026 4222.564103 4230.256410 4227.692308 4271.282051 4197.948718 4192.820513 4145.641026
4221.025641 4218.974359 4216.923077 4221.025641 4224.615385 4226.666667 4235.897436 4233.846154 4238.974359 4230.769231 4268.717949 4198.461538 4188.717949 4146.666667
4226.153846 4219.487179 4221.538462 4225.128205 4222.051282 4225.641026 4238.461538 4236.410256 4244.102564 4227.692308 4275.384615 4194.871795 4191.794872 4143.076923
4222.051282 4214.871795 4222.051282 4221.538462 4226.153846 4227.692308 4234.358974 4223.589744 4230.769231 4225.641026 4270.256410 4198.461538 4188.205128 4144.615385
4213.846154 4211.282051 4212.307692 4213.846154 4226.666667 4224.615385 4233.846154 4217.948718 4214.871795 4227.179487 4258.461538 4190.769231 4174.358974 4146.666667
4215.384615 4210.769231 4211.794872 4216.410256 4226.666667 4225.128205 4234.871795 4224.102564 4218.461538 4227.692308 4259.487179 4191.282051 4174.871795 4140.000000
4218.461538 4215.897436 4217.435897 4222.564103 4223.589744 4225.128205 4232.820513 4231.282051 4235.384615 4228.205128 4273.333333 4196.410256 4194.871795 4134.871795
4215.384615 4215.384615 4212.820513 4216.410256 4220.000000 4218.974359 4224.615385 4221.025641 4231.282051 4228.717949 4274.871795 4192.307692 4196.410256 4135.384615
4215.897436 4207.692308 4206.153846 4208.717949 4226.153846 4218.461538 4219.487179 4206.666667 4214.871795 4228.717949 4266.666667 4196.410256 4185.641026 4134.358974
4219.487179 4209.743590 4209.743590 4213.846154 4225.641026 4221.538462 4224.615385 4216.410256 4224.102564 4226.666667 4273.333333 4193.333333 4194.871795 4130.769231
4220.000000 4210.769231 4213.333333 4212.820513 4224.102564 4221.025641 4230.256410 4226.666667 4240.000000 4226.666667 4281.025641 4195.897436 4205.641026 4133.333333
4222.051282 4205.128205 4210.256410 4206.153846 4226.666667 4223.076923 4232.307692 4223.589744 4243.076923 4227.692308 4279.487179 4201.538462 4206.666667 4131.794872
4228.205128 4212.307692 4214.358974 4213.333333 4226.666667 4234.358974 4240.512821 4229.230769 4247.179487 4230.256410 4279.487179 4199.487179 4211.282051 4126.666667
4230.769231 4220.512821 4222.564103 4220.512821 4228.205128 4244.615385 4245.641026 4237.435897 4254.871795 4232.820513 4281.538462 4206.666667 4216.923077 4128.205128
4226.666667 4213.333333 4217.948718 4214.358974 4224.102564 4240.512821 4238.461538 4228.717949 4249.743590 4230.256410 4280.000000 4200.512821 4215.384615 4126.153846
4232.307692 4215.384615 4219.487179 4217.435897 4225.128205 4239.487179 4236.410256 4221.025641 4240.512821 4226.153846 4278.974359 4201.025641 4210.769231 4119.487179
4238.974359 4228.205128 4228.205128 4229.230769 4228.205128 4246.153846 4242.564103 4225.641026 4241.538462 4225.128205 4278.974359 4209.230769 4207.692308 4113.846154
4221.025641 4216.923077 4214.358974 4219.487179 4222.564103 4241.025641 4228.717949 4217.435897 4232.307692 4232.820513 4266.666667 4197.435897 4198.461538 4105.128205
4201.538462 4198.461538 4194.358974 4202.051282 4225.128205 4233.333333 4210.769231 4206.666667 4216.923077 4236.410256 4253.846154 4192.820513 4183.589744 4098.461538
4207.179487 4203.589744 4196.923077 4206.153846 4226.666667 4233.846154 4216.923077 4208.205128 4209.743590 4229.230769 4256.410256 4188.717949 4182.051282 4097.435897
4216.923077 4209.743590 4205.641026 4210.256410 4224.102564 4236.923077 4222.051282 4201.025641 4207.179487 4229.743590 4261.025641 4187.179487 4187.692308 4096.410256
4212.820513 4206.666667 4201.025641 4206.153846 4225.641026 4234.871795 4217.435897 4203.076923 4211.794872 4233.846154 4260.512821 4191.794872 4188.717949 4093.846154
4210.256410 4207.692308 4196.410256 4204.615385 4224.102564 4231.282051 4221.538462 4220.512821 4217.435897 4227.179487 4262.564103 4186.666667 4194.871795 4092.820513
4212.307692 4205.641026 4197.435897 4200.512821 4226.153846 4233.333333 4224.102564 4221.025641 4212.307692 4223.589744 4262.564103 4189.230769 4198.461538 4094.871795
4215.384615 4206.153846 4203.076923 4203.589744 4224.615385 4234.871795 4226.666667 4224.615385 4221.538462 4229.230769 4266.666667 4189.743590 4202.564103 4098.461538
4220.512821 4211.794872 4208.717949 4212.307692 4224.102564 4234.358974 4229.743590 4230.256410 4231.794872 4229.230769 4271.794872 4191.282051 4208.205128 4098.461538
4218.461538 4211.282051 4203.076923 4210.256410 4226.153846 4236.410256 4225.128205 4214.358974 4212.820513 4225.641026 4267.692308 4194.358974 4202.564103 4088.717949
4213.846154 4210.256410 4198.974359 4207.179487 4223.589744 4233.846154 4224.615385 4209.743590 4203.076923 4228.205128 4268.717949 4187.179487 4198.974359 4084.615385
4217.435897 4213.333333 4204.102564 4211.282051 4225.641026 4234.358974 4225.641026 4219.487179 4213.333333 4231.282051 4271.794872 4193.333333 4203.589744 4089.743590
4214.358974 4212.820513 4203.076923 4212.820513 4227.692308 4234.871795 4221.538462 4216.410256 4209.743590 4230.256410 4264.615385 4189.743590 4207.692308 4084.102564
4204.615385 4205.128205 4195.384615 4204.615385 4227.692308 4233.846154 4219.487179 4208.205128 4202.051282 4227.692308 4262.051282 4183.076923 4207.179487 4075.897436
4198.974359 4193.333333 4186.153846 4190.256410 4229.230769 4234.871795 4212.820513 4203.076923 4199.487179 4228.205128 4261.538462 4189.230769 4198.974359 4076.923077
4193.846154 4188.717949 4178.974359 4185.128205 4225.128205 4232.307692 4201.025641 4194.871795 4191.282051 4229.743590 4252.820513 4179.487179 4191.794872 4077.948718
4200.512821 4198.461538 4187.179487 4196.923077 4225.641026 4232.307692 4205.128205 4200.512821 4201.538462 4228.205128 4250.769231 4183.076923 4201.538462 4081.025641
4209.743590 4210.769231 4195.897436 4208.717949 4225.641026 4233.846154 4214.358974 4212.820513 4217.435897 4226.666667 4257.948718 4192.307692 4217.948718 4086.153846
4207.692308 4210.256410 4190.769231 4206.666667 4221.538462 4233.333333 4210.256410 4214.358974 4205.641026 4230.769231 4258.974359 4187.692308 4219.487179 4090.769231
4208.717949 4208.717949 4196.410256 4204.102564 4224.615385 4234.358974 4212.820513 4215.384615 4203.076923 4233.846154 4263.589744 4192.820513 4226.666667 4095.897436
4219.487179 4216.410256 4208.717949 4212.820513 4225.641026 4234.871795 4222.564103 4215.384615 4218.974359 4229.230769 4275.384615 4194.871795 4247.692308 4100.512821
4229.230769 4220.512821 4212.307692 4215.897436 4229.230769 4236.410256 4221.025641 4207.179487 4218.974359 4229.743590 4274.358974 4196.923077 4252.820513 4106.153846
4231.794872 4224.615385 4213.333333 4214.871795 4230.769231 4236.923077 4218.461538 4203.076923 4213.846154 4232.307692 4272.820513 4195.897436 4250.769231 4109.743590
4226.153846 4224.102564 4209.743590 4215.897436 4223.076923 4235.897436 4221.538462 4203.589744 4212.307692 4229.230769 4276.410256 4192.307692 4257.948718 4110.256410
4202.564103 4197.435897 4187.179487 4194.358974 4222.051282 4232.820513 4208.205128 4184.102564 4184.102564 4225.641026 4253.846154 4189.743590 4235.897436 4105.128205
4173.846154 4165.641026 4157.435897 4166.153846 4222.564103 4226.666667 4195.897436 4165.128205 4154.871795 4228.205128 4222.051282 4167.692308 4194.358974 4097.435897
4172.307692 4165.128205 4156.923077 4169.230769 4223.589744 4230.769231 4214.871795 4188.205128 4173.333333 4231.794872 4226.666667 4166.153846 4196.923077 4098.974359
4192.820513 4187.692308 4181.538462 4190.256410 4225.128205 4237.948718 4233.846154 4225.128205 4212.820513 4231.282051 4252.820513 4181.538462 4234.358974 4105.128205
4200.512821 4196.923077 4196.410256 4195.384615 4223.589744 4235.384615 4220.000000 4221.538462 4221.025641 4228.205128 4254.871795 4176.410256 4247.692308 4105.128205
4191.794872 4193.333333 4198.461538 4189.743590 4226.666667 4233.333333 4206.666667 4191.794872 4200.000000 4229.230769 4242.564103 4176.410256 4236.923077 4108.205128
4193.846154 4200.000000 4206.153846 4197.435897 4226.153846 4236.410256 4220.512821 4197.435897 4192.820513 4229.743590 4246.666667 4178.974359 4240.512821 4113.333333
4201.538462 4207.692308 4213.846154 4202.564103 4227.179487 4241.538462 4225.128205 4212.307692 4204.615385 4228.717949 4254.358974 4183.076923 4246.153846 4109.230769
4199.487179 4208.205128 4212.820513 4201.025641 4226.666667 4238.974359 4216.923077 4200.512821 4216.923077 4231.282051 4253.333333 4188.717949 4248.205128 4105.641026
4201.025641 4211.794872 4217.435897 4209.230769 4218.461538 4235.384615 4218.461538 4193.846154 4227.692308 4228.717949 4255.384615 4185.128205 4261.025641 4111.282051
4208.717949 4210.769231 4223.076923 4210.769231 4222.564103 4237.948718 4213.333333 4189.743590 4227.692308 4225.641026 4256.410256 4190.256410 4265.641026 4116.410256
4205.641026 4201.538462 4216.923077 4198.461538 4226.666667 4236.410256 4201.025641 4182.051282 4221.538462 4228.717949 4254.871795 4189.743590 4263.076923 4113.333333
4199.487179 4195.897436 4214.358974 4192.820513 4225.641026 4237.435897 4202.051282 4188.205128 4229.230769 4228.717949 4252.820513 4189.230769 4266.666667 4110.256410
4208.717949 4204.102564 4221.538462 4203.589744 4224.615385 4242.051282 4218.974359 4210.769231 4251.282051 4224.615385 4254.358974 4195.897436 4271.282051 4114.871795
4215.384615 4213.333333 4222.051282 4211.282051 4220.512821 4242.051282 4230.256410 4221.538462 4258.974359 4229.230769 4256.923077 4190.256410 4268.717949 4117.435897
4208.205128 4212.307692 4220.000000 4208.717949 4223.589744 4242.564103 4226.666667 4206.666667 4247.179487 4235.897436 4251.282051 4194.358974 4262.564103 4108.205128
4202.564103 4208.717949 4216.923077 4207.692308 4225.128205 4240.512821 4221.025641 4198.461538 4237.948718 4230.769231 4243.589744 4191.794872 4264.102564 4100.000000
4204.615385 4204.615385 4211.282051 4207.692308 4222.564103 4238.461538 4221.538462 4206.666667 4232.307692 4229.230769 4241.538462 4185.641026 4262.564103 4105.641026
4205.641026 4200.000000 4212.307692 4206.666667 4225.128205 4241.025641 4224.615385 4204.102564 4225.641026 4232.820513 4237.435897 4191.794872 4252.307692 4106.666667
4200.512821 4196.923077 4211.794872 4206.153846 4224.102564 4238.461538 4220.512821 4187.692308 4214.358974 4232.307692 4230.256410 4187.692308 4246.666667 4096.410256
4201.538462 4195.897436 4208.205128 4203.076923 4224.102564 4237.435897 4212.307692 4184.102564 4209.230769 4232.820513 4230.256410 4191.282051 4250.256410 4093.333333
4206.153846 4194.358974 4205.641026 4198.974359 4221.025641 4237.948718 4210.769231 4192.820513 4209.230769 4232.820513 4235.384615 4189.743590 4255.897436 4093.846154
4204.615385 4192.820513 4204.102564 4194.871795 4220.512821 4233.333333 4207.692308 4191.794872 4205.641026 4232.307692 4230.769231 4185.641026 4254.871795 4088.717949
4200.512821 4190.256410 4204.102564 4193.333333 4227.692308 4233.333333 4202.564103 4191.282051 4203.076923 4231.794872 4225.641026 4193.846154 4256.923077 4088.205128
4200.000000 4190.769231 4204.102564 4196.923077 4225.128205 4235.384615 4208.205128 4191.794872 4207.692308 4230.769231 4232.307692 4188.205128 4265.128205 4093.333333
4202.564103 4192.307692 4203.076923 4193.846154 4220.512821 4233.846154 4213.846154 4183.076923 4208.205128 4231.282051 4233.333333 4185.128205 4263.589744 4092.820513
4200.512821 4190.256410 4197.948718 4189.743590 4221.025641 4231.794872 4208.717949 4184.102564 4204.102564 4233.333333 4226.666667 4183.589744 4257.948718 4086.666667
4200.000000 4188.205128 4200.000000 4193.333333 4223.589744 4230.256410 4208.717949 4194.358974 4208.205128 4228.717949 4226.666667 4182.564103 4256.923077 4084.615385
4205.128205 4189.743590 4207.179487 4195.897436 4229.743590 4232.307692 4212.307692 4183.589744 4210.769231 4228.205128 4224.615385 4192.820513 4253.846154 4088.717949
4212.820513 4204.615385 4209.230769 4207.179487 4227.179487 4232.820513 4215.897436 4174.871795 4211.794872 4230.256410 4228.205128 4190.256410 4260.512821 4086.666667
4219.487179 4218.461538 4209.743590 4224.102564 4224.615385 4234.871795 4221.538462 4186.666667 4217.948718 4226.666667 4237.948718 4194.358974 4272.820513 4082.564103
4220.000000 4216.410256 4201.025641 4223.589744 4226.666667 4235.897436 4221.025641 4190.256410 4216.923077 4228.205128 4232.307692 4198.974359 4266.153846 4084.615385
4207.692308 4203.589744 4181.538462 4206.153846 4224.615385 4231.794872 4213.846154 4186.666667 4208.205128 4230.769231 4214.871795 4185.128205 4248.717949 4083.076923
4189.230769 4187.692308 4161.025641 4190.769231 4225.641026 4228.717949 4210.256410 4183.589744 4192.820513 4226.153846 4200.512821 4179.487179 4232.820513 4075.897436
4182.564103 4181.538462 4148.205128 4189.230769 4225.128205 4228.717949 4218.461538 4187.179487 4188.205128 4226.666667 4197.435897 4175.384615 4227.179487 4073.333333
4186.153846 4184.102564 4145.128205 4190.256410 4226.666667 4230.256410 4224.615385 4194.358974 4199.487179 4235.384615 4197.948718 4177.948718 4231.282051 4074.871795
4190.769231 4191.794872 4147.692308 4194.358974 4228.717949 4232.307692 4225.128205 4204.615385 4217.435897 4234.871795 4204.102564 4182.051282 4246.666667 4076.923077
4196.923077 4197.948718 4138.461538 4202.564103 4222.051282 4232.307692 4221.025641 4205.641026 4218.974359 4228.717949 4211.282051 4181.025641 4256.923077 4078.461538
4210.769231 4198.974359 4127.692308 4204.615385 4222.564103 4231.282051 4213.846154 4198.974359 4212.820513 4232.307692 4212.307692 4193.846154 4252.820513 4082.564103
4224.102564 4207.692308 4134.871795 4208.205128 4225.128205 4230.256410 4220.512821 4206.666667 4226.153846 4231.794872 4220.512821 4198.461538 4260.000000 4082.564103
4224.615385 4210.769231 4138.974359 4209.743590 4226.153846 4232.307692 4226.666667 4210.769231 4236.923077 4225.128205 4223.589744 4198.974359 4266.153846 4078.461538
4214.871795 4201.025641 4128.205128 4203.589744 4226.666667 4231.794872 4222.051282 4198.974359 4232.307692 4226.153846 4212.307692 4197.435897 4252.820513 4075.384615
4214.871795 4199.487179 4123.589744 4204.102564 4224.615385 4227.179487 4218.461538 4197.948718 4231.794872 4229.743590 4208.205128 4187.692308 4251.794872 4078.461538
4223.589744 4209.743590 4130.256410 4210.769231 4227.179487 4231.282051 4222.564103 4209.230769 4236.410256 4229.743590 4212.307692 4197.435897 4263.076923 4082.051282
4214.871795 4207.692308 4123.589744 4209.230769 4226.666667 4234.871795 4223.589744 4210.769231 4232.820513 4228.717949 4205.641026 4197.435897 4254.871795 4073.846154
4201.538462 4194.871795 4116.410256 4203.589744 4225.641026 4232.820513 4216.410256 4200.512821 4223.589744 4228.717949 4192.307692 4187.179487 4241.025641 4067.179487
4209.743590 4197.948718 4121.538462 4207.179487 4226.666667 4232.820513 4216.410256 4198.974359 4217.435897 4228.717949 4191.794872 4191.282051 4242.564103 4069.743590
4222.051282 4213.846154 4131.794872 4215.384615 4223.076923 4236.410256 4226.153846 4213.333333 4222.564103 4229.743590 4201.025641 4194.871795 4252.307692 4070.256410
4227.179487 4218.461538 4151.794872 4222.564103 4225.641026 4242.051282 4232.307692 4221.538462 4235.897436 4232.820513 4208.717949 4204.102564 4262.051282 4069.743590
4227.692308 4214.358974 4165.128205 4222.564103 4226.153846 4237.948718 4227.692308 4209.230769 4237.948718 4231.282051 4212.307692 4203.076923 4267.179487 4070.769231
4219.487179 4209.230769 4158.461538 4212.820513 4224.615385 4234.358974 4222.564103 4206.666667 4234.871795 4226.153846 4211.282051 4197.948718 4261.025641 4073.846154
4210.769231 4202.051282 4151.282051 4207.692308 4228.205128 4238.461538 4224.615385 4221.538462 4240.512821 4225.641026 4207.692308 4203.076923 4257.948718 4073.846154
4211.282051 4196.410256 4152.820513 4207.692308 4227.692308 4237.948718 4227.179487 4219.487179 4239.487179 4230.256410 4206.666667 4195.897436 4263.589744 4072.820513
4214.358974 4197.435897 4158.461538 4206.153846 4229.743590 4236.923077 4225.128205 4198.974359 4229.230769 4233.846154 4204.615385 4196.923077 4264.615385 4073.846154
4214.358974 4206.666667 4161.538462 4216.410256 4228.205128 4238.461538 4226.153846 4200.000000 4231.282051 4231.282051 4202.051282 4203.076923 4267.179487 4072.307692
4215.384615 4210.769231 4162.051282 4223.589744 4222.564103 4237.948718 4227.692308 4212.820513 4234.358974 4225.641026 4201.025641 4205.128205 4266.153846 4068.205128
4208.205128 4197.948718 4152.820513 4204.615385 4224.102564 4235.897436 4214.358974 4205.641026 4217.948718 4226.153846 4190.769231 4206.666667 4248.205128 4064.102564
4196.923077 4191.794872 4145.128205 4192.820513 4222.564103 4233.333333 4204.102564 4190.769231 4200.512821 4227.179487 4181.025641 4196.410256 4238.974359 4060.512821
4205.641026 4205.641026 4157.948718 4207.179487 4221.538462 4237.948718 4221.025641 4197.948718 4213.333333 4227.179487 4186.153846 4204.615385 4248.205128 4065.641026
4216.923077 4215.384615 4169.743590 4217.948718 4223.589744 4241.025641 4237.948718 4219.487179 4233.846154 4228.205128 4194.871795 4210.769231 4253.333333 4072.307692
4208.717949 4202.051282 4162.051282 4210.769231 4222.564103 4234.871795 4225.128205 4212.307692 4220.512821 4229.230769 4191.282051 4197.948718 4249.743590 4069.743590
4204.615385 4196.923077 4161.025641 4204.615385 4225.641026 4231.282051 4213.333333 4200.000000 4213.846154 4229.230769 4188.717949 4204.615385 4250.256410 4073.846154
4215.897436 4211.282051 4174.358974 4213.846154 4225.641026 4234.871795 4224.615385 4220.512821 4236.923077 4228.717949 4195.384615 4205.641026 4258.974359 4080.000000
4219.487179 4212.307692 4178.974359 4220.512821 4225.128205 4242.051282 4228.205128 4220.000000 4232.307692 4227.179487 4194.358974 4200.512821 4256.410256 4074.358974
4214.871795 4207.179487 4178.461538 4220.512821 4225.641026 4240.512821 4230.256410 4201.538462 4214.871795 4226.666667 4193.846154 4203.076923 4252.820513 4072.820513
4218.974359 4211.282051 4182.564103 4224.102564 4221.538462 4237.435897 4238.974359 4215.897436 4227.179487 4230.769231 4201.538462 4203.076923 4263.589744 4083.076923
4220.000000 4210.256410 4181.025641 4216.923077 4222.564103 4238.974359 4232.307692 4222.051282 4225.128205 4231.794872 4199.487179 4206.153846 4264.615385 4085.641026
4214.358974 4205.128205 4174.871795 4209.743590 4224.615385 4237.948718 4224.102564 4205.128205 4202.564103 4230.256410 4192.820513 4197.948718 4252.820513 4079.487179
4209.743590 4204.102564 4175.384615 4214.358974 4224.615385 4238.974359 4228.717949 4207.692308 4202.051282 4232.820513 4189.743590 4195.897436 4241.538462 4081.025641
4209.743590 4204.102564 4179.487179 4215.897436 4226.153846 4240.512821 4233.846154 4224.615385 4215.897436 4233.333333 4190.769231 4200.512821 4245.641026 4085.128205
4214.358974 4208.205128 4182.564103 4213.846154 4225.128205 4238.461538 4230.256410 4226.153846 4224.102564 4227.179487 4197.435897 4195.897436 4258.461538 4085.641026
4215.897436 4209.743590 4184.615385 4212.307692 4230.769231 4240.512821 4227.179487 4222.051282 4226.153846 4223.076923 4195.384615 4202.564103 4254.871795 4091.282051
4211.794872 4207.692308 4184.102564 4210.256410 4228.717949 4243.589744 4232.307692 4225.641026 4225.128205 4228.717949 4189.743590 4200.000000 4248.205128 4095.384615
4210.256410 4209.230769 4187.179487 4210.256410 4225.128205 4242.051282 4234.871795 4222.564103 4221.025641 4230.769231 4192.307692 4195.897436 4250.769231 4095.384615
4227.692308 4226.153846 4205.641026 4227.179487 4231.282051 4245.641026 4237.948718 4225.128205 4228.205128 4224.615385 4205.128205 4208.205128 4263.589744 4100.512821
4247.179487 4244.615385 4223.589744 4246.666667 4228.717949 4247.179487 4244.615385 4238.974359 4242.564103 4226.666667 4217.948718 4212.307692 4274.871795 4106.666667
4237.435897 4232.820513 4213.846154 4233.846154 4224.615385 4244.615385 4234.358974 4224.102564 4230.256410 4236.410256 4209.230769 4209.743590 4260.000000 4104.615385
4221.538462 4221.025641 4201.025641 4222.051282 4225.641026 4243.589744 4223.076923 4204.615385 4212.820513 4233.846154 4203.076923 4202.564103 4251.794872 4103.076923
4229.743590 4233.846154 4216.923077 4235.897436 4226.153846 4245.641026 4236.923077 4234.871795 4237.435897 4224.615385 4215.897436 4206.153846 4269.743590 4109.230769
4235.897436 4235.384615 4223.076923 4242.564103 4223.589744 4249.230769 4245.641026 4253.333333 4254.358974 4223.076923 4214.871795 4212.820513 4267.692308 4111.282051
4229.230769 4230.769231 4213.846154 4236.923077 4221.025641 4246.666667 4235.897436 4228.205128 4237.435897 4228.205128 4206.666667 4202.051282 4257.948718 4111.794872
4236.410256 4242.051282 4224.615385 4239.487179 4227.692308 4247.692308 4236.410256 4230.256410 4242.564103 4234.871795 4215.897436 4209.743590 4271.282051 4123.589744
4242.564103 4243.589744 4233.846154 4240.512821 4228.205128 4249.230769 4245.128205 4253.846154 4260.000000 4232.820513 4216.923077 4212.307692 4267.179487 4132.307692
4235.384615 4234.871795 4228.205128 4239.487179 4223.589744 4246.666667 4240.000000 4243.076923 4249.230769 4226.153846 4203.076923 4201.538462 4248.205128 4131.282051
4238.461538 4242.564103 4233.333333 4241.538462 4228.717949 4246.153846 4233.333333 4224.615385 4236.410256 4224.615385 4207.692308 4209.743590 4255.897436 4131.794872
4237.435897 4241.538462 4233.333333 4232.307692 4226.153846 4244.102564 4236.923077 4227.179487 4230.769231 4229.230769 4211.794872 4206.666667 4258.974359 4131.282051
4218.974359 4215.384615 4216.923077 4212.820513 4223.076923 4242.051282 4235.897436 4214.358974 4207.692308 4233.333333 4189.743590 4196.923077 4228.717949 4129.743590
4214.358974 4207.179487 4213.846154 4212.820513 4226.153846 4241.025641 4231.794872 4203.589744 4194.358974 4231.282051 4177.948718 4191.794872 4214.358974 4133.846154
4227.179487 4224.102564 4229.743590 4226.153846 4227.179487 4242.051282 4233.846154 4222.051282 4211.282051 4230.769231 4194.871795 4192.820513 4231.794872 4138.974359
4232.307692 4233.846154 4240.000000 4231.282051 4227.179487 4244.102564 4231.794872 4231.794872 4228.205128 4231.794872 4206.153846 4203.589744 4244.102564 4143.589744
4237.435897 4239.487179 4242.051282 4238.974359 4225.128205 4243.076923 4233.846154 4234.358974 4238.974359 4230.769231 4209.230769 4200.000000 4250.769231 4148.205128
4250.769231 4252.820513 4254.871795 4253.333333 4228.717949 4248.205128 4252.307692 4251.794872 4259.487179 4232.307692 4221.025641 4207.179487 4264.615385 4153.846154
4250.769231 4253.846154 4264.615385 4255.897436 4230.256410 4252.307692 4258.974359 4253.333333 4268.717949 4232.307692 4222.564103 4214.358974 4266.666667 4152.307692
4242.564103 4242.051282 4255.897436 4243.589744 4225.641026 4246.666667 4242.051282 4230.769231 4250.256410 4230.256410 4205.641026 4204.102564 4250.256410 4146.666667
4250.769231 4248.717949 4261.025641 4245.641026 4229.230769 4244.102564 4240.512821 4231.794872 4244.102564 4231.794872 4205.128205 4210.256410 4247.179487 4152.307692
4258.461538 4263.076923 4274.358974 4259.487179 4228.205128 4248.205128 4255.897436 4250.769231 4255.384615 4232.820513 4222.564103 4210.256410 4264.615385 4162.051282
4247.692308 4250.256410 4264.615385 4250.256410 4225.128205 4246.666667 4247.692308 4245.641026 4247.692308 4227.692308 4220.512821 4201.538462 4265.641026 4161.538462
4237.435897 4233.333333 4253.333333 4234.871795 4226.666667 4238.974359 4233.846154 4232.820513 4234.871795 4226.666667 4207.179487 4199.487179 4255.897436 4154.871795
4237.435897 4234.358974 4256.410256 4235.384615 4225.128205 4234.871795 4238.461538 4227.179487 4232.820513 4231.794872 4207.692308 4195.897436 4251.282051 4153.333333
4235.897436 4229.743590 4254.871795 4230.769231 4228.205128 4238.974359 4241.025641 4226.666667 4229.230769 4232.820513 4206.666667 4197.435897 4243.076923 4154.358974
4232.820513 4226.666667 4249.230769 4226.666667 4226.153846 4236.923077 4234.871795 4235.897436 4229.743590 4228.717949 4204.102564 4190.256410 4242.051282 4147.179487
4233.333333 4235.384615 4253.333333 4233.333333 4225.128205 4233.333333 4230.256410 4237.948718 4237.435897 4228.205128 4207.179487 4194.358974 4245.128205 4141.025641
4232.307692 4233.846154 4256.923077 4233.333333 4232.307692 4234.358974 4231.282051 4226.153846 4237.435897 4233.846154 4203.589744 4203.589744 4240.000000 4137.948718
4229.230769 4226.666667 4252.820513 4230.769231 4232.820513 4232.307692 4235.897436 4220.512821 4237.435897 4228.717949 4198.974359 4194.871795 4240.000000 4133.333333
4232.307692 4227.692308 4255.897436 4235.384615 4229.230769 4234.871795 4242.051282 4224.615385 4245.641026 4222.564103 4203.076923 4200.000000 4246.153846 4132.307692
4234.871795 4229.230769 4256.923077 4234.358974 4226.153846 4235.384615 4236.923077 4221.025641 4241.538462 4228.205128 4202.051282 4202.564103 4242.051282 4131.282051
4229.230769 4223.589744 4245.128205 4224.102564 4228.717949 4231.282051 4216.923077 4208.205128 4214.358974 4230.769231 4186.153846 4195.384615 4224.102564 4123.589744
4227.179487 4224.102564 4238.974359 4222.564103 4231.282051 4230.769231 4208.717949 4202.051282 4194.358974 4226.666667 4177.948718 4194.358974 4209.230769 4122.564103
4240.512821 4241.025641 4255.897436 4238.461538 4226.153846 4233.333333 4219.487179 4208.717949 4203.589744 4225.641026 4191.794872 4196.923077 4223.589744 4128.717949
4256.410256 4254.871795 4272.307692 4249.743590 4230.256410 4237.435897 4230.256410 4218.461538 4218.461538 4229.230769 4206.666667 4212.307692 4249.230769 4132.307692
4254.871795 4250.256410 4266.153846 4246.153846 4230.256410 4236.923077 4228.205128 4216.410256 4213.846154 4231.282051 4208.205128 4209.743590 4250.769231 4131.794872
4242.564103 4237.435897 4256.410256 4236.923077 4224.102564 4232.307692 4215.897436 4211.282051 4203.589744 4226.153846 4199.487179 4200.512821 4233.333333 4129.743590
4241.025641 4238.461538 4261.025641 4235.384615 4228.205128 4231.282051 4212.820513 4217.435897 4211.794872 4225.128205 4192.307692 4206.153846 4231.282051 4129.230769
4246.153846 4249.743590 4267.692308 4245.641026 4228.717949 4237.948718 4230.769231 4231.794872 4226.153846 4227.179487 4197.948718 4201.025641 4240.000000 4130.256410
4241.538462 4244.615385 4262.051282 4241.025641 4226.666667 4243.589744 4232.820513 4224.102564 4214.871795 4225.641026 4194.358974 4201.538462 4230.769231 4129.743590
4226.153846 4227.179487 4245.128205 4223.076923 4225.641026 4235.897436 4214.871795 4206.666667 4194.871795 4225.128205 4181.025641 4196.923077 4215.897436 4127.179487
4215.384615 4217.948718 4237.948718 4212.307692 4224.102564 4231.282051 4212.307692 4202.564103 4187.692308 4227.692308 4175.897436 4184.615385 4210.256410 4130.256410
4216.923077 4219.487179 4243.589744 4216.410256 4227.692308 4237.948718 4223.589744 4206.153846 4190.769231 4225.641026 4177.948718 4192.307692 4211.282051 4135.384615
4217.435897 4225.641026 4244.102564 4223.589744 4225.128205 4239.487179 4224.615385 4214.871795 4198.461538 4226.153846 4180.000000 4190.256410 4217.435897 4131.282051
4213.846154 4220.512821 4235.897436 4218.461538 4225.128205 4235.384615 4214.871795 4209.230769 4195.897436 4234.871795 4175.897436 4182.051282 4209.743590 4128.205128
4209.230769 4215.897436 4233.846154 4214.358974 4228.717949 4234.871795 4213.333333 4198.461538 4184.615385 4232.820513 4172.307692 4180.000000 4203.589744 4129.743590
4215.897436 4227.179487 4244.102564 4223.589744 4228.717949 4237.948718 4220.000000 4206.666667 4188.717949 4224.102564 4178.461538 4181.538462 4217.435897 4134.358974
4230.256410 4238.461538 4252.820513 4233.846154 4229.230769 4241.538462 4226.153846 4220.512821 4210.256410 4224.615385 4186.153846 4192.820513 4226.153846 4143.076923
4231.794872 4237.948718 4252.307692 4233.846154 4226.666667 4239.487179 4230.256410 4226.666667 4217.435897 4228.205128 4190.256410 4188.717949 4223.076923 4146.153846
4230.256410 4235.384615 4259.487179 4232.820513 4227.179487 4241.025641 4231.282051 4229.230769 4210.769231 4232.820513 4196.410256 4189.743590 4230.256410 4145.641026
4241.025641 4242.051282 4271.794872 4240.512821 4229.230769 4245.128205 4234.871795 4233.846154 4218.461538 4233.333333 4205.641026 4197.435897 4237.435897 4144.102564
4248.205128 4248.205128 4274.358974 4249.743590 4227.179487 4243.589744 4244.102564 4242.051282 4231.794872 4228.205128 4210.769231 4192.307692 4237.435897 4139.487179
4243.076923 4245.641026 4269.743590 4248.205128 4230.256410 4244.102564 4243.589744 4248.205128 4237.435897 4227.692308 4210.769231 4196.410256 4240.512821 4134.871795
4238.974359 4241.025641 4265.128205 4241.538462 4228.717949 4245.128205 4230.769231 4237.435897 4234.871795 4228.205128 4205.641026 4194.358974 4243.076923 4130.256410
4237.948718 4240.512821 4265.641026 4239.487179 4227.692308 4244.102564 4222.564103 4222.564103 4225.641026 4224.102564 4197.948718 4190.256410 4235.897436 4129.230769
4233.846154 4240.512821 4262.564103 4235.897436 4228.717949 4238.974359 4217.435897 4220.000000 4218.461538 4223.589744 4191.794872 4188.717949 4227.179487 4128.717949
4227.179487 4233.846154 4251.794872 4228.205128 4224.615385 4236.923077 4213.846154 4219.487179 4216.410256 4226.666667 4184.102564 4180.000000 4221.538462 4127.179487
4225.128205 4224.615385 4248.717949 4221.538462 4228.717949 4243.589744 4219.487179 4216.410256 4211.282051 4228.717949 4181.025641 4185.641026 4218.461538 4125.641026
4227.179487 4225.641026 4253.333333 4221.538462 4229.743590 4241.538462 4225.128205 4220.512821 4201.538462 4230.256410 4189.743590 4186.666667 4226.153846 4122.564103
4233.333333 4232.820513 4262.051282 4225.641026 4223.589744 4237.435897 4223.589744 4228.717949 4206.666667 4229.230769 4195.897436 4188.717949 4230.256410 4121.538462
4244.615385 4241.025641 4272.820513 4232.307692 4226.153846 4245.641026 4227.692308 4234.358974 4228.717949 4226.153846 4202.051282 4200.512821 4231.282051 4122.051282
4250.256410 4241.025641 4276.923077 4234.358974 4228.205128 4248.205128 4234.871795 4239.487179 4240.512821 4229.230769 4210.769231 4197.948718 4237.435897 4120.512821
4239.487179 4230.769231 4267.692308 4225.128205 4228.205128 4244.615385 4225.641026 4234.871795 4231.282051 4233.333333 4205.641026 4194.871795 4231.794872 4117.948718
4234.871795 4233.333333 4264.615385 4228.205128 4226.666667 4245.641026 4221.538462 4234.871795 4228.717949 4228.717949 4202.051282 4192.307692 4227.179487 4115.897436
4250.769231 4247.179487 4280.000000 4244.615385 4229.230769 4248.205128 4237.435897 4247.179487 4241.538462 4229.230769 4211.794872 4193.846154 4233.333333 4113.846154
4251.282051 4244.102564 4283.589744 4242.051282 4230.769231 4245.641026 4241.538462 4239.487179 4235.384615 4232.820513 4206.666667 4195.897436 4225.641026 4111.282051
4233.333333 4230.769231 4267.179487 4229.230769 4223.076923 4241.025641 4224.615385 4221.025641 4218.461538 4229.743590 4193.846154 4185.128205 4217.435897 4110.769231
4230.769231 4231.794872 4264.615385 4230.256410 4225.641026 4243.589744 4217.435897 4226.666667 4225.641026 4228.717949 4197.948718 4189.230769 4228.717949 4112.820513
4235.384615 4236.410256 4270.256410 4236.923077 4227.692308 4244.615385 4228.717949 4244.102564 4236.923077 4230.769231 4201.538462 4187.692308 4231.282051 4109.743590
4230.256410 4233.333333 4265.641026 4233.333333 4222.051282 4242.051282 4231.282051 4240.000000 4227.179487 4230.256410 4193.333333 4176.923077 4215.897436 4103.589744
4227.692308 4236.410256 4264.615385 4232.307692 4223.076923 4241.025641 4224.615385 4225.641026 4216.923077 4229.743590 4189.743590 4183.589744 4210.256410 4101.538462
4230.769231 4242.051282 4269.230769 4237.435897 4225.641026 4237.435897 4226.153846 4229.230769 4219.487179 4228.717949 4194.358974 4181.025641 4216.923077 4098.461538
4230.769231 4234.358974 4267.179487 4234.358974 4227.692308 4237.435897 4224.102564 4235.384615 4220.512821 4228.205128 4196.410256 4180.512821 4216.923077 4098.974359
4232.307692 4233.333333 4269.230769 4234.871795 4228.205128 4242.051282 4225.641026 4235.384615 4221.538462 4229.743590 4200.512821 4184.102564 4217.948718 4100.000000
4232.820513 4241.538462 4275.897436 4242.564103 4225.641026 4245.128205 4234.871795 4234.871795 4219.487179 4228.717949 4200.000000 4180.512821 4222.564103 4095.384615
4233.333333 4238.974359 4273.846154 4242.051282 4228.717949 4242.051282 4234.871795 4235.384615 4215.897436 4226.666667 4195.384615 4184.615385 4221.538462 4090.769231
4239.487179 4236.923077 4273.846154 4240.000000 4226.666667 4237.948718 4232.820513 4240.000000 4225.641026 4228.717949 4204.102564 4184.102564 4226.666667 4092.307692
4242.564103 4238.974359 4281.538462 4240.000000 4225.641026 4240.000000 4236.410256 4235.897436 4227.692308 4233.333333 4211.794872 4187.692308 4232.307692 4092.820513
4240.512821 4236.923077 4280.000000 4237.948718 4229.743590 4240.512821 4238.461538 4236.923077 4217.435897 4231.794872 4207.692308 4192.820513 4228.205128 4087.179487
4236.923077 4233.846154 4273.846154 4234.871795 4226.666667 4236.410256 4237.948718 4251.282051 4213.846154 4229.743590 4203.589744 4188.205128 4222.051282 4089.230769
4234.871795 4232.820513 4276.410256 4234.358974 4225.128205 4235.897436 4236.923077 4247.692308 4211.794872 4232.307692 4201.538462 4189.230769 4219.487179 4095.897436
4232.307692 4237.948718 4279.487179 4238.461538 4226.153846 4237.948718 4236.410256 4237.435897 4209.230769 4230.256410 4205.641026 4184.102564 4225.641026 4098.974359
4235.897436 4241.538462 4283.589744 4239.487179 4228.205128 4240.000000 4235.897436 4237.948718 4211.282051 4226.153846 4216.923077 4189.743590 4233.846154 4104.615385
4243.076923 4241.538462 4289.743590 4237.435897 4229.743590 4239.487179 4231.794872 4231.282051 4209.230769 4229.230769 4218.974359 4195.384615 4230.256410 4107.179487
4242.051282 4243.076923 4287.179487 4238.974359 4225.641026 4235.897436 4221.538462 4221.025641 4198.461538 4227.692308 4212.307692 4184.102564 4218.974359 4107.179487
4235.384615 4242.564103 4281.538462 4237.948718 4226.153846 4237.948718 4214.358974 4208.717949 4188.717949 4224.102564 4203.589744 4185.641026 4204.615385 4110.769231
4231.794872 4245.128205 4283.076923 4238.461538 4223.076923 4236.923077 4221.025641 4210.256410 4195.384615 4228.205128 4205.641026 4185.128205 4207.179487 4116.410256
4236.923077 4255.897436 4287.692308 4248.205128 4224.102564 4235.384615 4232.307692 4230.769231 4214.871795 4228.205128 4220.000000 4188.205128 4227.692308 4121.538462
4236.410256 4255.384615 4282.564103 4245.128205 4227.692308 4237.435897 4230.769231 4235.384615 4219.487179 4226.153846 4218.974359 4192.820513 4227.692308 4124.615385
4225.128205 4238.974359 4272.307692 4229.743590 4223.589744 4233.846154 4218.461538 4216.410256 4206.666667 4228.205128 4202.051282 4177.435897 4203.076923 4122.564103
4225.641026 4237.948718 4278.461538 4230.769231 4225.641026 4235.384615 4222.564103 4221.538462 4216.923077 4229.230769 4199.487179 4181.025641 4195.897436 4125.128205
4235.384615 4249.743590 4291.794872 4244.102564 4227.179487 4241.025641 4242.051282 4247.692308 4243.589744 4228.205128 4216.410256 4192.820513 4216.923077 4133.333333
4233.846154 4238.461538 4286.666667 4237.435897 4227.179487 4237.948718 4237.435897 4236.410256 4236.923077 4226.666667 4215.897436 4192.820513 4220.512821 4138.461538
4229.230769 4226.153846 4282.051282 4229.743590 4228.205128 4233.846154 4221.538462 4216.923077 4223.076923 4225.128205 4207.179487 4194.871795 4212.307692 4141.025641
4233.846154 4235.897436 4290.256410 4240.000000 4223.076923 4234.871795 4232.307692 4240.512821 4235.897436 4227.179487 4216.923077 4191.794872 4214.358974 4145.128205
4221.538462 4223.589744 4281.538462 4226.666667 4224.615385 4237.435897 4239.487179 4246.153846 4224.615385 4232.820513 4209.743590 4188.205128 4196.410256 4148.717949
4198.461538 4197.948718 4260.000000 4201.538462 4227.179487 4232.307692 4223.076923 4209.743590 4187.179487 4231.282051 4184.615385 4173.846154 4169.230769 4146.153846
4207.179487 4208.205128 4267.692308 4213.333333 4224.102564 4229.743590 4215.384615 4201.538462 4192.820513 4226.666667 4191.282051 4175.384615 4183.076923 4152.820513
4233.333333 4236.923077 4291.282051 4242.564103 4227.179487 4235.897436 4227.179487 4235.384615 4232.307692 4226.666667 4224.615385 4197.435897 4222.051282 4174.871795
4238.461538 4246.153846 4294.358974 4246.153846 4227.179487 4239.487179 4233.846154 4243.589744 4245.641026 4229.743590 4234.358974 4197.435897 4235.384615 4186.153846
4234.358974 4241.025641 4291.794872 4240.000000 4227.179487 4239.487179 4233.333333 4224.102564 4238.461538 4233.846154 4224.615385 4198.461538 4223.076923 4191.282051
4240.000000 4244.615385 4299.487179 4251.282051 4228.717949 4240.000000 4239.487179 4234.871795 4247.692308 4231.282051 4225.641026 4204.102564 4223.076923 4204.102564
4241.538462 4247.179487 4300.000000 4254.358974 4224.102564 4240.512821 4237.948718 4247.692308 4251.282051 4228.205128 4229.230769 4200.512821 4228.205128 4209.743590
4232.820513 4237.948718 4289.230769 4238.974359 4223.589744 4238.461538 4224.615385 4226.666667 4237.435897 4229.743590 4223.076923 4205.641026 4216.923077 4201.538462
4226.153846 4233.846154 4287.179487 4234.871795 4224.615385 4235.384615 4228.717949 4227.179487 4237.435897 4230.256410 4220.000000 4203.589744 4210.256410 4194.358974
4232.307692 4236.923077 4295.897436 4239.487179 4224.102564 4238.461538 4238.974359 4243.076923 4244.102564 4227.692308 4220.000000 4204.615385 4215.897436 4192.820513
4240.000000 4240.512821 4297.435897 4237.948718 4222.564103 4238.974359 4235.897436 4235.384615 4238.974359 4225.641026 4222.564103 4207.179487 4222.564103 4188.717949
4241.538462 4242.564103 4294.871795 4239.487179 4224.102564 4234.871795 4232.307692 4233.333333 4240.000000 4228.717949 4230.769231 4206.666667 4228.205128 4187.179487
4243.589744 4241.025641 4296.923077 4243.076923 4229.230769 4237.435897 4234.871795 4237.435897 4244.102564 4232.307692 4230.256410 4216.410256 4227.179487 4187.179487
4244.615385 4237.435897 4293.846154 4240.512821 4226.666667 4236.410256 4230.769231 4228.205128 4234.871795 4230.256410 4226.666667 4209.743590 4222.051282 4180.512821
4237.948718 4233.846154 4286.666667 4234.358974 4224.615385 4232.307692 4224.615385 4231.282051 4232.820513 4228.205128 4225.641026 4204.102564 4217.435897 4174.871795
4231.282051 4232.307692 4282.564103 4233.333333 4224.102564 4233.333333 4230.256410 4240.000000 4236.410256 4231.282051 4223.076923 4202.564103 4212.820513 4170.256410
4231.794872 4234.358974 4280.512821 4239.487179 4223.076923 4236.923077 4234.871795 4233.333333 4233.846154 4227.692308 4223.589744 4193.846154 4216.923077 4164.615385
4234.358974 4230.769231 4282.051282 4238.974359 4226.153846 4238.974359 4231.282051 4233.333333 4235.897436 4227.179487 4225.641026 4200.512821 4221.025641 4158.974359
4232.307692 4226.666667 4284.102564 4235.897436 4222.051282 4234.358974 4231.794872 4241.538462 4239.487179 4229.743590 4225.641026 4196.410256 4215.897436 4159.487179
4234.358974 4228.205128 4287.179487 4236.410256 4222.564103 4235.897436 4236.923077 4243.589744 4238.974359 4227.179487 4226.153846 4193.333333 4209.230769 4171.794872
4240.000000 4235.384615 4292.820513 4239.487179 4230.256410 4241.025641 4239.487179 4242.051282 4238.974359 4227.692308 4228.717949 4201.025641 4211.282051 4190.769231
4237.435897 4241.025641 4295.384615 4243.076923 4227.692308 4238.461538 4233.333333 4235.384615 4235.897436 4229.230769 4231.794872 4194.358974 4215.897436 4208.717949
4234.871795 4240.000000 4295.897436 4241.538462 4226.153846 4236.410256 4230.769231 4235.384615 4233.333333 4229.230769 4235.384615 4195.897436 4217.435897 4225.641026
4237.948718 4238.974359 4290.769231 4240.000000 4224.615385 4237.435897 4234.871795 4245.128205 4239.487179 4228.717949 4241.538462 4195.897436 4224.102564 4242.564103
4236.923077 4236.410256 4286.666667 4238.461538 4222.051282 4237.948718 4234.358974 4238.461538 4242.051282 4226.666667 4240.512821 4194.358974 4222.564103 4263.076923
4231.282051 4232.307692 4285.641026 4232.820513 4224.615385 4237.948718 4224.615385 4222.564103 4233.333333 4223.589744 4236.923077 4196.923077 4214.358974 4283.076923
4232.307692 4231.282051 4283.589744 4229.743590 4221.538462 4235.897436 4221.538462 4224.615385 4228.205128 4229.743590 4242.051282 4191.794872 4220.512821 4303.589744
4232.307692 4226.666667 4278.461538 4227.692308 4225.128205 4235.897436 4221.538462 4228.205128 4229.743590 4233.333333 4242.051282 4195.384615 4220.000000 4328.717949
4227.179487 4224.615385 4272.820513 4226.153846 4228.717949 4235.897436 4220.000000 4222.564103 4229.743590 4227.692308 4235.897436 4190.769231 4205.641026 4337.948718
4231.282051 4232.307692 4276.923077 4233.333333 4224.102564 4232.307692 4223.589744 4222.564103 4226.666667 4230.256410 4237.948718 4189.230769 4205.128205 4326.666667
4234.871795 4234.358974 4280.000000 4238.461538 4225.128205 4231.794872 4225.641026 4231.794872 4230.769231 4232.307692 4243.076923 4204.615385 4215.897436 4324.102564
4229.743590 4227.179487 4272.820513 4233.333333 4224.102564 4236.410256 4225.128205 4233.846154 4233.333333 4227.692308 4241.538462 4200.512821 4214.871795 4329.230769
4228.205128 4226.153846 4270.256410 4229.230769 4224.102564 4240.000000 4231.794872 4228.717949 4227.179487 4230.769231 4237.948718 4196.410256 4210.769231 4324.102564
4234.358974 4237.435897 4276.410256 4237.435897 4224.102564 4237.948718 4237.435897 4233.846154 4233.846154 4232.820513 4242.051282 4201.538462 4221.538462 4316.410256
4236.923077 4243.589744 4280.000000 4244.615385 4224.615385 4235.897436 4230.769231 4241.538462 4244.102564 4226.666667 4249.743590 4204.102564 4231.282051 4314.358974
4236.410256 4235.897436 4274.358974 4236.923077 4228.205128 4238.974359 4225.128205 4243.589744 4241.538462 4228.205128 4245.128205 4209.230769 4223.076923 4317.948718
4229.743590 4230.256410 4263.076923 4226.666667 4226.666667 4235.384615 4223.076923 4236.410256 4235.384615 4230.769231 4234.358974 4203.076923 4213.333333 4325.641026
4220.512821 4226.153846 4256.410256 4222.564103 4228.717949 4232.820513 4211.282051 4221.538462 4231.794872 4227.179487 4229.230769 4205.641026 4210.769231 4332.820513
4225.128205 4226.666667 4258.461538 4226.666667 4228.717949 4233.333333 4212.307692 4226.666667 4232.307692 4228.717949 4235.384615 4211.794872 4217.435897 4339.487179
4232.307692 4232.307692 4265.641026 4233.333333 4223.076923 4232.820513 4225.128205 4243.589744 4238.974359 4228.205128 4244.102564 4215.897436 4225.641026 4351.794872
4224.102564 4226.666667 4263.076923 4228.205128 4224.102564 4234.871795 4218.974359 4227.692308 4227.179487 4224.615385 4233.846154 4225.128205 4214.871795 4364.102564
4211.282051 4216.923077 4247.179487 4220.000000 4223.589744 4232.820513 4210.769231 4202.051282 4201.025641 4227.692308 4223.589744 4215.384615 4204.102564 4370.256410
4216.410256 4222.051282 4248.205128 4227.179487 4225.128205 4231.794872 4219.487179 4211.794872 4202.564103 4230.769231 4231.794872 4221.025641 4212.307692 4376.410256
4229.743590 4232.307692 4262.564103 4239.487179 4229.743590 4235.384615 4227.692308 4230.256410 4226.153846 4227.179487 4240.000000 4240.512821 4217.948718 4381.025641
4227.692308 4224.102564 4258.461538 4229.230769 4227.692308 4232.820513 4222.051282 4218.974359 4218.974359 4228.205128 4231.794872 4236.923077 4203.589744 4380.000000
4223.589744 4215.897436 4248.717949 4218.461538 4227.179487 4229.743590 4214.871795 4206.153846 4203.589744 4232.307692 4228.717949 4240.000000 4199.487179 4380.512821
4231.282051 4230.769231 4258.461538 4235.897436 4225.641026 4228.205128 4220.000000 4228.205128 4226.153846 4229.743590 4241.538462 4248.205128 4223.589744 4385.641026
4238.974359 4240.000000 4266.666667 4242.564103 4227.692308 4229.230769 4224.102564 4242.051282 4244.102564 4232.307692 4242.564103 4256.410256 4230.769231 4389.230769
4241.538462 4235.384615 4267.179487 4233.846154 4229.230769 4230.769231 4222.564103 4228.205128 4237.435897 4234.871795 4243.076923 4265.128205 4225.128205 4389.230769
4252.307692 4242.564103 4274.358974 4242.564103 4223.076923 4232.307692 4229.743590 4242.564103 4251.282051 4228.717949 4256.410256 4268.717949 4241.025641 4393.333333
4255.384615 4246.153846 4275.384615 4248.205128 4225.128205 4232.307692 4235.897436 4262.564103 4262.051282 4225.128205 4257.948718 4276.410256 4246.666667 4403.589744
4242.564103 4233.846154 4263.589744 4237.435897 4226.666667 4227.179487 4226.666667 4241.025641 4240.000000 4229.743590 4249.230769 4269.230769 4234.871795 4407.179487
4241.538462 4228.717949 4263.076923 4233.333333 4224.615385 4227.692308 4218.974359 4228.205128 4230.256410 4233.333333 4250.256410 4267.179487 4237.435897 4411.794872
4249.230769 4238.461538 4275.384615 4239.487179 4227.692308 4230.769231 4232.820513 4247.179487 4251.282051 4229.743590 4252.820513 4275.384615 4245.128205 4421.538462
4251.282051 4245.641026 4281.025641 4243.076923 4228.205128 4227.692308 4243.076923 4253.846154 4258.974359 4228.205128 4249.743590 4272.820513 4241.538462 4429.743590
4245.641026 4237.948718 4270.769231 4237.435897 4227.179487 4229.230769 4227.179487 4230.256410 4233.846154 4232.820513 4241.025641 4273.333333 4229.230769 4437.435897
4232.820513 4228.717949 4255.897436 4229.743590 4224.615385 4230.256410 4217.435897 4220.000000 4214.871795 4233.846154 4235.384615 4266.153846 4222.051282 4445.641026
4231.282051 4230.769231 4260.000000 4232.820513 4226.666667 4229.743590 4227.692308 4235.897436 4232.307692 4227.692308 4240.512821 4264.615385 4231.282051 4455.897436
4246.153846 4239.487179 4272.820513 4239.487179 4228.717949 4230.769231 4228.205128 4240.512821 4248.205128 4223.589744 4245.641026 4273.333333 4241.025641 4466.666667
4242.051282 4235.897436 4264.102564 4233.846154 4221.025641 4229.230769 4216.923077 4227.179487 4229.230769 4227.179487 4239.487179 4263.076923 4233.846154 4473.333333
4221.025641 4221.025641 4247.179487 4218.974359 4224.102564 4227.692308 4208.717949 4216.923077 4208.717949 4231.794872 4224.102564 4256.410256 4216.410256 4478.974359
4221.538462 4222.564103 4250.256410 4221.025641 4229.230769 4226.153846 4206.666667 4220.000000 4213.846154 4231.282051 4219.487179 4254.871795 4213.333333 4489.743590
4235.897436 4233.333333 4263.589744 4231.794872 4224.615385 4226.666667 4214.871795 4226.666667 4222.051282 4226.666667 4232.820513 4254.358974 4227.692308 4506.153846
4235.897436 4236.923077 4268.717949 4235.897436 4227.179487 4231.794872 4226.153846 4235.384615 4228.717949 4225.128205 4244.615385 4262.564103 4237.435897 4516.410256
4230.769231 4236.923077 4266.666667 4235.897436 4227.692308 4233.846154 4226.666667 4240.512821 4232.307692 4229.743590 4242.051282 4255.897436 4234.358974 4517.948718
4232.307692 4234.871795 4266.153846 4234.358974 4225.641026 4232.820513 4218.974359 4229.743590 4227.179487 4232.307692 4231.794872 4253.333333 4225.128205 4523.076923
4231.794872 4232.307692 4268.205128 4235.384615 4225.641026 4232.307692 4221.538462 4223.589744 4227.692308 4229.230769 4232.820513 4253.846154 4229.230769 4531.282051
4231.794872 4231.282051 4268.717949 4233.333333 4227.179487 4232.820513 4229.230769 4230.769231 4231.282051 4230.769231 4240.000000 4252.307692 4239.487179 4535.384615
4232.820513 4230.769231 4268.205128 4231.794872 4228.205128 4233.846154 4226.666667 4234.871795 4232.307692 4233.333333 4239.487179 4259.487179 4238.974359 4540.512821
4229.743590 4230.256410 4264.615385 4236.923077 4222.051282 4234.358974 4224.102564 4232.307692 4233.846154 4230.769231 4235.897436 4251.282051 4235.897436 4547.692308
4231.282051 4232.820513 4267.179487 4240.512821 4224.102564 4236.410256 4223.589744 4226.153846 4227.179487 4231.282051 4235.384615 4252.820513 4240.000000 4551.794872
4232.820513 4235.897436 4270.256410 4238.461538 4227.179487 4234.871795 4216.410256 4223.589744 4217.435897 4230.769231 4230.256410 4259.487179 4240.000000 4551.794872
4232.307692 4237.435897 4269.230769 4238.974359 4222.051282 4229.230769 4212.820513 4224.102564 4220.000000 4231.282051 4227.692308 4252.307692 4235.897436 4553.846154
4242.051282 4241.538462 4275.897436 4248.205128 4226.666667 4233.333333 4221.025641 4223.589744 4229.743590 4233.333333 4234.871795 4259.487179 4240.000000 4561.025641
4250.769231 4246.666667 4283.589744 4254.871795 4228.717949 4236.923077 4231.794872 4232.307692 4237.435897 4231.282051 4245.128205 4263.076923 4249.743590 4561.538462
4246.666667 4240.512821 4278.461538 4248.205128 4227.692308 4234.358974 4233.846154 4240.512821 4238.974359 4229.230769 4243.076923 4261.025641 4244.102564 4560.512821
4243.076923 4234.871795 4271.794872 4240.000000 4228.717949 4231.282051 4235.897436 4246.153846 4243.589744 4232.307692 4236.923077 4258.974359 4235.384615 4564.102564
4244.102564 4241.025641 4273.846154 4243.589744 4226.153846 4233.333333 4243.076923 4253.846154 4252.820513 4229.230769 4242.051282 4255.384615 4235.384615 4564.102564
4235.897436 4237.948718 4271.794872 4243.076923 4226.666667 4236.923077 4245.128205 4246.666667 4245.128205 4225.128205 4239.487179 4257.435897 4228.205128 4558.461538
4227.692308 4228.717949 4259.487179 4238.461538 4227.179487 4229.743590 4240.000000 4236.410256 4226.666667 4229.230769 4226.666667 4245.641026 4221.538462 4549.230769
4232.307692 4227.179487 4254.871795 4236.410256 4227.692308 4228.205128 4229.230769 4240.000000 4225.641026 4233.846154 4224.102564 4241.025641 4223.589744 4547.179487
4233.846154 4227.179487 4255.384615 4231.282051 4228.205128 4232.820513 4223.589744 4243.589744 4233.333333 4232.307692 4229.743590 4246.153846 4224.615385 4547.692308
4230.256410 4230.256410 4258.974359 4230.769231 4223.076923 4229.230769 4227.692308 4240.512821 4235.384615 4229.230769 4233.333333 4240.000000 4230.256410 4543.076923
4235.384615 4234.871795 4267.692308 4238.461538 4225.128205 4229.230769 4232.307692 4235.897436 4233.333333 4229.743590 4233.333333 4247.179487 4234.871795 4538.461538
4237.948718 4233.846154 4266.153846 4240.512821 4224.615385 4230.769231 4229.230769 4230.769231 4228.717949 4230.769231 4232.307692 4244.615385 4229.743590 4531.794872
4217.948718 4212.307692 4245.128205 4217.948718 4223.076923 4224.615385 4216.410256 4223.589744 4211.282051 4230.256410 4215.384615 4228.205128 4204.102564 4526.153846
4194.358974 4186.153846 4225.128205 4192.307692 4228.205128 4216.923077 4208.205128 4216.410256 4189.743590 4231.282051 4193.333333 4218.974359 4176.410256 4521.025641
4200.000000 4192.307692 4233.333333 4201.538462 4226.666667 4216.923077 4213.333333 4216.410256 4191.282051 4229.743590 4197.435897 4214.871795 4184.615385 4514.871795
4224.615385 4215.897436 4255.897436 4224.102564 4226.153846 4222.051282 4219.487179 4227.692308 4216.923077 4227.179487 4217.435897 4226.666667 4211.282051 4512.307692
4233.846154 4224.102564 4261.025641 4230.256410 4226.153846 4220.000000 4221.025641 4241.025641 4236.410256 4228.717949 4226.666667 4227.179487 4222.051282 4510.769231
4230.256410 4221.025641 4260.000000 4230.256410 4224.615385 4220.512821 4223.589744 4239.487179 4230.256410 4228.717949 4223.589744 4221.025641 4216.410256 4504.102564
4233.333333 4223.589744 4265.128205 4234.871795 4227.179487 4225.641026 4233.333333 4236.410256 4221.538462 4226.666667 4219.487179 4226.666667 4213.333333 4496.410256
4234.871795 4226.666667 4264.615385 4235.384615 4225.128205 4225.128205 4238.461538 4243.076923 4228.717949 4228.205128 4220.000000 4220.512821 4216.923077 4490.769231
4233.333333 4227.179487 4264.102564 4232.307692 4224.102564 4224.102564 4229.230769 4241.538462 4236.410256 4232.307692 4221.538462 4222.051282 4216.923077 4484.615385
4243.589744 4238.461538 4274.358974 4240.000000 4224.615385 4226.153846 4232.820513 4241.538462 4242.564103 4230.769231 4230.256410 4223.589744 4224.615385 4482.564103
4250.256410 4243.076923 4278.461538 4245.128205 4225.641026 4228.205128 4242.051282 4242.564103 4242.051282 4227.179487 4232.307692 4221.538462 4228.205128 4481.538462
4238.974359 4233.846154 4273.333333 4239.487179 4228.205128 4226.666667 4230.769231 4238.974359 4234.871795 4228.717949 4224.615385 4225.641026 4215.384615 4474.871795
4230.769231 4230.769231 4270.256410 4237.435897 4225.641026 4224.102564 4224.615385 4242.051282 4232.307692 4226.666667 4229.743590 4218.461538 4214.358974 4466.666667
4234.871795 4228.717949 4270.769231 4233.333333 4229.230769 4225.641026 4230.256410 4239.487179 4230.769231 4227.179487 4234.358974 4219.487179 4220.000000 4464.615385
4232.820513 4223.589744 4269.743590 4228.205128 4228.205128 4224.102564 4224.102564 4233.333333 4229.230769 4230.256410 4223.589744 4217.435897 4213.333333 4462.051282
4230.256410 4228.205128 4273.333333 4234.871795 4223.076923 4222.564103 4224.615385 4241.538462 4236.923077 4229.230769 4224.102564 4210.769231 4211.794872 4452.307692
4240.512821 4238.974359 4287.179487 4244.615385 4228.205128 4227.692308 4242.051282 4250.256410 4250.256410 4226.666667 4237.435897 4222.564103 4226.666667 4444.102564
4247.179487 4242.564103 4291.282051 4248.205128 4227.179487 4226.666667 4244.102564 4246.153846 4248.205128 4229.743590 4238.461538 4219.487179 4228.717949 4438.974359
4245.641026 4240.512821 4289.743590 4248.717949 4226.153846 4225.128205 4234.358974 4247.179487 4242.564103 4233.333333 4232.307692 4213.846154 4218.461538 4434.871795
4248.205128 4244.615385 4296.923077 4251.282051 4229.743590 4227.179487 4238.974359 4255.384615 4246.666667 4231.282051 4236.410256 4220.512821 4222.051282 4428.717949
4250.256410 4247.692308 4301.538462 4253.846154 4225.641026 4225.128205 4243.589744 4254.358974 4249.230769 4227.179487 4240.000000 4218.461538 4228.717949 4423.076923
4248.205128 4244.102564 4298.974359 4250.769231 4225.641026 4227.179487 4238.461538 4249.230769 4246.153846 4228.717949 4237.948718 4222.051282 4225.128205 4419.487179
4246.666667 4242.051282 4295.897436 4247.692308 4225.641026 4230.256410 4237.435897 4257.435897 4248.717949 4229.230769 4243.076923 4218.974359 4228.717949 4410.769231
4241.025641 4233.846154 4293.333333 4241.538462 4224.615385 4228.717949 4233.333333 4262.564103 4250.769231 4225.128205 4242.564103 4212.307692 4228.717949 4400.000000
4223.076923 4215.897436 4280.000000 4223.076923 4225.128205 4225.128205 4219.487179 4234.871795 4227.179487 4226.153846 4223.589744 4203.589744 4207.692308 4389.230769
4209.743590 4207.692308 4267.179487 4212.307692 4223.076923 4220.512821 4213.333333 4209.743590 4196.923077 4228.205128 4211.794872 4190.256410 4196.923077 4378.974359
4219.487179 4215.384615 4276.410256 4218.461538 4226.153846 4221.025641 4217.435897 4222.564103 4202.051282 4227.179487 4220.512821 4198.461538 4208.717949 4372.820513
4230.256410 4224.615385 4290.256410 4228.717949 4224.102564 4220.512821 4224.102564 4245.128205 4223.076923 4228.205128 4231.282051 4201.025641 4219.487179 4366.153846
4223.589744 4222.051282 4285.641026 4227.692308 4221.538462 4216.923077 4222.564103 4243.076923 4218.461538 4228.205128 4224.615385 4195.384615 4212.307692 4356.410256
4213.846154 4212.820513 4271.282051 4218.974359 4225.128205 4218.974359 4213.846154 4228.205128 4200.512821 4226.153846 4210.256410 4192.307692 4195.384615 4347.692308
4205.641026 4208.717949 4263.589744 4209.230769 4225.641026 4218.974359 4206.153846 4219.487179 4192.820513 4228.205128 4204.102564 4180.000000 4185.128205 4338.461538
4198.461538 4207.692308 4266.153846 4208.717949 4227.692308 4215.897436 4208.205128 4217.435897 4193.333333 4233.333333 4203.589744 4182.051282 4186.153846 4331.794872
4203.589744 4213.333333 4272.307692 4221.538462 4226.666667 4216.410256 4219.487179 4227.179487 4203.076923 4230.256410 4211.282051 4185.641026 4196.410256 4330.769231
4208.205128 4212.307692 4270.256410 4221.025641 4225.641026 4219.487179 4216.410256 4228.205128 4206.666667 4226.153846 4214.871795 4183.076923 4195.897436 4328.205128
4198.974359 4200.000000 4261.538462 4207.692308 4228.717949 4218.461538 4204.615385 4215.897436 4194.358974 4226.153846 4208.205128 4181.025641 4186.666667 4322.564103
4203.589744 4207.692308 4267.692308 4215.384615 4225.128205 4214.871795 4212.307692 4221.538462 4201.025641 4228.205128 4214.358974 4179.487179 4199.487179 4319.487179
4226.153846 4228.717949 4285.128205 4231.282051 4225.128205 4218.974359 4226.666667 4232.820513 4222.051282 4231.794872 4234.358974 4195.384615 4221.538462 4321.538462
4234.871795 4233.846154 4289.743590 4234.871795 4226.666667 4218.461538 4231.282051 4235.897436 4229.743590 4231.282051 4246.153846 4197.948718 4232.307692 4321.538462
4228.205128 4224.102564 4283.076923 4231.282051 4224.615385 4213.333333 4223.076923 4232.307692 4224.615385 4226.153846 4241.538462 4188.717949 4226.153846 4321.025641
4230.769231 4225.128205 4288.717949 4235.897436 4227.179487 4216.410256 4217.948718 4223.076923 4220.000000 4223.589744 4238.461538 4197.435897 4218.974359 4318.461538
4241.025641 4236.923077 4300.000000 4243.076923 4226.153846 4221.025641 4227.179487 4224.615385 4222.564103 4229.230769 4246.666667 4200.000000 4230.769231 4314.871795
4235.897436 4228.205128 4291.794872 4233.846154 4225.641026 4220.000000 4223.589744 4223.589744 4216.410256 4233.846154 4243.076923 4198.461538 4226.153846 4311.794872
4224.102564 4212.820513 4276.410256 4221.538462 4225.641026 4216.923077 4212.307692 4210.256410 4203.589744 4231.282051 4230.256410 4190.769231 4203.589744 4306.153846
4220.000000 4216.410256 4276.410256 4225.128205 4224.615385 4218.461538 4221.025641 4209.230769 4204.102564 4226.666667 4230.769231 4184.615385 4204.102564 4304.615385
4221.025641 4225.641026 4279.487179 4229.230769 4227.692308 4222.051282 4231.794872 4216.410256 4214.871795 4227.692308 4238.974359 4194.871795 4217.948718 4312.307692
4226.666667 4229.743590 4279.487179 4233.333333 4225.128205 4223.076923 4232.820513 4214.358974 4221.025641 4230.769231 4241.025641 4194.358974 4221.538462 4313.333333
4234.358974 4227.179487 4285.128205 4234.871795 4226.666667 4225.641026 4233.846154 4212.307692 4220.512821 4229.230769 4238.974359 4198.461538 4218.974359 4307.179487
4225.128205 4217.435897 4277.435897 4224.615385 4228.717949 4221.538462 4233.333333 4217.948718 4219.487179 4228.205128 4239.487179 4199.487179 4219.487179 4306.666667
4212.820513 4214.358974 4265.128205 4216.410256 4223.589744 4218.461538 4227.692308 4221.538462 4222.051282 4229.743590 4240.000000 4190.256410 4223.589744 4307.692308
4224.102564 4224.102564 4268.205128 4225.641026 4226.153846 4223.589744 4227.692308 4224.102564 4229.743590 4226.666667 4242.564103 4197.948718 4228.717949 4301.538462
4229.230769 4223.076923 4269.230769 4227.179487 4227.692308 4222.051282 4223.589744 4219.487179 4227.179487 4225.128205 4250.769231 4197.435897 4231.282051 4296.923077
4218.461538 4209.743590 4263.076923 4212.820513 4229.230769 4217.948718 4216.410256 4204.102564 4215.384615 4234.358974 4249.743590 4193.846154 4230.256410 4300.000000
4215.897436 4207.692308 4261.538462 4210.256410 4230.256410 4219.487179 4221.025641 4197.948718 4214.871795 4234.871795 4243.076923 4194.358974 4232.820513 4297.948718
4213.846154 4210.256410 4256.923077 4211.794872 4225.128205 4219.487179 4223.589744 4196.923077 4211.794872 4225.641026 4242.051282 4185.641026 4229.230769 4288.205128
4212.820513 4211.282051 4253.846154 4210.256410 4225.641026 4221.025641 4221.538462 4194.871795 4202.564103 4225.641026 4241.538462 4192.307692 4224.615385 4286.153846
4224.615385 4224.615385 4264.102564 4224.102564 4226.666667 4225.128205 4231.794872 4204.615385 4210.256410 4229.743590 4247.179487 4196.410256 4234.871795 4290.769231
4229.743590 4229.743590 4268.205128 4229.743590 4229.743590 4228.205128 4235.897436 4200.512821 4212.307692 4231.282051 4251.794872 4193.333333 4240.512821 4289.743590
4215.384615 4213.846154 4252.820513 4213.333333 4229.743590 4227.179487 4221.538462 4185.128205 4193.846154 4232.307692 4245.128205 4190.769231 4230.769231 4278.461538
4209.230769 4208.205128 4244.102564 4207.692308 4223.076923 4224.102564 4220.000000 4191.794872 4190.256410 4228.205128 4239.487179 4181.025641 4231.794872 4272.820513
4216.410256 4213.846154 4252.307692 4218.974359 4228.717949 4228.717949 4229.230769 4193.846154 4201.025641 4224.102564 4240.512821 4186.153846 4240.000000 4280.000000
4216.410256 4214.358974 4252.307692 4222.051282 4230.769231 4231.794872 4226.153846 4183.076923 4200.000000 4227.692308 4237.948718 4185.128205 4235.897436 4278.461538
4213.333333 4214.871795 4247.179487 4216.410256 4224.615385 4229.230769 4222.051282 4197.435897 4202.051282 4231.282051 4237.948718 4182.051282 4235.384615 4269.230769
4213.846154 4216.923077 4247.179487 4211.794872 4226.666667 4227.179487 4222.564103 4202.564103 4207.692308 4228.717949 4244.102564 4189.743590 4245.128205 4270.769231
4214.358974 4212.820513 4246.666667 4213.846154 4227.179487 4227.179487 4217.948718 4177.948718 4196.410256 4228.717949 4243.076923 4184.615385 4247.692308 4273.846154
4215.897436 4210.256410 4247.179487 4214.871795 4227.692308 4227.692308 4214.871795 4175.384615 4193.846154 4231.282051 4238.974359 4185.641026 4242.564103 4272.820513
4213.333333 4212.820513 4245.641026 4210.256410 4226.666667 4224.615385 4218.461538 4189.230769 4201.538462 4230.256410 4239.487179 4186.153846 4243.076923 4271.282051
4213.846154 4210.256410 4243.589744 4207.692308 4225.641026 4224.102564 4220.512821 4184.615385 4193.846154 4229.743590 4238.461538 4185.128205 4243.589744 4265.128205
4224.615385 4213.333333 4253.846154 4216.923077 4227.692308 4230.256410 4223.076923 4185.641026 4195.897436 4232.307692 4240.512821 4194.871795 4246.153846 4260.000000
4225.128205 4218.974359 4256.923077 4223.589744 4224.615385 4229.230769 4222.564103 4191.794872 4206.666667 4230.256410 4244.102564 4191.282051 4252.307692 4260.000000
4213.846154 4209.230769 4241.538462 4211.794872 4224.102564 4226.153846 4215.897436 4174.871795 4191.282051 4226.666667 4236.923077 4187.179487 4244.102564 4258.461538
4213.333333 4206.153846 4238.461538 4208.717949 4224.102564 4228.717949 4221.025641 4176.923077 4182.564103 4228.205128 4233.846154 4187.692308 4241.538462 4253.846154
4221.025641 4213.333333 4247.179487 4215.897436 4222.051282 4232.307692 4225.641026 4192.820513 4200.000000 4232.820513 4244.102564 4190.769231 4255.897436 4255.897436
4220.000000 4210.256410 4241.538462 4210.769231 4224.615385 4231.282051 4215.897436 4171.282051 4198.974359 4232.307692 4246.666667 4193.846154 4256.410256 4253.846154
4215.384615 4209.743590 4232.820513 4209.743590 4223.589744 4227.179487 4214.358974 4164.615385 4191.282051 4229.743590 4242.051282 4183.076923 4246.666667 4242.564103
4216.923077 4215.384615 4237.948718 4216.923077 4226.666667 4225.641026 4216.923077 4191.794872 4201.538462 4231.794872 4243.076923 4186.153846 4244.615385 4244.102564
4222.564103 4220.512821 4246.153846 4219.487179 4228.717949 4224.102564 4220.000000 4196.410256 4213.333333 4231.794872 4253.333333 4193.846154 4258.461538 4248.205128
4225.641026 4221.538462 4242.564103 4216.923077 4223.589744 4222.564103 4224.102564 4178.461538 4212.307692 4229.743590 4256.923077 4189.743590 4266.666667 4240.512821
4218.974359 4213.333333 4233.846154 4210.256410 4223.076923 4224.615385 4216.410256 4171.282051 4198.974359 4230.769231 4242.564103 4186.666667 4250.256410 4238.461538
4210.769231 4209.230769 4229.743590 4206.666667 4223.076923 4223.076923 4210.769231 4175.897436 4191.282051 4230.769231 4236.410256 4176.410256 4242.051282 4241.025641
4222.051282 4224.102564 4242.051282 4220.512821 4224.615385 4225.128205 4224.615385 4183.589744 4205.128205 4231.282051 4250.769231 4184.102564 4262.564103 4238.461538
4244.102564 4242.564103 4258.461538 4239.487179 4224.102564 4233.333333 4240.512821 4196.410256 4226.153846 4234.358974 4263.076923 4198.461538 4284.102564 4238.974359
4243.589744 4240.000000 4257.435897 4239.487179 4220.000000 4231.794872 4236.410256 4199.487179 4229.230769 4230.256410 4263.076923 4192.820513 4281.025641 4244.615385
4231.282051 4223.589744 4250.256410 4225.641026 4227.692308 4229.230769 4224.615385 4188.717949 4225.641026 4225.128205 4255.897436 4194.871795 4267.692308 4241.538462
4233.846154 4225.641026 4251.794872 4226.666667 4229.743590 4231.282051 4225.641026 4193.846154 4230.769231 4228.717949 4253.333333 4192.820513 4269.230769 4231.282051
4243.589744 4241.538462 4255.897436 4238.974359 4225.128205 4232.307692 4236.410256 4212.820513 4237.435897 4232.820513 4253.333333 4195.384615 4276.410256 4231.282051
4230.256410 4233.333333 4241.538462 4229.230769 4226.666667 4231.282051 4235.384615 4192.820513 4217.435897 4231.794872 4236.923077 4193.846154 4258.461538 4234.871795
4200.512821 4200.000000 4214.358974 4200.000000 4227.179487 4225.641026 4218.461538 4153.333333 4170.256410 4230.256410 4206.153846 4169.743590 4215.897436 4227.179487
4195.897436 4191.282051 4211.282051 4191.282051 4229.230769 4224.102564 4216.410256 4165.641026 4160.000000 4228.717949 4195.897436 4170.256410 4197.948718 4221.025641
4227.692308 4227.692308 4239.487179 4224.102564 4228.205128 4230.769231 4243.076923 4206.666667 4207.692308 4228.717949 4230.769231 4188.717949 4242.051282 4227.692308
4252.820513 4258.461538 4264.615385 4252.820513 4227.692308 4238.461538 4260.000000 4207.692308 4243.076923 4232.820513 4266.153846 4203.589744 4289.743590 4237.435897
4247.179487 4251.794872 4260.512821 4246.153846 4228.205128 4236.923077 4245.641026 4189.743590 4234.871795 4233.846154 4262.051282 4203.076923 4285.641026 4242.051282
4243.589744 4248.717949 4255.897436 4244.102564 4223.589744 4232.820513 4241.538462 4204.615385 4232.820513 4228.717949 4253.846154 4194.358974 4275.897436 4243.076923
4254.871795 4260.000000 4265.641026 4253.846154 4224.615385 4237.948718 4254.358974 4214.871795 4248.205128 4229.743590 4259.487179 4206.153846 4283.589744 4244.102564
4252.820513 4256.923077 4262.564103 4249.743590 4226.666667 4238.974359 4248.717949 4198.974359 4242.564103 4232.820513 4251.282051 4204.102564 4274.358974 4244.102564
4245.641026 4251.282051 4256.923077 4242.051282 4227.179487 4234.358974 4234.358974 4195.384615 4227.692308 4227.179487 4242.051282 4194.871795 4264.615385 4243.589744
4256.923077 4257.948718 4264.102564 4248.717949 4227.692308 4232.820513 4237.948718 4201.025641 4231.282051 4224.102564 4254.358974 4206.666667 4280.000000 4245.641026
4264.102564 4261.025641 4264.615385 4252.820513 4222.564103 4235.384615 4242.051282 4197.435897 4238.461538 4229.230769 4262.051282 4203.589744 4287.179487 4245.641026
4253.333333 4253.333333 4259.487179 4244.102564 4227.692308 4241.025641 4238.461538 4195.384615 4233.846154 4233.333333 4249.743590 4195.897436 4267.179487 4243.076923
4250.256410 4254.871795 4263.589744 4248.717949 4230.256410 4240.000000 4248.717949 4207.179487 4236.923077 4229.743590 4245.641026 4193.846154 4264.615385 4244.102564
4262.564103 4263.076923 4269.230769 4257.948718 4225.641026 4240.000000 4257.948718 4214.871795 4249.743590 4225.128205 4254.358974 4196.923077 4278.974359 4251.282051
4263.589744 4261.025641 4268.717949 4251.794872 4229.743590 4242.051282 4250.769231 4205.128205 4247.692308 4227.692308 4253.333333 4204.102564 4277.435897 4252.307692
4251.794872 4253.333333 4260.512821 4243.076923 4227.692308 4236.923077 4244.102564 4185.128205 4224.615385 4231.282051 4244.102564 4192.820513 4266.666667 4244.102564
4246.666667 4247.692308 4252.820513 4239.487179 4224.615385 4234.871795 4242.051282 4182.564103 4216.923077 4230.769231 4237.435897 4190.769231 4261.538462 4242.564103
4248.205128 4247.692308 4253.333333 4239.487179 4226.666667 4236.410256 4237.948718 4195.897436 4225.641026 4228.205128 4240.000000 4194.871795 4267.179487 4245.128205
4247.692308 4245.128205 4254.358974 4238.974359 4227.692308 4231.794872 4236.410256 4185.128205 4219.487179 4229.230769 4245.641026 4189.743590 4267.179487 4243.076923
4246.153846 4242.564103 4256.923077 4238.974359 4228.717949 4231.794872 4241.538462 4172.307692 4217.435897 4231.282051 4245.641026 4196.923077 4262.051282 4244.102564
4247.692308 4249.230769 4258.974359 4241.538462 4225.128205 4232.307692 4240.000000 4188.205128 4230.769231 4228.205128 4245.641026 4193.846154 4267.179487 4246.153846
4251.794872 4254.358974 4262.051282 4243.076923 4226.153846 4232.820513 4233.333333 4196.410256 4232.307692 4226.666667 4243.076923 4191.282051 4267.692308 4243.076923
4249.230769 4250.769231 4261.538462 4240.512821 4227.692308 4232.820513 4235.384615 4187.692308 4224.615385 4230.769231 4239.487179 4190.256410 4257.948718 4240.512821
4237.435897 4241.025641 4255.897436 4232.820513 4226.153846 4229.743590 4233.846154 4182.051282 4221.025641 4229.743590 4237.948718 4184.102564 4256.410256 4240.512821
4231.282051 4230.769231 4252.820513 4227.179487 4229.230769 4224.615385 4225.641026 4175.384615 4214.871795 4223.076923 4235.384615 4184.615385 4256.410256 4242.051282
4233.846154 4233.333333 4255.897436 4231.282051 4227.179487 4221.538462 4229.230769 4177.435897 4214.358974 4226.153846 4234.358974 4179.487179 4247.179487 4239.487179
4241.025641 4246.153846 4265.128205 4238.974359 4227.692308 4226.666667 4238.974359 4190.256410 4220.000000 4234.358974 4233.846154 4186.153846 4240.512821 4236.410256
4245.128205 4248.717949 4266.153846 4238.461538 4230.256410 4230.769231 4235.897436 4195.897436 4222.564103 4235.384615 4229.743590 4189.230769 4240.000000 4233.333333
4233.333333 4235.897436 4254.871795 4229.230769 4226.666667 4226.666667 4226.666667 4189.230769 4216.410256 4225.641026 4222.564103 4172.820513 4230.256410 4229.230769
4223.589744 4230.256410 4248.205128 4223.076923 4229.230769 4226.153846 4230.256410 4174.871795 4201.538462 4223.076923 4216.923077 4176.410256 4218.461538 4227.179487
4231.282051 4240.000000 4254.871795 4231.794872 4228.205128 4228.205128 4249.230769 4177.435897 4202.051282 4229.743590 4224.102564 4182.564103 4230.256410 4225.128205
4228.717949 4233.846154 4251.282051 4229.743590 4226.153846 4227.692308 4248.717949 4176.923077 4208.205128 4227.179487 4226.153846 4177.435897 4232.820513 4222.564103
4212.820513 4217.435897 4237.948718 4211.794872 4228.205128 4224.102564 4234.871795 4162.051282 4197.948718 4222.564103 4216.923077 4169.230769 4211.794872 4223.076923
4216.923077 4222.564103 4241.025641 4213.846154 4225.641026 4220.512821 4245.128205 4170.256410 4201.025641 4224.102564 4222.051282 4165.128205 4216.410256 4227.179487
4236.410256 4236.923077 4257.435897 4230.256410 4229.743590 4224.615385 4260.000000 4184.615385 4216.410256 4225.641026 4234.871795 4182.051282 4235.897436 4229.230769
4243.076923 4241.538462 4263.076923 4238.461538 4230.769231 4229.743590 4258.461538 4182.564103 4221.025641 4226.153846 4238.974359 4185.128205 4232.820513 4226.153846
4241.538462 4244.615385 4266.153846 4237.435897 4224.615385 4228.717949 4258.974359 4181.025641 4218.461538 4231.794872 4235.384615 4181.025641 4223.589744 4224.615385
4242.051282 4246.666667 4266.153846 4240.000000 4225.641026 4227.179487 4269.230769 4192.820513 4224.102564 4231.794872 4236.923077 4187.179487 4231.794872 4225.641026
4237.948718 4242.051282 4247.692308 4240.000000 4226.153846 4225.641026 4270.256410 4197.435897 4221.538462 4229.230769 4237.948718 4178.974359 4232.307692 4221.538462
4228.717949 4234.871795 4229.743590 4231.794872 4226.153846 4229.230769 4267.179487 4194.358974 4212.307692 4232.820513 4232.307692 4175.897436 4215.384615 4220.000000
4228.717949 4239.487179 4235.384615 4235.384615 4226.153846 4230.256410 4277.435897 4205.641026 4222.051282 4231.794872 4234.358974 4176.923077 4211.282051 4224.102564
4233.333333 4246.666667 4244.102564 4241.538462 4227.179487 4227.692308 4283.076923 4213.846154 4234.358974 4230.256410 4241.025641 4178.461538 4219.487179 4226.153846
4232.820513 4241.025641 4240.512821 4236.410256 4228.717949 4230.256410 4275.384615 4201.025641 4233.333333 4230.769231 4239.487179 4183.076923 4223.589744 4226.666667
4236.923077 4240.000000 4243.076923 4236.923077 4224.102564 4230.769231 4267.179487 4193.333333 4230.769231 4228.717949 4243.589744 4176.923077 4229.230769 4231.282051
4246.666667 4243.076923 4252.820513 4240.512821 4226.666667 4229.743590 4263.589744 4201.025641 4231.794872 4230.769231 4251.282051 4180.512821 4232.307692 4238.974359
4245.641026 4239.487179 4249.230769 4233.846154 4228.205128 4227.179487 4259.487179 4205.128205 4233.846154 4232.820513 4247.692308 4178.974359 4227.692308 4238.461538
4244.102564 4241.538462 4249.230769 4238.461538 4226.153846 4228.205128 4258.461538 4196.923077 4237.435897 4227.692308 4246.153846 4172.820513 4228.717949 4238.461538
4249.230769 4252.307692 4255.384615 4250.769231 4229.230769 4230.256410 4256.923077 4186.666667 4236.410256 4224.102564 4248.717949 4180.000000 4227.179487 4243.076923
4246.666667 4254.358974 4248.205128 4245.128205 4227.179487 4221.025641 4251.282051 4185.641026 4226.666667 4228.205128 4243.076923 4175.384615 4218.974359 4243.589744
4242.564103 4246.666667 4243.589744 4236.410256 4226.153846 4214.871795 4249.230769 4194.358974 4226.666667 4233.846154 4238.974359 4176.410256 4215.897436 4249.743590
4249.230769 4251.794872 4253.333333 4244.615385 4225.641026 4219.487179 4255.897436 4205.128205 4234.871795 4232.820513 4245.128205 4181.025641 4222.564103 4255.897436
4255.384615 4257.948718 4259.487179 4251.794872 4222.564103 4222.051282 4263.589744 4214.358974 4245.128205 4228.205128 4254.871795 4179.487179 4229.743590 4253.846154
4249.743590 4244.615385 4250.256410 4242.564103 4226.153846 4217.948718 4258.974359 4209.230769 4244.102564 4231.282051 4253.333333 4184.102564 4226.666667 4254.358974
4244.102564 4235.897436 4242.051282 4236.923077 4226.666667 4215.384615 4256.410256 4193.846154 4234.871795 4230.769231 4249.230769 4175.384615 4222.564103 4260.000000
4249.743590 4246.666667 4249.743590 4245.641026 4227.692308 4223.589744 4268.717949 4200.000000 4241.538462 4222.564103 4248.717949 4175.897436 4220.512821 4266.153846
4252.820513 4255.897436 4255.384615 4249.743590 4229.230769 4226.666667 4273.333333 4217.435897 4246.666667 4223.589744 4245.641026 4178.974359 4213.333333 4273.846154
4246.666667 4252.820513 4247.179487 4246.153846 4226.153846 4224.615385 4263.589744 4207.179487 4233.333333 4230.256410 4241.025641 4169.230769 4207.692308 4282.564103
4247.692308 4247.692308 4245.128205 4243.076923 4227.692308 4225.128205 4266.153846 4197.948718 4233.846154 4226.153846 4241.025641 4174.871795 4205.641026 4285.641026
4247.179487 4244.102564 4245.641026 4244.615385 4226.666667 4222.051282 4271.794872 4212.307692 4245.128205 4225.641026 4243.589744 4172.307692 4205.128205 4280.000000
4237.948718 4240.000000 4236.410256 4244.102564 4226.153846 4222.051282 4259.487179 4205.128205 4231.794872 4234.358974 4235.897436 4166.666667 4198.974359 4274.871795
4239.487179 4241.538462 4235.384615 4244.615385 4228.205128 4225.128205 4255.897436 4192.820513 4223.589744 4233.846154 4230.256410 4172.820513 4196.410256 4269.230769
4249.743590 4247.692308 4246.153846 4250.769231 4225.128205 4223.589744 4269.743590 4211.282051 4242.051282 4229.230769 4240.512821 4174.871795 4207.179487 4265.128205
4256.410256 4252.307692 4253.333333 4255.384615 4228.717949 4223.589744 4275.384615 4224.102564 4251.794872 4231.794872 4248.205128 4183.589744 4220.512821 4270.256410
4261.538462 4254.871795 4252.820513 4260.000000 4229.743590 4225.128205 4271.794872 4223.589744 4252.820513 4231.282051 4246.666667 4184.615385 4224.615385 4277.948718
4261.025641 4247.179487 4248.717949 4255.897436 4225.641026 4222.051282 4262.564103 4210.769231 4245.641026 4231.794872 4236.923077 4182.564103 4209.743590 4275.384615
4255.384615 4238.461538 4242.051282 4248.717949 4227.179487 4221.025641 4254.358974 4195.897436 4231.794872 4230.256410 4227.692308 4183.076923 4197.948718 4270.769231
4258.974359 4242.564103 4240.512821 4253.333333 4228.717949 4221.538462 4261.025641 4209.743590 4237.435897 4228.717949 4236.410256 4175.384615 4212.307692 4275.384615
4262.564103 4245.128205 4243.076923 4252.307692 4230.256410 4220.512821 4258.974359 4220.000000 4245.641026 4232.820513 4245.641026 4177.948718 4223.076923 4284.102564
4256.410256 4247.179487 4240.512821 4247.692308 4227.692308 4218.974359 4251.282051 4204.615385 4243.076923 4233.846154 4245.128205 4175.384615 4222.051282 4287.179487
4264.615385 4261.025641 4245.641026 4258.974359 4225.128205 4224.615385 4260.000000 4202.051282 4249.230769 4227.692308 4248.205128 4173.846154 4227.692308 4288.717949
4281.538462 4276.410256 4259.487179 4273.846154 4227.179487 4230.769231 4270.769231 4214.871795 4255.384615 4228.205128 4249.743590 4181.025641 4231.794872 4290.769231
4277.948718 4278.974359 4259.487179 4272.820513 4224.615385 4226.153846 4264.102564 4210.769231 4248.205128 4231.282051 4246.666667 4168.717949 4226.666667 4293.846154
4269.230769 4274.358974 4252.820513 4264.615385 4227.179487 4224.102564 4255.384615 4205.128205 4246.666667 4227.179487 4250.256410 4167.179487 4226.666667 4304.102564
4280.512821 4282.564103 4262.564103 4270.256410 4227.692308 4226.666667 4261.025641 4218.974359 4262.564103 4226.666667 4267.179487 4177.948718 4247.179487 4314.358974
4292.307692 4297.435897 4281.025641 4283.076923 4225.128205 4229.743590 4270.256410 4229.743590 4277.435897 4229.743590 4284.102564 4181.538462 4267.692308 4322.051282
4288.717949 4294.871795 4284.102564 4284.102564 4229.230769 4229.230769 4273.333333 4220.000000 4276.923077 4228.717949 4286.153846 4179.487179 4259.487179 4329.230769
4274.358974 4278.461538 4271.282051 4271.794872 4225.128205 4223.076923 4265.641026 4208.205128 4263.076923 4227.692308 4271.282051 4161.025641 4234.871795 4328.717949
4266.153846 4271.282051 4266.153846 4262.564103 4225.641026 4223.076923 4256.410256 4208.205128 4252.307692 4231.794872 4260.000000 4160.000000 4224.615385 4326.153846
4271.794872 4283.076923 4273.333333 4269.230769 4229.743590 4227.179487 4259.487179 4211.282051 4255.897436 4232.307692 4269.743590 4172.820513 4238.974359 4331.794872
4276.923077 4287.692308 4276.410256 4270.256410 4224.102564 4226.153846 4260.000000 4205.641026 4257.948718 4229.743590 4278.461538 4168.205128 4246.153846 4341.025641
4272.820513 4274.358974 4272.307692 4258.974359 4224.615385 4224.102564 4248.205128 4191.794872 4247.692308 4232.307692 4274.871795 4173.333333 4237.948718 4341.538462
4275.384615 4276.923077 4274.871795 4264.102564 4225.641026 4222.051282 4248.717949 4200.000000 4250.256410 4230.256410 4280.000000 4200.000000 4243.589744 4340.000000
4286.153846 4290.256410 4284.615385 4275.384615 4225.128205 4223.589744 4257.948718 4222.051282 4265.641026 4226.153846 4285.128205 4234.358974 4250.769231 4346.153846
4288.717949 4289.743590 4283.589744 4273.846154 4226.153846 4224.615385 4250.769231 4213.846154 4265.641026 4230.769231 4285.128205 4241.025641 4248.205128 4348.717949
4270.769231 4270.769231 4258.974359 4256.923077 4226.666667 4220.000000 4232.307692 4184.102564 4236.923077 4230.769231 4270.769231 4222.051282 4231.794872 4343.076923
4240.000000 4242.564103 4229.230769 4228.205128 4228.205128 4216.410256 4220.512821 4171.794872 4202.564103 4225.641026 4236.410256 4210.256410 4191.282051 4334.358974
4230.769231 4238.974359 4227.179487 4223.589744 4223.589744 4217.948718 4227.179487 4181.538462 4200.512821 4226.666667 4228.717949 4199.487179 4180.000000 4331.282051
4250.769231 4258.461538 4248.717949 4246.153846 4225.128205 4223.589744 4236.410256 4189.743590 4221.025641 4229.230769 4258.974359 4211.282051 4214.358974 4336.923077
4262.564103 4266.153846 4258.974359 4253.846154 4228.717949 4228.717949 4240.512821 4192.820513 4235.897436 4227.179487 4274.358974 4227.179487 4230.769231 4342.564103
4257.948718 4258.974359 4254.358974 4247.179487 4224.615385 4228.717949 4244.102564 4191.794872 4237.435897 4228.205128 4266.666667 4220.512821 4218.461538 4344.615385
4258.974359 4260.512821 4255.897436 4251.282051 4225.128205 4230.256410 4242.051282 4186.666667 4237.435897 4234.358974 4265.641026 4226.666667 4214.358974 4348.205128
4263.589744 4268.717949 4260.000000 4258.461538 4223.076923 4230.256410 4239.487179 4190.769231 4237.435897 4230.769231 4270.769231 4226.666667 4217.948718 4355.897436
4260.512821 4268.717949 4261.538462 4257.948718 4223.076923 4229.230769 4246.153846 4200.512821 4241.538462 4223.589744 4272.307692 4228.717949 4218.461538 4366.666667
4256.410256 4263.589744 4260.512821 4260.000000 4229.230769 4234.358974 4254.358974 4212.820513 4256.923077 4226.153846 4273.846154 4238.461538 4221.025641 4374.871795
4245.641026 4251.282051 4246.153846 4253.333333 4225.641026 4234.358974 4246.153846 4212.307692 4250.256410 4227.179487 4270.769231 4226.666667 4211.794872 4379.487179
4234.871795 4239.487179 4235.384615 4237.948718 4223.076923 4230.256410 4231.794872 4191.794872 4228.717949 4226.153846 4258.461538 4221.538462 4193.333333 4388.205128
4239.487179 4245.641026 4238.461538 4239.487179 4226.153846 4228.717949 4233.846154 4187.692308 4229.743590 4229.230769 4255.897436 4225.641026 4194.358974 4397.948718
4246.153846 4250.769231 4243.076923 4245.641026 4229.743590 4230.256410 4237.435897 4204.102564 4243.589744 4229.743590 4263.589744 4232.820513 4201.538462 4406.666667
4235.897436 4236.410256 4240.000000 4235.897436 4230.256410 4223.589744 4231.794872 4205.128205 4246.153846 4225.128205 4263.589744 4240.512821 4192.307692 4412.307692
4228.205128 4228.717949 4241.538462 4234.871795 4225.641026 4218.974359 4235.897436 4203.076923 4251.794872 4227.692308 4262.051282 4232.307692 4187.692308 4412.307692
4237.435897 4242.564103 4251.794872 4247.179487 4227.692308 4230.256410 4250.256410 4212.820513 4268.205128 4234.358974 4269.743590 4236.923077 4196.923077 4423.076923
4240.000000 4246.666667 4253.846154 4249.230769 4229.230769 4232.820513 4257.948718 4217.435897 4275.384615 4231.282051 4275.897436 4241.538462 4196.410256 4439.487179
4228.205128 4229.743590 4248.717949 4236.923077 4227.692308 4226.666667 4255.897436 4211.794872 4262.564103 4225.641026 4264.615385 4233.846154 4178.974359 4439.487179
4222.564103 4223.076923 4247.179487 4232.820513 4229.230769 4226.666667 4251.794872 4206.666667 4249.230769 4228.205128 4254.358974 4234.871795 4173.333333 4432.820513
4227.179487 4233.846154 4251.794872 4243.589744 4225.641026 4224.615385 4253.846154 4215.384615 4255.897436 4228.717949 4264.615385 4236.923077 4186.153846 4434.358974
4228.205128 4234.871795 4253.333333 4244.102564 4228.205128 4224.102564 4257.948718 4227.179487 4265.128205 4225.128205 4272.820513 4247.179487 4189.230769 4431.282051
