4230.769231 4246.666667 4232.820513 4233.333333 4227.692308 4234.358974 4261.538462 4239.487179 4241.025641 4227.692308 4321.538462 4196.410256 4266.666667 4880.512821
4213.846154 4232.820513 4217.435897 4220.512821 4222.051282 4231.794872 4255.897436 4223.076923 4226.153846 4226.666667 4313.846154 4180.000000 4249.743590 4869.743590
4211.794872 4229.230769 4221.538462 4219.487179 4227.692308 4232.820513 4258.974359 4226.153846 4226.666667 4224.102564 4308.717949 4181.025641 4240.000000 4868.717949
4226.666667 4246.666667 4238.974359 4236.410256 4228.717949 4235.897436 4276.410256 4247.179487 4243.076923 4226.666667 4317.948718 4188.205128 4255.897436 4869.230769
4233.846154 4250.256410 4244.102564 4242.564103 4226.153846 4238.974359 4273.846154 4246.153846 4245.641026 4229.230769 4321.538462 4195.384615 4260.512821 4857.435897
4226.666667 4237.435897 4237.435897 4231.794872 4227.179487 4234.871795 4256.410256 4232.307692 4234.871795 4226.153846 4314.871795 4188.717949 4245.641026 4841.538462
4226.153846 4237.948718 4237.948718 4231.282051 4227.179487 4229.743590 4253.333333 4233.333333 4235.384615 4227.179487 4320.000000 4184.615385 4248.205128 4837.948718
4234.358974 4248.717949 4246.153846 4243.589744 4227.692308 4232.820513 4257.948718 4234.871795 4243.076923 4229.743590 4327.179487 4193.333333 4262.564103 4833.333333
4232.820513 4247.692308 4246.153846 4242.564103 4224.615385 4234.871795 4254.358974 4225.128205 4237.435897 4227.692308 4323.589744 4180.512821 4258.974359 4824.102564
4225.641026 4238.461538 4239.487179 4230.769231 4227.179487 4232.820513 4247.179487 4219.487179 4226.153846 4226.666667 4318.974359 4176.923077 4250.769231 4826.153846
4222.051282 4235.384615 4235.384615 4225.128205 4228.205128 4230.256410 4242.564103 4222.051282 4225.128205 4227.179487 4320.512821 4181.538462 4255.384615 4829.743590
4215.384615 4230.256410 4231.282051 4218.974359 4225.128205 4228.205128 4240.512821 4217.435897 4224.102564 4228.205128 4321.025641 4173.333333 4251.282051 4823.589744
4204.615385 4225.128205 4228.717949 4210.256410 4228.717949 4225.128205 4240.000000 4209.743590 4218.974359 4229.230769 4313.846154 4170.256410 4234.358974 4821.025641
4197.435897 4220.512821 4224.615385 4208.205128 4227.179487 4220.512821 4238.974359 4214.871795 4215.897436 4228.717949 4308.205128 4158.974359 4226.666667 4821.025641
4202.051282 4218.974359 4226.666667 4212.307692 4227.179487 4223.589744 4239.487179 4217.948718 4213.846154 4231.282051 4313.846154 4159.487179 4228.717949 4819.487179
4215.384615 4233.846154 4235.384615 4223.589744 4228.717949 4230.256410 4247.692308 4221.538462 4221.538462 4231.794872 4326.153846 4172.820513 4239.487179 4818.974359
4214.871795 4239.487179 4239.487179 4226.666667 4227.179487 4233.333333 4250.256410 4226.153846 4227.179487 4227.692308 4328.717949 4172.820513 4241.538462 4818.974359
4203.076923 4221.538462 4232.307692 4217.435897 4229.230769 4234.358974 4244.615385 4213.846154 4214.358974 4227.179487 4317.435897 4171.282051 4223.589744 4813.846154
4203.076923 4219.487179 4228.205128 4219.487179 4227.179487 4230.256410 4248.717949 4205.128205 4207.692308 4227.692308 4315.384615 4165.128205 4220.000000 4808.205128
4216.410256 4233.846154 4235.384615 4227.692308 4228.205128 4229.230769 4255.897436 4216.923077 4222.051282 4227.692308 4324.615385 4171.794872 4236.410256 4814.871795
4224.615385 4232.307692 4238.974359 4221.538462 4231.282051 4232.307692 4255.897436 4226.153846 4234.871795 4229.743590 4331.794872 4183.076923 4243.589744 4822.051282
4228.205128 4231.282051 4244.102564 4224.102564 4228.205128 4237.435897 4259.487179 4230.256410 4243.589744 4229.743590 4337.435897 4181.025641 4244.615385 4822.051282
4229.230769 4239.487179 4252.307692 4235.897436 4230.256410 4244.615385 4262.564103 4234.871795 4252.820513 4226.666667 4341.538462 4187.692308 4247.179487 4823.589744
4216.410256 4229.230769 4240.000000 4223.076923 4228.205128 4238.461538 4249.743590 4230.256410 4241.538462 4227.179487 4333.846154 4182.564103 4244.102564 4822.051282
4202.564103 4208.205128 4220.512821 4200.000000 4224.102564 4230.256410 4232.820513 4210.256410 4221.538462 4228.205128 4323.076923 4176.410256 4232.307692 4816.410256
4208.205128 4209.743590 4227.179487 4207.179487 4226.666667 4233.333333 4233.846154 4199.487179 4221.025641 4227.692308 4327.179487 4181.538462 4231.282051 4811.794872
4222.564103 4225.641026 4246.153846 4228.717949 4225.128205 4237.435897 4251.794872 4217.435897 4237.435897 4227.179487 4336.923077 4187.692308 4241.538462 4816.410256
4225.128205 4225.128205 4251.282051 4228.717949 4227.692308 4236.410256 4256.923077 4229.743590 4245.128205 4225.641026 4332.307692 4207.179487 4241.538462 4825.641026
4221.025641 4220.512821 4247.179487 4220.512821 4228.205128 4233.846154 4251.794872 4221.025641 4238.974359 4226.153846 4326.153846 4213.333333 4236.923077 4828.205128
4229.230769 4228.717949 4251.794872 4225.641026 4224.615385 4236.923077 4256.923077 4222.564103 4237.948718 4230.769231 4328.205128 4215.897436 4243.589744 4828.717949
4236.410256 4235.384615 4260.512821 4235.384615 4225.128205 4239.487179 4258.974359 4227.692308 4242.051282 4232.307692 4326.153846 4228.717949 4248.205128 4831.282051
4230.769231 4231.282051 4260.512821 4233.846154 4224.102564 4236.923077 4246.666667 4211.282051 4230.256410 4228.205128 4319.487179 4224.102564 4244.102564 4827.692308
4230.256410 4227.692308 4263.589744 4225.128205 4227.692308 4238.974359 4242.564103 4201.538462 4221.538462 4224.615385 4317.435897 4224.102564 4247.692308 4824.102564
4235.384615 4233.333333 4269.743590 4224.615385 4228.717949 4242.051282 4258.461538 4226.153846 4244.102564 4224.102564 4322.564103 4224.102564 4256.410256 4828.205128
4231.282051 4230.769231 4261.538462 4221.538462 4228.205128 4240.512821 4258.461538 4232.307692 4250.769231 4225.641026 4317.948718 4218.461538 4249.743590 4824.102564
4220.000000 4218.974359 4249.230769 4212.307692 4230.769231 4236.923077 4240.512821 4206.666667 4225.128205 4228.205128 4306.153846 4219.487179 4237.435897 4817.948718
4226.666667 4227.692308 4258.974359 4225.128205 4227.179487 4235.897436 4245.641026 4213.846154 4228.717949 4224.615385 4312.820513 4215.384615 4245.641026 4820.512821
4244.102564 4248.205128 4280.512821 4246.153846 4228.717949 4242.564103 4261.025641 4232.307692 4252.820513 4223.076923 4324.102564 4222.564103 4257.435897 4816.410256
4244.102564 4248.717949 4280.512821 4247.692308 4228.205128 4244.102564 4254.358974 4219.487179 4246.666667 4227.179487 4321.538462 4224.102564 4252.820513 4805.641026
4228.717949 4230.769231 4269.230769 4237.948718 4223.589744 4238.461538 4242.564103 4208.717949 4226.153846 4227.692308 4314.871795 4212.820513 4241.025641 4797.435897
4220.000000 4220.000000 4263.589744 4230.769231 4227.692308 4238.461538 4240.512821 4207.692308 4218.974359 4227.179487 4308.717949 4210.769231 4230.769231 4787.179487
4219.487179 4225.641026 4262.051282 4231.282051 4225.641026 4236.923077 4243.076923 4199.487179 4218.461538 4227.179487 4305.128205 4203.589744 4232.307692 4774.358974
4224.615385 4228.717949 4265.128205 4234.358974 4225.641026 4236.923077 4247.692308 4201.538462 4223.589744 4227.692308 4303.076923 4206.666667 4237.435897 4772.820513
4224.615385 4220.512821 4263.076923 4228.205128 4229.743590 4238.461538 4249.743590 4215.897436 4227.692308 4228.717949 4297.948718 4205.128205 4232.307692 4778.974359
4213.333333 4208.205128 4253.846154 4217.435897 4226.153846 4233.846154 4242.564103 4209.230769 4217.435897 4227.692308 4290.769231 4189.743590 4223.589744 4782.051282
4208.717949 4209.743590 4248.205128 4219.487179 4226.153846 4232.307692 4237.948718 4192.820513 4209.743590 4227.179487 4289.743590 4192.307692 4224.615385 4785.641026
4216.923077 4222.051282 4248.717949 4227.692308 4227.692308 4234.358974 4238.974359 4194.871795 4213.846154 4227.179487 4291.282051 4193.333333 4231.282051 4788.205128
4217.948718 4222.564103 4250.256410 4226.153846 4226.666667 4234.871795 4237.948718 4204.615385 4218.974359 4226.666667 4293.333333 4191.794872 4233.333333 4788.717949
4216.923077 4220.512821 4252.820513 4228.717949 4223.589744 4234.871795 4246.666667 4212.820513 4228.205128 4226.153846 4301.025641 4190.769231 4238.461538 4786.666667
4215.384615 4220.000000 4248.205128 4230.256410 4223.589744 4233.333333 4246.666667 4202.051282 4225.641026 4226.153846 4299.487179 4178.461538 4235.897436 4787.692308
4205.641026 4208.205128 4233.333333 4220.512821 4230.256410 4233.846154 4226.153846 4179.487179 4203.589744 4226.153846 4283.076923 4172.820513 4216.923077 4793.846154
4202.051282 4207.179487 4235.384615 4222.564103 4228.205128 4234.358974 4231.794872 4195.384615 4204.615385 4224.615385 4285.641026 4169.743590 4219.487179 4794.358974
4214.358974 4219.487179 4251.282051 4229.230769 4225.641026 4234.871795 4251.794872 4215.897436 4226.153846 4224.615385 4298.974359 4177.948718 4237.435897 4788.717949
4215.384615 4214.358974 4250.256410 4223.076923 4227.179487 4234.358974 4246.666667 4198.461538 4223.589744 4226.153846 4292.307692 4182.051282 4231.794872 4783.589744
4202.564103 4204.615385 4238.974359 4221.025641 4222.564103 4233.333333 4237.948718 4191.794872 4210.256410 4225.641026 4285.641026 4170.256410 4220.512821 4782.051282
4205.641026 4207.692308 4244.102564 4225.641026 4224.615385 4237.435897 4238.974359 4204.615385 4213.333333 4228.717949 4289.230769 4177.948718 4223.589744 4788.717949
4216.410256 4211.282051 4255.384615 4227.692308 4227.179487 4236.410256 4242.564103 4205.128205 4225.128205 4228.205128 4292.820513 4184.615385 4233.333333 4795.897436
4221.538462 4216.410256 4262.564103 4231.282051 4226.153846 4232.820513 4248.717949 4209.230769 4233.333333 4225.128205 4293.333333 4185.128205 4239.487179 4795.897436
4228.717949 4227.179487 4268.205128 4237.435897 4226.666667 4235.384615 4244.615385 4210.769231 4231.794872 4226.153846 4296.923077 4193.333333 4239.487179 4790.769231
4229.743590 4227.692308 4265.641026 4235.384615 4225.128205 4233.846154 4226.666667 4192.820513 4221.025641 4226.153846 4295.897436 4188.717949 4237.435897 4794.358974
4222.564103 4215.384615 4256.923077 4225.128205 4228.717949 4230.769231 4218.461538 4182.051282 4208.205128 4225.128205 4287.179487 4189.230769 4230.769231 4800.512821
4216.410256 4209.743590 4248.205128 4219.487179 4228.205128 4229.230769 4227.179487 4184.615385 4196.923077 4226.153846 4281.025641 4186.666667 4224.615385 4794.871795
4204.102564 4200.000000 4232.307692 4210.769231 4225.641026 4229.230769 4226.666667 4182.051282 4184.102564 4228.205128 4267.179487 4176.923077 4208.717949 4786.153846
4190.256410 4188.205128 4221.538462 4201.538462 4228.717949 4229.743590 4227.692308 4187.692308 4179.487179 4226.666667 4249.743590 4174.871795 4190.769231 4781.025641
4197.948718 4203.076923 4232.307692 4214.358974 4226.153846 4230.256410 4243.076923 4203.589744 4192.820513 4228.205128 4258.461538 4171.794872 4202.051282 4779.487179
4221.025641 4226.666667 4252.307692 4235.384615 4227.179487 4235.897436 4248.717949 4204.102564 4216.410256 4233.333333 4282.051282 4186.666667 4229.230769 4784.615385
4225.641026 4230.769231 4252.820513 4241.538462 4228.717949 4236.410256 4239.487179 4198.974359 4226.666667 4229.230769 4288.205128 4192.820513 4236.923077 4790.769231
4214.871795 4223.076923 4244.615385 4236.923077 4225.128205 4233.333333 4233.333333 4200.000000 4219.487179 4229.230769 4279.487179 4186.153846 4233.333333 4787.692308
4218.461538 4223.076923 4254.358974 4239.487179 4227.179487 4236.923077 4246.153846 4205.641026 4227.179487 4234.358974 4283.589744 4195.384615 4240.000000 4786.153846
4232.307692 4233.846154 4269.743590 4252.307692 4225.641026 4241.538462 4254.358974 4213.333333 4249.230769 4227.692308 4300.000000 4197.435897 4253.846154 4792.820513
4236.410256 4240.512821 4270.256410 4253.846154 4226.153846 4242.564103 4241.538462 4215.384615 4250.769231 4225.128205 4304.615385 4198.461538 4255.384615 4794.358974
4229.743590 4236.923077 4260.512821 4244.615385 4228.717949 4237.435897 4236.923077 4217.948718 4240.512821 4230.769231 4295.384615 4196.410256 4246.666667 4784.615385
4228.205128 4231.794872 4260.000000 4245.128205 4227.179487 4233.846154 4237.948718 4207.692308 4228.717949 4227.692308 4283.589744 4191.794872 4233.846154 4779.487179
4239.487179 4240.000000 4271.794872 4255.384615 4228.717949 4235.384615 4234.871795 4202.564103 4223.589744 4225.128205 4280.000000 4200.512821 4233.333333 4782.564103
4249.230769 4256.410256 4276.410256 4266.153846 4227.179487 4237.948718 4246.666667 4224.102564 4234.358974 4228.717949 4289.230769 4200.512821 4254.871795 4778.974359
4243.589744 4254.871795 4270.256410 4265.641026 4227.179487 4241.025641 4254.871795 4217.948718 4233.846154 4226.666667 4288.717949 4202.564103 4256.923077 4772.307692
4231.794872 4242.051282 4261.025641 4257.435897 4227.692308 4237.948718 4239.487179 4185.128205 4216.410256 4224.102564 4274.871795 4198.461538 4233.846154 4766.153846
4229.230769 4239.487179 4254.871795 4253.333333 4225.641026 4234.358974 4234.871795 4189.743590 4210.256410 4227.179487 4270.256410 4186.153846 4225.641026 4757.948718
4231.282051 4239.487179 4253.846154 4252.307692 4230.256410 4238.461538 4245.128205 4214.358974 4217.435897 4227.179487 4270.769231 4190.769231 4230.769231 4751.794872
4235.384615 4243.589744 4257.948718 4256.410256 4226.666667 4239.487179 4241.538462 4209.743590 4218.461538 4226.666667 4271.794872 4190.769231 4238.461538 4744.615385
4242.564103 4252.307692 4266.153846 4261.538462 4221.538462 4238.974359 4235.384615 4200.000000 4218.461538 4230.256410 4275.897436 4194.871795 4249.743590 4737.435897
4240.000000 4252.307692 4266.666667 4258.974359 4227.179487 4240.512821 4246.153846 4205.641026 4221.025641 4232.820513 4276.410256 4200.000000 4252.820513 4727.692308
4231.794872 4244.102564 4257.435897 4255.384615 4229.230769 4237.948718 4261.538462 4223.076923 4222.564103 4228.205128 4268.717949 4191.794872 4243.076923 4711.282051
4232.307692 4236.410256 4253.846154 4250.769231 4230.769231 4237.948718 4258.974359 4229.230769 4221.025641 4225.128205 4261.538462 4192.307692 4235.384615 4698.974359
4226.666667 4228.717949 4249.743590 4243.589744 4225.128205 4236.923077 4241.025641 4205.641026 4207.692308 4226.153846 4260.512821 4182.564103 4232.307692 4692.820513
4216.410256 4222.564103 4241.538462 4235.384615 4222.564103 4231.282051 4230.256410 4191.282051 4194.871795 4226.666667 4253.333333 4174.871795 4221.025641 4682.564103
4214.358974 4222.564103 4239.487179 4230.256410 4229.230769 4230.769231 4233.846154 4207.692308 4200.512821 4227.179487 4243.589744 4179.487179 4211.282051 4668.205128
4215.384615 4225.128205 4239.487179 4229.230769 4227.692308 4232.820513 4240.512821 4219.487179 4216.410256 4226.153846 4248.717949 4173.333333 4218.974359 4658.974359
4221.538462 4230.769231 4243.076923 4233.333333 4227.692308 4235.384615 4241.025641 4218.461538 4229.230769 4224.615385 4258.974359 4181.025641 4229.743590 4652.820513
4231.794872 4242.051282 4250.769231 4243.076923 4226.666667 4234.871795 4243.589744 4229.230769 4240.000000 4226.153846 4260.000000 4187.692308 4235.897436 4643.076923
4229.230769 4242.051282 4249.230769 4244.102564 4223.589744 4232.307692 4244.102564 4231.794872 4235.384615 4226.153846 4254.871795 4181.025641 4231.282051 4630.256410
4214.358974 4228.205128 4238.974359 4233.846154 4226.153846 4232.307692 4240.000000 4215.897436 4216.410256 4225.128205 4249.743590 4178.974359 4220.512821 4619.487179
4211.282051 4224.615385 4234.358974 4230.256410 4225.641026 4231.282051 4241.025641 4215.897436 4215.897436 4226.153846 4252.307692 4175.384615 4227.179487 4612.307692
4217.435897 4232.307692 4236.410256 4235.897436 4227.692308 4232.820513 4240.512821 4212.307692 4227.179487 4229.230769 4255.897436 4184.615385 4241.025641 4600.512821
4215.897436 4237.948718 4231.794872 4236.923077 4229.230769 4231.282051 4229.230769 4191.794872 4223.589744 4229.743590 4254.871795 4186.153846 4244.615385 4583.076923
4216.410256 4239.487179 4233.846154 4234.358974 4227.179487 4228.717949 4220.000000 4184.615385 4222.051282 4227.692308 4256.410256 4184.102564 4240.512821 4581.025641
4223.589744 4243.589744 4242.564103 4241.025641 4227.692308 4230.769231 4224.102564 4196.923077 4230.769231 4225.128205 4256.410256 4192.307692 4238.974359 4587.692308
4218.461538 4241.025641 4234.871795 4243.076923 4225.128205 4230.256410 4222.051282 4200.000000 4225.128205 4226.666667 4246.666667 4183.589744 4231.794872 4576.923077
4202.051282 4224.615385 4219.487179 4222.564103 4226.666667 4230.256410 4218.461538 4187.179487 4209.743590 4232.820513 4232.820513 4178.461538 4214.358974 4562.051282
4197.948718 4218.974359 4216.410256 4213.846154 4226.666667 4231.282051 4231.282051 4188.205128 4212.307692 4230.769231 4233.333333 4179.487179 4207.179487 4554.871795
4205.128205 4228.205128 4224.615385 4227.692308 4225.128205 4231.282051 4238.974359 4212.307692 4233.846154 4226.153846 4242.564103 4180.512821 4214.871795 4547.179487
4201.538462 4222.564103 4222.564103 4221.025641 4229.230769 4230.769231 4223.076923 4214.358974 4233.846154 4226.666667 4238.974359 4184.615385 4208.205128 4535.384615
4200.512821 4218.461538 4218.974359 4210.769231 4224.615385 4228.205128 4218.461538 4198.974359 4218.461538 4228.717949 4239.487179 4177.948718 4205.128205 4529.743590
4224.102564 4239.487179 4236.410256 4232.307692 4224.102564 4231.282051 4233.333333 4208.717949 4227.692308 4233.846154 4252.820513 4190.256410 4222.564103 4528.717949
4243.076923 4255.897436 4251.794872 4251.794872 4230.256410 4233.846154 4240.000000 4220.512821 4244.102564 4233.846154 4260.512821 4201.025641 4227.179487 4522.051282
4234.871795 4250.769231 4248.205128 4245.128205 4226.666667 4230.769231 4235.384615 4211.794872 4236.410256 4228.205128 4260.512821 4190.769231 4216.923077 4515.384615
4221.538462 4244.102564 4244.102564 4238.461538 4226.153846 4233.333333 4234.871795 4206.153846 4226.666667 4229.743590 4260.000000 4192.307692 4220.512821 4516.410256
4218.974359 4252.307692 4244.102564 4245.641026 4225.641026 4234.871795 4244.615385 4216.410256 4242.051282 4230.769231 4263.076923 4187.692308 4235.384615 4512.307692
4216.410256 4252.820513 4231.794872 4243.589744 4225.641026 4232.307692 4240.512821 4212.820513 4246.153846 4226.666667 4261.538462 4184.102564 4237.948718 4502.051282
4211.794872 4241.538462 4221.025641 4232.307692 4227.692308 4231.794872 4226.666667 4209.743590 4236.923077 4227.179487 4258.974359 4187.692308 4239.487179 4493.846154
4211.282051 4241.025641 4227.692308 4228.717949 4227.692308 4233.846154 4228.717949 4222.564103 4243.076923 4228.205128 4261.538462 4182.564103 4246.153846 4487.179487
4210.256410 4238.461538 4229.230769 4224.615385 4228.717949 4233.333333 4229.230769 4215.897436 4242.564103 4226.666667 4256.410256 4184.615385 4237.435897 4481.538462
4209.743590 4229.743590 4220.000000 4221.025641 4226.666667 4228.717949 4225.641026 4207.692308 4231.282051 4228.205128 4250.769231 4183.589744 4231.794872 4474.358974
4215.897436 4228.205128 4224.615385 4221.025641 4227.692308 4230.769231 4230.256410 4221.538462 4234.871795 4227.692308 4255.897436 4189.230769 4241.025641 4468.717949
4218.974359 4232.307692 4235.897436 4222.564103 4227.692308 4234.871795 4233.846154 4234.871795 4248.717949 4224.102564 4264.615385 4200.000000 4246.666667 4462.564103
4213.333333 4227.179487 4235.897436 4222.051282 4222.564103 4232.307692 4231.794872 4233.333333 4255.384615 4226.153846 4270.769231 4198.461538 4247.692308 4453.846154
4222.564103 4230.769231 4242.564103 4229.743590 4227.179487 4231.794872 4239.487179 4238.461538 4260.512821 4229.230769 4272.307692 4205.641026 4250.769231 4450.256410
4234.358974 4254.358974 4252.820513 4244.615385 4226.153846 4232.820513 4246.153846 4237.948718 4254.871795 4226.666667 4268.717949 4201.025641 4249.230769 4450.256410
4224.615385 4259.487179 4246.666667 4246.666667 4223.076923 4231.282051 4229.743590 4211.794872 4225.641026 4228.717949 4259.487179 4190.769231 4240.000000 4442.051282
4218.461538 4248.717949 4241.538462 4242.564103 4227.692308 4228.205128 4218.461538 4202.564103 4213.333333 4231.282051 4257.948718 4193.846154 4233.846154 4430.769231
4228.205128 4249.743590 4246.666667 4243.589744 4226.666667 4227.692308 4225.641026 4216.923077 4221.538462 4230.769231 4262.564103 4192.820513 4238.461538 4425.641026
4228.717949 4245.128205 4245.128205 4232.820513 4226.666667 4229.743590 4223.589744 4212.307692 4211.282051 4232.820513 4261.025641 4200.000000 4244.102564 4422.051282
4213.333333 4229.743590 4230.769231 4214.358974 4227.692308 4225.128205 4216.923077 4200.000000 4196.923077 4232.307692 4258.461538 4196.923077 4244.615385 4415.384615
4205.641026 4223.589744 4221.538462 4209.230769 4225.641026 4224.102564 4220.512821 4211.282051 4204.615385 4227.692308 4251.282051 4183.589744 4232.307692 4402.564103
4201.025641 4220.000000 4216.410256 4207.692308 4229.230769 4225.641026 4221.025641 4220.000000 4205.641026 4229.230769 4233.846154 4180.000000 4218.461538 4386.666667
4187.692308 4209.743590 4206.153846 4198.461538 4227.692308 4220.512821 4216.923077 4209.230769 4190.256410 4229.743590 4224.615385 4171.282051 4218.461538 4374.871795
4187.692308 4208.205128 4207.692308 4195.897436 4226.153846 4223.076923 4226.666667 4201.538462 4193.333333 4225.641026 4228.717949 4176.923077 4219.487179 4368.717949
4199.487179 4215.897436 4221.025641 4205.641026 4226.153846 4226.153846 4241.538462 4221.538462 4215.384615 4226.666667 4232.307692 4185.641026 4221.538462 4362.051282
4198.461538 4213.333333 4220.000000 4208.205128 4226.666667 4220.512821 4234.871795 4236.410256 4212.820513 4228.717949 4227.692308 4180.000000 4225.128205 4354.358974
4190.769231 4207.692308 4211.794872 4202.051282 4231.282051 4218.974359 4217.948718 4207.179487 4187.179487 4225.641026 4221.025641 4177.435897 4222.564103 4347.179487
4194.871795 4213.333333 4218.974359 4209.743590 4226.666667 4221.025641 4215.384615 4186.153846 4177.435897 4226.153846 4226.666667 4175.897436 4231.282051 4338.461538
4208.205128 4218.461538 4235.384615 4217.435897 4223.589744 4221.025641 4221.025641 4205.128205 4188.717949 4233.846154 4239.487179 4188.717949 4250.769231 4334.358974
4220.000000 4225.641026 4244.615385 4223.076923 4226.666667 4226.153846 4233.333333 4225.128205 4209.230769 4233.333333 4247.692308 4198.974359 4266.666667 4328.717949
4225.641026 4236.410256 4245.641026 4235.384615 4226.153846 4230.256410 4242.564103 4228.717949 4227.179487 4225.128205 4248.717949 4196.410256 4273.846154 4317.948718
4217.948718 4234.871795 4244.102564 4234.871795 4225.641026 4228.717949 4242.051282 4235.384615 4232.307692 4226.153846 4243.076923 4200.512821 4266.666667 4312.820513
4211.794872 4228.205128 4239.487179 4224.615385 4221.538462 4228.205128 4248.717949 4242.051282 4229.743590 4229.230769 4240.000000 4195.384615 4262.051282 4307.692308
4215.384615 4225.641026 4236.410256 4219.487179 4226.153846 4233.333333 4254.871795 4235.384615 4231.282051 4227.692308 4238.461538 4195.897436 4265.128205 4303.076923
4213.846154 4224.102564 4236.923077 4216.410256 4230.256410 4231.794872 4246.666667 4233.846154 4234.871795 4226.153846 4235.897436 4197.435897 4264.615385 4300.512821
4213.333333 4222.564103 4240.000000 4214.871795 4223.589744 4228.717949 4242.564103 4233.846154 4230.769231 4229.230769 4235.897436 4194.871795 4267.692308 4294.871795
4217.435897 4221.538462 4242.564103 4212.307692 4225.641026 4234.358974 4248.717949 4224.615385 4226.153846 4233.333333 4235.897436 4205.641026 4271.282051 4289.743590
4217.948718 4230.256410 4240.512821 4214.871795 4225.641026 4231.794872 4249.743590 4228.205128 4230.769231 4229.743590 4239.487179 4201.538462 4270.256410 4286.666667
4217.435897 4235.384615 4242.564103 4221.025641 4227.179487 4226.666667 4244.615385 4238.461538 4229.230769 4225.128205 4238.461538 4195.897436 4266.666667 4283.589744
4214.871795 4226.153846 4241.025641 4218.461538 4231.282051 4230.256410 4240.000000 4230.769231 4210.256410 4227.179487 4224.615385 4195.384615 4257.948718 4278.461538
4208.717949 4221.538462 4234.358974 4213.846154 4226.153846 4230.256410 4242.051282 4222.564103 4203.076923 4227.692308 4219.487179 4184.102564 4249.230769 4273.333333
4211.282051 4228.205128 4237.435897 4217.948718 4225.641026 4230.256410 4255.384615 4244.615385 4225.128205 4227.692308 4231.282051 4193.846154 4257.948718 4269.743590
4216.923077 4231.282051 4243.076923 4218.974359 4226.666667 4231.282051 4260.512821 4265.641026 4246.153846 4229.743590 4236.923077 4197.948718 4274.871795 4265.641026
4217.948718 4228.717949 4246.153846 4215.384615 4227.179487 4231.794872 4246.153846 4246.666667 4242.564103 4227.179487 4229.743590 4193.333333 4273.333333 4265.128205
4224.102564 4232.820513 4251.794872 4221.025641 4228.717949 4233.846154 4240.512821 4226.153846 4236.410256 4223.589744 4233.333333 4200.000000 4273.846154 4264.102564
4230.256410 4241.538462 4258.461538 4228.717949 4225.641026 4233.846154 4253.846154 4242.564103 4247.692308 4228.717949 4245.641026 4200.000000 4287.179487 4258.974359
4224.102564 4240.000000 4257.948718 4224.615385 4227.692308 4233.333333 4258.461538 4250.256410 4248.205128 4234.358974 4241.025641 4197.435897 4277.435897 4254.871795
4202.564103 4220.000000 4237.948718 4209.743590 4225.641026 4226.153846 4238.461538 4220.000000 4209.230769 4229.743590 4215.897436 4179.487179 4238.461538 4248.205128
4180.000000 4197.435897 4215.897436 4188.205128 4222.051282 4218.974359 4216.410256 4193.333333 4165.128205 4224.102564 4186.666667 4162.564103 4206.153846 4239.487179
4184.615385 4204.102564 4224.615385 4188.717949 4227.179487 4218.974359 4222.564103 4201.538462 4171.794872 4225.641026 4186.666667 4172.820513 4217.948718 4237.435897
4216.410256 4231.794872 4254.871795 4216.410256 4227.179487 4223.076923 4245.128205 4229.743590 4212.820513 4228.717949 4224.615385 4185.128205 4263.589744 4244.615385
4238.974359 4244.615385 4274.358974 4231.282051 4224.615385 4230.256410 4254.871795 4244.615385 4237.435897 4229.230769 4253.846154 4202.051282 4294.358974 4252.820513
4235.384615 4242.051282 4272.307692 4227.692308 4223.589744 4230.769231 4253.846154 4237.948718 4235.384615 4227.692308 4250.256410 4202.564103 4295.384615 4247.692308
4227.692308 4240.512821 4267.692308 4228.717949 4225.128205 4227.692308 4248.717949 4233.333333 4222.564103 4228.205128 4241.025641 4191.794872 4288.717949 4236.923077
4229.230769 4245.641026 4267.692308 4235.897436 4229.743590 4231.282051 4243.076923 4232.820513 4217.435897 4231.282051 4238.974359 4195.384615 4283.076923 4235.384615
4228.205128 4251.282051 4264.615385 4240.000000 4224.615385 4233.333333 4244.615385 4231.282051 4221.025641 4229.230769 4236.923077 4188.717949 4281.025641 4232.307692
4221.538462 4248.205128 4262.564103 4233.333333 4227.179487 4232.307692 4244.102564 4233.333333 4223.076923 4225.641026 4233.333333 4186.153846 4278.974359 4224.615385
4216.923077 4245.128205 4262.051282 4227.179487 4230.256410 4230.769231 4243.589744 4237.435897 4220.512821 4227.179487 4232.307692 4185.641026 4278.461538 4222.564103
4214.871795 4244.615385 4255.897436 4224.615385 4224.615385 4228.717949 4243.076923 4231.794872 4215.384615 4227.692308 4226.666667 4178.461538 4273.333333 4222.051282
4214.871795 4240.512821 4254.871795 4224.102564 4226.666667 4224.615385 4236.410256 4222.564103 4211.282051 4227.179487 4218.461538 4182.564103 4258.461538 4219.487179
4222.564103 4243.589744 4265.128205 4233.846154 4225.128205 4222.051282 4238.461538 4231.282051 4216.410256 4227.179487 4226.666667 4185.641026 4262.564103 4224.615385
4235.897436 4250.769231 4273.846154 4241.025641 4222.051282 4227.179487 4250.256410 4243.589744 4231.282051 4226.666667 4241.025641 4194.871795 4281.025641 4235.384615
4234.871795 4248.205128 4270.769231 4234.871795 4227.692308 4230.256410 4247.692308 4238.461538 4233.846154 4226.153846 4240.512821 4196.923077 4283.076923 4235.384615
4219.487179 4233.846154 4262.051282 4225.128205 4229.230769 4226.153846 4234.358974 4221.538462 4217.435897 4228.205128 4229.230769 4184.615385 4272.307692 4224.615385
4216.410256 4228.205128 4258.461538 4221.025641 4227.179487 4227.179487 4239.487179 4227.179487 4217.435897 4229.743590 4225.128205 4185.641026 4268.717949 4221.025641
4223.076923 4239.487179 4262.564103 4228.717949 4224.102564 4229.230769 4257.435897 4253.846154 4238.974359 4228.205128 4237.435897 4186.666667 4282.564103 4222.051282
4222.051282 4238.461538 4266.666667 4233.333333 4227.179487 4228.717949 4256.923077 4250.769231 4238.461538 4229.230769 4239.487179 4189.230769 4287.179487 4223.076923
4222.051282 4234.358974 4267.179487 4234.358974 4227.692308 4229.743590 4246.666667 4232.307692 4224.102564 4229.230769 4232.307692 4191.794872 4278.974359 4226.666667
4228.717949 4242.564103 4267.692308 4238.974359 4224.102564 4230.769231 4244.102564 4238.974359 4224.615385 4223.589744 4235.897436 4189.743590 4277.948718 4232.307692
4233.846154 4244.102564 4271.282051 4240.512821 4228.205128 4230.256410 4242.564103 4246.666667 4230.769231 4224.102564 4239.487179 4200.512821 4282.051282 4237.435897
4240.512821 4241.538462 4275.897436 4242.051282 4227.692308 4227.692308 4241.538462 4241.538462 4235.897436 4228.205128 4241.538462 4200.000000 4289.230769 4243.076923
4245.641026 4247.692308 4276.923077 4240.000000 4224.615385 4230.769231 4234.871795 4234.358974 4233.846154 4226.153846 4243.076923 4199.487179 4290.769231 4251.282051
4236.410256 4249.230769 4267.179487 4234.871795 4227.179487 4232.307692 4228.717949 4226.153846 4221.538462 4225.128205 4238.974359 4202.564103 4285.128205 4251.794872
4228.205128 4248.205128 4260.000000 4239.487179 4226.666667 4226.153846 4234.358974 4226.666667 4224.102564 4228.205128 4240.512821 4193.846154 4287.692308 4249.743590
4234.358974 4251.794872 4262.564103 4245.128205 4228.205128 4225.641026 4230.256410 4232.307692 4233.333333 4230.769231 4242.051282 4197.435897 4288.205128 4251.282051
4230.256410 4246.153846 4257.948718 4234.871795 4227.179487 4227.179487 4218.974359 4228.205128 4220.000000 4227.692308 4230.769231 4192.307692 4277.948718 4247.692308
4219.487179 4233.846154 4249.743590 4224.615385 4226.666667 4228.205128 4222.564103 4219.487179 4205.128205 4223.589744 4222.051282 4182.051282 4269.743590 4248.205128
4216.923077 4229.230769 4247.179487 4224.615385 4229.743590 4227.692308 4236.410256 4224.102564 4215.384615 4225.128205 4225.641026 4189.230769 4270.256410 4249.230769
4216.410256 4232.820513 4245.128205 4225.128205 4225.128205 4225.641026 4239.487179 4234.358974 4225.128205 4227.179487 4230.256410 4190.256410 4269.743590 4246.666667
4214.871795 4231.282051 4242.564103 4223.076923 4226.666667 4227.179487 4228.205128 4223.589744 4212.820513 4227.179487 4225.641026 4193.333333 4263.076923 4246.666667
4212.307692 4229.743590 4241.538462 4224.102564 4229.743590 4225.128205 4215.384615 4207.692308 4199.487179 4227.692308 4225.641026 4189.743590 4262.564103 4249.743590
4215.384615 4238.461538 4245.128205 4229.743590 4228.205128 4224.102564 4223.076923 4216.410256 4208.205128 4228.717949 4232.820513 4189.230769 4270.769231 4249.230769
4222.564103 4246.666667 4251.794872 4234.871795 4231.794872 4230.256410 4238.974359 4231.794872 4230.256410 4227.692308 4240.512821 4201.538462 4276.923077 4248.205128
4228.205128 4249.230769 4253.333333 4241.025641 4229.743590 4229.230769 4236.410256 4232.307692 4236.923077 4225.128205 4244.102564 4196.923077 4276.923077 4246.666667
4233.846154 4250.769231 4256.923077 4243.589744 4228.205128 4225.128205 4228.717949 4227.692308 4227.692308 4226.153846 4243.076923 4200.512821 4272.307692 4249.230769
4242.051282 4256.410256 4266.153846 4246.666667 4227.692308 4226.666667 4238.461538 4238.461538 4237.948718 4227.692308 4250.256410 4210.256410 4281.025641 4255.897436
4250.256410 4260.000000 4270.769231 4251.794872 4225.128205 4228.717949 4247.692308 4248.205128 4254.871795 4226.666667 4255.384615 4211.794872 4292.307692 4257.948718
4247.179487 4255.897436 4265.128205 4248.205128 4228.205128 4226.666667 4239.487179 4234.871795 4242.051282 4224.615385 4240.512821 4210.256410 4277.948718 4260.512821
4238.461538 4254.358974 4257.948718 4246.666667 4227.692308 4224.615385 4236.410256 4225.641026 4223.076923 4225.128205 4228.205128 4195.897436 4261.538462 4266.153846
4225.641026 4249.743590 4246.666667 4241.025641 4227.692308 4226.153846 4234.358974 4220.512821 4215.384615 4230.256410 4224.615385 4191.282051 4255.384615 4270.769231
4214.871795 4238.461538 4234.358974 4226.666667 4226.666667 4223.589744 4226.153846 4208.205128 4201.025641 4231.282051 4217.435897 4191.794872 4244.102564 4270.769231
4218.461538 4234.871795 4240.000000 4225.641026 4223.076923 4221.025641 4222.051282 4212.307692 4198.974359 4226.153846 4225.128205 4192.820513 4247.692308 4272.307692
4234.871795 4246.153846 4258.974359 4239.487179 4227.692308 4226.666667 4226.666667 4230.769231 4224.102564 4223.589744 4244.102564 4207.692308 4269.230769 4280.000000
4243.589744 4256.923077 4263.076923 4249.230769 4226.666667 4229.230769 4235.384615 4233.846154 4239.487179 4226.666667 4248.205128 4209.230769 4276.923077 4281.538462
4236.923077 4254.358974 4258.974359 4249.230769 4225.641026 4229.743590 4234.871795 4223.589744 4231.794872 4232.820513 4239.487179 4207.179487 4266.666667 4282.564103
4230.256410 4247.692308 4257.435897 4246.666667 4226.153846 4228.717949 4227.692308 4223.589744 4218.974359 4232.307692 4232.307692 4201.025641 4256.410256 4287.179487
4228.205128 4242.564103 4252.820513 4243.076923 4225.128205 4225.128205 4224.102564 4219.487179 4207.692308 4226.153846 4224.102564 4187.179487 4246.666667 4288.205128
4224.102564 4240.000000 4253.333333 4238.461538 4230.256410 4224.615385 4225.641026 4209.230769 4208.717949 4225.128205 4220.000000 4192.820513 4243.076923 4290.769231
4217.948718 4240.512821 4248.717949 4232.820513 4227.692308 4225.128205 4231.282051 4215.897436 4220.000000 4228.205128 4222.564103 4192.307692 4248.717949 4293.846154
4212.307692 4230.256410 4236.410256 4220.512821 4226.153846 4224.615385 4228.717949 4221.538462 4212.820513 4230.256410 4217.435897 4185.641026 4238.461538 4291.282051
4218.461538 4229.230769 4237.435897 4223.076923 4229.743590 4225.128205 4227.179487 4221.538462 4208.205128 4227.179487 4215.897436 4191.794872 4237.435897 4285.641026
4227.692308 4249.743590 4251.794872 4240.512821 4225.641026 4226.153846 4232.307692 4222.051282 4220.000000 4228.205128 4227.179487 4192.820513 4254.358974 4283.589744
4223.076923 4250.769231 4252.820513 4242.051282 4223.589744 4227.692308 4228.717949 4211.282051 4212.307692 4235.384615 4222.051282 4194.358974 4245.128205 4288.717949
4214.871795 4240.000000 4247.692308 4238.974359 4223.589744 4227.179487 4220.000000 4202.564103 4202.051282 4232.820513 4213.846154 4189.230769 4235.897436 4291.794872
4220.512821 4244.102564 4252.820513 4242.051282 4225.128205 4228.205128 4222.564103 4209.230769 4212.820513 4224.102564 4218.974359 4187.692308 4250.256410 4287.179487
4223.076923 4246.153846 4251.282051 4238.974359 4227.692308 4228.717949 4230.769231 4211.282051 4219.487179 4226.153846 4216.410256 4190.769231 4253.333333 4283.076923
4217.948718 4241.025641 4243.076923 4231.794872 4224.615385 4226.666667 4233.333333 4215.384615 4216.410256 4228.205128 4208.205128 4181.025641 4244.102564 4281.538462
4217.435897 4234.871795 4242.564103 4226.153846 4225.128205 4225.128205 4232.820513 4222.051282 4214.358974 4227.692308 4204.102564 4183.076923 4239.487179 4277.435897
4213.333333 4226.153846 4241.538462 4218.974359 4224.615385 4224.102564 4233.846154 4211.282051 4204.615385 4228.717949 4197.435897 4181.538462 4234.871795 4270.256410
4211.282051 4223.076923 4243.076923 4215.897436 4223.589744 4224.615385 4235.897436 4211.282051 4202.564103 4226.153846 4194.871795 4179.487179 4235.384615 4265.641026
4217.948718 4228.205128 4250.256410 4222.564103 4228.205128 4225.641026 4240.000000 4227.692308 4216.410256 4224.615385 4200.512821 4189.743590 4239.487179 4256.410256
4214.871795 4229.743590 4243.076923 4226.153846 4226.153846 4221.538462 4237.948718 4224.615385 4210.769231 4225.641026 4188.717949 4179.487179 4230.256410 4243.076923
4211.794872 4229.743590 4239.487179 4223.076923 4224.615385 4223.076923 4228.205128 4206.666667 4192.307692 4227.692308 4170.769231 4177.435897 4221.538462 4238.461538
4222.564103 4238.974359 4253.846154 4224.615385 4224.102564 4227.179487 4225.641026 4212.307692 4197.948718 4227.692308 4182.564103 4185.641026 4236.410256 4238.974359
4230.256410 4243.076923 4258.461538 4224.102564 4223.589744 4223.076923 4226.153846 4225.641026 4214.358974 4227.179487 4199.487179 4186.666667 4251.794872 4237.435897
4226.666667 4238.461538 4251.794872 4215.897436 4229.230769 4220.512821 4220.512821 4218.974359 4212.307692 4230.256410 4193.846154 4190.769231 4246.666667 4229.743590
4220.512821 4236.923077 4253.333333 4216.410256 4228.205128 4223.589744 4222.051282 4215.384615 4212.307692 4229.230769 4194.871795 4185.128205 4243.076923 4220.000000
4216.923077 4234.358974 4254.871795 4220.512821 4227.179487 4227.179487 4222.564103 4213.333333 4218.461538 4224.102564 4204.615385 4187.179487 4244.102564 4216.410256
4210.256410 4231.282051 4243.589744 4218.974359 4227.179487 4225.128205 4214.358974 4198.974359 4203.076923 4226.153846 4198.974359 4187.179487 4240.512821 4213.333333
4209.743590 4241.025641 4245.641026 4230.769231 4225.128205 4224.615385 4218.974359 4194.358974 4190.256410 4230.256410 4196.923077 4180.512821 4244.102564 4208.717949
4225.128205 4253.333333 4261.538462 4248.205128 4227.692308 4232.820513 4231.794872 4205.641026 4204.102564 4226.153846 4203.589744 4190.256410 4250.256410 4208.205128
4230.769231 4254.871795 4264.615385 4246.666667 4226.666667 4233.846154 4235.384615 4217.948718 4213.333333 4224.615385 4201.025641 4192.307692 4247.692308 4208.205128
4220.512821 4242.564103 4260.512821 4231.282051 4228.717949 4229.743590 4230.769231 4217.948718 4200.512821 4230.256410 4192.307692 4190.769231 4237.948718 4204.615385
4221.538462 4239.487179 4262.051282 4230.256410 4229.743590 4229.743590 4228.717949 4215.384615 4201.025641 4229.230769 4198.974359 4192.820513 4245.128205 4198.461538
4228.717949 4248.717949 4261.538462 4236.923077 4223.589744 4228.205128 4231.794872 4218.974359 4214.871795 4227.692308 4208.205128 4193.333333 4256.923077 4195.897436
4222.564103 4248.717949 4254.358974 4229.743590 4226.153846 4227.179487 4233.333333 4222.051282 4212.820513 4229.230769 4198.461538 4199.487179 4244.615385 4195.897436
4219.487179 4247.692308 4253.846154 4228.205128 4225.641026 4228.205128 4231.794872 4224.615385 4210.256410 4228.717949 4194.871795 4195.897436 4238.974359 4194.871795
4234.358974 4252.307692 4267.179487 4239.487179 4223.076923 4231.794872 4235.384615 4231.794872 4226.153846 4231.282051 4204.615385 4205.128205 4255.384615 4196.923077
4249.743590 4257.435897 4283.589744 4247.179487 4226.153846 4233.846154 4246.666667 4247.692308 4249.743590 4232.820513 4215.384615 4217.948718 4269.743590 4204.615385
4252.307692 4260.000000 4286.666667 4248.205128 4226.666667 4232.307692 4247.179487 4252.820513 4254.871795 4227.179487 4223.589744 4211.794872 4273.333333 4207.692308
4253.333333 4263.589744 4286.666667 4249.230769 4227.692308 4232.307692 4243.076923 4240.000000 4246.666667 4224.615385 4225.641026 4216.410256 4273.333333 4208.205128
4258.461538 4268.717949 4288.717949 4255.384615 4224.615385 4231.282051 4250.256410 4238.974359 4248.205128 4228.717949 4222.564103 4216.410256 4273.333333 4216.410256
4258.461538 4271.282051 4287.692308 4263.589744 4226.153846 4231.282051 4249.230769 4242.564103 4251.282051 4230.769231 4221.025641 4214.871795 4272.307692 4228.205128
4254.871795 4275.897436 4292.820513 4271.282051 4230.769231 4233.846154 4244.102564 4236.923077 4247.692308 4228.717949 4227.692308 4221.025641 4282.051282 4233.333333
4250.769231 4271.282051 4290.256410 4267.179487 4225.128205 4231.794872 4237.948718 4222.564103 4237.948718 4226.666667 4225.641026 4213.846154 4287.179487 4232.820513
4237.948718 4255.384615 4274.358974 4251.282051 4225.641026 4229.230769 4222.564103 4209.230769 4223.589744 4229.230769 4208.717949 4209.230769 4272.307692 4237.435897
4227.179487 4253.333333 4267.692308 4251.282051 4227.179487 4227.692308 4221.538462 4210.256410 4222.564103 4229.743590 4204.102564 4204.102564 4265.128205 4241.025641
4234.358974 4262.051282 4272.820513 4257.435897 4224.102564 4228.205128 4236.410256 4216.410256 4231.794872 4224.615385 4213.846154 4205.128205 4271.282051 4241.025641
4233.846154 4253.333333 4266.153846 4244.102564 4226.153846 4227.692308 4231.794872 4213.846154 4224.102564 4225.641026 4205.641026 4211.282051 4267.179487 4241.538462
4216.410256 4234.358974 4249.230769 4228.205128 4225.641026 4223.076923 4218.974359 4208.205128 4202.051282 4227.692308 4186.666667 4197.435897 4248.717949 4243.076923
4204.102564 4222.051282 4238.461538 4222.051282 4226.153846 4222.051282 4221.538462 4202.564103 4185.128205 4227.692308 4169.743590 4185.641026 4222.051282 4248.205128
4198.461538 4218.974359 4232.307692 4220.000000 4224.615385 4221.025641 4222.564103 4201.538462 4184.102564 4227.692308 4156.923077 4174.871795 4203.589744 4248.205128
4200.000000 4228.717949 4237.948718 4222.564103 4223.076923 4223.589744 4221.538462 4214.358974 4200.512821 4224.615385 4161.025641 4174.358974 4215.384615 4248.205128
4213.846154 4241.025641 4251.794872 4229.230769 4228.717949 4225.641026 4225.641026 4215.384615 4217.435897 4224.102564 4178.974359 4192.820513 4238.974359 4263.589744
4225.641026 4247.692308 4260.512821 4235.897436 4227.179487 4222.051282 4223.589744 4201.538462 4220.000000 4225.641026 4186.153846 4191.794872 4251.282051 4277.948718
4224.615385 4241.538462 4263.589744 4231.794872 4225.128205 4222.564103 4212.820513 4193.846154 4212.820513 4225.128205 4180.512821 4191.794872 4244.102564 4275.897436
4224.615385 4238.461538 4266.666667 4232.307692 4226.666667 4227.179487 4220.512821 4201.025641 4209.230769 4225.128205 4183.589744 4199.487179 4238.974359 4272.820513
4234.871795 4252.820513 4280.000000 4252.307692 4226.666667 4227.692308 4237.948718 4209.230769 4212.820513 4226.153846 4195.384615 4203.589744 4253.846154 4282.564103
4244.102564 4261.538462 4293.333333 4266.666667 4227.179487 4228.205128 4234.871795 4204.615385 4213.846154 4226.666667 4195.897436 4211.794872 4262.564103 4293.846154
4247.179487 4260.000000 4293.846154 4265.128205 4224.102564 4228.717949 4237.948718 4210.256410 4217.948718 4225.128205 4196.410256 4205.641026 4261.025641 4297.435897
4247.179487 4261.025641 4290.256410 4265.641026 4227.692308 4231.282051 4254.871795 4221.538462 4229.743590 4227.692308 4203.076923 4206.666667 4267.179487 4300.512821
4237.435897 4255.897436 4283.589744 4262.564103 4228.717949 4232.307692 4248.717949 4216.410256 4222.051282 4229.743590 4196.923077 4208.205128 4264.615385 4306.666667
4226.666667 4240.512821 4273.333333 4248.205128 4222.564103 4227.179487 4237.948718 4205.641026 4203.076923 4225.641026 4180.512821 4196.923077 4250.769231 4310.769231
4227.692308 4231.794872 4266.666667 4238.461538 4226.153846 4223.076923 4242.564103 4206.666667 4205.128205 4224.615385 4176.410256 4201.025641 4248.717949 4311.794872
4226.153846 4232.820513 4265.128205 4237.435897 4226.666667 4221.025641 4230.769231 4213.846154 4215.384615 4227.179487 4177.948718 4196.923077 4253.846154 4311.282051
4233.846154 4236.923077 4275.384615 4242.564103 4225.128205 4225.641026 4215.384615 4218.461538 4227.179487 4228.205128 4177.948718 4195.897436 4256.410256 4320.512821
4253.333333 4251.282051 4290.256410 4256.410256 4227.692308 4229.230769 4231.794872 4225.641026 4249.743590 4226.666667 4191.794872 4209.743590 4271.794872 4336.410256
4248.205128 4249.743590 4281.538462 4249.743590 4225.128205 4221.538462 4237.948718 4217.435897 4243.076923 4225.128205 4195.897436 4207.692308 4273.846154 4339.487179
4229.230769 4230.256410 4263.589744 4227.179487 4225.128205 4220.000000 4218.974359 4195.384615 4209.743590 4225.641026 4176.410256 4201.025641 4253.846154 4336.923077
4233.846154 4234.358974 4266.666667 4233.333333 4223.589744 4224.615385 4219.487179 4196.923077 4211.794872 4225.128205 4171.794872 4196.923077 4255.384615 4340.000000
4241.538462 4246.153846 4273.846154 4247.692308 4225.128205 4227.179487 4228.717949 4213.333333 4228.717949 4226.666667 4176.923077 4205.128205 4265.128205 4343.076923
4241.538462 4242.564103 4275.897436 4249.230769 4228.717949 4230.256410 4227.692308 4211.794872 4223.076923 4226.153846 4175.384615 4209.743590 4261.538462 4346.153846
4247.179487 4244.615385 4280.000000 4257.435897 4227.692308 4230.769231 4228.717949 4202.564103 4217.435897 4228.205128 4174.358974 4201.538462 4265.641026 4355.897436
4244.615385 4247.179487 4277.435897 4254.358974 4229.743590 4229.230769 4218.974359 4192.820513 4212.820513 4232.307692 4166.666667 4207.692308 4261.538462 4364.102564
4234.871795 4243.589744 4264.615385 4244.102564 4226.666667 4223.076923 4204.615385 4178.974359 4199.487179 4230.256410 4152.820513 4204.102564 4243.076923 4362.051282
4245.641026 4248.205128 4267.692308 4253.333333 4226.153846 4223.589744 4213.846154 4181.538462 4201.538462 4230.769231 4156.410256 4202.564103 4246.666667 4367.179487
4255.897436 4252.820513 4280.512821 4257.435897 4229.743590 4229.743590 4230.256410 4201.025641 4217.435897 4232.820513 4169.743590 4212.307692 4266.153846 4377.948718
4242.051282 4240.000000 4269.743590 4241.025641 4224.615385 4227.179487 4226.153846 4204.615385 4219.487179 4228.205128 4169.230769 4201.025641 4263.589744 4383.076923
4231.282051 4224.615385 4253.846154 4229.743590 4224.102564 4226.153846 4217.948718 4191.282051 4207.179487 4225.128205 4161.025641 4198.461538 4249.230769 4387.179487
4233.846154 4221.025641 4253.846154 4231.282051 4226.153846 4228.205128 4225.128205 4194.358974 4207.179487 4228.205128 4164.102564 4200.512821 4250.769231 4393.846154
4225.641026 4212.307692 4248.717949 4220.512821 4224.615385 4223.589744 4221.025641 4200.512821 4210.769231 4228.205128 4165.641026 4193.333333 4246.666667 4399.487179
4215.897436 4203.076923 4238.461538 4207.179487 4226.153846 4217.435897 4208.717949 4189.743590 4205.128205 4223.589744 4160.000000 4194.358974 4236.923077 4402.564103
4223.589744 4210.256410 4245.641026 4216.923077 4226.153846 4219.487179 4214.871795 4188.205128 4201.025641 4227.692308 4165.641026 4196.410256 4247.692308 4407.179487
4240.000000 4217.948718 4258.461538 4228.205128 4229.230769 4221.538462 4215.897436 4190.769231 4199.487179 4234.871795 4166.666667 4204.102564 4250.769231 4413.333333
4241.025641 4221.025641 4254.358974 4225.641026 4226.666667 4218.974359 4206.666667 4187.179487 4200.000000 4232.307692 4153.333333 4200.000000 4240.000000 4409.743590
4234.358974 4227.179487 4253.333333 4226.666667 4222.051282 4222.051282 4213.846154 4187.692308 4205.641026 4227.692308 4157.948718 4195.897436 4245.641026 4406.666667
4240.512821 4231.794872 4261.538462 4236.410256 4226.153846 4227.179487 4226.666667 4189.230769 4211.794872 4230.769231 4173.846154 4208.205128 4256.410256 4415.384615
4244.615385 4232.307692 4259.487179 4238.461538 4225.128205 4224.102564 4229.230769 4196.410256 4214.358974 4229.230769 4177.435897 4202.564103 4255.897436 4418.974359
4242.051282 4232.820513 4254.871795 4235.384615 4225.128205 4225.641026 4233.333333 4205.128205 4213.846154 4225.128205 4174.871795 4202.051282 4251.282051 4415.897436
4241.538462 4234.871795 4253.846154 4240.512821 4226.666667 4226.666667 4229.743590 4202.564103 4217.435897 4225.641026 4174.871795 4207.179487 4250.256410 4422.051282
4240.000000 4234.871795 4248.205128 4241.025641 4224.615385 4223.589744 4209.743590 4191.282051 4216.923077 4223.076923 4172.307692 4199.487179 4245.641026 4425.641026
4238.974359 4233.846154 4244.615385 4235.897436 4227.692308 4226.153846 4208.717949 4182.051282 4208.717949 4224.102564 4168.205128 4202.051282 4238.974359 4423.589744
4246.153846 4241.538462 4249.743590 4242.564103 4225.641026 4226.666667 4228.717949 4190.769231 4209.743590 4228.205128 4169.743590 4205.641026 4243.589744 4429.230769
4251.282051 4243.076923 4253.846154 4245.128205 4226.153846 4224.615385 4225.641026 4203.589744 4221.025641 4227.692308 4171.794872 4209.743590 4249.230769 4438.461538
4240.512821 4234.871795 4246.153846 4233.846154 4230.256410 4226.153846 4217.435897 4201.025641 4224.615385 4225.128205 4178.461538 4208.205128 4254.358974 4440.000000
4232.307692 4228.205128 4236.923077 4224.615385 4224.102564 4223.076923 4225.641026 4191.794872 4214.871795 4225.128205 4184.615385 4204.102564 4262.051282 4440.512821
4232.820513 4224.615385 4234.358974 4224.102564 4226.153846 4220.000000 4225.641026 4187.692308 4211.282051 4229.230769 4180.000000 4212.820513 4257.435897 4442.564103
4231.282051 4225.128205 4233.846154 4227.179487 4230.769231 4218.461538 4217.948718 4189.230769 4217.435897 4228.717949 4179.487179 4206.666667 4250.769231 4441.538462
4231.282051 4222.051282 4233.846154 4225.641026 4227.179487 4217.948718 4221.025641 4192.307692 4215.384615 4226.153846 4180.512821 4205.641026 4248.205128 4438.461538
4234.358974 4219.487179 4235.384615 4224.102564 4224.615385 4218.974359 4230.256410 4198.974359 4214.871795 4227.179487 4173.846154 4212.820513 4243.589744 4437.948718
4236.410256 4225.641026 4238.461538 4229.743590 4225.641026 4220.512821 4231.794872 4203.589744 4222.564103 4225.128205 4173.846154 4208.717949 4245.641026 4437.435897
4238.974359 4229.743590 4241.538462 4234.358974 4228.717949 4224.615385 4232.820513 4198.461538 4224.102564 4224.102564 4178.974359 4217.435897 4250.769231 4437.435897
4242.564103 4228.717949 4239.487179 4238.974359 4224.615385 4223.589744 4235.384615 4193.333333 4218.974359 4226.666667 4177.948718 4215.384615 4252.307692 4435.384615
4243.076923 4225.128205 4236.923077 4237.948718 4224.615385 4218.974359 4230.256410 4198.461538 4214.871795 4229.230769 4173.846154 4209.230769 4249.230769 4435.897436
4243.076923 4225.128205 4241.025641 4231.282051 4228.717949 4220.000000 4227.692308 4212.307692 4218.974359 4227.692308 4177.435897 4220.512821 4250.769231 4438.974359
4248.717949 4232.307692 4246.153846 4233.333333 4224.102564 4218.974359 4234.358974 4214.358974 4227.692308 4228.205128 4186.153846 4224.102564 4262.564103 4434.871795
4244.102564 4225.641026 4238.461538 4227.179487 4225.641026 4216.923077 4226.666667 4194.358974 4220.000000 4232.307692 4178.461538 4222.564103 4260.512821 4426.153846
4226.666667 4210.769231 4218.974359 4210.769231 4226.153846 4213.333333 4214.358974 4181.538462 4199.487179 4229.743590 4159.487179 4209.743590 4247.179487 4417.948718
4226.153846 4219.487179 4218.974359 4218.974359 4223.589744 4216.410256 4228.717949 4193.846154 4203.589744 4226.666667 4158.974359 4208.717949 4250.256410 4412.307692
4238.461538 4236.410256 4231.794872 4236.410256 4225.128205 4222.051282 4234.358974 4206.153846 4221.025641 4226.153846 4164.102564 4220.512821 4256.923077 4408.717949
4234.871795 4233.333333 4228.205128 4230.256410 4223.076923 4216.923077 4213.333333 4197.435897 4216.923077 4228.717949 4155.897436 4208.717949 4246.666667 4400.512821
4221.538462 4220.512821 4216.923077 4214.358974 4225.641026 4216.410256 4209.743590 4185.128205 4203.589744 4232.307692 4143.589744 4205.128205 4233.333333 4394.871795
4215.897436 4214.358974 4210.769231 4212.820513 4226.153846 4219.487179 4227.179487 4190.769231 4201.025641 4229.743590 4142.051282 4209.230769 4233.846154 4391.282051
4217.435897 4209.743590 4208.205128 4210.769231 4224.615385 4217.948718 4229.230769 4204.102564 4207.179487 4227.179487 4141.538462 4200.512821 4234.358974 4383.076923
4218.461538 4208.717949 4205.641026 4207.692308 4230.256410 4217.948718 4219.487179 4207.179487 4213.846154 4229.230769 4136.410256 4197.435897 4225.128205 4369.743590
4212.820513 4209.743590 4198.461538 4212.820513 4227.692308 4216.410256 4215.897436 4200.512821 4207.692308 4228.205128 4131.794872 4191.794872 4218.974359 4357.948718
4204.102564 4203.076923 4193.846154 4211.282051 4224.615385 4215.897436 4212.820513 4185.641026 4195.384615 4224.102564 4125.128205 4193.333333 4211.794872 4345.641026
4204.615385 4202.051282 4198.974359 4208.205128 4225.641026 4216.923077 4218.974359 4182.051282 4196.923077 4225.128205 4124.102564 4192.820513 4209.743590 4335.897436
4213.333333 4209.230769 4208.205128 4210.256410 4226.153846 4216.923077 4221.538462 4192.820513 4204.102564 4231.794872 4126.153846 4189.230769 4217.435897 4333.846154
4223.076923 4210.256410 4215.384615 4209.743590 4229.230769 4216.410256 4212.820513 4194.358974 4198.461538 4232.307692 4118.461538 4201.538462 4217.435897 4331.794872
4215.897436 4208.717949 4214.358974 4205.641026 4226.666667 4214.871795 4210.256410 4185.128205 4181.025641 4228.205128 4111.282051 4198.461538 4209.743590 4325.128205
4205.641026 4206.666667 4212.820513 4203.076923 4224.615385 4214.358974 4208.205128 4172.820513 4165.641026 4228.205128 4119.487179 4193.846154 4210.256410 4320.512821
4210.769231 4207.692308 4223.589744 4205.641026 4225.641026 4213.846154 4205.128205 4173.846154 4171.282051 4231.282051 4135.384615 4201.025641 4225.641026 4312.820513
4210.769231 4207.179487 4228.205128 4206.153846 4224.615385 4214.871795 4205.128205 4179.487179 4172.820513 4228.205128 4135.384615 4198.974359 4228.205128 4303.076923
4206.153846 4204.615385 4228.717949 4204.102564 4228.205128 4216.923077 4205.641026 4171.794872 4154.871795 4225.128205 4124.615385 4200.512821 4215.897436 4297.435897
4216.923077 4211.282051 4238.974359 4212.307692 4225.641026 4215.384615 4209.743590 4176.410256 4157.948718 4228.205128 4131.794872 4201.538462 4221.538462 4292.307692
4226.666667 4217.435897 4248.717949 4222.564103 4224.102564 4215.897436 4216.923077 4188.717949 4177.435897 4229.230769 4144.615385 4208.205128 4232.307692 4287.692308
4218.461538 4212.820513 4243.076923 4218.461538 4225.641026 4217.435897 4209.743590 4180.512821 4172.307692 4227.179487 4141.538462 4208.717949 4229.230769 4281.538462
4211.794872 4209.743590 4238.461538 4210.769231 4223.589744 4214.871795 4206.666667 4174.871795 4167.179487 4227.179487 4136.410256 4200.000000 4225.128205 4272.820513
4218.974359 4212.820513 4243.589744 4216.923077 4228.205128 4215.897436 4223.589744 4193.333333 4187.179487 4228.717949 4142.051282 4209.743590 4231.282051 4265.128205
4224.615385 4217.948718 4247.179487 4227.179487 4226.666667 4216.410256 4234.358974 4210.256410 4206.153846 4227.179487 4152.307692 4210.769231 4243.589744 4260.512821
4220.512821 4211.794872 4242.564103 4217.435897 4222.051282 4216.923077 4224.615385 4208.205128 4200.000000 4224.102564 4151.794872 4205.128205 4242.564103 4256.923077
4209.743590 4195.897436 4229.743590 4198.461538 4225.641026 4215.384615 4216.923077 4197.948718 4184.615385 4226.153846 4135.897436 4202.564103 4220.512821 4246.666667
4208.205128 4191.282051 4223.076923 4196.410256 4225.641026 4212.820513 4220.000000 4194.358974 4183.076923 4228.717949 4130.256410 4195.384615 4211.794872 4236.410256
4220.000000 4204.102564 4232.820513 4208.205128 4227.692308 4218.461538 4226.153846 4206.666667 4197.435897 4227.692308 4142.051282 4207.179487 4226.666667 4234.871795
4230.769231 4220.000000 4241.538462 4221.025641 4226.666667 4222.051282 4232.820513 4225.641026 4207.179487 4224.615385 4153.846154 4214.358974 4240.000000 4228.717949
4232.820513 4221.025641 4239.487179 4224.102564 4225.641026 4222.564103 4231.794872 4225.128205 4203.076923 4225.641026 4151.794872 4210.769231 4236.923077 4215.384615
4237.435897 4220.512821 4244.615385 4227.179487 4228.205128 4227.692308 4231.282051 4221.025641 4207.692308 4226.666667 4157.435897 4220.000000 4240.000000 4211.282051
4245.641026 4226.666667 4256.410256 4234.871795 4224.615385 4230.769231 4240.512821 4232.820513 4225.128205 4225.641026 4174.358974 4226.666667 4257.435897 4209.743590
4242.051282 4223.589744 4250.769231 4229.230769 4224.102564 4230.256410 4233.333333 4223.589744 4216.410256 4229.230769 4169.230769 4230.256410 4254.871795 4204.102564
4228.205128 4220.512821 4235.897436 4224.102564 4224.615385 4229.743590 4216.923077 4198.974359 4191.282051 4231.794872 4156.923077 4220.512821 4239.487179 4193.846154
4231.794872 4231.282051 4242.564103 4235.897436 4223.076923 4230.256410 4216.410256 4206.666667 4193.846154 4229.230769 4164.615385 4218.461538 4244.615385 4182.051282
4244.102564 4238.974359 4253.846154 4243.589744 4226.153846 4230.769231 4224.102564 4222.051282 4208.205128 4226.153846 4170.769231 4231.282051 4254.358974 4173.333333
4236.923077 4232.307692 4239.487179 4234.358974 4224.615385 4228.205128 4221.538462 4210.769231 4196.923077 4227.179487 4157.948718 4217.435897 4241.025641 4164.102564
4216.923077 4218.461538 4220.512821 4219.487179 4225.641026 4227.179487 4212.820513 4201.538462 4174.358974 4233.846154 4139.487179 4207.692308 4212.307692 4154.358974
4209.743590 4213.846154 4218.461538 4213.846154 4225.128205 4224.615385 4208.205128 4203.076923 4166.153846 4231.794872 4133.846154 4209.230769 4201.538462 4144.102564
4222.051282 4226.153846 4228.205128 4226.666667 4221.538462 4225.128205 4212.820513 4196.923077 4171.794872 4225.641026 4140.000000 4207.692308 4214.871795 4133.846154
4233.333333 4241.025641 4238.461538 4242.051282 4226.153846 4232.307692 4215.897436 4196.410256 4181.025641 4227.692308 4148.205128 4216.410256 4227.179487 4128.717949
4230.256410 4241.025641 4236.923077 4243.076923 4226.666667 4230.769231 4214.358974 4207.179487 4183.076923 4229.230769 4149.743590 4211.794872 4230.256410 4125.128205
4231.282051 4236.923077 4233.846154 4236.923077 4227.692308 4228.205128 4214.358974 4205.641026 4178.461538 4228.205128 4149.743590 4211.282051 4233.333333 4123.076923
4232.307692 4240.512821 4233.333333 4238.461538 4228.205128 4233.846154 4221.025641 4203.076923 4183.589744 4229.230769 4150.769231 4214.358974 4234.871795 4115.897436
4223.589744 4242.051282 4232.307692 4242.564103 4224.615385 4234.871795 4225.128205 4216.923077 4194.358974 4228.205128 4149.743590 4210.769231 4235.897436 4106.153846
4220.000000 4236.923077 4230.769231 4239.487179 4226.153846 4230.256410 4223.076923 4218.461538 4192.307692 4223.589744 4147.179487 4214.358974 4239.487179 4098.461538
4226.666667 4236.923077 4229.230769 4237.948718 4225.641026 4227.179487 4222.051282 4207.692308 4185.641026 4226.666667 4147.179487 4207.692308 4242.564103 4091.282051
4231.282051 4239.487179 4233.846154 4242.051282 4227.179487 4230.256410 4224.615385 4214.871795 4192.820513 4232.820513 4148.717949 4208.717949 4244.615385 4084.615385
4231.282051 4241.025641 4234.871795 4243.589744 4229.230769 4234.358974 4226.153846 4225.128205 4204.615385 4229.743590 4148.205128 4211.794872 4249.743590 4075.384615
4225.128205 4238.974359 4226.153846 4239.487179 4223.589744 4232.307692 4223.076923 4218.974359 4202.564103 4228.717949 4145.641026 4201.025641 4246.153846 4064.102564
4218.974359 4227.692308 4220.000000 4233.846154 4225.641026 4229.743590 4217.948718 4210.256410 4192.820513 4233.333333 4135.897436 4202.051282 4232.307692 4053.846154
4223.076923 4228.205128 4226.153846 4238.461538 4227.179487 4228.205128 4222.051282 4215.897436 4194.358974 4230.256410 4135.384615 4203.589744 4238.461538 4048.205128
4225.641026 4232.820513 4231.794872 4240.000000 4225.641026 4230.769231 4217.948718 4213.846154 4193.846154 4226.666667 4137.948718 4205.641026 4248.205128 4044.102564
4217.948718 4225.128205 4225.641026 4232.307692 4228.717949 4232.307692 4213.333333 4212.820513 4186.153846 4229.230769 4134.358974 4204.102564 4239.487179 4034.358974
4225.641026 4230.769231 4230.769231 4242.564103 4227.692308 4231.794872 4232.820513 4233.846154 4200.000000 4228.717949 4144.102564 4198.974359 4243.076923 4026.153846
4244.615385 4247.179487 4248.717949 4257.948718 4225.641026 4234.871795 4243.589744 4243.076923 4219.487179 4226.153846 4160.000000 4213.846154 4258.461538 4024.615385
4240.000000 4246.666667 4247.692308 4251.282051 4222.564103 4230.769231 4224.615385 4223.589744 4208.717949 4228.205128 4155.897436 4213.846154 4258.974359 4021.538462
4224.102564 4233.333333 4228.717949 4237.435897 4224.615385 4228.717949 4212.307692 4210.256410 4187.692308 4229.230769 4141.025641 4202.564103 4249.743590 4013.333333
4226.153846 4230.769231 4226.153846 4239.487179 4229.230769 4232.820513 4220.000000 4215.897436 4188.717949 4229.743590 4143.076923 4206.153846 4247.692308 4006.153846
4234.358974 4237.435897 4234.358974 4247.179487 4224.615385 4229.743590 4216.410256 4218.974359 4197.948718 4228.717949 4150.769231 4205.641026 4248.717949 3999.487179
4235.897436 4241.025641 4241.025641 4248.717949 4226.666667 4227.692308 4207.179487 4207.692308 4191.794872 4228.205128 4144.102564 4209.743590 4246.153846 3993.846154
4236.410256 4246.666667 4240.512821 4249.743590 4226.666667 4230.256410 4216.923077 4210.769231 4187.179487 4229.743590 4141.538462 4207.692308 4245.641026 3990.256410
4235.897436 4244.615385 4235.897436 4244.615385 4224.102564 4230.769231 4223.076923 4225.641026 4192.820513 4228.717949 4146.666667 4201.538462 4242.051282 3985.128205
4232.820513 4234.358974 4237.948718 4238.974359 4228.205128 4230.769231 4215.897436 4224.615385 4191.794872 4226.666667 4147.179487 4207.692308 4240.512821 3980.000000
4229.230769 4229.230769 4238.974359 4238.461538 4226.666667 4228.717949 4207.692308 4211.794872 4180.000000 4227.692308 4149.743590 4204.102564 4246.153846 3976.410256
4231.794872 4230.769231 4241.538462 4237.435897 4228.205128 4228.717949 4208.717949 4207.179487 4182.051282 4231.282051 4154.871795 4206.666667 4249.743590 3978.974359
4246.153846 4239.487179 4249.743590 4245.128205 4228.717949 4231.794872 4222.051282 4223.589744 4203.076923 4230.769231 4162.051282 4212.307692 4260.512821 3980.512821
4247.692308 4237.435897 4249.230769 4249.230769 4225.641026 4234.871795 4222.564103 4233.846154 4205.641026 4227.179487 4164.102564 4209.743590 4266.153846 3977.948718
4224.615385 4216.410256 4232.307692 4231.794872 4229.230769 4230.769231 4205.128205 4214.871795 4184.102564 4226.666667 4151.282051 4205.128205 4246.666667 3973.333333
4206.153846 4202.051282 4221.025641 4218.461538 4227.179487 4222.564103 4202.564103 4204.102564 4173.846154 4227.692308 4142.564103 4189.743590 4233.333333 3970.769231
4215.897436 4212.820513 4231.282051 4229.230769 4224.615385 4227.179487 4220.000000 4221.025641 4185.641026 4228.717949 4149.743590 4196.410256 4242.564103 3972.820513
4234.871795 4235.897436 4249.743590 4250.256410 4226.666667 4236.923077 4237.435897 4243.076923 4207.179487 4228.205128 4161.025641 4213.846154 4253.846154 3973.846154
4247.692308 4247.179487 4260.000000 4260.512821 4226.153846 4238.461538 4244.615385 4254.871795 4222.564103 4227.179487 4168.205128 4214.871795 4262.564103 3974.358974
4251.282051 4242.051282 4256.410256 4256.410256 4227.692308 4236.923077 4236.923077 4258.974359 4227.692308 4228.717949 4169.230769 4217.435897 4269.743590 3972.820513
4235.897436 4233.846154 4244.615385 4247.179487 4225.641026 4235.384615 4228.717949 4250.256410 4222.051282 4228.717949 4166.153846 4211.282051 4265.641026 3966.153846
4220.000000 4231.282051 4238.974359 4241.538462 4227.692308 4236.923077 4226.153846 4229.743590 4207.179487 4227.179487 4158.974359 4208.205128 4250.769231 3963.076923
4223.076923 4233.846154 4241.538462 4247.179487 4228.205128 4236.923077 4225.641026 4224.102564 4199.487179 4228.717949 4155.384615 4208.205128 4247.692308 3966.153846
4235.897436 4242.051282 4251.794872 4257.948718 4223.589744 4234.871795 4234.358974 4242.564103 4216.410256 4228.717949 4166.153846 4207.692308 4260.512821 3965.128205
4238.974359 4241.538462 4258.974359 4255.897436 4226.666667 4237.435897 4241.538462 4250.256410 4231.794872 4226.666667 4174.358974 4214.871795 4266.153846 3957.948718
4225.128205 4225.641026 4244.615385 4238.974359 4225.641026 4234.871795 4230.256410 4233.846154 4213.846154 4226.153846 4162.051282 4201.025641 4255.384615 3954.871795
4220.512821 4219.487179 4234.871795 4232.820513 4224.615385 4230.769231 4222.564103 4226.153846 4198.974359 4227.692308 4152.820513 4194.358974 4246.666667 3957.435897
4236.410256 4234.358974 4250.769231 4245.641026 4227.179487 4232.820513 4231.282051 4237.435897 4216.410256 4229.230769 4168.717949 4207.179487 4260.000000 3959.487179
4246.666667 4244.102564 4261.538462 4254.358974 4224.615385 4234.358974 4231.282051 4241.538462 4229.743590 4226.153846 4181.538462 4208.717949 4275.384615 3958.974359
4244.615385 4240.000000 4254.358974 4249.230769 4227.179487 4237.435897 4221.025641 4233.333333 4222.051282 4224.102564 4177.435897 4212.820513 4272.307692 3960.512821
4242.564103 4240.512821 4250.769231 4244.615385 4225.641026 4234.871795 4220.512821 4241.538462 4221.538462 4226.153846 4177.948718 4207.692308 4271.282051 3961.025641
4240.000000 4236.410256 4254.871795 4243.076923 4223.589744 4231.282051 4224.615385 4249.230769 4226.666667 4225.641026 4176.923077 4203.589744 4268.205128 3960.000000
4231.794872 4222.051282 4247.692308 4233.846154 4229.230769 4234.358974 4221.538462 4228.717949 4212.307692 4225.128205 4162.564103 4203.589744 4249.743590 3957.435897
4229.230769 4218.974359 4240.512821 4228.717949 4226.666667 4234.871795 4215.384615 4215.384615 4195.384615 4226.666667 4154.358974 4190.256410 4238.461538 3957.948718
4231.794872 4223.589744 4245.128205 4232.307692 4225.128205 4232.820513 4214.871795 4228.717949 4205.641026 4226.153846 4162.051282 4194.871795 4246.666667 3965.641026
4231.282051 4227.179487 4247.179487 4238.974359 4225.128205 4229.230769 4220.000000 4244.102564 4223.076923 4224.615385 4174.871795 4201.538462 4258.461538 3967.692308
4231.282051 4227.692308 4246.666667 4241.025641 4225.641026 4228.717949 4224.102564 4241.025641 4216.410256 4226.666667 4177.435897 4198.461538 4257.948718 3961.538462
4239.487179 4227.692308 4253.333333 4236.410256 4226.666667 4229.743590 4224.102564 4236.410256 4212.820513 4226.153846 4176.923077 4205.641026 4256.410256 3957.948718
4247.179487 4232.307692 4260.000000 4241.538462 4221.025641 4229.743590 4225.641026 4243.589744 4224.102564 4226.666667 4184.102564 4207.692308 4266.153846 3955.384615
4241.025641 4231.794872 4257.435897 4247.179487 4223.076923 4230.256410 4228.205128 4243.589744 4221.025641 4233.333333 4184.102564 4210.769231 4264.102564 3951.794872
4233.333333 4223.589744 4248.717949 4238.974359 4225.128205 4225.641026 4223.076923 4232.820513 4208.205128 4230.256410 4175.384615 4203.076923 4249.743590 3946.666667
4228.717949 4211.794872 4241.538462 4224.615385 4222.564103 4223.076923 4210.769231 4221.025641 4199.487179 4224.102564 4169.230769 4192.307692 4240.512821 3941.025641
4218.461538 4201.025641 4233.846154 4214.871795 4224.615385 4223.589744 4204.615385 4214.358974 4189.230769 4227.692308 4162.051282 4193.846154 4229.743590 3939.487179
4209.743590 4197.435897 4224.102564 4213.846154 4223.076923 4221.025641 4206.153846 4214.871795 4181.538462 4230.256410 4155.897436 4186.666667 4224.102564 3938.974359
4212.307692 4198.974359 4224.102564 4215.897436 4224.102564 4223.589744 4208.205128 4220.000000 4187.179487 4228.205128 4158.974359 4190.256410 4229.230769 3935.897436
4220.512821 4206.666667 4231.794872 4221.538462 4225.128205 4225.641026 4217.435897 4232.307692 4197.948718 4227.179487 4167.692308 4195.897436 4237.435897 3935.897436
4229.230769 4214.871795 4238.461538 4228.717949 4223.589744 4224.615385 4222.051282 4242.564103 4206.153846 4228.205128 4175.897436 4193.846154 4250.256410 3941.538462
4236.923077 4223.589744 4247.179487 4234.358974 4225.641026 4226.153846 4216.410256 4238.461538 4212.820513 4227.179487 4181.025641 4201.025641 4261.025641 3945.128205
4233.333333 4227.692308 4246.666667 4234.358974 4223.076923 4224.102564 4215.384615 4236.410256 4215.384615 4226.666667 4183.076923 4195.897436 4258.974359 3941.025641
4221.025641 4213.333333 4229.230769 4220.000000 4224.102564 4220.512821 4209.743590 4231.282051 4202.051282 4232.307692 4174.358974 4192.307692 4241.538462 3933.333333
4212.307692 4202.051282 4220.512821 4212.820513 4227.692308 4220.000000 4203.076923 4225.641026 4190.769231 4231.794872 4164.615385 4190.256410 4233.846154 3927.692308
4215.897436 4209.230769 4228.717949 4222.564103 4224.102564 4219.487179 4208.717949 4233.333333 4194.358974 4225.641026 4167.692308 4185.128205 4239.487179 3924.615385
4218.461538 4211.282051 4231.282051 4222.051282 4225.128205 4221.025641 4208.717949 4229.230769 4189.230769 4227.179487 4167.179487 4188.717949 4235.384615 3921.538462
4214.358974 4208.717949 4223.589744 4216.410256 4223.589744 4221.025641 4206.153846 4218.974359 4181.538462 4230.256410 4165.641026 4183.589744 4231.794872 3914.358974
4214.358974 4209.743590 4224.102564 4217.435897 4222.564103 4221.538462 4205.641026 4217.948718 4182.564103 4228.205128 4169.743590 4188.205128 4235.384615 3911.794872
4213.333333 4203.589744 4225.128205 4214.871795 4224.615385 4221.025641 4196.923077 4212.307692 4177.435897 4226.666667 4169.743590 4195.384615 4230.769231 3911.282051
4210.256410 4196.923077 4222.564103 4207.179487 4223.589744 4217.948718 4194.871795 4210.769231 4171.282051 4228.205128 4165.641026 4186.666667 4224.615385 3907.692308
4213.333333 4202.564103 4228.205128 4209.230769 4225.641026 4221.538462 4205.641026 4227.692308 4185.641026 4230.769231 4165.641026 4192.307692 4226.666667 3905.641026
4222.051282 4211.282051 4238.974359 4224.102564 4224.615385 4224.102564 4213.846154 4249.230769 4213.846154 4229.743590 4178.461538 4197.435897 4240.512821 3908.205128
4229.230769 4214.358974 4244.615385 4230.256410 4224.102564 4224.615385 4211.282051 4249.743590 4219.487179 4227.692308 4187.179487 4198.461538 4248.205128 3911.282051
4232.307692 4215.384615 4243.076923 4228.205128 4226.153846 4227.179487 4209.743590 4240.000000 4204.102564 4227.692308 4179.487179 4199.487179 4244.102564 3909.743590
4232.307692 4220.000000 4244.102564 4232.307692 4222.564103 4229.743590 4215.384615 4234.871795 4200.512821 4229.230769 4174.358974 4192.307692 4241.025641 3908.205128
4233.846154 4224.615385 4248.205128 4238.974359 4226.153846 4232.820513 4218.461538 4235.897436 4208.717949 4231.794872 4177.948718 4201.538462 4240.512821 3911.282051
4234.871795 4226.666667 4247.692308 4241.538462 4226.153846 4231.794872 4217.948718 4241.025641 4209.743590 4230.769231 4182.564103 4204.615385 4246.666667 3912.307692
4231.794872 4220.512821 4245.128205 4233.333333 4224.615385 4229.743590 4209.230769 4238.461538 4204.615385 4226.666667 4181.538462 4198.974359 4251.282051 3914.358974
4234.358974 4220.000000 4243.589744 4226.666667 4227.179487 4226.666667 4203.076923 4233.846154 4207.692308 4227.692308 4184.102564 4205.641026 4256.923077 3922.051282
4243.589744 4229.743590 4245.641026 4238.974359 4224.102564 4224.102564 4212.820513 4243.076923 4221.025641 4230.256410 4196.923077 4209.743590 4274.358974 3931.282051
4253.333333 4236.410256 4257.435897 4250.769231 4226.153846 4230.769231 4224.102564 4256.410256 4232.820513 4229.230769 4215.384615 4220.512821 4292.307692 3941.025641
4260.512821 4238.974359 4268.205128 4248.717949 4227.179487 4233.846154 4224.102564 4259.487179 4236.410256 4228.205128 4225.128205 4224.102564 4305.128205 3952.820513
4264.615385 4235.897436 4268.205128 4245.128205 4224.615385 4228.717949 4221.538462 4262.051282 4240.512821 4227.179487 4224.102564 4223.076923 4314.358974 3959.487179
4271.282051 4237.435897 4269.743590 4250.256410 4226.153846 4231.282051 4228.717949 4265.128205 4254.871795 4226.153846 4232.307692 4230.769231 4328.717949 3963.589744
4278.461538 4247.179487 4275.897436 4261.025641 4223.076923 4235.897436 4237.435897 4262.051282 4264.102564 4227.692308 4245.128205 4228.205128 4345.128205 3964.615385
4277.435897 4243.076923 4276.410256 4257.435897 4225.128205 4232.820513 4233.333333 4254.871795 4255.897436 4229.230769 4236.410256 4231.794872 4339.487179 3966.153846
4262.564103 4223.076923 4260.000000 4238.461538 4226.666667 4224.615385 4218.974359 4250.769231 4234.358974 4226.153846 4215.897436 4225.128205 4317.435897 3968.205128
4247.692308 4208.205128 4240.000000 4221.538462 4223.076923 4222.051282 4210.769231 4250.769231 4214.871795 4229.230769 4204.102564 4209.230769 4301.025641 3970.256410
4252.307692 4213.846154 4241.538462 4226.153846 4227.179487 4228.205128 4217.948718 4246.666667 4215.897436 4234.358974 4207.692308 4216.923077 4303.076923 3981.025641
4273.333333 4238.974359 4260.512821 4250.769231 4225.641026 4233.333333 4228.205128 4250.769231 4239.487179 4229.743590 4228.205128 4225.128205 4327.179487 3991.794872
4288.717949 4258.974359 4272.307692 4266.666667 4224.615385 4235.897436 4230.769231 4269.743590 4264.615385 4226.666667 4244.615385 4234.871795 4348.717949 3997.435897
4281.538462 4252.820513 4261.538462 4260.000000 4227.179487 4234.358974 4231.794872 4281.538462 4271.794872 4229.743590 4244.102564 4237.948718 4344.615385 4003.589744
4270.769231 4238.461538 4249.230769 4249.743590 4226.153846 4229.230769 4224.615385 4269.743590 4264.102564 4230.256410 4242.564103 4229.230769 4333.846154 4012.820513
4273.333333 4238.974359 4251.794872 4251.794872 4225.128205 4228.717949 4220.000000 4263.589744 4256.410256 4230.769231 4242.051282 4232.307692 4329.230769 4017.948718
4281.538462 4252.307692 4258.461538 4260.512821 4222.564103 4230.769231 4231.794872 4278.461538 4261.025641 4228.717949 4240.512821 4232.307692 4326.153846 4020.000000
4280.512821 4253.846154 4257.948718 4261.025641 4226.666667 4231.794872 4233.333333 4271.794872 4260.512821 4224.615385 4237.948718 4238.974359 4320.000000 4024.615385
4266.666667 4238.974359 4246.153846 4249.230769 4230.256410 4226.153846 4218.974359 4251.282051 4243.589744 4226.666667 4228.205128 4236.923077 4310.769231 4025.128205
4259.487179 4231.794872 4237.948718 4240.000000 4225.641026 4223.589744 4218.974359 4255.897436 4234.871795 4228.717949 4221.538462 4223.589744 4303.589744 4022.051282
4265.128205 4240.000000 4244.615385 4243.076923 4227.692308 4229.743590 4228.205128 4274.358974 4252.820513 4227.692308 4227.179487 4233.333333 4305.641026 4026.153846
4266.153846 4243.589744 4251.794872 4247.179487 4226.666667 4224.615385 4229.230769 4282.051282 4272.307692 4226.666667 4233.333333 4233.846154 4309.230769 4029.743590
4262.564103 4235.897436 4249.230769 4246.153846 4225.128205 4217.948718 4224.615385 4272.820513 4267.692308 4226.153846 4227.692308 4229.230769 4301.025641 4026.153846
4263.076923 4235.384615 4247.179487 4248.717949 4227.179487 4221.025641 4226.666667 4268.205128 4257.948718 4227.692308 4218.974359 4236.923077 4294.871795 4023.076923
4261.025641 4235.384615 4244.615385 4248.205128 4224.615385 4221.538462 4228.205128 4268.205128 4256.410256 4226.666667 4213.846154 4233.333333 4291.794872 4016.923077
4245.641026 4216.410256 4231.794872 4230.256410 4226.666667 4220.512821 4216.923077 4254.871795 4242.051282 4227.692308 4200.000000 4228.205128 4272.307692 4005.641026
4233.333333 4209.230769 4224.102564 4225.128205 4226.153846 4221.538462 4220.000000 4260.512821 4229.743590 4228.717949 4193.333333 4221.025641 4266.666667 4001.538462
4232.820513 4215.384615 4225.641026 4231.282051 4223.589744 4220.512821 4232.820513 4273.846154 4233.846154 4226.153846 4193.846154 4217.948718 4273.846154 4004.102564
4230.769231 4210.256410 4221.538462 4225.641026 4225.641026 4219.487179 4222.051282 4257.435897 4232.307692 4225.641026 4185.641026 4217.435897 4265.128205 4000.000000
4228.205128 4206.153846 4217.948718 4222.564103 4223.076923 4220.512821 4211.282051 4248.205128 4225.128205 4227.692308 4180.512821 4210.769231 4257.948718 3998.974359
4231.282051 4207.692308 4222.564103 4223.589744 4226.666667 4223.076923 4220.512821 4259.487179 4224.102564 4227.179487 4178.461538 4217.948718 4254.358974 4005.641026
4229.743590 4209.743590 4222.564103 4225.641026 4229.230769 4221.538462 4227.692308 4261.025641 4225.128205 4223.589744 4176.923077 4214.358974 4247.692308 4005.641026
4217.948718 4206.666667 4212.307692 4221.538462 4227.179487 4218.461538 4218.974359 4254.358974 4214.871795 4226.666667 4172.307692 4201.538462 4238.461538 3996.410256
4213.333333 4200.000000 4208.205128 4211.794872 4227.692308 4219.487179 4212.820513 4250.256410 4205.641026 4228.717949 4164.615385 4200.000000 4229.743590 3993.333333
4215.384615 4197.948718 4210.769231 4213.846154 4226.153846 4219.487179 4215.384615 4245.641026 4211.282051 4226.666667 4165.641026 4193.846154 4232.820513 3998.974359
4211.794872 4200.512821 4211.794872 4217.435897 4227.179487 4220.000000 4220.000000 4246.153846 4210.769231 4228.717949 4167.692308 4197.435897 4237.948718 4002.051282
4210.769231 4204.102564 4212.307692 4215.897436 4226.666667 4221.025641 4223.589744 4254.871795 4209.230769 4229.230769 4169.230769 4197.435897 4235.384615 3996.410256
4213.333333 4205.128205 4213.846154 4216.923077 4223.589744 4219.487179 4218.461538 4255.897436 4221.025641 4226.153846 4174.871795 4189.743590 4235.384615 3993.333333
4206.153846 4193.846154 4205.641026 4211.282051 4228.205128 4217.435897 4208.717949 4248.205128 4220.512821 4227.179487 4170.769231 4188.717949 4236.410256 3993.846154
4195.897436 4180.000000 4194.358974 4197.948718 4224.615385 4216.410256 4204.102564 4241.025641 4199.487179 4228.205128 4158.974359 4177.948718 4230.769231 3987.692308
4200.512821 4184.615385 4201.538462 4198.461538 4223.589744 4220.000000 4208.717949 4239.487179 4197.435897 4225.641026 4161.538462 4181.025641 4229.743590 3984.615385
4206.153846 4191.282051 4207.692308 4206.153846 4225.641026 4214.358974 4213.333333 4240.512821 4209.230769 4225.641026 4171.794872 4184.102564 4234.358974 3988.717949
4198.974359 4182.564103 4196.923077 4198.974359 4222.564103 4206.666667 4204.102564 4237.948718 4198.461538 4228.717949 4167.179487 4173.333333 4229.743590 3993.333333
4198.461538 4179.487179 4196.410256 4194.871795 4223.076923 4214.871795 4204.615385 4244.102564 4195.384615 4227.179487 4160.512821 4177.948718 4227.179487 4001.025641
4203.076923 4187.692308 4205.128205 4207.179487 4223.589744 4219.487179 4220.000000 4252.307692 4209.743590 4226.666667 4165.641026 4178.974359 4230.769231 4005.128205
4194.358974 4181.025641 4199.487179 4206.666667 4227.692308 4214.358974 4211.282051 4236.923077 4200.512821 4228.205128 4159.487179 4174.871795 4216.410256 4004.102564
4187.179487 4173.333333 4188.205128 4196.410256 4226.666667 4214.358974 4193.846154 4222.051282 4178.974359 4225.128205 4150.256410 4171.282051 4205.128205 4002.051282
4197.435897 4186.153846 4195.897436 4201.025641 4221.025641 4216.923077 4207.179487 4245.641026 4193.846154 4228.205128 4164.102564 4170.769231 4222.051282 4000.512821
4207.179487 4194.358974 4209.743590 4212.307692 4225.641026 4219.487179 4223.589744 4269.230769 4221.025641 4234.358974 4175.384615 4184.102564 4234.358974 3998.974359
4194.871795 4185.641026 4198.974359 4208.717949 4226.153846 4216.410256 4209.743590 4249.230769 4207.179487 4230.256410 4163.076923 4176.923077 4221.025641 3995.384615
4185.641026 4181.025641 4188.205128 4197.435897 4223.589744 4213.333333 4191.794872 4220.512821 4181.538462 4224.102564 4153.846154 4166.153846 4210.256410 3989.743590
4193.846154 4189.230769 4203.076923 4205.128205 4225.641026 4215.897436 4201.538462 4235.897436 4197.435897 4225.128205 4166.666667 4172.820513 4218.461538 3986.666667
4194.358974 4187.692308 4208.717949 4209.230769 4225.641026 4217.435897 4213.333333 4253.333333 4213.846154 4229.230769 4174.358974 4171.282051 4221.538462 3985.641026
4184.102564 4172.820513 4195.897436 4191.794872 4226.666667 4216.410256 4203.076923 4232.820513 4191.794872 4229.743590 4161.025641 4169.230769 4203.076923 3981.025641
4182.051282 4173.846154 4195.384615 4191.282051 4225.128205 4213.846154 4201.538462 4232.307692 4185.641026 4227.692308 4160.000000 4165.128205 4199.487179 3974.358974
4189.230769 4187.179487 4209.743590 4208.205128 4225.128205 4216.923077 4214.358974 4256.923077 4209.230769 4231.282051 4174.871795 4171.282051 4214.871795 3976.410256
4191.282051 4189.230769 4213.333333 4209.230769 4227.692308 4219.487179 4219.487179 4263.589744 4222.051282 4233.333333 4182.564103 4177.435897 4218.461538 3976.923077
4184.615385 4175.897436 4200.512821 4200.000000 4224.615385 4215.384615 4218.974359 4258.974359 4214.358974 4227.179487 4177.435897 4166.666667 4209.743590 3968.717949
4171.794872 4159.487179 4187.179487 4190.769231 4225.641026 4213.333333 4203.589744 4236.923077 4188.717949 4226.666667 4160.000000 4169.230769 4194.871795 3960.512821
4170.256410 4162.051282 4186.153846 4187.692308 4223.589744 4212.307692 4187.692308 4216.410256 4171.794872 4229.230769 4155.384615 4170.256410 4192.307692 3958.461538
4191.282051 4180.000000 4202.564103 4200.000000 4224.102564 4214.358974 4198.461538 4234.871795 4189.230769 4225.641026 4172.820513 4174.871795 4208.205128 3959.487179
4203.589744 4185.641026 4212.820513 4209.230769 4231.282051 4216.923077 4213.846154 4254.358974 4203.589744 4224.102564 4183.076923 4184.102564 4214.358974 3958.974359
4197.948718 4183.076923 4207.179487 4205.641026 4225.641026 4213.846154 4211.794872 4236.410256 4189.230769 4227.179487 4180.000000 4174.871795 4207.179487 3952.820513
4198.974359 4187.692308 4206.666667 4208.717949 4222.051282 4215.897436 4206.666667 4222.564103 4186.153846 4229.743590 4181.538462 4176.410256 4204.102564 3950.769231
4204.102564 4194.871795 4208.205128 4215.384615 4222.051282 4218.461538 4207.692308 4234.871795 4203.076923 4230.256410 4191.794872 4175.897436 4211.282051 3949.743590
4202.564103 4193.846154 4207.179487 4210.769231 4220.512821 4215.384615 4211.282051 4245.641026 4211.794872 4228.205128 4196.923077 4169.230769 4211.794872 3946.666667
4201.538462 4186.666667 4206.153846 4207.692308 4226.153846 4215.384615 4214.358974 4241.025641 4203.589744 4227.692308 4189.743590 4176.410256 4198.974359 3945.128205
4198.974359 4182.051282 4203.589744 4208.717949 4225.128205 4216.923077 4209.230769 4236.410256 4193.846154 4227.692308 4184.102564 4169.230769 4192.307692 3944.102564
4192.307692 4181.025641 4201.538462 4203.589744 4225.641026 4216.923077 4196.923077 4232.307692 4191.282051 4227.692308 4187.179487 4164.615385 4194.358974 3944.102564
4188.717949 4181.025641 4201.025641 4202.051282 4225.641026 4214.871795 4201.025641 4224.102564 4190.769231 4227.179487 4191.282051 4166.666667 4197.435897 3950.256410
4187.692308 4177.948718 4202.051282 4204.615385 4223.076923 4214.358974 4208.717949 4226.666667 4188.205128 4227.692308 4189.743590 4166.153846 4195.897436 3960.512821
4192.307692 4178.974359 4210.256410 4205.641026 4227.692308 4217.948718 4209.230769 4241.025641 4194.871795 4227.179487 4188.717949 4174.358974 4195.384615 3971.794872
4198.461538 4188.205128 4217.948718 4208.205128 4225.641026 4218.461538 4213.333333 4245.128205 4207.179487 4226.666667 4192.820513 4175.897436 4203.589744 3975.384615
4195.384615 4189.230769 4218.461538 4206.666667 4223.589744 4218.461538 4215.384615 4237.948718 4206.153846 4231.282051 4194.358974 4176.923077 4208.205128 3970.769231
4191.794872 4186.666667 4219.487179 4204.615385 4225.128205 4217.435897 4210.256410 4244.615385 4205.641026 4232.820513 4191.282051 4177.435897 4203.589744 3965.641026
4197.435897 4192.307692 4226.153846 4210.256410 4225.128205 4216.923077 4207.692308 4250.256410 4208.717949 4228.205128 4191.282051 4175.897436 4203.076923 3970.256410
4203.589744 4192.307692 4230.769231 4211.282051 4227.179487 4221.025641 4210.769231 4245.128205 4205.641026 4226.153846 4188.205128 4184.615385 4206.153846 3978.461538
4195.897436 4184.615385 4226.666667 4205.641026 4223.076923 4218.461538 4207.179487 4242.051282 4202.051282 4228.205128 4181.538462 4176.410256 4202.051282 3983.076923
4191.282051 4181.025641 4228.205128 4200.512821 4221.538462 4217.435897 4201.538462 4238.461538 4200.512821 4228.205128 4182.051282 4174.358974 4197.948718 3987.692308
4198.974359 4182.564103 4238.461538 4201.025641 4225.641026 4220.512821 4206.666667 4239.487179 4204.615385 4225.641026 4185.128205 4180.000000 4200.512821 3992.307692
4202.564103 4184.615385 4246.153846 4206.153846 4228.205128 4218.974359 4211.794872 4245.128205 4208.205128 4228.717949 4183.589744 4173.846154 4203.589744 3993.333333
4201.538462 4190.769231 4247.692308 4209.743590 4227.692308 4218.461538 4211.794872 4240.512821 4203.076923 4231.794872 4183.589744 4178.461538 4200.000000 3995.384615
4207.692308 4206.153846 4252.820513 4215.384615 4219.487179 4222.051282 4218.974359 4245.128205 4203.589744 4229.230769 4190.769231 4179.487179 4204.615385 3995.384615
4215.897436 4213.846154 4264.102564 4221.025641 4221.538462 4227.692308 4226.153846 4257.948718 4214.358974 4232.307692 4195.384615 4182.564103 4210.769231 3993.846154
4222.051282 4214.358974 4271.794872 4223.589744 4229.743590 4226.153846 4217.435897 4254.871795 4216.923077 4234.871795 4195.384615 4189.230769 4210.256410 3994.358974
4229.230769 4223.589744 4278.461538 4228.717949 4223.076923 4224.102564 4213.333333 4259.487179 4223.076923 4229.743590 4197.948718 4186.153846 4211.282051 3996.923077
4226.666667 4224.615385 4284.615385 4225.641026 4223.589744 4228.205128 4214.871795 4265.641026 4231.282051 4228.205128 4195.384615 4193.333333 4208.205128 3997.435897
4215.384615 4210.769231 4275.384615 4212.307692 4226.666667 4223.076923 4209.230769 4247.692308 4214.358974 4230.769231 4184.615385 4187.179487 4197.948718 3993.846154
4212.307692 4200.512821 4266.153846 4202.564103 4222.051282 4216.410256 4203.589744 4230.256410 4195.897436 4231.794872 4172.820513 4175.897436 4190.256410 3991.282051
4218.461538 4205.128205 4280.512821 4207.692308 4224.102564 4220.000000 4205.128205 4235.897436 4208.717949 4230.256410 4176.410256 4181.025641 4194.871795 3991.794872
4223.589744 4217.948718 4302.051282 4217.948718 4226.153846 4220.000000 4211.282051 4249.230769 4226.666667 4228.717949 4191.794872 4184.615385 4206.666667 3987.692308
4227.692308 4223.589744 4314.871795 4223.589744 4226.153846 4218.461538 4215.897436 4248.205128 4222.564103 4231.282051 4192.307692 4190.256410 4202.564103 3982.051282
4231.282051 4228.205128 4324.102564 4234.871795 4225.128205 4223.589744 4226.666667 4247.179487 4217.435897 4231.794872 4190.769231 4191.794872 4196.923077 3979.487179
