4241.025641 4226.666667 4185.641026 4233.333333 4226.666667 4218.974359 4232.307692 4221.538462 4224.102564 4229.230769 4296.410256 4216.410256 4153.333333 4271.794872
4258.974359 4241.538462 4194.871795 4249.743590 4226.153846 4226.153846 4246.153846 4232.307692 4247.692308 4230.769231 4320.512821 4219.487179 4180.512821 4282.564103
4254.871795 4231.794872 4192.307692 4241.538462 4226.666667 4223.589744 4248.205128 4235.384615 4247.692308 4232.820513 4319.487179 4218.974359 4181.025641 4286.666667
4240.000000 4216.923077 4174.871795 4225.641026 4225.641026 4217.948718 4234.871795 4224.102564 4229.230769 4230.769231 4305.641026 4213.333333 4160.000000 4284.615385
4242.051282 4224.102564 4179.487179 4229.230769 4223.589744 4217.435897 4229.743590 4219.487179 4231.282051 4229.743590 4309.230769 4209.230769 4162.564103 4285.128205
4247.692308 4232.307692 4192.820513 4237.435897 4227.179487 4222.051282 4236.410256 4229.743590 4248.205128 4232.307692 4322.051282 4215.897436 4179.487179 4292.820513
4240.000000 4223.076923 4179.487179 4229.230769 4223.589744 4218.974359 4230.256410 4224.102564 4237.435897 4231.282051 4321.538462 4211.282051 4174.871795 4296.410256
4228.717949 4211.282051 4169.230769 4218.461538 4224.102564 4216.410256 4219.487179 4199.487179 4211.282051 4230.769231 4305.128205 4209.230769 4153.846154 4289.743590
4227.692308 4218.974359 4185.128205 4230.256410 4228.205128 4217.435897 4229.230769 4212.307692 4218.461538 4234.358974 4303.076923 4207.692308 4153.333333 4289.743590
4232.307692 4228.717949 4196.410256 4240.000000 4224.615385 4220.000000 4237.948718 4232.307692 4234.358974 4227.692308 4313.846154 4210.256410 4162.564103 4296.410256
4236.923077 4225.128205 4193.846154 4233.333333 4226.666667 4222.564103 4231.794872 4214.358974 4229.230769 4223.076923 4317.948718 4228.205128 4162.564103 4296.410256
4240.512821 4227.179487 4192.820513 4232.820513 4227.179487 4220.512821 4232.307692 4218.461538 4233.846154 4228.717949 4327.692308 4229.230769 4170.256410 4293.846154
4239.487179 4228.717949 4193.846154 4231.794872 4226.153846 4222.051282 4237.435897 4242.564103 4247.179487 4225.128205 4333.846154 4223.076923 4172.307692 4293.333333
4233.333333 4222.051282 4191.794872 4225.641026 4225.128205 4224.615385 4236.923077 4231.282051 4238.974359 4223.076923 4326.153846 4216.410256 4165.128205 4294.358974
4228.205128 4218.461538 4185.641026 4223.589744 4222.051282 4223.076923 4232.307692 4210.769231 4225.641026 4230.769231 4320.000000 4209.230769 4162.051282 4303.076923
4226.153846 4220.512821 4178.461538 4223.076923 4225.641026 4222.051282 4225.641026 4217.435897 4229.743590 4232.307692 4321.538462 4220.000000 4163.589744 4315.384615
4226.666667 4221.538462 4183.076923 4221.538462 4226.666667 4221.538462 4226.666667 4224.102564 4233.333333 4227.179487 4324.102564 4219.487179 4167.692308 4314.871795
4232.307692 4223.076923 4206.153846 4223.589744 4225.128205 4224.615385 4228.205128 4219.487179 4236.410256 4231.282051 4328.205128 4216.923077 4172.307692 4314.871795
4235.897436 4227.179487 4222.051282 4228.205128 4224.102564 4226.666667 4231.282051 4223.589744 4247.692308 4234.871795 4331.794872 4224.102564 4176.923077 4322.564103
4227.692308 4222.564103 4214.871795 4223.589744 4224.102564 4225.128205 4241.538462 4225.641026 4253.333333 4227.692308 4323.589744 4223.589744 4173.846154 4323.589744
4217.435897 4206.153846 4202.564103 4208.717949 4228.717949 4220.512821 4228.717949 4208.205128 4240.512821 4225.128205 4306.153846 4227.179487 4154.358974 4322.051282
4221.025641 4203.589744 4199.487179 4207.179487 4224.615385 4218.461538 4211.282051 4202.564103 4233.333333 4227.692308 4301.538462 4224.102564 4146.153846 4323.589744
4236.410256 4220.000000 4209.743590 4222.564103 4225.128205 4224.615385 4226.153846 4221.538462 4247.692308 4231.794872 4314.871795 4227.692308 4162.051282 4323.076923
4246.153846 4228.717949 4220.512821 4229.230769 4231.282051 4224.615385 4239.487179 4232.820513 4262.051282 4230.256410 4325.128205 4237.948718 4171.794872 4329.743590
4248.205128 4231.794872 4225.128205 4228.205128 4226.153846 4221.025641 4237.435897 4235.384615 4271.794872 4229.230769 4329.230769 4235.897436 4174.358974 4343.076923
4254.871795 4240.000000 4230.769231 4233.333333 4225.641026 4227.179487 4242.051282 4238.974359 4277.435897 4233.333333 4336.923077 4237.435897 4185.128205 4350.256410
4258.461538 4243.589744 4231.282051 4236.410256 4227.179487 4229.230769 4244.102564 4236.410256 4272.307692 4232.307692 4341.025641 4228.205128 4191.282051 4349.743590
4253.333333 4236.923077 4227.179487 4229.230769 4225.641026 4224.102564 4233.333333 4230.769231 4264.615385 4229.743590 4329.230769 4220.512821 4178.461538 4353.846154
4248.205128 4231.282051 4224.615385 4223.076923 4226.153846 4224.102564 4234.358974 4223.076923 4258.461538 4230.769231 4318.974359 4222.564103 4169.230769 4359.487179
4245.641026 4230.256410 4223.589744 4227.692308 4223.076923 4226.153846 4245.641026 4218.461538 4254.358974 4230.769231 4325.641026 4211.794872 4176.923077 4358.974359
4240.512821 4222.051282 4219.487179 4223.589744 4225.641026 4226.666667 4236.923077 4218.974359 4251.794872 4230.256410 4322.564103 4209.743590 4171.794872 4356.410256
4238.974359 4223.589744 4215.897436 4219.487179 4225.641026 4226.153846 4226.153846 4224.615385 4258.461538 4232.820513 4316.410256 4210.769231 4165.641026 4355.897436
4251.282051 4242.564103 4224.102564 4232.820513 4223.589744 4226.666667 4235.384615 4227.692308 4269.743590 4227.692308 4329.743590 4213.846154 4180.512821 4360.000000
4260.512821 4254.358974 4233.333333 4244.102564 4228.717949 4230.256410 4244.102564 4228.717949 4272.307692 4221.538462 4336.410256 4220.512821 4189.743590 4363.589744
4261.025641 4255.384615 4232.307692 4244.615385 4227.179487 4229.230769 4244.102564 4230.769231 4267.179487 4228.205128 4326.666667 4208.205128 4183.076923 4366.153846
4265.641026 4255.384615 4236.410256 4241.538462 4225.641026 4228.205128 4236.410256 4221.025641 4260.000000 4234.871795 4322.051282 4207.692308 4173.333333 4369.230769
4259.487179 4250.256410 4234.871795 4233.846154 4226.666667 4226.666667 4233.846154 4214.871795 4249.230769 4232.307692 4318.461538 4207.179487 4161.538462 4368.205128
4227.692308 4220.000000 4203.589744 4208.205128 4226.153846 4219.487179 4228.205128 4207.179487 4215.384615 4228.717949 4290.256410 4186.666667 4129.230769 4365.641026
4196.410256 4187.179487 4170.769231 4180.512821 4228.717949 4216.410256 4208.205128 4178.461538 4175.897436 4228.717949 4257.948718 4174.871795 4093.333333 4362.564103
4202.051282 4196.410256 4180.512821 4191.282051 4226.153846 4217.948718 4208.717949 4182.051282 4187.692308 4230.769231 4266.153846 4172.307692 4105.641026 4358.974359
4227.692308 4223.589744 4207.179487 4216.923077 4227.179487 4220.512821 4229.230769 4211.282051 4224.615385 4232.820513 4293.333333 4186.153846 4141.538462 4366.666667
4232.307692 4227.692308 4205.128205 4215.384615 4227.179487 4221.025641 4223.076923 4201.025641 4223.589744 4230.769231 4299.487179 4194.871795 4151.282051 4378.461538
4226.153846 4223.076923 4195.897436 4209.230769 4225.128205 4218.461538 4208.205128 4187.692308 4212.820513 4230.769231 4296.923077 4188.205128 4148.717949 4375.384615
4232.820513 4232.820513 4207.179487 4222.564103 4229.743590 4221.538462 4225.641026 4209.230769 4234.358974 4234.358974 4305.128205 4193.333333 4160.512821 4372.307692
4236.410256 4240.512821 4210.769231 4229.230769 4227.179487 4223.076923 4233.846154 4220.512821 4245.128205 4231.794872 4310.256410 4188.717949 4165.128205 4376.410256
4229.743590 4235.897436 4201.538462 4221.025641 4227.179487 4222.051282 4215.897436 4207.179487 4224.615385 4229.743590 4303.589744 4185.641026 4153.333333 4381.538462
4236.410256 4238.974359 4207.692308 4228.205128 4232.307692 4224.102564 4229.743590 4219.487179 4230.256410 4233.333333 4305.128205 4192.307692 4158.461538 4385.128205
4245.641026 4244.615385 4217.948718 4236.923077 4225.641026 4227.179487 4248.205128 4230.769231 4250.769231 4229.230769 4310.769231 4190.769231 4169.743590 4385.128205
4236.410256 4234.358974 4208.205128 4219.487179 4223.589744 4228.717949 4229.743590 4215.384615 4242.051282 4225.641026 4302.564103 4189.230769 4159.487179 4382.051282
4221.538462 4224.102564 4191.794872 4207.692308 4227.179487 4225.128205 4214.871795 4211.794872 4231.282051 4230.256410 4295.897436 4178.461538 4147.692308 4375.897436
4225.641026 4228.717949 4196.410256 4215.897436 4226.666667 4227.179487 4232.307692 4227.179487 4244.615385 4229.230769 4297.948718 4178.974359 4151.282051 4370.256410
4240.512821 4238.974359 4211.794872 4225.641026 4225.641026 4232.307692 4252.307692 4247.179487 4262.051282 4225.128205 4304.615385 4190.769231 4164.102564 4368.205128
4237.948718 4242.564103 4209.743590 4223.589744 4226.153846 4232.820513 4245.128205 4244.102564 4254.358974 4229.230769 4309.743590 4185.128205 4170.256410 4366.153846
4227.179487 4236.923077 4199.487179 4215.384615 4227.692308 4231.794872 4226.666667 4215.897436 4231.282051 4234.358974 4300.512821 4183.076923 4160.512821 4358.974359
4222.051282 4229.230769 4191.282051 4211.794872 4225.641026 4228.717949 4217.948718 4203.076923 4223.589744 4229.743590 4293.333333 4175.384615 4152.820513 4349.743590
4227.692308 4233.333333 4197.435897 4218.974359 4228.717949 4228.205128 4228.717949 4226.153846 4240.000000 4226.153846 4305.128205 4176.410256 4164.615385 4347.179487
4242.051282 4245.128205 4214.871795 4230.256410 4231.282051 4230.256410 4246.666667 4247.179487 4260.512821 4229.230769 4320.512821 4192.307692 4184.102564 4347.179487
4241.538462 4245.641026 4214.358974 4229.743590 4225.128205 4230.256410 4241.538462 4229.230769 4250.769231 4231.282051 4314.358974 4186.666667 4180.000000 4336.923077
4227.179487 4232.307692 4198.461538 4219.487179 4228.717949 4227.179487 4217.435897 4203.589744 4219.487179 4229.230769 4294.358974 4179.487179 4155.384615 4323.076923
4222.051282 4227.179487 4194.871795 4218.461538 4230.256410 4221.025641 4217.435897 4205.128205 4213.846154 4227.179487 4293.846154 4175.897436 4154.358974 4315.384615
4230.256410 4234.358974 4203.076923 4222.564103 4224.102564 4224.102564 4234.871795 4217.435897 4233.846154 4232.307692 4308.205128 4178.974359 4171.794872 4314.358974
4236.923077 4241.025641 4208.205128 4225.128205 4225.641026 4231.794872 4236.410256 4223.589744 4246.153846 4234.358974 4313.333333 4185.641026 4177.435897 4309.743590
4245.128205 4249.230769 4213.333333 4234.358974 4225.641026 4229.230769 4237.948718 4240.000000 4252.307692 4229.743590 4314.358974 4178.974359 4182.051282 4302.051282
4252.820513 4251.794872 4220.000000 4239.487179 4230.769231 4229.230769 4246.153846 4243.589744 4254.871795 4230.256410 4314.871795 4181.538462 4183.076923 4298.461538
4247.179487 4247.179487 4214.358974 4234.871795 4232.307692 4233.846154 4247.179487 4232.820513 4249.743590 4233.846154 4310.769231 4180.512821 4178.461538 4293.846154
4237.435897 4241.538462 4205.128205 4229.743590 4227.692308 4232.820513 4238.974359 4233.846154 4245.128205 4228.717949 4308.717949 4173.846154 4177.948718 4288.205128
4234.358974 4235.384615 4201.025641 4221.538462 4228.205128 4227.692308 4228.205128 4223.589744 4231.282051 4222.564103 4302.564103 4176.410256 4170.256410 4281.538462
4231.282051 4230.256410 4193.333333 4215.897436 4226.666667 4223.589744 4218.974359 4204.615385 4211.794872 4228.717949 4291.794872 4167.692308 4163.589744 4274.358974
4229.743590 4228.717949 4194.358974 4216.923077 4227.692308 4226.666667 4217.435897 4205.128205 4206.153846 4236.923077 4289.230769 4169.743590 4163.589744 4271.282051
4234.358974 4234.871795 4202.564103 4222.564103 4227.692308 4228.205128 4223.076923 4208.717949 4208.205128 4234.358974 4296.410256 4175.384615 4163.589744 4270.769231
4244.615385 4247.179487 4206.666667 4231.794872 4224.615385 4225.128205 4224.102564 4212.307692 4216.410256 4230.256410 4305.641026 4174.871795 4173.333333 4268.717949
4252.307692 4253.846154 4210.769231 4240.512821 4227.692308 4231.282051 4230.256410 4227.179487 4234.871795 4233.846154 4311.794872 4185.128205 4189.743590 4264.615385
4246.666667 4249.230769 4211.282051 4241.538462 4226.666667 4235.384615 4241.538462 4240.000000 4244.102564 4231.794872 4314.871795 4181.538462 4190.256410 4257.948718
4238.461538 4242.051282 4205.128205 4233.846154 4226.153846 4233.333333 4240.512821 4237.948718 4239.487179 4227.179487 4308.205128 4177.948718 4175.384615 4254.358974
4243.076923 4247.179487 4204.615385 4235.897436 4228.717949 4232.307692 4231.282051 4232.820513 4238.461538 4231.282051 4303.076923 4180.512821 4174.358974 4262.564103
4251.282051 4254.358974 4215.384615 4245.641026 4226.153846 4234.358974 4237.948718 4232.307692 4237.948718 4228.717949 4308.205128 4179.487179 4184.615385 4277.435897
4252.307692 4250.256410 4218.461538 4242.051282 4227.179487 4238.461538 4247.692308 4233.846154 4222.564103 4227.179487 4311.282051 4187.692308 4186.153846 4282.564103
4246.153846 4242.051282 4208.205128 4230.256410 4227.179487 4236.923077 4237.435897 4228.717949 4205.641026 4232.307692 4313.846154 4181.538462 4193.846154 4280.512821
4241.538462 4236.410256 4203.589744 4225.641026 4227.692308 4232.307692 4221.538462 4213.333333 4202.564103 4226.153846 4315.897436 4177.435897 4203.589744 4284.615385
4240.512821 4234.871795 4204.102564 4227.692308 4229.230769 4231.794872 4223.589744 4209.743590 4204.102564 4222.051282 4308.205128 4180.512821 4195.384615 4287.179487
4245.641026 4240.000000 4207.692308 4234.871795 4223.589744 4233.333333 4238.461538 4233.846154 4214.358974 4227.692308 4308.205128 4178.974359 4192.307692 4284.102564
4251.282051 4245.128205 4213.333333 4240.512821 4225.641026 4236.410256 4238.974359 4245.128205 4225.641026 4229.743590 4320.512821 4186.666667 4204.102564 4288.717949
4248.717949 4243.589744 4208.717949 4238.974359 4226.153846 4234.871795 4233.846154 4232.307692 4227.179487 4226.666667 4324.102564 4183.076923 4208.205128 4293.846154
4246.153846 4235.897436 4204.615385 4232.307692 4224.615385 4233.333333 4242.051282 4229.743590 4229.230769 4226.153846 4322.564103 4183.589744 4205.128205 4295.897436
4248.717949 4234.871795 4211.282051 4231.794872 4226.153846 4235.384615 4247.692308 4250.256410 4242.051282 4225.641026 4328.205128 4190.256410 4207.692308 4297.948718
4250.769231 4238.974359 4215.384615 4237.948718 4226.666667 4234.358974 4243.589744 4258.974359 4243.076923 4227.692308 4329.743590 4183.589744 4212.307692 4297.948718
4253.846154 4236.410256 4214.871795 4234.871795 4232.820513 4232.820513 4236.923077 4233.333333 4226.666667 4231.794872 4320.512821 4185.641026 4208.205128 4295.897436
4252.820513 4235.897436 4215.384615 4232.820513 4227.692308 4232.307692 4237.948718 4223.589744 4220.512821 4230.256410 4318.974359 4182.051282 4206.153846 4298.974359
4252.307692 4239.487179 4218.974359 4237.948718 4220.512821 4233.333333 4237.948718 4235.897436 4223.076923 4231.282051 4324.615385 4182.564103 4207.179487 4296.923077
4257.948718 4241.538462 4224.615385 4240.000000 4225.641026 4235.384615 4239.487179 4242.051282 4228.717949 4231.794872 4324.615385 4195.384615 4210.256410 4284.102564
4259.487179 4245.128205 4222.564103 4242.564103 4226.153846 4234.871795 4248.205128 4244.102564 4234.871795 4229.230769 4321.025641 4189.743590 4213.333333 4276.410256
4252.307692 4240.512821 4216.410256 4240.512821 4228.717949 4236.923077 4244.102564 4240.512821 4230.256410 4231.282051 4311.794872 4185.128205 4207.179487 4276.923077
4244.102564 4234.358974 4211.282051 4231.282051 4230.256410 4234.358974 4234.871795 4238.461538 4229.230769 4230.256410 4307.692308 4184.102564 4205.128205 4272.820513
4237.435897 4233.333333 4207.179487 4224.102564 4225.641026 4231.794872 4238.461538 4245.128205 4239.487179 4230.769231 4308.717949 4181.538462 4206.153846 4261.025641
4240.512821 4237.435897 4209.230769 4228.205128 4224.102564 4234.871795 4249.743590 4253.333333 4244.615385 4232.820513 4307.179487 4185.641026 4207.692308 4249.743590
4246.666667 4237.948718 4213.333333 4234.358974 4224.615385 4232.307692 4242.051282 4250.256410 4240.000000 4230.256410 4308.205128 4186.153846 4213.846154 4241.538462
4250.769231 4240.000000 4218.461538 4233.846154 4228.717949 4230.256410 4231.282051 4239.487179 4236.410256 4229.743590 4310.256410 4200.000000 4217.435897 4237.435897
4255.897436 4253.846154 4224.615385 4242.051282 4228.205128 4232.820513 4248.205128 4241.025641 4242.564103 4231.794872 4316.410256 4209.743590 4225.128205 4230.769231
4259.487179 4254.358974 4225.641026 4247.692308 4226.153846 4231.282051 4252.820513 4243.076923 4241.538462 4228.717949 4315.897436 4204.615385 4228.205128 4218.974359
4258.461538 4240.512821 4222.564103 4240.512821 4230.769231 4229.743590 4232.820513 4229.230769 4227.179487 4228.205128 4304.615385 4206.666667 4221.025641 4211.282051
4260.000000 4243.076923 4222.051282 4242.051282 4229.230769 4230.769231 4232.820513 4229.230769 4227.179487 4231.794872 4306.666667 4203.589744 4228.205128 4206.666667
4259.487179 4248.717949 4223.589744 4245.641026 4229.743590 4231.282051 4241.538462 4240.512821 4236.923077 4233.333333 4315.897436 4207.692308 4237.435897 4203.589744
4249.230769 4238.974359 4220.000000 4235.897436 4228.205128 4225.641026 4233.333333 4232.820513 4228.205128 4232.307692 4309.743590 4209.230769 4227.179487 4196.410256
4247.179487 4236.410256 4216.923077 4229.230769 4222.564103 4226.153846 4238.461538 4228.205128 4215.897436 4229.230769 4298.974359 4199.487179 4218.974359 4190.256410
4250.769231 4239.487179 4215.384615 4230.769231 4227.179487 4228.205128 4237.435897 4231.794872 4214.358974 4227.692308 4293.333333 4200.512821 4217.435897 4186.153846
4241.025641 4231.282051 4203.589744 4225.128205 4225.128205 4220.000000 4213.846154 4217.435897 4204.102564 4230.256410 4288.205128 4191.282051 4211.282051 4181.025641
4238.461538 4229.230769 4201.025641 4222.564103 4224.615385 4220.512821 4213.846154 4209.743590 4201.538462 4233.846154 4289.743590 4191.282051 4212.307692 4184.102564
4248.717949 4238.974359 4211.794872 4232.820513 4230.256410 4226.153846 4235.384615 4228.717949 4217.948718 4231.282051 4299.487179 4201.538462 4225.128205 4192.820513
4243.076923 4243.589744 4211.282051 4233.846154 4227.692308 4221.025641 4233.846154 4229.743590 4224.615385 4230.256410 4297.948718 4195.897436 4229.743590 4192.820513
4233.846154 4233.846154 4198.974359 4220.512821 4225.641026 4218.461538 4215.897436 4213.846154 4231.794872 4232.820513 4285.128205 4193.846154 4219.487179 4191.282051
4237.435897 4229.743590 4196.923077 4220.000000 4226.153846 4218.974359 4212.820513 4215.384615 4251.794872 4231.282051 4286.666667 4192.307692 4218.974359 4194.871795
4242.051282 4236.923077 4207.692308 4230.769231 4228.205128 4217.948718 4220.512821 4217.435897 4251.282051 4230.256410 4300.000000 4198.461538 4229.230769 4197.435897
4242.564103 4241.025641 4208.717949 4231.282051 4229.230769 4220.000000 4224.615385 4211.282051 4236.923077 4234.871795 4301.538462 4204.102564 4234.358974 4197.435897
4243.076923 4237.948718 4200.512821 4227.179487 4227.179487 4218.974359 4218.974359 4215.384615 4242.564103 4231.794872 4294.358974 4197.435897 4233.846154 4198.974359
4241.025641 4235.384615 4200.512821 4225.128205 4231.282051 4216.923077 4213.846154 4222.051282 4254.871795 4223.589744 4292.307692 4200.000000 4230.256410 4202.564103
4237.435897 4238.974359 4202.564103 4226.153846 4228.717949 4218.461538 4221.538462 4223.589744 4255.384615 4225.641026 4296.923077 4198.974359 4230.256410 4201.025641
4237.435897 4235.897436 4196.410256 4223.589744 4223.589744 4220.512821 4224.102564 4218.974359 4245.641026 4231.794872 4291.794872 4196.923077 4227.179487 4192.820513
4231.282051 4227.179487 4189.230769 4215.384615 4225.128205 4218.461538 4210.769231 4205.128205 4229.230769 4231.282051 4277.948718 4196.410256 4217.435897 4189.743590
4228.205128 4231.794872 4192.307692 4217.435897 4225.128205 4214.871795 4205.641026 4196.923077 4222.051282 4227.179487 4277.948718 4190.256410 4216.410256 4194.358974
4241.025641 4245.128205 4204.102564 4231.282051 4228.205128 4221.025641 4216.410256 4209.743590 4236.410256 4230.256410 4287.692308 4205.128205 4224.615385 4194.871795
4251.282051 4250.256410 4211.282051 4243.076923 4228.205128 4222.051282 4228.205128 4229.230769 4257.948718 4233.333333 4295.384615 4208.205128 4231.794872 4195.384615
4240.512821 4238.974359 4205.128205 4231.794872 4224.102564 4215.897436 4225.128205 4222.564103 4249.230769 4226.153846 4290.256410 4194.871795 4225.128205 4202.564103
4230.769231 4229.230769 4195.897436 4216.923077 4227.692308 4215.384615 4217.435897 4207.179487 4229.743590 4222.051282 4285.128205 4195.897436 4218.974359 4201.538462
4238.461538 4236.410256 4200.000000 4225.128205 4227.179487 4220.512821 4225.128205 4220.512821 4243.589744 4229.230769 4292.820513 4195.897436 4227.692308 4195.897436
4241.025641 4235.897436 4204.102564 4228.717949 4227.179487 4224.615385 4225.641026 4230.256410 4256.923077 4233.333333 4291.794872 4196.410256 4231.794872 4201.538462
4241.538462 4235.897436 4205.128205 4228.205128 4227.692308 4222.564103 4221.025641 4222.564103 4251.794872 4228.717949 4294.358974 4189.230769 4240.000000 4207.692308
4258.974359 4251.282051 4217.948718 4241.538462 4227.179487 4224.102564 4231.282051 4227.692308 4255.897436 4231.794872 4311.282051 4186.666667 4255.384615 4207.179487
4266.153846 4253.333333 4225.641026 4245.128205 4230.769231 4225.128205 4233.333333 4229.230769 4253.333333 4236.410256 4309.743590 4193.846154 4245.641026 4208.205128
4250.256410 4242.564103 4212.820513 4235.897436 4225.128205 4221.025641 4220.512821 4215.384615 4235.897436 4231.282051 4293.846154 4184.615385 4230.769231 4213.846154
4245.128205 4245.641026 4208.717949 4235.384615 4222.564103 4225.128205 4228.205128 4220.000000 4245.128205 4230.256410 4296.923077 4187.179487 4236.923077 4220.512821
4253.846154 4255.384615 4214.358974 4240.000000 4227.692308 4229.743590 4243.589744 4240.512821 4266.666667 4233.846154 4305.128205 4190.769231 4241.025641 4224.615385
4252.820513 4257.435897 4212.820513 4242.564103 4228.717949 4227.179487 4230.769231 4231.794872 4253.846154 4228.717949 4297.435897 4182.564103 4237.948718 4230.769231
4244.615385 4250.769231 4206.153846 4238.974359 4229.743590 4225.641026 4218.461538 4210.769231 4233.333333 4225.128205 4285.641026 4185.128205 4230.256410 4240.512821
4223.076923 4226.666667 4186.666667 4218.461538 4225.128205 4220.000000 4223.076923 4211.282051 4216.923077 4229.230769 4268.205128 4169.743590 4201.025641 4238.974359
4202.051282 4203.076923 4166.153846 4197.435897 4223.589744 4214.871795 4221.538462 4207.692308 4192.820513 4228.717949 4245.128205 4154.358974 4171.794872 4236.923077
4204.615385 4211.794872 4169.230769 4204.615385 4226.153846 4218.461538 4225.128205 4208.717949 4198.461538 4227.179487 4246.153846 4158.974359 4183.076923 4244.615385
4216.410256 4228.717949 4185.128205 4221.025641 4226.153846 4221.025641 4231.794872 4228.205128 4223.589744 4227.692308 4268.205128 4165.641026 4210.256410 4250.256410
4226.153846 4235.384615 4194.871795 4225.641026 4229.230769 4224.102564 4223.076923 4224.615385 4222.051282 4228.205128 4276.923077 4175.897436 4218.974359 4256.410256
4227.179487 4240.512821 4193.846154 4228.717949 4227.692308 4222.051282 4223.076923 4211.794872 4215.384615 4228.717949 4276.410256 4175.384615 4221.025641 4259.487179
4221.025641 4235.897436 4190.256410 4228.205128 4226.666667 4218.974359 4230.769231 4222.564103 4220.000000 4227.692308 4277.948718 4174.871795 4221.538462 4255.384615
4221.025641 4233.846154 4193.846154 4227.179487 4226.153846 4222.564103 4227.692308 4236.410256 4222.564103 4225.641026 4283.589744 4177.435897 4224.615385 4252.820513
4224.102564 4240.512821 4195.897436 4228.717949 4223.589744 4222.051282 4223.589744 4229.743590 4225.641026 4228.205128 4288.717949 4173.846154 4226.153846 4255.384615
4220.000000 4232.307692 4192.820513 4223.589744 4228.205128 4220.000000 4223.076923 4218.974359 4228.717949 4234.358974 4284.102564 4177.948718 4217.435897 4249.743590
4215.897436 4225.128205 4192.307692 4221.538462 4227.692308 4218.974359 4225.641026 4226.666667 4228.205128 4231.282051 4284.615385 4170.769231 4215.897436 4243.589744
4218.461538 4231.282051 4195.384615 4223.589744 4227.179487 4222.051282 4226.153846 4233.333333 4230.769231 4225.128205 4285.641026 4168.205128 4221.538462 4249.230769
4219.487179 4229.230769 4196.410256 4223.589744 4229.743590 4225.128205 4226.153846 4229.743590 4234.871795 4228.717949 4278.461538 4176.923077 4221.025641 4250.256410
4219.487179 4224.102564 4194.358974 4222.564103 4225.641026 4224.102564 4227.179487 4226.666667 4233.846154 4232.307692 4274.358974 4171.794872 4216.923077 4243.076923
4219.487179 4227.692308 4195.384615 4222.564103 4228.717949 4222.051282 4225.641026 4225.641026 4229.743590 4227.692308 4273.846154 4175.384615 4211.282051 4237.948718
4212.307692 4230.256410 4194.871795 4222.051282 4227.692308 4218.974359 4229.743590 4221.025641 4222.564103 4227.179487 4271.282051 4175.384615 4206.153846 4231.794872
4215.384615 4230.769231 4201.538462 4226.666667 4223.589744 4222.564103 4234.871795 4220.512821 4217.948718 4231.794872 4275.384615 4178.461538 4209.230769 4232.307692
4236.923077 4247.692308 4222.051282 4241.025641 4226.666667 4229.743590 4242.564103 4238.974359 4238.461538 4231.282051 4296.923077 4199.487179 4231.794872 4238.974359
4251.794872 4261.025641 4237.948718 4252.307692 4222.564103 4228.717949 4246.666667 4247.692308 4257.435897 4228.205128 4316.410256 4208.205128 4257.948718 4239.487179
4241.538462 4243.589744 4228.717949 4238.974359 4223.589744 4221.538462 4233.333333 4230.769231 4236.923077 4227.692308 4304.102564 4204.615385 4246.666667 4233.846154
4227.179487 4228.205128 4208.717949 4221.538462 4227.692308 4216.410256 4216.923077 4217.435897 4210.256410 4228.717949 4283.589744 4192.307692 4222.051282 4226.666667
4231.794872 4239.487179 4214.358974 4232.307692 4225.641026 4221.025641 4225.641026 4221.538462 4221.025641 4227.179487 4291.282051 4192.307692 4232.307692 4219.487179
4238.461538 4249.743590 4229.230769 4244.102564 4224.615385 4226.666667 4246.153846 4231.282051 4244.615385 4224.615385 4303.076923 4203.076923 4247.179487 4218.461538
4230.256410 4239.487179 4220.000000 4231.794872 4225.641026 4222.051282 4241.025641 4234.358974 4240.512821 4227.692308 4294.358974 4192.820513 4234.358974 4214.871795
4222.564103 4223.589744 4206.666667 4217.435897 4230.256410 4217.435897 4222.564103 4224.615385 4220.000000 4233.846154 4278.974359 4190.769231 4215.897436 4207.692308
4227.179487 4225.128205 4208.205128 4225.641026 4227.692308 4218.974359 4224.615385 4214.358974 4214.871795 4230.769231 4277.435897 4193.846154 4215.897436 4204.615385
4228.205128 4232.820513 4211.282051 4232.820513 4222.564103 4221.538462 4234.871795 4216.410256 4215.384615 4228.205128 4274.871795 4189.743590 4214.358974 4201.538462
4223.589744 4229.230769 4208.717949 4226.666667 4227.692308 4224.615385 4238.974359 4220.512821 4206.666667 4232.820513 4264.615385 4192.820513 4201.025641 4194.871795
4223.589744 4228.205128 4208.205128 4227.692308 4225.641026 4225.128205 4240.512821 4232.820513 4216.923077 4229.743590 4267.179487 4188.205128 4204.615385 4187.179487
4224.615385 4230.256410 4208.205128 4226.153846 4224.102564 4225.641026 4232.820513 4242.051282 4235.384615 4227.179487 4277.948718 4192.307692 4216.923077 4183.589744
4225.128205 4233.846154 4210.769231 4224.615385 4226.153846 4225.128205 4230.256410 4240.000000 4236.923077 4229.230769 4284.102564 4197.948718 4223.589744 4183.076923
4233.333333 4240.000000 4220.000000 4233.846154 4224.102564 4227.692308 4244.615385 4240.512821 4236.410256 4230.256410 4286.666667 4193.333333 4231.794872 4179.487179
4236.923077 4235.384615 4222.051282 4233.846154 4227.692308 4228.717949 4238.974359 4233.846154 4233.846154 4230.769231 4286.153846 4200.512821 4231.794872 4173.333333
4231.282051 4232.820513 4216.923077 4226.153846 4225.641026 4223.076923 4223.589744 4226.666667 4226.666667 4230.769231 4285.128205 4198.461538 4230.256410 4166.153846
4233.333333 4238.974359 4219.487179 4228.717949 4222.564103 4223.076923 4230.256410 4232.307692 4229.743590 4229.230769 4285.128205 4198.461538 4233.333333 4161.538462
4234.871795 4241.025641 4222.051282 4234.871795 4224.615385 4227.179487 4232.820513 4231.282051 4234.358974 4228.205128 4284.102564 4201.025641 4234.358974 4160.000000
4235.897436 4241.025641 4224.615385 4238.461538 4222.564103 4225.641026 4237.435897 4227.692308 4237.948718 4229.743590 4288.205128 4198.974359 4237.435897 4159.487179
4247.179487 4247.692308 4236.410256 4246.153846 4225.641026 4230.769231 4258.461538 4246.666667 4258.461538 4233.333333 4295.897436 4209.743590 4246.153846 4156.923077
4246.666667 4246.666667 4232.820513 4245.128205 4226.666667 4231.794872 4248.717949 4251.282051 4261.025641 4230.256410 4292.307692 4204.615385 4244.615385 4149.743590
4234.871795 4240.000000 4221.025641 4235.897436 4224.615385 4227.179487 4224.102564 4231.794872 4237.435897 4224.615385 4281.538462 4196.923077 4231.794872 4144.102564
4240.000000 4247.179487 4230.256410 4240.512821 4225.128205 4230.256410 4241.025641 4241.025641 4244.102564 4227.179487 4283.589744 4206.153846 4235.384615 4141.538462
4248.717949 4252.307692 4238.461538 4247.179487 4225.128205 4235.384615 4257.948718 4261.538462 4267.179487 4232.307692 4295.897436 4206.666667 4248.717949 4140.512821
4244.102564 4240.000000 4231.282051 4240.512821 4228.205128 4232.820513 4240.000000 4246.666667 4254.871795 4233.846154 4292.820513 4205.641026 4239.487179 4137.948718
4240.512821 4235.897436 4227.692308 4236.410256 4225.641026 4225.641026 4233.333333 4233.333333 4238.461538 4231.794872 4285.128205 4203.076923 4229.230769 4133.846154
4246.153846 4247.179487 4235.897436 4242.564103 4224.615385 4225.128205 4241.025641 4246.153846 4248.717949 4226.666667 4292.820513 4204.615385 4238.974359 4129.743590
4245.128205 4246.666667 4237.948718 4243.076923 4226.666667 4227.179487 4235.897436 4251.794872 4253.846154 4224.615385 4295.897436 4207.692308 4244.102564 4122.051282
4242.564103 4242.051282 4235.384615 4243.076923 4224.615385 4227.179487 4236.923077 4249.743590 4247.692308 4228.717949 4292.820513 4201.538462 4245.641026 4117.435897
4249.230769 4245.128205 4243.589744 4247.692308 4228.717949 4229.743590 4246.666667 4242.564103 4245.128205 4233.333333 4295.897436 4209.743590 4254.358974 4122.051282
4252.307692 4247.692308 4245.641026 4248.205128 4226.666667 4229.230769 4244.615385 4235.384615 4244.102564 4230.769231 4297.948718 4211.282051 4254.871795 4120.512821
4245.641026 4241.025641 4240.512821 4241.025641 4222.051282 4228.205128 4234.871795 4235.897436 4238.461538 4225.641026 4288.205128 4206.666667 4240.512821 4110.769231
4241.538462 4237.435897 4235.384615 4236.410256 4226.666667 4227.692308 4233.333333 4234.871795 4233.846154 4224.102564 4276.923077 4205.128205 4231.794872 4109.743590
4241.025641 4239.487179 4232.820513 4237.948718 4224.615385 4223.589744 4236.923077 4238.974359 4231.794872 4230.769231 4277.435897 4195.384615 4234.871795 4112.820513
4238.974359 4238.461538 4236.410256 4236.410256 4227.179487 4224.615385 4232.307692 4237.948718 4231.794872 4235.384615 4279.487179 4201.538462 4233.846154 4111.282051
4235.384615 4237.948718 4237.948718 4235.384615 4230.256410 4228.205128 4234.871795 4232.307692 4231.282051 4230.769231 4281.025641 4202.051282 4236.923077 4108.205128
4233.846154 4238.461538 4234.358974 4236.923077 4225.641026 4226.666667 4243.589744 4240.512821 4234.358974 4228.717949 4285.128205 4191.794872 4245.128205 4105.128205
4244.102564 4240.512821 4241.538462 4240.512821 4223.589744 4225.641026 4250.256410 4250.769231 4244.102564 4231.282051 4289.743590 4203.589744 4247.692308 4104.615385
4256.923077 4249.230769 4257.435897 4251.282051 4224.102564 4224.102564 4253.846154 4254.871795 4254.358974 4231.282051 4295.384615 4211.282051 4252.307692 4104.102564
4257.948718 4252.820513 4261.025641 4251.794872 4229.230769 4225.128205 4246.153846 4257.435897 4255.384615 4229.230769 4297.435897 4205.128205 4256.923077 4096.923077
4254.358974 4248.205128 4253.333333 4245.641026 4229.230769 4226.153846 4237.948718 4251.794872 4247.179487 4229.230769 4294.358974 4210.256410 4256.410256 4087.692308
4251.794872 4241.025641 4247.692308 4241.538462 4225.641026 4223.076923 4230.769231 4232.307692 4233.333333 4230.256410 4282.051282 4256.410256 4243.076923 4086.666667
4247.179487 4237.435897 4248.205128 4237.435897 4228.717949 4221.025641 4222.564103 4222.051282 4225.641026 4233.846154 4273.846154 4306.153846 4235.384615 4088.205128
4246.153846 4241.025641 4252.307692 4237.948718 4227.179487 4220.000000 4228.205128 4230.769231 4235.897436 4230.256410 4286.153846 4297.948718 4251.282051 4083.589744
4249.230769 4240.512821 4254.358974 4239.487179 4225.641026 4223.076923 4238.974359 4230.769231 4243.076923 4223.589744 4291.282051 4287.179487 4258.974359 4076.410256
4242.564103 4237.948718 4249.743590 4237.435897 4226.666667 4224.102564 4236.410256 4229.230769 4234.871795 4227.179487 4276.923077 4293.846154 4245.641026 4071.282051
4240.512821 4244.615385 4249.743590 4238.974359 4225.128205 4218.461538 4236.410256 4243.076923 4236.410256 4226.666667 4277.435897 4289.743590 4246.153846 4067.179487
4249.743590 4251.282051 4259.487179 4243.589744 4228.717949 4219.487179 4245.128205 4243.589744 4246.666667 4224.615385 4286.153846 4293.846154 4254.358974 4065.128205
4241.025641 4244.615385 4253.846154 4240.512821 4224.615385 4220.000000 4242.564103 4229.230769 4242.051282 4228.717949 4279.487179 4284.102564 4247.692308 4065.128205
4229.743590 4237.435897 4242.564103 4234.358974 4224.615385 4216.923077 4233.333333 4232.307692 4233.333333 4228.717949 4272.307692 4276.410256 4240.000000 4061.538462
4235.384615 4244.102564 4246.153846 4237.948718 4229.743590 4216.923077 4234.358974 4236.923077 4233.846154 4226.666667 4275.897436 4281.538462 4243.076923 4053.846154
4237.435897 4249.230769 4252.820513 4243.589744 4224.615385 4216.923077 4240.512821 4231.794872 4238.461538 4226.153846 4278.974359 4276.923077 4244.102564 4050.769231
4234.871795 4241.025641 4254.871795 4240.512821 4223.589744 4218.974359 4236.410256 4237.435897 4242.564103 4229.230769 4277.948718 4282.564103 4241.025641 4056.410256
4241.538462 4240.512821 4258.461538 4240.000000 4225.128205 4218.974359 4232.307692 4243.076923 4239.487179 4228.205128 4278.974359 4281.538462 4242.051282 4057.435897
4246.666667 4246.153846 4261.538462 4242.051282 4226.666667 4216.923077 4241.538462 4242.564103 4238.974359 4225.641026 4279.487179 4277.948718 4242.051282 4053.846154
4243.589744 4244.615385 4260.000000 4240.000000 4228.717949 4216.923077 4246.666667 4243.589744 4245.641026 4225.128205 4281.538462 4280.512821 4240.000000 4048.717949
4245.128205 4244.102564 4263.076923 4241.025641 4226.666667 4216.410256 4238.461538 4237.435897 4243.589744 4229.743590 4282.051282 4273.846154 4240.512821 4044.615385
4248.205128 4246.153846 4269.743590 4241.538462 4228.717949 4218.974359 4238.461538 4235.384615 4238.461538 4232.820513 4277.435897 4279.487179 4236.410256 4045.128205
4247.179487 4247.179487 4270.256410 4241.538462 4227.179487 4219.487179 4243.589744 4244.615385 4245.128205 4229.743590 4282.564103 4277.948718 4238.461538 4043.589744
4243.589744 4243.076923 4268.717949 4241.025641 4223.589744 4217.435897 4234.871795 4237.948718 4247.692308 4228.717949 4288.205128 4273.333333 4244.615385 4037.948718
4242.051282 4240.512821 4269.743590 4239.487179 4225.128205 4217.948718 4234.871795 4234.871795 4244.615385 4228.205128 4283.076923 4279.487179 4247.179487 4036.410256
4243.076923 4243.589744 4267.179487 4239.487179 4222.564103 4216.410256 4237.948718 4245.641026 4241.025641 4228.205128 4278.974359 4272.820513 4241.538462 4036.410256
4250.256410 4244.615385 4269.230769 4241.025641 4226.153846 4216.410256 4227.692308 4236.410256 4231.794872 4231.794872 4273.846154 4272.307692 4232.307692 4034.871795
4256.923077 4247.179487 4274.871795 4245.641026 4228.205128 4217.948718 4238.461538 4234.358974 4237.435897 4230.256410 4274.871795 4274.358974 4239.487179 4032.307692
4244.615385 4244.102564 4267.692308 4241.025641 4223.589744 4217.435897 4251.794872 4246.153846 4241.025641 4228.205128 4273.846154 4269.230769 4242.564103 4029.743590
4231.794872 4236.410256 4261.025641 4230.256410 4224.615385 4210.256410 4238.461538 4244.615385 4231.282051 4229.230769 4264.102564 4268.717949 4225.128205 4025.641026
4244.615385 4240.512821 4270.256410 4235.384615 4225.128205 4207.179487 4235.384615 4248.717949 4238.461538 4230.769231 4268.205128 4266.666667 4228.205128 4023.589744
4245.641026 4243.076923 4278.974359 4243.076923 4229.230769 4213.846154 4242.051282 4251.794872 4247.692308 4231.794872 4281.025641 4276.410256 4243.076923 4026.666667
4221.025641 4237.948718 4271.794872 4238.974359 4228.717949 4211.794872 4235.384615 4244.615385 4237.435897 4230.256410 4280.000000 4275.897436 4239.487179 4023.076923
4223.076923 4238.974359 4270.256410 4237.435897 4224.102564 4209.743590 4235.897436 4242.564103 4235.897436 4233.333333 4278.974359 4268.717949 4243.589744 4020.000000
4250.769231 4246.666667 4281.025641 4244.615385 4226.666667 4216.410256 4244.102564 4242.564103 4248.717949 4234.358974 4291.794872 4276.410256 4258.974359 4026.153846
4248.717949 4243.589744 4277.435897 4243.589744 4224.102564 4214.871795 4240.512821 4240.000000 4244.615385 4229.743590 4292.307692 4268.205128 4253.333333 4027.179487
4236.410256 4234.358974 4269.230769 4234.358974 4224.102564 4210.769231 4238.461538 4234.871795 4229.230769 4229.743590 4275.897436 4263.589744 4236.410256 4020.512821
4242.051282 4238.974359 4272.307692 4234.358974 4227.692308 4208.717949 4237.948718 4233.333333 4232.307692 4231.794872 4275.384615 4268.205128 4239.487179 4017.435897
4238.461538 4239.487179 4269.743590 4231.794872 4224.615385 4203.076923 4223.076923 4231.794872 4231.282051 4230.769231 4279.487179 4262.051282 4240.512821 4015.384615
4221.025641 4220.512821 4251.282051 4215.384615 4223.076923 4200.512821 4208.717949 4216.923077 4205.641026 4228.717949 4260.512821 4254.871795 4217.948718 4009.743590
4205.128205 4204.102564 4233.846154 4203.076923 4222.564103 4201.025641 4213.333333 4206.666667 4182.564103 4229.230769 4237.948718 4238.974359 4194.358974 4000.512821
4202.564103 4204.615385 4233.846154 4204.615385 4229.743590 4202.051282 4225.128205 4218.461538 4181.025641 4230.769231 4234.358974 4237.435897 4185.128205 3994.871795
4211.282051 4212.307692 4242.051282 4211.794872 4231.282051 4202.051282 4229.743590 4224.102564 4184.615385 4231.794872 4242.564103 4246.153846 4195.384615 3995.384615
4227.692308 4226.153846 4256.410256 4224.615385 4223.589744 4200.000000 4231.282051 4219.487179 4193.846154 4229.743590 4258.461538 4248.205128 4222.564103 4002.051282
4249.743590 4246.153846 4280.512821 4244.615385 4228.205128 4202.564103 4237.435897 4238.974359 4224.615385 4230.769231 4281.538462 4267.692308 4250.256410 4009.743590
4254.358974 4255.384615 4288.717949 4256.410256 4229.230769 4202.564103 4246.666667 4259.487179 4249.230769 4233.333333 4294.871795 4272.307692 4263.076923 4009.743590
4238.974359 4244.102564 4274.358974 4244.102564 4224.102564 4199.487179 4237.948718 4238.461538 4235.897436 4227.179487 4281.538462 4260.000000 4251.282051 4004.102564
4234.871795 4237.948718 4267.179487 4234.871795 4225.641026 4200.000000 4226.153846 4221.538462 4221.025641 4221.025641 4268.717949 4257.435897 4240.000000 4000.512821
4240.512821 4237.948718 4271.282051 4236.410256 4227.692308 4201.538462 4229.230769 4237.948718 4228.717949 4227.692308 4273.846154 4256.923077 4246.153846 3997.435897
4237.435897 4230.769231 4273.333333 4229.743590 4229.743590 4203.589744 4230.769231 4242.051282 4231.282051 4233.333333 4275.384615 4261.538462 4246.666667 3996.923077
4239.487179 4236.410256 4275.384615 4231.794872 4226.666667 4205.641026 4239.487179 4247.179487 4239.487179 4229.230769 4278.461538 4258.974359 4248.717949 3999.487179
4241.025641 4239.487179 4273.333333 4234.871795 4227.179487 4205.128205 4242.564103 4252.307692 4240.512821 4229.743590 4276.410256 4256.923077 4245.128205 3996.923077
4231.282051 4226.666667 4264.102564 4223.076923 4230.256410 4202.051282 4231.282051 4235.384615 4222.564103 4234.871795 4263.589744 4253.846154 4231.794872 3991.282051
4237.948718 4235.897436 4269.743590 4228.205128 4224.102564 4205.641026 4235.897436 4242.051282 4233.846154 4230.256410 4270.769231 4251.282051 4242.564103 3992.307692
4245.641026 4246.153846 4274.871795 4237.435897 4225.128205 4210.769231 4238.974359 4257.435897 4244.615385 4225.641026 4276.410256 4260.000000 4249.743590 3998.974359
4230.256410 4230.256410 4258.461538 4224.615385 4227.692308 4205.128205 4221.538462 4229.743590 4210.769231 4227.179487 4257.435897 4247.692308 4226.153846 3995.897436
4226.666667 4225.128205 4257.435897 4218.461538 4228.717949 4201.025641 4206.666667 4207.692308 4194.358974 4231.794872 4250.769231 4240.000000 4217.948718 3990.769231
4237.948718 4239.487179 4268.717949 4230.769231 4229.743590 4205.641026 4213.333333 4227.692308 4220.000000 4234.358974 4261.025641 4253.846154 4232.307692 3991.794872
4238.461538 4244.102564 4265.641026 4233.846154 4225.641026 4206.666667 4221.025641 4240.000000 4222.564103 4227.692308 4258.461538 4247.692308 4233.333333 3987.692308
4236.410256 4237.435897 4264.102564 4225.641026 4227.692308 4204.102564 4220.512821 4225.128205 4208.717949 4224.102564 4252.307692 4248.205128 4230.256410 3979.487179
4236.410256 4230.769231 4263.076923 4224.102564 4227.179487 4201.538462 4220.512821 4224.102564 4216.923077 4230.256410 4253.333333 4251.282051 4236.923077 3975.897436
4232.307692 4224.615385 4254.871795 4225.641026 4223.076923 4203.589744 4226.153846 4238.974359 4219.487179 4233.333333 4248.205128 4242.564103 4226.666667 3972.820513
4231.282051 4223.076923 4251.282051 4218.974359 4225.128205 4208.717949 4227.692308 4235.897436 4208.205128 4230.256410 4241.025641 4243.589744 4210.256410 3967.179487
4228.717949 4225.128205 4249.743590 4212.307692 4223.076923 4204.615385 4220.512821 4224.102564 4205.641026 4227.692308 4242.051282 4238.974359 4219.487179 3964.615385
4222.564103 4221.025641 4246.153846 4212.820513 4227.179487 4204.102564 4216.410256 4225.128205 4211.282051 4227.692308 4243.589744 4237.948718 4229.230769 3961.025641
4220.000000 4214.871795 4244.102564 4211.794872 4229.230769 4206.666667 4219.487179 4230.256410 4210.769231 4229.230769 4242.564103 4235.897436 4226.666667 3953.846154
4225.128205 4211.282051 4245.128205 4208.205128 4221.025641 4204.102564 4217.948718 4224.102564 4207.692308 4226.153846 4245.128205 4233.333333 4231.794872 3951.794872
4230.769231 4212.820513 4250.256410 4208.717949 4224.615385 4204.615385 4221.538462 4223.589744 4213.846154 4224.615385 4244.615385 4241.025641 4235.897436 3953.846154
4231.282051 4221.538462 4253.333333 4216.410256 4228.717949 4208.205128 4234.871795 4240.000000 4224.102564 4228.717949 4244.102564 4236.410256 4235.384615 3951.282051
4232.820513 4224.102564 4252.820513 4219.487179 4226.153846 4211.794872 4235.897436 4243.076923 4229.230769 4231.794872 4246.666667 4237.435897 4236.923077 3952.307692
4233.846154 4216.410256 4249.743590 4214.871795 4226.666667 4209.743590 4230.256410 4239.487179 4233.846154 4231.282051 4249.743590 4238.461538 4241.538462 3954.871795
4225.128205 4208.717949 4242.051282 4210.769231 4227.692308 4206.666667 4232.820513 4240.512821 4232.307692 4225.641026 4247.692308 4229.743590 4240.000000 3952.307692
4224.102564 4212.307692 4242.051282 4213.333333 4228.205128 4211.794872 4233.846154 4238.461538 4229.230769 4223.589744 4245.128205 4236.923077 4236.410256 3949.743590
4231.794872 4223.589744 4250.769231 4220.512821 4222.564103 4213.846154 4232.820513 4241.025641 4236.410256 4227.692308 4252.307692 4238.461538 4243.076923 3949.743590
4229.230769 4221.025641 4248.717949 4220.512821 4224.615385 4212.820513 4234.358974 4240.512821 4238.974359 4230.769231 4254.358974 4237.948718 4243.589744 3948.717949
4224.615385 4215.897436 4241.538462 4215.384615 4230.769231 4212.820513 4235.897436 4229.230769 4231.282051 4227.692308 4249.230769 4241.538462 4238.461538 3943.076923
4229.230769 4215.384615 4241.025641 4213.333333 4226.666667 4211.794872 4236.410256 4234.358974 4231.282051 4227.179487 4246.666667 4233.846154 4234.871795 3939.487179
4234.871795 4213.846154 4244.615385 4215.384615 4224.615385 4214.358974 4234.358974 4251.794872 4238.974359 4228.205128 4245.641026 4238.461538 4231.282051 3938.974359
4236.410256 4221.025641 4249.743590 4224.615385 4224.615385 4218.461538 4240.512821 4253.333333 4244.615385 4228.717949 4252.307692 4241.025641 4237.948718 3938.461538
4240.512821 4232.820513 4255.384615 4233.846154 4226.153846 4220.512821 4251.282051 4251.794872 4252.820513 4233.333333 4263.076923 4241.025641 4250.256410 3941.538462
4243.589744 4235.897436 4257.435897 4236.410256 4227.692308 4221.538462 4252.307692 4260.000000 4264.102564 4232.820513 4270.256410 4244.102564 4255.897436 3944.102564
4234.871795 4226.666667 4248.717949 4225.128205 4223.589744 4215.897436 4243.076923 4259.487179 4261.538462 4228.717949 4267.179487 4234.871795 4248.717949 3939.487179
4223.076923 4213.333333 4237.948718 4209.230769 4225.641026 4214.358974 4235.897436 4252.820513 4249.230769 4231.794872 4255.897436 4232.307692 4235.384615 3933.846154
4225.128205 4217.948718 4237.435897 4217.435897 4226.153846 4217.948718 4238.974359 4256.923077 4252.307692 4231.282051 4254.358974 4229.230769 4238.974359 3934.358974
4232.307692 4226.666667 4242.564103 4227.692308 4226.153846 4218.974359 4241.025641 4251.282051 4253.333333 4225.128205 4255.897436 4228.717949 4243.076923 3933.846154
4225.641026 4217.435897 4234.358974 4215.897436 4230.769231 4217.948718 4231.794872 4231.282051 4234.358974 4227.179487 4245.641026 4231.794872 4226.153846 3926.153846
4215.384615 4208.205128 4224.102564 4206.666667 4227.692308 4218.461538 4222.564103 4227.179487 4227.692308 4230.256410 4243.589744 4224.102564 4222.564103 3924.102564
4220.512821 4209.743590 4232.307692 4209.230769 4226.666667 4218.974359 4225.128205 4240.512821 4241.025641 4225.128205 4250.769231 4228.205128 4235.897436 3928.205128
4223.589744 4209.743590 4232.820513 4208.205128 4225.641026 4216.923077 4230.256410 4239.487179 4235.897436 4223.589744 4248.717949 4225.128205 4232.307692 3927.692308
4221.538462 4209.743590 4227.692308 4207.179487 4226.153846 4221.538462 4227.692308 4225.641026 4216.923077 4231.282051 4244.102564 4221.025641 4218.461538 3926.153846
4229.230769 4217.435897 4235.897436 4213.846154 4230.256410 4227.179487 4226.666667 4226.153846 4219.487179 4232.820513 4246.666667 4231.794872 4217.948718 3927.179487
4230.256410 4218.974359 4234.871795 4213.333333 4225.128205 4222.051282 4226.666667 4228.205128 4226.666667 4226.666667 4247.692308 4225.128205 4218.974359 3925.128205
4221.025641 4213.333333 4226.153846 4207.179487 4225.641026 4221.538462 4223.589744 4226.153846 4220.512821 4227.179487 4246.666667 4224.102564 4216.923077 3924.615385
4220.000000 4214.871795 4226.666667 4209.743590 4227.692308 4224.102564 4221.025641 4230.769231 4217.948718 4229.743590 4247.692308 4227.179487 4224.102564 3924.102564
4226.666667 4218.974359 4233.333333 4214.871795 4224.615385 4222.051282 4221.025641 4231.282051 4222.051282 4230.769231 4246.666667 4222.564103 4226.666667 3921.538462
4230.769231 4220.000000 4238.974359 4214.358974 4228.717949 4222.051282 4223.589744 4223.589744 4222.051282 4229.743590 4244.615385 4227.179487 4218.461538 3925.128205
4229.230769 4216.923077 4236.923077 4213.333333 4229.230769 4221.538462 4226.666667 4224.102564 4221.025641 4229.743590 4246.153846 4225.128205 4216.923077 3922.051282
4222.051282 4208.205128 4231.282051 4208.717949 4226.666667 4222.564103 4227.179487 4231.794872 4223.076923 4232.307692 4244.102564 4227.692308 4222.564103 3916.410256
4223.076923 4214.871795 4234.358974 4209.743590 4225.641026 4224.615385 4233.846154 4244.615385 4231.282051 4231.282051 4249.743590 4232.307692 4233.333333 3920.000000
4233.333333 4229.230769 4241.025641 4218.974359 4227.692308 4225.128205 4243.589744 4252.307692 4241.025641 4227.179487 4256.923077 4231.794872 4238.461538 3918.461538
4226.153846 4217.435897 4233.333333 4212.307692 4233.333333 4222.051282 4233.846154 4234.358974 4229.743590 4230.256410 4243.076923 4233.846154 4218.461538 3915.384615
4210.256410 4202.564103 4219.487179 4200.512821 4227.179487 4218.461538 4218.974359 4218.974359 4207.692308 4233.333333 4229.743590 4222.564103 4206.153846 3916.923077
4217.435897 4212.820513 4223.589744 4206.153846 4224.615385 4223.076923 4223.589744 4226.153846 4214.358974 4227.179487 4236.410256 4223.589744 4224.102564 3917.948718
4222.564103 4217.948718 4229.230769 4210.256410 4228.205128 4224.102564 4225.641026 4231.794872 4229.230769 4225.641026 4243.076923 4229.230769 4234.358974 3915.384615
4217.435897 4213.333333 4224.102564 4207.692308 4226.666667 4220.000000 4218.974359 4227.692308 4220.512821 4231.794872 4239.487179 4223.076923 4224.102564 3913.846154
4223.076923 4220.512821 4225.128205 4212.307692 4229.230769 4224.102564 4222.564103 4222.564103 4215.384615 4231.282051 4237.948718 4230.769231 4222.564103 3915.897436
4223.076923 4225.641026 4225.128205 4216.923077 4227.179487 4226.153846 4231.282051 4226.153846 4223.076923 4228.717949 4241.538462 4225.641026 4230.256410 3914.358974
4212.307692 4214.871795 4218.974359 4206.666667 4225.641026 4222.051282 4222.051282 4226.666667 4216.410256 4230.769231 4234.871795 4217.435897 4221.538462 3914.358974
4212.820513 4211.282051 4216.923077 4202.051282 4228.717949 4219.487179 4216.410256 4218.974359 4206.666667 4229.743590 4226.153846 4221.025641 4210.769231 3914.871795
4227.692308 4224.615385 4230.256410 4218.461538 4227.179487 4222.051282 4231.794872 4231.794872 4228.717949 4228.717949 4237.435897 4223.589744 4228.205128 3917.435897
4234.871795 4227.692308 4237.948718 4224.102564 4229.230769 4225.128205 4230.769231 4244.102564 4246.666667 4230.769231 4246.153846 4233.846154 4239.487179 3921.538462
4228.205128 4221.538462 4226.666667 4216.923077 4228.205128 4222.564103 4221.025641 4236.923077 4233.846154 4230.769231 4240.000000 4229.230769 4229.230769 3916.923077
4232.307692 4226.666667 4233.333333 4223.076923 4225.128205 4222.564103 4229.230769 4233.846154 4230.769231 4231.282051 4246.666667 4229.230769 4232.820513 3914.871795
4250.256410 4238.974359 4258.461538 4236.923077 4226.666667 4228.205128 4238.974359 4245.641026 4248.717949 4231.794872 4264.615385 4243.589744 4251.282051 3922.564103
4250.256410 4238.974359 4257.435897 4234.871795 4226.153846 4225.641026 4233.333333 4248.717949 4250.769231 4230.769231 4261.025641 4239.487179 4253.333333 3924.615385
4232.820513 4223.589744 4235.384615 4221.025641 4229.743590 4223.589744 4222.051282 4230.769231 4226.153846 4233.333333 4241.538462 4233.333333 4232.820513 3918.461538
4231.794872 4224.615385 4231.794872 4220.512821 4229.230769 4227.179487 4223.076923 4223.589744 4216.410256 4232.820513 4238.974359 4227.692308 4228.205128 3917.948718
4238.461538 4233.846154 4238.974359 4225.128205 4226.153846 4227.692308 4227.692308 4226.666667 4223.589744 4224.102564 4246.153846 4227.692308 4233.333333 3924.102564
4235.384615 4227.692308 4237.435897 4221.025641 4228.205128 4229.743590 4230.256410 4226.153846 4223.076923 4225.128205 4243.076923 4234.358974 4225.641026 3925.128205
4226.666667 4220.000000 4229.743590 4215.384615 4226.666667 4228.717949 4227.179487 4232.307692 4219.487179 4231.282051 4237.948718 4226.153846 4218.974359 3921.025641
4221.025641 4217.948718 4224.615385 4211.794872 4228.717949 4228.205128 4218.461538 4228.205128 4212.820513 4228.717949 4231.794872 4224.615385 4213.333333 3919.487179
4224.615385 4225.128205 4230.769231 4216.923077 4228.205128 4229.743590 4221.025641 4220.000000 4211.282051 4226.153846 4233.333333 4226.666667 4216.923077 3924.102564
4242.051282 4237.948718 4244.615385 4227.179487 4224.102564 4228.717949 4232.307692 4231.794872 4221.025641 4232.307692 4245.128205 4228.205128 4233.846154 3928.717949
4247.179487 4247.179487 4255.897436 4237.435897 4228.717949 4232.307692 4237.948718 4238.461538 4234.358974 4234.358974 4254.358974 4238.974359 4244.615385 3931.282051
4229.743590 4252.307692 4257.435897 4245.641026 4228.717949 4235.897436 4239.487179 4231.282051 4237.948718 4230.256410 4259.487179 4234.871795 4247.179487 3935.897436
4229.743590 4251.794872 4258.461538 4244.615385 4227.179487 4235.384615 4238.974359 4232.307692 4230.256410 4229.743590 4258.461538 4236.410256 4247.179487 3935.384615
4247.179487 4246.153846 4255.384615 4235.897436 4226.666667 4232.307692 4236.923077 4235.384615 4225.128205 4230.256410 4255.897436 4236.410256 4244.615385 3928.205128
4249.743590 4240.000000 4252.307692 4232.820513 4224.102564 4231.794872 4235.897436 4231.282051 4227.692308 4232.820513 4256.923077 4230.769231 4241.538462 3928.717949
4241.025641 4233.846154 4249.743590 4230.256410 4225.641026 4230.256410 4230.256410 4231.794872 4231.794872 4231.794872 4249.230769 4235.897436 4238.974359 3933.846154
4238.974359 4231.282051 4245.641026 4227.179487 4224.615385 4224.615385 4222.051282 4239.487179 4236.410256 4227.692308 4244.102564 4229.743590 4237.435897 3930.256410
4238.974359 4231.794872 4247.179487 4227.179487 4226.666667 4229.743590 4222.051282 4241.538462 4240.000000 4229.743590 4247.179487 4228.717949 4235.384615 3930.769231
4232.307692 4229.743590 4245.128205 4225.128205 4227.692308 4231.794872 4226.666667 4235.897436 4234.358974 4231.282051 4241.538462 4229.230769 4229.743590 3935.384615
4227.692308 4224.102564 4235.897436 4218.461538 4224.102564 4227.692308 4225.641026 4226.153846 4218.461538 4228.205128 4227.692308 4220.512821 4215.384615 3935.897436
4224.615385 4211.794872 4232.307692 4207.692308 4226.666667 4230.256410 4224.615385 4218.461538 4201.025641 4231.282051 4215.897436 4220.512821 4197.948718 3936.923077
4226.153846 4207.179487 4236.410256 4211.794872 4226.153846 4232.307692 4232.307692 4229.743590 4207.179487 4230.256410 4219.487179 4218.974359 4202.564103 3938.461538
4241.025641 4226.666667 4247.179487 4230.769231 4226.153846 4235.384615 4240.512821 4241.025641 4229.230769 4222.051282 4236.923077 4231.794872 4224.102564 3943.076923
4257.435897 4252.820513 4256.923077 4245.128205 4227.179487 4238.974359 4242.564103 4244.615385 4240.512821 4227.179487 4249.743590 4242.051282 4239.487179 3949.230769
4257.948718 4254.871795 4254.871795 4244.102564 4224.102564 4236.923077 4233.846154 4245.128205 4240.000000 4232.820513 4251.282051 4230.769231 4249.743590 3952.820513
4252.307692 4242.564103 4250.256410 4239.487179 4230.256410 4236.410256 4221.025641 4227.692308 4235.384615 4225.641026 4245.641026 4231.794872 4251.282051 3955.897436
4249.230769 4244.615385 4251.282051 4241.025641 4228.717949 4234.871795 4225.641026 4212.307692 4227.179487 4225.641026 4235.384615 4227.692308 4238.461538 3951.282051
4247.692308 4249.743590 4251.282051 4241.025641 4223.589744 4231.794872 4231.794872 4220.512821 4222.564103 4232.820513 4227.179487 4220.000000 4226.666667 3947.692308
4253.846154 4251.282051 4257.435897 4247.179487 4229.230769 4233.846154 4232.307692 4239.487179 4240.000000 4231.794872 4234.358974 4226.666667 4234.871795 3956.410256
4258.974359 4255.897436 4263.589744 4253.333333 4231.282051 4235.897436 4239.487179 4244.615385 4253.846154 4228.717949 4245.641026 4229.230769 4248.717949 3965.128205
4256.923077 4256.410256 4263.589744 4246.153846 4230.256410 4237.435897 4243.589744 4238.974359 4248.205128 4232.307692 4245.128205 4233.333333 4249.743590 3963.589744
4251.794872 4246.666667 4258.974359 4240.512821 4225.128205 4236.923077 4235.384615 4239.487179 4241.025641 4231.794872 4240.512821 4227.692308 4246.153846 3961.538462
4248.205128 4237.435897 4254.358974 4239.487179 4225.641026 4234.358974 4233.333333 4235.897436 4236.410256 4228.717949 4236.923077 4223.589744 4239.487179 3962.051282
4250.769231 4247.692308 4260.512821 4242.051282 4232.820513 4236.923077 4246.666667 4243.076923 4252.820513 4230.256410 4242.564103 4233.846154 4244.102564 3960.512821
4252.307692 4256.923077 4264.615385 4247.692308 4228.717949 4239.487179 4244.102564 4255.897436 4271.282051 4231.282051 4249.230769 4228.205128 4256.410256 3960.512821
4244.102564 4249.230769 4256.410256 4244.102564 4226.666667 4236.923077 4227.179487 4235.897436 4249.230769 4230.769231 4234.871795 4222.051282 4241.025641 3962.051282
4240.512821 4248.205128 4249.230769 4236.923077 4229.230769 4232.307692 4235.384615 4227.692308 4228.717949 4230.256410 4220.000000 4213.333333 4226.153846 3964.102564
4249.743590 4255.897436 4255.384615 4245.641026 4229.230769 4233.846154 4253.846154 4255.384615 4249.743590 4231.794872 4225.128205 4214.358974 4237.435897 3971.282051
4236.923077 4253.846154 4261.025641 4253.846154 4228.205128 4236.923077 4249.230769 4253.333333 4259.487179 4232.307692 4233.333333 4228.717949 4242.564103 3973.846154
4210.769231 4247.179487 4253.846154 4243.076923 4225.641026 4234.358974 4238.974359 4227.692308 4243.076923 4229.743590 4232.307692 4220.512821 4233.333333 3971.282051
4217.948718 4240.512821 4248.205128 4231.282051 4230.256410 4236.410256 4237.948718 4231.794872 4238.461538 4230.256410 4224.102564 4215.384615 4224.615385 3975.897436
4242.051282 4242.051282 4252.307692 4238.974359 4229.743590 4236.410256 4242.564103 4241.538462 4244.102564 4232.307692 4224.102564 4220.000000 4225.128205 3978.974359
4246.153846 4246.666667 4257.948718 4241.538462 4225.641026 4231.282051 4238.461538 4228.717949 4238.461538 4228.205128 4224.615385 4218.974359 4224.615385 3973.333333
4238.461538 4238.974359 4256.923077 4230.256410 4229.743590 4232.820513 4228.717949 4222.564103 4226.153846 4225.641026 4213.333333 4220.512821 4213.846154 3975.384615
4237.948718 4236.410256 4254.871795 4233.333333 4226.153846 4234.871795 4236.923077 4237.948718 4232.307692 4228.205128 4216.923077 4216.410256 4218.461538 3983.589744
4233.846154 4238.461538 4253.333333 4237.948718 4225.641026 4234.871795 4244.615385 4240.000000 4242.051282 4232.307692 4224.102564 4217.435897 4226.153846 3983.076923
4229.230769 4240.000000 4250.256410 4236.923077 4229.230769 4235.897436 4240.512821 4234.871795 4238.974359 4231.794872 4222.564103 4216.923077 4221.538462 3981.538462
4235.384615 4243.076923 4251.282051 4239.487179 4225.641026 4234.871795 4238.974359 4241.538462 4240.512821 4225.641026 4225.641026 4214.358974 4224.102564 3986.153846
4233.333333 4234.871795 4245.128205 4232.307692 4226.153846 4233.846154 4235.384615 4235.897436 4239.487179 4226.666667 4219.487179 4216.410256 4220.512821 3987.692308
4217.948718 4222.564103 4227.692308 4220.000000 4224.615385 4231.282051 4232.820513 4222.051282 4218.974359 4231.282051 4202.051282 4201.538462 4202.051282 3987.692308
4212.820513 4216.410256 4222.051282 4215.897436 4225.641026 4230.256410 4232.820513 4223.589744 4205.128205 4228.205128 4190.769231 4196.410256 4190.256410 3989.743590
4213.846154 4218.461538 4227.179487 4218.974359 4227.179487 4231.282051 4236.410256 4235.897436 4214.871795 4225.641026 4194.358974 4198.461538 4194.871795 3991.282051
4215.384615 4230.256410 4232.820513 4224.615385 4223.589744 4235.384615 4245.641026 4243.076923 4225.128205 4232.307692 4207.179487 4195.897436 4207.692308 3995.897436
4226.666667 4235.384615 4240.512821 4229.230769 4225.128205 4242.564103 4254.871795 4243.589744 4228.205128 4234.871795 4216.410256 4208.205128 4218.461538 4005.128205
4229.230769 4224.615385 4238.974359 4225.128205 4224.102564 4238.461538 4249.743590 4240.000000 4224.615385 4229.743590 4211.282051 4204.615385 4213.846154 4006.666667
4221.025641 4221.025641 4232.820513 4218.974359 4222.051282 4232.307692 4235.384615 4224.615385 4214.871795 4231.282051 4204.615385 4199.487179 4199.487179 4004.102564
4229.743590 4235.384615 4242.564103 4228.717949 4225.128205 4233.846154 4236.923077 4220.000000 4220.512821 4235.384615 4211.794872 4209.743590 4208.205128 4009.230769
4238.461538 4241.538462 4251.282051 4240.000000 4225.641026 4235.897436 4245.128205 4233.333333 4230.769231 4228.717949 4220.000000 4207.692308 4226.153846 4016.410256
4236.410256 4236.923077 4248.205128 4238.461538 4228.205128 4239.487179 4242.051282 4241.538462 4230.256410 4224.102564 4220.000000 4210.256410 4225.641026 4018.461538
4240.000000 4242.051282 4248.205128 4241.025641 4228.205128 4238.974359 4240.512821 4242.051282 4237.948718 4228.205128 4223.589744 4211.282051 4225.641026 4019.487179
4244.102564 4245.641026 4254.358974 4245.641026 4228.205128 4235.384615 4246.666667 4240.512821 4246.153846 4227.179487 4227.179487 4211.282051 4231.282051 4024.615385
4240.000000 4240.000000 4248.717949 4238.974359 4229.230769 4234.871795 4248.205128 4233.333333 4237.948718 4226.153846 4221.538462 4210.256410 4226.666667 4025.128205
4232.820513 4235.897436 4237.435897 4232.820513 4225.128205 4238.461538 4240.000000 4223.076923 4225.128205 4229.230769 4216.410256 4198.974359 4218.974359 4017.435897
4232.307692 4234.358974 4238.461538 4233.846154 4229.230769 4243.076923 4238.974359 4225.641026 4228.717949 4227.179487 4218.974359 4204.102564 4217.948718 4022.051282
4232.820513 4231.794872 4238.974359 4230.769231 4230.256410 4238.974359 4242.051282 4240.512821 4237.435897 4225.641026 4220.000000 4205.128205 4217.435897 4029.743590
4228.717949 4234.358974 4234.871795 4225.128205 4226.153846 4234.871795 4235.897436 4241.025641 4231.794872 4230.769231 4214.871795 4197.948718 4213.333333 4027.179487
4228.205128 4242.051282 4236.923077 4229.230769 4228.717949 4238.974359 4230.769231 4230.769231 4227.692308 4232.307692 4215.384615 4203.589744 4216.410256 4027.179487
4234.871795 4244.615385 4241.025641 4236.923077 4226.153846 4240.000000 4234.871795 4228.717949 4230.769231 4228.717949 4228.717949 4201.538462 4228.205128 4032.820513
4239.487179 4236.410256 4244.615385 4233.846154 4225.128205 4239.487179 4240.512821 4230.256410 4233.846154 4228.205128 4231.794872 4204.615385 4235.384615 4035.384615
4235.897436 4229.230769 4242.564103 4229.230769 4227.692308 4237.948718 4243.076923 4227.692308 4234.871795 4228.717949 4222.564103 4199.487179 4232.307692 4031.282051
4235.384615 4229.230769 4236.923077 4230.256410 4226.666667 4238.974359 4243.076923 4234.358974 4237.435897 4232.820513 4217.948718 4192.307692 4224.102564 4028.205128
4232.820513 4229.230769 4234.871795 4228.717949 4228.717949 4238.974359 4242.051282 4241.025641 4237.435897 4233.333333 4214.871795 4197.435897 4217.435897 4027.179487
4227.179487 4224.102564 4234.871795 4225.128205 4226.666667 4234.358974 4236.410256 4231.794872 4230.256410 4227.692308 4213.846154 4190.256410 4218.974359 4025.128205
4231.794872 4218.974359 4238.461538 4223.076923 4225.128205 4235.384615 4231.282051 4227.179487 4227.179487 4230.256410 4217.435897 4191.282051 4223.076923 4025.128205
4228.717949 4217.948718 4233.333333 4222.564103 4225.641026 4235.897436 4236.410256 4233.333333 4224.102564 4232.307692 4211.282051 4190.256410 4213.333333 4020.000000
4218.974359 4220.000000 4226.153846 4222.051282 4225.128205 4230.769231 4241.538462 4234.358974 4222.564103 4226.666667 4200.512821 4182.051282 4200.000000 4011.282051
4227.179487 4224.102564 4233.333333 4224.102564 4228.205128 4233.846154 4236.410256 4230.256410 4227.692308 4225.128205 4208.205128 4190.256410 4208.717949 4013.333333
4238.974359 4225.641026 4237.948718 4227.692308 4227.692308 4234.871795 4228.717949 4227.692308 4225.128205 4228.717949 4217.435897 4190.769231 4222.564103 4016.923077
4234.358974 4223.589744 4233.333333 4227.692308 4227.179487 4232.307692 4224.615385 4218.461538 4211.282051 4232.307692 4206.153846 4190.256410 4207.179487 4010.256410
4226.153846 4222.564103 4227.692308 4225.128205 4223.076923 4233.333333 4226.153846 4222.564103 4209.743590 4232.307692 4199.487179 4190.256410 4195.897436 4003.589744
4226.666667 4218.974359 4226.153846 4222.564103 4221.025641 4232.820513 4229.743590 4234.871795 4219.487179 4228.717949 4206.666667 4185.641026 4208.205128 4006.666667
4229.230769 4215.897436 4227.692308 4221.025641 4228.717949 4232.820513 4223.076923 4224.102564 4217.948718 4229.743590 4207.692308 4192.820513 4208.205128 4005.641026
4230.256410 4221.025641 4230.769231 4224.102564 4227.179487 4232.820513 4222.051282 4215.384615 4217.435897 4231.282051 4207.692308 4191.794872 4207.179487 3997.435897
4235.384615 4224.615385 4236.410256 4228.717949 4224.102564 4233.333333 4230.256410 4220.512821 4225.128205 4227.179487 4213.846154 4191.794872 4219.487179 3994.358974
4237.948718 4224.102564 4235.897436 4229.230769 4225.641026 4232.307692 4232.307692 4222.564103 4224.102564 4225.128205 4210.256410 4192.307692 4216.923077 3994.358974
4235.384615 4228.717949 4233.846154 4233.333333 4223.589744 4233.333333 4232.307692 4233.846154 4230.256410 4231.282051 4207.692308 4185.128205 4209.230769 3990.769231
4241.538462 4231.794872 4241.025641 4238.974359 4226.153846 4241.538462 4241.538462 4246.153846 4245.641026 4233.333333 4218.461538 4196.410256 4220.512821 3988.205128
4245.128205 4227.179487 4240.512821 4235.384615 4225.641026 4237.435897 4242.051282 4230.769231 4236.410256 4230.256410 4221.538462 4193.333333 4225.128205 3984.102564
4233.333333 4218.461538 4225.128205 4220.512821 4226.666667 4228.717949 4227.179487 4210.769231 4211.794872 4230.256410 4204.615385 4180.512821 4203.589744 3978.974359
4233.333333 4222.051282 4225.641026 4226.153846 4229.743590 4232.307692 4232.307692 4229.743590 4220.000000 4230.769231 4205.641026 4184.615385 4200.512821 3979.487179
4248.205128 4240.512821 4243.589744 4249.230769 4224.102564 4236.410256 4248.205128 4250.256410 4244.615385 4229.230769 4229.743590 4191.794872 4227.692308 3984.615385
4253.846154 4244.102564 4247.692308 4248.717949 4225.641026 4234.871795 4242.564103 4234.358974 4243.076923 4231.282051 4235.384615 4199.487179 4235.384615 3991.794872
4251.282051 4242.564103 4241.538462 4240.512821 4226.666667 4232.820513 4235.897436 4231.282051 4238.461538 4231.794872 4235.384615 4194.871795 4229.230769 3994.358974
4251.794872 4245.128205 4241.538462 4246.666667 4224.615385 4233.846154 4240.000000 4248.717949 4249.230769 4225.641026 4242.051282 4191.794872 4231.794872 3995.384615
4244.615385 4238.461538 4235.897436 4245.128205 4226.666667 4233.333333 4235.384615 4239.487179 4242.564103 4223.076923 4232.820513 4193.333333 4224.102564 3998.974359
4235.384615 4228.205128 4223.589744 4233.333333 4225.641026 4232.307692 4224.102564 4221.025641 4221.538462 4228.717949 4217.948718 4182.051282 4207.692308 4001.538462
4234.358974 4223.589744 4222.051282 4226.666667 4227.692308 4233.846154 4225.641026 4219.487179 4217.435897 4233.333333 4213.846154 4181.025641 4198.974359 4005.128205
4235.384615 4224.615385 4221.538462 4226.666667 4226.666667 4232.307692 4234.871795 4225.128205 4226.153846 4229.230769 4221.025641 4176.923077 4206.666667 4012.307692
4231.794872 4221.538462 4216.923077 4222.051282 4224.102564 4230.256410 4236.923077 4227.692308 4222.051282 4225.128205 4224.615385 4173.333333 4208.717949 4013.846154
4234.871795 4224.102564 4220.512821 4222.564103 4227.179487 4233.846154 4238.974359 4237.435897 4223.589744 4229.743590 4222.051282 4184.102564 4204.102564 4010.769231
4244.102564 4238.461538 4227.692308 4235.897436 4224.615385 4233.846154 4237.435897 4246.666667 4246.153846 4229.743590 4230.769231 4181.025641 4215.384615 4010.256410
4242.051282 4239.487179 4225.641026 4236.923077 4225.641026 4233.333333 4232.307692 4242.564103 4252.307692 4226.666667 4236.923077 4180.512821 4225.128205 4014.871795
4231.794872 4227.179487 4217.435897 4225.128205 4228.205128 4231.794872 4233.846154 4232.307692 4231.282051 4229.743590 4230.769231 4179.487179 4218.974359 4018.974359
4225.641026 4220.512821 4210.256410 4219.487179 4225.641026 4231.794872 4223.076923 4214.871795 4211.794872 4230.256410 4223.076923 4172.820513 4207.179487 4022.564103
4228.717949 4224.615385 4209.230769 4222.051282 4227.692308 4233.846154 4211.794872 4214.358974 4218.974359 4227.179487 4226.153846 4178.974359 4213.846154 4027.692308
4236.410256 4231.282051 4213.333333 4226.666667 4226.666667 4231.282051 4227.179487 4241.538462 4244.102564 4226.666667 4240.512821 4177.948718 4229.743590 4033.333333
4238.461538 4225.641026 4211.794872 4224.102564 4227.179487 4230.256410 4231.794872 4234.871795 4240.000000 4230.769231 4237.948718 4178.974359 4220.000000 4042.564103
4229.230769 4215.897436 4201.538462 4218.461538 4226.153846 4229.743590 4215.384615 4201.025641 4212.820513 4231.282051 4224.102564 4174.871795 4195.384615 4051.794872
4227.179487 4220.000000 4200.512821 4221.538462 4221.025641 4228.205128 4219.487179 4208.205128 4218.461538 4225.641026 4230.769231 4168.717949 4201.025641 4057.948718
4242.051282 4230.769231 4211.282051 4232.307692 4225.128205 4233.333333 4235.897436 4234.871795 4245.128205 4222.051282 4247.179487 4183.589744 4223.076923 4064.102564
4247.692308 4235.897436 4212.307692 4238.974359 4226.666667 4234.358974 4232.820513 4230.769231 4244.615385 4227.692308 4252.307692 4184.102564 4227.692308 4069.230769
4238.461538 4230.769231 4205.128205 4234.358974 4226.666667 4229.230769 4224.615385 4218.974359 4229.230769 4234.358974 4242.564103 4175.384615 4214.358974 4077.435897
4235.897436 4230.769231 4206.153846 4234.358974 4227.179487 4226.666667 4230.256410 4228.717949 4236.410256 4230.256410 4241.025641 4175.384615 4206.153846 4088.717949
4239.487179 4234.871795 4209.230769 4239.487179 4224.102564 4228.205128 4238.974359 4241.025641 4245.128205 4224.102564 4246.666667 4176.923077 4207.179487 4097.435897
4225.641026 4216.923077 4194.358974 4221.538462 4226.153846 4225.641026 4226.666667 4229.743590 4217.948718 4227.692308 4235.384615 4176.410256 4187.692308 4103.589744
4203.589744 4191.282051 4172.820513 4197.948718 4224.615385 4217.435897 4209.743590 4213.333333 4185.641026 4230.769231 4219.487179 4158.974359 4167.179487 4108.717949
4208.717949 4197.435897 4176.410256 4204.615385 4222.564103 4222.051282 4215.384615 4207.692308 4189.230769 4226.666667 4223.076923 4165.641026 4171.282051 4116.923077
4232.820513 4227.179487 4200.000000 4232.307692 4224.102564 4231.282051 4236.923077 4226.666667 4223.076923 4224.615385 4246.666667 4187.179487 4192.307692 4135.384615
4243.589744 4236.410256 4210.256410 4242.051282 4222.564103 4228.717949 4238.974359 4249.230769 4247.692308 4229.230769 4265.641026 4183.589744 4211.282051 4162.051282
4237.948718 4222.564103 4204.102564 4226.666667 4225.641026 4224.102564 4216.923077 4227.179487 4234.871795 4233.846154 4265.641026 4183.589744 4210.256410 4175.897436
4236.923077 4223.589744 4203.589744 4225.641026 4224.615385 4226.666667 4214.871795 4205.128205 4228.205128 4231.282051 4267.692308 4184.102564 4212.307692 4188.205128
4243.076923 4231.794872 4209.743590 4238.461538 4225.128205 4230.769231 4235.897436 4227.692308 4248.205128 4227.179487 4279.487179 4187.179487 4224.615385 4240.000000
4240.512821 4226.666667 4206.153846 4233.333333 4227.692308 4226.153846 4241.538462 4247.179487 4263.076923 4227.179487 4285.128205 4192.307692 4228.205128 4292.820513
4226.153846 4212.820513 4192.820513 4217.948718 4223.076923 4220.000000 4230.769231 4231.794872 4249.743590 4230.256410 4276.410256 4179.487179 4212.820513 4294.358974
4216.923077 4207.179487 4188.205128 4213.846154 4228.205128 4224.102564 4222.564103 4217.435897 4234.358974 4233.846154 4265.128205 4181.025641 4193.846154 4289.743590
4222.051282 4221.538462 4194.871795 4223.589744 4230.256410 4223.076923 4226.666667 4233.846154 4243.076923 4231.282051 4269.230769 4187.179487 4194.358974 4310.256410
4223.589744 4222.051282 4190.769231 4222.051282 4227.179487 4214.358974 4229.230769 4237.948718 4241.025641 4225.641026 4271.282051 4184.102564 4197.435897 4326.153846
4211.794872 4206.153846 4177.948718 4206.666667 4229.230769 4213.333333 4219.487179 4211.794872 4214.871795 4227.179487 4263.076923 4183.076923 4191.794872 4331.794872
4217.435897 4217.435897 4187.179487 4214.871795 4224.615385 4215.897436 4220.512821 4212.820513 4224.102564 4231.282051 4276.923077 4185.128205 4203.076923 4346.153846
4240.000000 4237.948718 4208.717949 4233.333333 4225.128205 4216.410256 4235.384615 4238.974359 4259.487179 4228.717949 4298.974359 4205.128205 4226.153846 4367.179487
4234.358974 4228.205128 4199.487179 4226.666667 4227.692308 4212.307692 4235.897436 4232.820513 4250.256410 4226.153846 4296.410256 4209.743590 4228.205128 4384.615385
4217.948718 4219.487179 4186.666667 4216.923077 4225.128205 4209.743590 4235.384615 4231.794872 4239.487179 4231.794872 4295.897436 4202.564103 4222.051282 4398.461538
4228.205128 4225.641026 4197.435897 4220.512821 4225.128205 4211.282051 4242.564103 4251.282051 4266.666667 4234.358974 4310.256410 4214.871795 4226.666667 4404.615385
4233.846154 4222.051282 4199.487179 4217.948718 4223.589744 4206.153846 4236.410256 4242.564103 4266.153846 4229.230769 4309.743590 4216.410256 4228.205128 4409.230769
4225.641026 4215.897436 4193.333333 4209.743590 4224.102564 4202.051282 4222.051282 4226.153846 4241.025641 4227.692308 4295.384615 4217.435897 4218.974359 4424.102564
4217.435897 4213.333333 4185.128205 4205.128205 4225.641026 4200.000000 4221.538462 4231.794872 4234.358974 4228.717949 4287.692308 4217.435897 4211.282051 4435.897436
4218.461538 4213.333333 4181.538462 4209.230769 4224.615385 4202.051282 4230.769231 4233.846154 4239.487179 4231.794872 4285.641026 4216.923077 4210.769231 4437.435897
4228.717949 4228.205128 4194.871795 4224.102564 4226.153846 4208.717949 4242.564103 4232.820513 4253.333333 4233.846154 4289.743590 4229.743590 4214.871795 4444.615385
4224.102564 4230.256410 4194.358974 4223.076923 4224.102564 4205.641026 4243.589744 4233.846154 4252.307692 4231.794872 4287.692308 4224.615385 4208.205128 4450.769231
4208.205128 4207.179487 4177.435897 4204.615385 4225.641026 4201.538462 4222.051282 4225.128205 4226.153846 4230.769231 4275.384615 4220.512821 4198.461538 4444.102564
4215.897436 4209.743590 4183.076923 4213.333333 4229.743590 4206.153846 4215.384615 4224.615385 4229.743590 4231.282051 4282.051282 4229.743590 4213.333333 4438.974359
4232.307692 4232.307692 4200.000000 4232.820513 4227.179487 4212.307692 4235.384615 4231.794872 4251.794872 4230.769231 4300.000000 4233.846154 4233.333333 4439.487179
4226.153846 4225.641026 4193.333333 4220.000000 4226.666667 4210.256410 4234.871795 4223.076923 4236.923077 4230.256410 4293.333333 4236.410256 4225.641026 4428.205128
4216.923077 4207.692308 4178.461538 4203.589744 4223.589744 4205.641026 4217.435897 4218.974359 4218.974359 4229.743590 4281.538462 4225.128205 4214.871795 4412.307692
4217.948718 4204.102564 4180.512821 4202.051282 4225.128205 4208.717949 4213.333333 4223.589744 4226.153846 4231.794872 4287.179487 4227.179487 4218.461538 4411.282051
4215.897436 4205.641026 4186.153846 4200.000000 4227.179487 4209.743590 4217.948718 4213.846154 4225.128205 4234.358974 4292.307692 4235.384615 4225.128205 4413.333333
4215.384615 4207.692308 4187.179487 4203.076923 4221.538462 4205.641026 4224.102564 4209.743590 4223.076923 4228.205128 4291.794872 4232.820513 4231.282051 4408.205128
4220.000000 4209.230769 4191.282051 4210.256410 4225.128205 4211.282051 4230.769231 4227.692308 4239.487179 4223.076923 4291.282051 4238.974359 4227.692308 4409.743590
4224.102564 4213.333333 4194.871795 4213.846154 4225.128205 4216.923077 4230.769231 4234.358974 4245.641026 4229.230769 4289.743590 4231.794872 4217.948718 4418.974359
4229.230769 4218.461538 4194.358974 4215.384615 4222.051282 4214.871795 4226.153846 4216.923077 4232.307692 4229.230769 4284.615385 4226.153846 4215.897436 4423.589744
4233.333333 4226.666667 4197.435897 4221.025641 4225.641026 4214.358974 4228.205128 4221.538462 4237.435897 4225.641026 4286.153846 4233.333333 4221.538462 4427.179487
4233.846154 4234.871795 4203.076923 4228.205128 4224.102564 4215.897436 4232.820513 4244.102564 4258.461538 4229.230769 4298.974359 4230.256410 4230.256410 4443.076923
4233.333333 4229.743590 4201.538462 4223.076923 4224.102564 4218.974359 4231.794872 4231.794872 4251.282051 4231.794872 4301.538462 4231.282051 4228.205128 4464.615385
4228.205128 4221.538462 4191.794872 4217.435897 4223.589744 4220.000000 4230.256410 4217.948718 4236.923077 4228.205128 4298.974359 4224.102564 4226.153846 4479.487179
4222.051282 4221.538462 4190.256410 4222.051282 4224.615385 4218.974359 4226.666667 4230.256410 4246.153846 4229.743590 4303.076923 4218.461538 4229.743590 4494.358974
4223.589744 4221.025641 4193.846154 4223.589744 4226.153846 4221.538462 4226.666667 4237.435897 4254.871795 4232.820513 4300.000000 4219.487179 4223.589744 4513.333333
4224.102564 4219.487179 4190.256410 4216.923077 4223.076923 4220.512821 4228.205128 4231.794872 4251.794872 4228.717949 4289.743590 4207.692308 4213.333333 4527.179487
4221.025641 4222.051282 4192.307692 4217.435897 4227.692308 4220.000000 4226.153846 4224.102564 4251.282051 4227.179487 4290.769231 4208.205128 4212.820513 4541.538462
4224.102564 4225.128205 4196.923077 4225.641026 4229.230769 4220.000000 4229.743590 4226.153846 4258.461538 4228.717949 4303.076923 4209.743590 4220.512821 4560.000000
4223.076923 4217.435897 4191.794872 4217.948718 4225.128205 4217.435897 4224.615385 4225.128205 4253.846154 4231.282051 4302.564103 4203.076923 4218.974359 4577.435897
4220.512821 4211.794872 4187.692308 4207.692308 4226.666667 4217.948718 4215.897436 4220.512821 4247.179487 4232.820513 4294.871795 4204.615385 4210.256410 4590.769231
4229.230769 4225.641026 4197.435897 4221.025641 4226.153846 4220.000000 4229.743590 4229.743590 4255.384615 4228.205128 4299.487179 4202.051282 4212.307692 4602.051282
4241.538462 4235.384615 4211.794872 4238.461538 4229.230769 4222.564103 4245.641026 4241.025641 4262.564103 4226.153846 4306.666667 4208.717949 4216.923077 4617.435897
4239.487179 4229.230769 4211.794872 4234.358974 4226.666667 4217.435897 4238.461538 4236.410256 4257.948718 4228.205128 4307.179487 4211.282051 4217.948718 4630.769231
4229.230769 4218.974359 4198.974359 4217.948718 4223.076923 4212.307692 4222.564103 4224.615385 4247.692308 4231.794872 4301.025641 4203.076923 4214.358974 4637.435897
4226.666667 4212.820513 4192.307692 4210.769231 4228.717949 4216.923077 4225.641026 4224.615385 4245.128205 4232.307692 4298.461538 4203.589744 4211.282051 4648.205128
4226.153846 4213.846154 4194.871795 4216.410256 4224.102564 4216.410256 4233.846154 4227.179487 4248.205128 4227.692308 4302.051282 4199.487179 4215.384615 4662.564103
4226.153846 4217.435897 4201.538462 4217.435897 4221.538462 4213.846154 4232.307692 4222.051282 4253.333333 4227.692308 4302.564103 4206.666667 4214.358974 4672.820513
4226.153846 4217.435897 4201.025641 4214.358974 4227.179487 4215.384615 4228.717949 4222.564103 4256.923077 4233.333333 4302.564103 4207.692308 4210.769231 4675.897436
4217.948718 4207.692308 4186.666667 4207.179487 4224.615385 4214.871795 4222.051282 4221.538462 4246.153846 4230.769231 4297.948718 4191.794872 4205.641026 4673.333333
4215.384615 4206.153846 4181.538462 4207.692308 4224.102564 4214.871795 4225.128205 4217.948718 4238.974359 4224.102564 4291.282051 4192.820513 4197.948718 4671.794872
4228.205128 4224.615385 4196.923077 4226.666667 4227.179487 4217.435897 4240.000000 4226.666667 4252.307692 4226.666667 4300.000000 4196.410256 4205.641026 4671.794872
4233.333333 4231.794872 4204.615385 4232.820513 4228.717949 4217.948718 4230.256410 4230.256410 4261.025641 4231.282051 4311.794872 4203.589744 4212.820513 4672.307692
4221.538462 4217.435897 4192.820513 4216.923077 4226.666667 4214.871795 4208.717949 4216.923077 4244.615385 4231.282051 4304.615385 4205.128205 4201.025641 4673.333333
4219.487179 4211.794872 4189.230769 4210.256410 4225.128205 4215.384615 4222.051282 4218.461538 4237.435897 4229.230769 4301.538462 4197.435897 4198.461538 4672.820513
4223.589744 4215.384615 4193.333333 4213.846154 4227.179487 4218.974359 4237.948718 4229.743590 4246.666667 4226.666667 4304.615385 4202.051282 4206.666667 4671.794872
4214.358974 4210.256410 4187.179487 4210.769231 4224.102564 4214.358974 4221.025641 4228.205128 4241.538462 4226.666667 4293.846154 4195.897436 4196.923077 4666.666667
4211.282051 4205.128205 4183.589744 4210.256410 4226.666667 4212.820513 4211.794872 4222.564103 4228.717949 4231.794872 4283.589744 4191.794872 4182.564103 4657.948718
4226.153846 4216.410256 4193.846154 4221.538462 4230.769231 4215.384615 4230.769231 4229.230769 4238.974359 4232.307692 4295.897436 4196.923077 4196.923077 4651.282051
4236.923077 4232.307692 4201.538462 4233.846154 4225.641026 4215.897436 4242.564103 4240.000000 4261.538462 4229.230769 4312.820513 4197.435897 4216.410256 4648.717949
4226.666667 4224.102564 4194.871795 4225.641026 4227.692308 4216.923077 4222.051282 4226.666667 4249.743590 4229.230769 4302.051282 4200.000000 4202.564103 4641.025641
4211.794872 4211.282051 4185.641026 4212.307692 4225.641026 4212.820513 4207.692308 4207.179487 4222.051282 4229.743590 4286.153846 4187.692308 4186.666667 4628.717949
4223.589744 4221.538462 4195.897436 4219.487179 4225.128205 4212.820513 4223.589744 4215.384615 4231.794872 4232.820513 4294.358974 4188.205128 4196.410256 4622.564103
4241.025641 4236.410256 4210.769231 4235.384615 4228.205128 4220.512821 4236.923077 4234.871795 4260.000000 4232.307692 4308.717949 4202.564103 4213.333333 4618.461538
4237.948718 4232.820513 4210.256410 4236.923077 4221.538462 4220.000000 4232.307692 4235.384615 4262.051282 4229.743590 4309.743590 4193.846154 4216.410256 4611.794872
4231.282051 4224.615385 4207.179487 4226.153846 4223.589744 4218.461538 4229.230769 4226.153846 4248.205128 4229.743590 4298.974359 4193.846154 4205.641026 4605.641026
4228.205128 4224.615385 4201.025641 4217.435897 4228.717949 4216.410256 4226.666667 4229.230769 4243.076923 4230.256410 4290.769231 4191.282051 4198.461538 4597.435897
4216.410256 4213.333333 4187.179487 4206.153846 4226.153846 4211.794872 4211.794872 4220.512821 4230.769231 4228.717949 4283.589744 4181.025641 4192.820513 4591.282051
4215.384615 4208.205128 4190.769231 4208.205128 4226.153846 4215.384615 4216.410256 4209.743590 4227.692308 4229.230769 4283.589744 4186.153846 4190.769231 4588.717949
4235.384615 4229.230769 4210.769231 4232.307692 4222.564103 4222.051282 4245.128205 4233.846154 4255.384615 4230.256410 4300.000000 4191.794872 4209.743590 4588.717949
4250.769231 4242.564103 4224.615385 4242.051282 4225.128205 4223.589744 4251.794872 4255.897436 4277.948718 4231.282051 4310.256410 4200.512821 4226.666667 4589.743590
4244.615385 4239.487179 4222.051282 4240.000000 4228.717949 4222.051282 4242.564103 4243.589744 4271.794872 4232.820513 4306.153846 4198.461538 4222.051282 4582.564103
4231.282051 4235.897436 4213.846154 4240.000000 4226.666667 4223.589744 4241.025641 4225.641026 4251.282051 4229.230769 4296.410256 4192.307692 4208.717949 4573.846154
4227.179487 4230.769231 4206.666667 4232.307692 4225.128205 4223.076923 4240.000000 4221.538462 4238.974359 4225.128205 4290.256410 4197.948718 4202.051282 4570.769231
4223.589744 4223.589744 4200.000000 4224.615385 4224.102564 4216.410256 4230.769231 4218.974359 4238.461538 4230.256410 4285.128205 4190.769231 4202.564103 4564.102564
4219.487179 4225.128205 4200.000000 4229.230769 4227.692308 4216.923077 4218.461538 4217.435897 4236.923077 4235.897436 4281.025641 4193.333333 4205.641026 4556.410256
4222.051282 4233.846154 4205.641026 4237.435897 4225.641026 4218.974359 4218.974359 4223.589744 4236.923077 4231.282051 4283.589744 4200.000000 4213.333333 4552.307692
4223.076923 4232.307692 4206.153846 4231.794872 4223.076923 4215.897436 4225.128205 4222.564103 4238.461538 4227.692308 4285.128205 4196.923077 4219.487179 4547.692308
4222.564103 4225.641026 4205.128205 4223.076923 4228.717949 4215.384615 4222.051282 4217.435897 4238.974359 4229.743590 4281.538462 4203.589744 4220.512821 4539.487179
4227.179487 4229.743590 4207.179487 4230.256410 4224.615385 4215.384615 4224.102564 4229.743590 4247.692308 4231.282051 4285.641026 4204.102564 4228.205128 4530.256410
4235.384615 4235.897436 4212.820513 4237.435897 4224.102564 4217.948718 4235.384615 4237.948718 4253.333333 4232.820513 4289.743590 4208.717949 4233.333333 4525.128205
4239.487179 4238.461538 4218.461538 4237.948718 4228.717949 4219.487179 4238.974359 4232.307692 4254.358974 4231.794872 4290.769231 4213.333333 4238.461538 4518.974359
4238.974359 4239.487179 4219.487179 4236.410256 4227.692308 4217.435897 4235.384615 4228.205128 4260.000000 4229.743590 4296.410256 4212.307692 4246.666667 4506.666667
4229.230769 4224.615385 4208.205128 4218.974359 4229.743590 4216.410256 4231.794872 4221.025641 4241.025641 4231.282051 4286.666667 4213.846154 4229.743590 4495.384615
4209.230769 4203.076923 4189.743590 4201.025641 4226.153846 4213.333333 4225.128205 4211.794872 4207.179487 4231.282051 4264.102564 4197.435897 4197.435897 4484.102564
4200.000000 4199.487179 4187.692308 4206.153846 4223.589744 4212.820513 4217.948718 4212.820513 4207.692308 4229.743590 4258.461538 4195.384615 4188.717949 4475.897436
4213.333333 4213.846154 4201.538462 4224.102564 4226.153846 4214.358974 4219.487179 4216.923077 4228.205128 4229.230769 4272.307692 4207.692308 4209.230769 4478.461538
4230.769231 4239.487179 4215.897436 4240.000000 4224.102564 4218.974359 4233.333333 4227.692308 4245.128205 4231.282051 4291.282051 4209.230769 4236.923077 4485.128205
4229.230769 4247.179487 4222.564103 4243.076923 4224.615385 4222.051282 4233.333333 4235.384615 4262.564103 4230.256410 4302.564103 4215.384615 4247.692308 4482.051282
4208.205128 4223.589744 4205.128205 4223.589744 4227.179487 4211.282051 4211.794872 4220.000000 4250.769231 4229.230769 4291.794872 4207.179487 4230.256410 4474.871795
4200.512821 4209.743590 4193.846154 4209.743590 4230.256410 4208.717949 4208.205128 4211.282051 4227.179487 4232.820513 4281.025641 4202.564103 4215.897436 4475.384615
4209.230769 4222.051282 4203.589744 4220.000000 4230.256410 4216.923077 4224.615385 4221.538462 4233.333333 4235.384615 4290.256410 4209.743590 4228.205128 4478.461538
