4244.102564 4106.666667 4266.666667 4256.923077 4220.000000 4241.538462 4237.948718 4218.461538 4208.717949 4230.769231 4188.205128 4195.897436 4170.769231 4128.205128
4238.974359 4104.615385 4261.538462 4252.820513 4220.000000 4236.923077 4236.410256 4215.384615 4193.333333 4232.307692 4187.692308 4188.205128 4166.666667 4127.692308
4237.948718 4112.307692 4262.564103 4252.820513 4220.000000 4233.333333 4241.025641 4224.102564 4201.025641 4233.333333 4190.769231 4191.794872 4172.820513 4130.769231
4240.000000 4125.641026 4270.256410 4257.435897 4220.000000 4237.435897 4244.102564 4221.538462 4222.564103 4232.307692 4194.871795 4199.487179 4181.538462 4133.333333
4243.589744 4127.179487 4273.333333 4261.538462 4217.948718 4243.589744 4243.076923 4215.897436 4227.179487 4232.307692 4197.435897 4192.307692 4187.179487 4128.717949
4233.333333 4112.307692 4257.948718 4244.102564 4222.051282 4238.974359 4243.076923 4218.461538 4213.333333 4232.820513 4189.230769 4190.256410 4173.333333 4127.179487
4227.692308 4117.948718 4253.333333 4241.538462 4217.948718 4241.538462 4250.256410 4230.256410 4211.794872 4231.282051 4193.333333 4191.794872 4177.948718 4126.153846
4235.384615 4134.871795 4262.051282 4253.846154 4217.435897 4244.102564 4252.307692 4230.256410 4230.256410 4232.307692 4207.179487 4194.358974 4193.846154 4131.794872
4244.102564 4147.179487 4268.205128 4263.589744 4220.512821 4246.666667 4250.769231 4229.230769 4248.717949 4233.846154 4212.307692 4202.051282 4206.153846 4134.871795
4242.051282 4151.282051 4267.692308 4266.666667 4217.435897 4250.769231 4251.282051 4236.923077 4247.692308 4231.794872 4212.307692 4200.000000 4216.410256 4127.179487
4236.410256 4146.666667 4260.512821 4258.974359 4222.051282 4242.051282 4252.820513 4233.846154 4240.000000 4230.769231 4208.717949 4198.974359 4203.076923 4126.153846
4248.205128 4156.410256 4268.717949 4272.820513 4221.025641 4247.692308 4260.512821 4245.128205 4257.948718 4232.820513 4220.000000 4203.076923 4212.307692 4123.589744
4253.333333 4163.076923 4275.384615 4275.384615 4217.435897 4255.384615 4261.025641 4248.717949 4268.717949 4233.333333 4227.692308 4204.615385 4228.717949 4117.435897
4240.512821 4156.923077 4260.000000 4254.358974 4222.051282 4246.153846 4252.820513 4226.153846 4247.692308 4230.769231 4215.384615 4199.487179 4212.307692 4107.179487
4233.846154 4154.871795 4245.128205 4254.358974 4220.512821 4238.974359 4251.794872 4222.564103 4230.769231 4230.769231 4208.205128 4190.769231 4197.435897 4095.384615
4232.820513 4163.076923 4242.051282 4253.846154 4221.025641 4232.820513 4257.435897 4230.256410 4236.923077 4232.820513 4208.205128 4195.897436 4202.564103 4090.769231
4235.897436 4184.615385 4249.230769 4253.333333 4221.538462 4238.974359 4257.435897 4224.615385 4241.025641 4231.282051 4212.820513 4198.461538 4219.487179 4079.487179
4230.256410 4185.128205 4245.641026 4247.692308 4220.512821 4241.538462 4249.743590 4221.538462 4232.307692 4230.256410 4211.794872 4190.256410 4210.256410 4064.102564
4227.179487 4181.025641 4240.000000 4245.128205 4220.512821 4237.435897 4251.282051 4229.743590 4239.487179 4232.307692 4203.589744 4188.205128 4191.794872 4055.384615
4240.512821 4203.076923 4250.769231 4265.641026 4217.948718 4244.615385 4263.589744 4241.025641 4254.358974 4232.820513 4208.205128 4189.230769 4210.769231 4052.307692
4236.410256 4202.051282 4247.179487 4266.666667 4222.051282 4241.025641 4261.538462 4241.538462 4247.179487 4232.820513 4211.282051 4191.794872 4223.076923 4049.230769
4229.230769 4200.512821 4247.692308 4269.743590 4219.487179 4243.589744 4259.487179 4245.128205 4255.897436 4232.820513 4210.769231 4192.307692 4226.153846 4041.538462
4230.256410 4216.410256 4249.743590 4268.717949 4215.384615 4252.820513 4263.589744 4243.076923 4276.923077 4232.820513 4207.692308 4188.205128 4224.102564 4036.923077
4216.923077 4208.717949 4231.794872 4242.564103 4222.564103 4240.512821 4260.000000 4227.692308 4262.051282 4232.820513 4197.948718 4184.102564 4211.794872 4031.794872
4215.897436 4208.205128 4233.846154 4254.358974 4223.589744 4232.307692 4261.025641 4233.846154 4251.282051 4232.820513 4205.128205 4182.564103 4228.717949 4022.051282
4221.538462 4233.846154 4243.076923 4277.435897 4223.589744 4234.871795 4256.923077 4243.076923 4262.051282 4231.794872 4212.307692 4189.230769 4237.948718 4015.897436
4216.923077 4257.948718 4234.358974 4267.179487 4221.538462 4228.717949 4246.666667 4235.897436 4260.000000 4231.282051 4204.615385 4189.230769 4227.179487 4008.205128
4214.358974 4268.205128 4228.205128 4254.358974 4218.974359 4214.871795 4248.717949 4234.358974 4249.743590 4232.820513 4203.589744 4184.615385 4231.794872 4010.256410
4216.923077 4292.307692 4230.769231 4260.512821 4224.615385 4213.333333 4252.307692 4228.717949 4251.794872 4232.820513 4205.128205 4183.589744 4232.307692 4015.897436
4225.641026 4332.307692 4238.461538 4276.410256 4221.538462 4230.769231 4250.769231 4226.153846 4266.666667 4231.282051 4205.128205 4178.974359 4240.512821 4007.179487
4222.564103 4352.307692 4240.000000 4274.358974 4221.538462 4234.871795 4250.256410 4230.256410 4271.282051 4231.794872 4204.102564 4182.564103 4249.743590 4007.692308
4220.512821 4369.743590 4243.076923 4278.974359 4224.615385 4230.256410 4253.846154 4228.717949 4268.205128 4233.333333 4212.820513 4188.717949 4258.461538 4010.256410
4235.897436 4396.923077 4255.384615 4312.820513 4222.051282 4239.487179 4258.974359 4222.564103 4285.128205 4232.307692 4225.641026 4191.282051 4272.820513 4005.128205
4240.000000 4412.307692 4255.384615 4303.589744 4224.615385 4241.538462 4259.487179 4221.025641 4301.025641 4230.769231 4222.051282 4196.410256 4277.948718 4002.564103
4228.717949 4429.230769 4240.512821 4258.461538 4224.102564 4229.230769 4249.743590 4223.076923 4286.153846 4231.794872 4215.897436 4190.256410 4277.435897 3995.897436
4226.153846 4472.307692 4237.948718 4273.333333 4224.102564 4222.051282 4244.615385 4218.461538 4283.589744 4234.358974 4215.384615 4188.205128 4269.743590 3995.897436
4226.666667 4510.769231 4242.051282 4297.948718 4225.128205 4229.743590 4249.743590 4211.794872 4287.179487 4232.820513 4211.794872 4189.230769 4263.589744 3994.871795
4203.076923 4524.102564 4217.948718 4235.897436 4220.000000 4221.538462 4243.589744 4211.794872 4252.307692 4231.282051 4198.461538 4173.846154 4249.743590 3983.589744
4197.948718 4552.307692 4209.230769 4215.384615 4222.564103 4197.435897 4233.846154 4217.948718 4254.871795 4233.846154 4191.282051 4178.461538 4246.153846 3985.128205
4240.512821 4616.410256 4251.794872 4298.461538 4222.564103 4202.564103 4237.948718 4231.282051 4314.358974 4232.820513 4223.076923 4200.512821 4301.025641 3989.743590
4244.102564 4648.205128 4257.435897 4281.025641 4223.076923 4203.589744 4227.179487 4224.615385 4322.051282 4229.743590 4237.435897 4200.000000 4322.051282 3983.589744
4207.179487 4647.179487 4222.564103 4196.410256 4225.128205 4181.025641 4208.205128 4204.615385 4293.333333 4231.794872 4206.153846 4184.615385 4283.589744 3977.948718
4219.487179 4702.564103 4232.820513 4237.435897 4220.000000 4175.384615 4212.820513 4208.717949 4302.564103 4234.358974 4206.666667 4184.615385 4300.000000 3983.589744
4253.333333 4781.538462 4258.461538 4308.205128 4223.076923 4182.564103 4220.512821 4215.897436 4323.076923 4232.820513 4237.435897 4201.025641 4348.717949 3992.820513
4253.333333 4811.282051 4260.512821 4296.410256 4223.589744 4197.948718 4221.538462 4220.000000 4338.974359 4232.307692 4238.974359 4197.948718 4351.794872 3989.230769
4231.794872 4797.435897 4248.205128 4253.333333 4223.589744 4202.051282 4221.538462 4217.948718 4337.435897 4234.358974 4213.846154 4183.589744 4333.846154 3982.564103
4223.589744 4807.179487 4241.025641 4250.769231 4227.692308 4191.794872 4222.051282 4205.128205 4310.256410 4234.358974 4209.230769 4182.564103 4349.230769 3980.000000
4223.076923 4861.538462 4242.051282 4258.974359 4224.102564 4198.974359 4229.230769 4202.564103 4301.538462 4232.307692 4216.923077 4178.974359 4362.564103 3981.025641
4204.102564 4901.538462 4224.102564 4217.435897 4225.641026 4197.435897 4230.769231 4201.025641 4313.846154 4231.794872 4203.589744 4173.333333 4341.025641 3990.769231
4186.666667 4928.205128 4209.230769 4177.435897 4226.666667 4191.794872 4229.230769 4200.512821 4327.179487 4231.794872 4192.820513 4172.307692 4345.128205 3996.923077
4185.641026 4928.717949 4207.179487 4171.794872 4224.102564 4198.974359 4234.871795 4196.410256 4332.307692 4231.794872 4191.794872 4172.307692 4350.256410 4009.743590
4216.410256 4938.974359 4230.769231 4231.794872 4227.179487 4208.205128 4246.666667 4196.923077 4344.615385 4233.846154 4209.230769 4182.564103 4367.179487 4041.025641
4254.358974 4991.794872 4264.615385 4299.487179 4226.153846 4220.000000 4255.897436 4217.435897 4377.948718 4233.846154 4237.948718 4189.743590 4425.128205 4063.589744
4236.923077 5002.051282 4249.230769 4258.974359 4228.717949 4216.410256 4248.717949 4212.307692 4383.076923 4230.769231 4225.128205 4185.128205 4418.461538 4071.282051
4209.743590 4986.666667 4224.615385 4206.153846 4229.743590 4212.820513 4240.000000 4188.205128 4360.000000 4229.743590 4203.076923 4178.974359 4371.282051 4078.974359
4221.025641 5005.641026 4240.512821 4230.769231 4227.179487 4216.410256 4242.564103 4195.897436 4378.974359 4232.820513 4211.794872 4187.179487 4387.179487 4105.128205
4230.256410 5035.384615 4254.871795 4251.282051 4230.256410 4216.923077 4249.743590 4212.820513 4409.743590 4233.333333 4225.128205 4198.461538 4427.692308 4133.846154
4235.384615 5044.615385 4259.487179 4249.743590 4228.717949 4221.025641 4256.410256 4215.384615 4401.538462 4231.794872 4237.948718 4195.384615 4443.589744 4152.307692
4238.974359 5061.025641 4257.435897 4236.410256 4230.769231 4213.333333 4251.794872 4209.743590 4390.769231 4232.307692 4240.512821 4194.358974 4427.692308 4181.538462
4230.256410 5100.000000 4246.666667 4235.897436 4229.743590 4203.589744 4246.153846 4205.128205 4393.846154 4232.820513 4226.153846 4192.307692 4410.769231 4206.153846
4226.153846 5093.333333 4245.641026 4252.307692 4224.615385 4211.282051 4250.769231 4208.205128 4394.871795 4232.820513 4215.384615 4192.820513 4421.538462 4220.512821
4225.641026 5067.179487 4246.153846 4217.948718 4229.743590 4217.948718 4253.333333 4212.820513 4398.974359 4232.820513 4214.358974 4198.974359 4424.615385 4233.333333
4218.974359 5099.487179 4242.051282 4190.769231 4229.230769 4215.384615 4256.410256 4224.102564 4397.948718 4232.307692 4224.102564 4189.743590 4416.410256 4237.948718
4212.307692 5120.512821 4241.538462 4224.102564 4229.743590 4213.333333 4260.512821 4224.615385 4397.948718 4233.333333 4225.128205 4189.743590 4423.589744 4244.102564
4218.461538 5065.641026 4242.051282 4231.282051 4234.871795 4217.948718 4256.410256 4212.820513 4398.974359 4232.820513 4218.461538 4197.948718 4435.897436 4247.179487
4238.974359 5050.769231 4248.717949 4245.128205 4233.333333 4217.435897 4255.897436 4218.461538 4394.871795 4232.307692 4226.153846 4197.948718 4449.230769 4253.333333
4249.743590 5115.384615 4258.974359 4275.384615 4232.307692 4217.435897 4267.179487 4228.717949 4406.666667 4232.820513 4232.307692 4205.128205 4452.307692 4260.512821
4226.666667 5099.487179 4240.512821 4218.974359 4228.717949 4221.538462 4264.615385 4220.000000 4395.384615 4230.769231 4214.358974 4192.820513 4445.128205 4246.666667
4195.384615 5013.846154 4203.589744 4157.435897 4232.820513 4204.615385 4249.230769 4207.179487 4352.820513 4229.743590 4189.230769 4171.794872 4423.076923 4237.435897
4196.923077 5046.666667 4210.256410 4199.487179 4236.923077 4200.512821 4252.820513 4214.871795 4356.410256 4231.282051 4213.846154 4182.564103 4412.307692 4247.179487
4216.410256 5093.333333 4235.897436 4220.512821 4228.717949 4217.948718 4261.025641 4223.589744 4383.076923 4231.794872 4252.820513 4196.923077 4427.179487 4250.769231
4210.769231 5009.743590 4220.000000 4171.794872 4231.282051 4207.692308 4252.820513 4212.820513 4365.641026 4231.794872 4225.128205 4184.102564 4406.666667 4244.102564
4198.974359 4984.615385 4209.743590 4163.076923 4234.871795 4200.512821 4253.846154 4216.923077 4360.000000 4231.794872 4215.384615 4174.358974 4397.435897 4237.435897
4202.051282 5034.871795 4214.871795 4172.307692 4233.333333 4200.000000 4257.435897 4221.025641 4370.256410 4231.794872 4271.282051 4185.128205 4387.692308 4236.923077
4184.615385 4985.641026 4183.589744 4143.589744 4235.384615 4175.384615 4242.564103 4189.743590 4314.358974 4230.769231 4254.358974 4163.589744 4312.307692 4217.435897
4128.717949 4950.769231 4129.230769 4090.769231 4233.333333 4148.717949 4222.564103 4153.846154 4224.102564 4232.307692 4180.000000 4120.512821 4283.589744 4190.769231
4102.564103 5028.205128 4114.871795 4063.076923 4234.358974 4142.051282 4214.871795 4139.487179 4201.538462 4233.846154 4191.794872 4131.794872 4320.512821 4195.384615
4134.871795 5082.564103 4140.512821 4103.076923 4232.820513 4154.871795 4221.538462 4144.615385 4237.435897 4232.307692 4230.769231 4152.307692 4310.256410 4195.897436
4149.743590 5035.384615 4148.717949 4119.487179 4234.871795 4162.051282 4231.282051 4158.974359 4238.974359 4232.820513 4203.076923 4146.666667 4307.179487 4176.923077
4134.871795 4978.974359 4139.487179 4085.641026 4239.487179 4163.076923 4233.333333 4161.538462 4202.564103 4233.333333 4174.358974 4144.102564 4363.589744 4165.641026
4114.358974 4995.384615 4124.102564 4055.384615 4234.871795 4162.051282 4222.051282 4145.641026 4178.461538 4230.256410 4173.333333 4129.230769 4381.538462 4152.820513
4084.615385 5029.230769 4101.025641 4040.000000 4236.923077 4148.717949 4210.769231 4133.846154 4177.948718 4230.769231 4146.153846 4116.923077 4345.128205 4138.974359
4110.256410 5037.435897 4126.666667 4082.051282 4237.948718 4157.435897 4224.615385 4157.948718 4196.410256 4233.846154 4177.435897 4138.974359 4326.153846 4137.948718
4138.461538 5026.666667 4148.717949 4106.666667 4234.871795 4170.769231 4233.333333 4167.179487 4189.230769 4231.794872 4226.666667 4147.179487 4321.025641 4137.948718
4106.153846 5018.974359 4117.435897 4085.641026 4237.948718 4151.794872 4214.358974 4139.487179 4176.410256 4230.256410 4150.256410 4120.000000 4325.641026 4116.923077
4104.615385 5011.282051 4118.461538 4095.897436 4237.435897 4150.256410 4212.820513 4146.666667 4209.230769 4232.820513 4126.153846 4121.538462 4325.128205 4106.666667
4117.948718 4981.538462 4130.769231 4084.615385 4237.948718 4166.666667 4220.000000 4166.153846 4220.000000 4233.333333 4182.564103 4138.461538 4306.153846 4119.487179
4089.743590 4968.205128 4102.051282 4047.179487 4235.897436 4164.102564 4212.307692 4152.820513 4188.205128 4231.794872 4134.871795 4112.307692 4298.974359 4107.692308
4080.512821 4973.333333 4092.820513 4056.923077 4235.384615 4151.794872 4208.717949 4142.564103 4189.230769 4232.820513 4069.743590 4094.871795 4285.641026 4089.230769
4095.384615 4976.410256 4111.282051 4065.641026 4239.487179 4151.794872 4210.256410 4139.487179 4200.512821 4233.333333 4122.564103 4122.051282 4300.000000 4097.435897
4120.000000 4982.564103 4137.435897 4096.923077 4235.384615 4170.769231 4220.512821 4155.897436 4199.487179 4230.769231 4189.743590 4138.461538 4340.512821 4102.051282
4123.589744 4970.769231 4135.897436 4122.051282 4236.923077 4174.358974 4226.153846 4176.923077 4208.205128 4230.256410 4143.076923 4120.512821 4282.564103 4087.692308
4107.179487 4964.615385 4120.000000 4091.794872 4240.512821 4165.128205 4220.512821 4172.307692 4220.000000 4232.307692 4092.820513 4108.717949 4265.128205 4073.846154
4111.794872 4974.871795 4130.769231 4089.743590 4236.410256 4172.307692 4218.974359 4160.000000 4223.076923 4233.846154 4135.897436 4121.025641 4323.589744 4075.384615
4123.589744 4962.564103 4137.435897 4108.205128 4240.000000 4177.948718 4222.051282 4157.435897 4221.538462 4233.333333 4164.102564 4128.717949 4320.000000 4076.410256
4121.025641 4958.461538 4128.717949 4101.538462 4238.974359 4181.025641 4226.153846 4170.769231 4220.000000 4231.282051 4124.102564 4114.871795 4334.871795 4065.641026
4106.666667 4968.205128 4119.487179 4088.717949 4237.435897 4176.410256 4225.128205 4172.820513 4213.846154 4231.282051 4097.435897 4112.307692 4338.974359 4058.974359
4107.179487 4951.282051 4127.692308 4109.230769 4239.487179 4174.358974 4227.692308 4165.128205 4229.743590 4232.820513 4118.974359 4124.102564 4289.230769 4054.871795
4124.102564 4930.769231 4144.102564 4132.307692 4236.923077 4181.025641 4232.820513 4173.846154 4258.974359 4233.846154 4133.846154 4124.615385 4302.051282 4052.307692
4132.307692 4937.948718 4143.589744 4122.564103 4241.025641 4179.487179 4231.282051 4184.102564 4240.512821 4232.307692 4136.410256 4126.153846 4342.051282 4056.410256
4134.871795 4945.128205 4141.025641 4124.102564 4241.025641 4181.025641 4230.769231 4182.564103 4221.025641 4230.769231 4133.846154 4122.564103 4340.512821 4050.769231
4132.820513 4928.205128 4145.128205 4135.384615 4240.000000 4185.128205 4230.256410 4174.358974 4258.974359 4232.820513 4118.974359 4119.487179 4326.153846 4048.717949
4133.846154 4919.487179 4155.897436 4145.128205 4241.538462 4191.794872 4230.256410 4174.358974 4245.128205 4233.846154 4124.102564 4126.153846 4317.948718 4048.205128
4136.923077 4912.820513 4156.923077 4147.692308 4236.410256 4193.846154 4229.743590 4173.333333 4191.282051 4231.794872 4122.051282 4117.435897 4294.358974 4034.871795
4140.000000 4897.948718 4150.256410 4147.179487 4240.512821 4185.128205 4227.692308 4160.512821 4225.641026 4231.794872 4115.897436 4117.948718 4309.230769 4032.307692
4149.743590 4905.641026 4161.538462 4163.076923 4243.076923 4195.384615 4233.333333 4165.641026 4274.871795 4232.820513 4135.897436 4126.666667 4375.384615 4032.307692
4145.641026 4898.974359 4163.076923 4158.461538 4241.538462 4200.000000 4235.384615 4178.461538 4243.589744 4232.307692 4114.871795 4123.076923 4359.487179 4019.487179
4142.051282 4871.282051 4159.487179 4155.384615 4240.512821 4188.717949 4233.333333 4181.538462 4221.025641 4232.820513 4109.743590 4125.641026 4291.794872 4013.333333
4156.410256 4866.666667 4173.846154 4178.461538 4237.948718 4194.358974 4233.846154 4190.769231 4250.256410 4231.282051 4155.897436 4134.871795 4330.769231 4020.512821
4156.410256 4873.846154 4172.820513 4169.230769 4242.564103 4198.461538 4231.282051 4186.666667 4259.487179 4232.307692 4142.051282 4135.897436 4375.384615 4018.974359
4153.846154 4878.461538 4171.282051 4159.487179 4242.051282 4199.487179 4231.282051 4179.487179 4267.179487 4231.794872 4112.307692 4128.717949 4333.846154 4004.615385
4159.487179 4862.564103 4178.461538 4175.384615 4242.051282 4200.512821 4235.384615 4182.564103 4270.769231 4225.128205 4130.256410 4129.230769 4324.615385 4004.102564
4162.564103 4840.000000 4173.846154 4179.487179 4246.153846 4192.307692 4232.307692 4173.846154 4250.256410 4226.153846 4140.512821 4133.846154 4364.615385 4006.666667
4161.538462 4834.871795 4168.205128 4176.410256 4239.487179 4187.179487 4227.692308 4161.538462 4252.307692 4233.846154 4131.282051 4126.153846 4369.230769 3998.461538
4150.769231 4814.358974 4164.615385 4168.205128 4240.512821 4185.128205 4227.179487 4165.128205 4242.051282 4235.384615 4144.102564 4128.205128 4363.589744 3997.435897
4143.589744 4789.230769 4162.051282 4161.025641 4244.102564 4193.333333 4227.179487 4175.384615 4217.435897 4229.743590 4149.743590 4127.692308 4360.000000 3986.153846
4142.051282 4762.051282 4155.384615 4151.794872 4240.512821 4197.435897 4224.102564 4172.307692 4222.051282 4229.743590 4128.717949 4118.461538 4325.641026 3970.769231
4144.615385 4736.410256 4156.410256 4148.205128 4241.538462 4191.794872 4227.692308 4171.282051 4247.692308 4233.333333 4131.282051 4126.153846 4322.564103 3975.384615
4164.615385 4734.871795 4181.538462 4173.846154 4241.538462 4198.461538 4241.025641 4197.435897 4271.282051 4232.307692 4145.641026 4136.923077 4377.435897 3978.461538
4177.948718 4720.512821 4194.358974 4190.769231 4243.589744 4202.051282 4242.051282 4206.666667 4278.461538 4231.282051 4153.846154 4143.076923 4376.923077 3975.897436
4178.461538 4693.333333 4190.769231 4188.717949 4244.102564 4201.538462 4232.820513 4190.769231 4267.692308 4231.794872 4164.615385 4140.512821 4370.769231 3972.820513
4184.615385 4681.538462 4195.384615 4193.333333 4241.538462 4205.641026 4233.846154 4194.871795 4248.717949 4233.333333 4172.307692 4141.025641 4395.897436 3976.410256
4188.205128 4674.871795 4199.487179 4198.461538 4244.102564 4207.692308 4237.435897 4204.102564 4261.538462 4232.820513 4164.615385 4149.743590 4369.743590 3982.564103
4192.307692 4661.538462 4203.589744 4203.589744 4242.051282 4211.794872 4241.025641 4204.102564 4284.102564 4230.769231 4166.666667 4147.692308 4368.205128 3978.461538
4193.846154 4641.025641 4203.076923 4200.000000 4243.076923 4206.666667 4242.051282 4204.102564 4272.820513 4231.282051 4173.333333 4147.692308 4400.000000 3981.538462
4192.307692 4624.615385 4198.461538 4198.461538 4244.102564 4205.128205 4243.076923 4212.307692 4253.333333 4231.794872 4162.564103 4148.717949 4374.358974 3984.102564
4194.358974 4603.076923 4203.076923 4202.051282 4241.025641 4216.923077 4250.769231 4225.128205 4260.512821 4232.307692 4165.641026 4145.641026 4364.615385 3985.641026
4200.000000 4571.794872 4213.846154 4202.051282 4243.589744 4216.410256 4258.461538 4229.743590 4292.307692 4232.820513 4184.102564 4155.897436 4399.487179 3995.384615
4212.820513 4548.205128 4224.102564 4215.384615 4242.051282 4212.820513 4256.923077 4240.512821 4296.410256 4233.846154 4193.333333 4160.512821 4406.153846 3999.487179
4205.641026 4511.282051 4213.333333 4210.256410 4242.564103 4205.641026 4245.128205 4242.564103 4267.692308 4233.333333 4177.948718 4151.282051 4372.820513 4004.102564
4195.384615 4482.051282 4208.717949 4203.589744 4246.666667 4202.051282 4241.538462 4231.794872 4259.487179 4231.794872 4173.333333 4151.794872 4373.846154 4017.435897
4209.743590 4477.948718 4229.230769 4223.076923 4242.051282 4216.410256 4246.153846 4235.897436 4281.538462 4232.820513 4202.051282 4162.051282 4394.358974 4043.589744
4216.923077 4452.820513 4234.358974 4231.794872 4243.076923 4225.128205 4247.692308 4244.615385 4297.948718 4234.358974 4208.717949 4168.205128 4389.743590 4081.538462
4216.410256 4414.871795 4233.846154 4236.923077 4240.512821 4224.615385 4251.794872 4247.692308 4300.512821 4233.333333 4193.846154 4166.153846 4408.717949 4112.820513
4221.538462 4385.641026 4241.025641 4238.974359 4239.487179 4218.974359 4249.230769 4243.589744 4303.589744 4231.794872 4199.487179 4168.717949 4426.153846 4143.589744
4224.615385 4361.025641 4246.153846 4236.410256 4244.102564 4220.512821 4243.589744 4240.000000 4300.512821 4231.794872 4216.923077 4172.307692 4406.666667 4175.384615
4218.974359 4320.512821 4246.153846 4234.358974 4242.564103 4229.230769 4250.769231 4248.717949 4294.871795 4230.769231 4215.384615 4167.179487 4397.435897 4198.461538
4207.692308 4267.179487 4238.974359 4220.000000 4245.128205 4221.025641 4252.307692 4251.282051 4296.923077 4230.256410 4195.897436 4168.205128 4403.076923 4216.410256
4211.282051 4246.666667 4240.512821 4228.717949 4244.102564 4219.487179 4246.666667 4246.153846 4306.153846 4231.794872 4204.102564 4168.717949 4423.076923 4228.205128
4215.897436 4240.000000 4242.051282 4237.948718 4242.564103 4226.666667 4248.205128 4251.282051 4301.538462 4232.820513 4228.205128 4169.230769 4430.769231 4247.179487
4211.282051 4220.000000 4238.461538 4218.974359 4245.128205 4225.128205 4253.333333 4257.948718 4294.358974 4231.794872 4224.615385 4171.794872 4408.205128 4273.846154
4211.282051 4204.102564 4244.102564 4222.564103 4239.487179 4228.717949 4254.871795 4256.923077 4303.076923 4231.282051 4216.410256 4166.153846 4410.256410 4303.589744
4211.794872 4198.974359 4244.102564 4235.384615 4240.000000 4228.717949 4254.358974 4254.358974 4313.333333 4233.333333 4216.410256 4171.282051 4430.769231 4340.512821
4220.000000 4205.641026 4246.666667 4240.512821 4241.538462 4231.794872 4260.000000 4265.641026 4321.025641 4232.307692 4230.256410 4178.974359 4436.410256 4370.769231
4225.641026 4197.948718 4256.923077 4242.564103 4241.538462 4231.794872 4261.025641 4263.076923 4324.102564 4228.717949 4242.564103 4176.923077 4421.538462 4393.846154
4219.487179 4177.435897 4256.410256 4234.871795 4245.128205 4223.076923 4258.461538 4250.256410 4320.512821 4229.230769 4235.384615 4177.435897 4407.179487 4406.666667
4224.102564 4174.871795 4257.435897 4235.384615 4241.025641 4229.230769 4262.564103 4264.615385 4323.076923 4232.307692 4232.820513 4175.897436 4421.538462 4410.256410
4227.692308 4169.230769 4253.333333 4234.871795 4240.512821 4233.333333 4257.435897 4258.974359 4318.461538 4232.307692 4234.871795 4174.871795 4416.923077 4419.487179
4232.307692 4165.641026 4256.923077 4242.564103 4241.538462 4237.948718 4255.897436 4242.051282 4315.897436 4231.282051 4247.179487 4181.538462 4412.307692 4425.641026
4245.641026 4174.358974 4276.410256 4259.487179 4238.974359 4246.666667 4270.769231 4265.128205 4340.512821 4233.846154 4258.974359 4190.256410 4431.794872 4428.717949
4251.794872 4175.384615 4288.205128 4264.615385 4243.589744 4249.743590 4277.435897 4285.641026 4357.435897 4234.358974 4257.435897 4197.435897 4435.897436 4432.820513
4257.435897 4173.846154 4295.384615 4271.282051 4242.051282 4252.820513 4271.794872 4278.974359 4351.282051 4231.794872 4271.282051 4201.025641 4445.641026 4429.743590
4258.974359 4165.641026 4297.435897 4273.333333 4241.538462 4248.205128 4270.769231 4271.282051 4354.871795 4232.820513 4281.538462 4206.666667 4449.743590 4434.358974
4261.538462 4160.000000 4303.076923 4281.025641 4242.051282 4252.307692 4278.461538 4277.948718 4367.692308 4232.820513 4273.846154 4203.589744 4453.846154 4442.564103
4267.692308 4162.564103 4310.769231 4293.333333 4241.538462 4263.589744 4282.051282 4283.589744 4362.564103 4232.307692 4279.487179 4203.076923 4466.153846 4447.179487
4265.641026 4162.051282 4302.051282 4290.769231 4246.153846 4257.948718 4273.846154 4270.256410 4345.641026 4233.846154 4287.179487 4207.692308 4445.641026 4452.820513
4265.641026 4169.230769 4295.897436 4294.871795 4237.948718 4251.282051 4270.256410 4264.615385 4342.051282 4232.307692 4280.000000 4195.384615 4428.717949 4453.333333
4259.487179 4160.512821 4289.743590 4287.692308 4234.871795 4246.153846 4271.282051 4271.794872 4337.435897 4230.256410 4268.717949 4189.743590 4433.333333 4449.743590
4258.974359 4145.641026 4289.230769 4280.000000 4239.487179 4246.666667 4275.384615 4275.897436 4334.871795 4231.282051 4265.641026 4198.461538 4443.589744 4441.538462
4268.717949 4145.128205 4297.948718 4284.615385 4237.435897 4247.179487 4280.512821 4281.538462 4338.461538 4232.307692 4275.897436 4203.076923 4435.384615 4435.384615
4268.205128 4148.205128 4301.025641 4282.051282 4242.051282 4241.538462 4284.102564 4283.589744 4335.897436 4232.820513 4283.076923 4208.205128 4413.333333 4434.358974
4271.282051 4154.358974 4309.743590 4293.333333 4239.487179 4253.333333 4291.794872 4285.641026 4338.974359 4231.794872 4285.128205 4208.205128 4424.615385 4424.102564
4268.205128 4141.538462 4306.666667 4292.820513 4237.435897 4253.846154 4286.666667 4278.974359 4338.974359 4231.282051 4282.051282 4205.641026 4434.358974 4414.871795
4256.410256 4125.128205 4296.923077 4280.000000 4243.076923 4239.487179 4272.307692 4270.256410 4329.230769 4231.282051 4278.461538 4206.153846 4412.820513 4401.538462
4256.923077 4129.230769 4301.025641 4287.179487 4239.487179 4247.179487 4269.230769 4270.769231 4323.589744 4231.794872 4284.615385 4202.051282 4400.000000 4385.128205
4260.000000 4130.769231 4298.461538 4291.794872 4238.974359 4250.256410 4272.307692 4267.692308 4326.153846 4233.846154 4286.666667 4204.102564 4402.564103 4380.000000
4260.512821 4128.205128 4295.897436 4291.282051 4237.435897 4241.025641 4276.410256 4273.333333 4328.717949 4232.820513 4291.282051 4207.179487 4415.384615 4367.692308
4252.307692 4114.871795 4294.358974 4282.564103 4235.384615 4239.487179 4272.307692 4271.282051 4318.461538 4230.769231 4291.282051 4204.615385 4408.717949 4346.666667
4247.692308 4105.641026 4291.282051 4276.923077 4237.435897 4241.538462 4264.615385 4260.512821 4316.410256 4231.794872 4285.128205 4204.102564 4393.333333 4331.794872
4254.358974 4113.333333 4295.897436 4286.153846 4237.435897 4243.076923 4270.256410 4267.692308 4323.589744 4233.333333 4285.641026 4205.641026 4401.538462 4318.461538
4253.846154 4107.179487 4298.974359 4287.692308 4240.000000 4244.615385 4276.410256 4274.871795 4318.974359 4232.307692 4290.256410 4212.307692 4408.205128 4303.076923
4255.897436 4103.076923 4304.102564 4290.769231 4236.923077 4252.307692 4276.410256 4275.384615 4321.538462 4229.743590 4301.025641 4212.820513 4409.230769 4281.538462
4257.948718 4108.205128 4301.025641 4286.666667 4234.871795 4251.794872 4276.923077 4272.820513 4331.794872 4230.256410 4298.461538 4210.769231 4395.384615 4263.589744
4252.820513 4104.615385 4293.846154 4281.538462 4238.974359 4242.564103 4275.384615 4266.666667 4327.179487 4231.794872 4288.205128 4213.333333 4378.974359 4249.743590
4258.461538 4098.974359 4301.025641 4297.435897 4235.897436 4244.615385 4269.743590 4267.692308 4320.512821 4231.794872 4302.051282 4212.307692 4391.282051 4238.974359
4261.538462 4092.820513 4299.487179 4293.846154 4236.923077 4246.666667 4269.230769 4272.307692 4326.153846 4232.820513 4306.666667 4212.307692 4386.666667 4236.410256
4257.435897 4095.897436 4292.820513 4281.538462 4236.410256 4250.769231 4275.384615 4277.948718 4324.615385 4232.307692 4298.461538 4207.179487 4372.307692 4227.179487
4254.871795 4092.307692 4293.333333 4282.051282 4234.358974 4247.179487 4275.897436 4282.051282 4315.897436 4232.307692 4296.410256 4202.051282 4370.256410 4218.974359
4251.282051 4081.538462 4289.230769 4275.384615 4240.512821 4238.461538 4269.230769 4269.230769 4316.923077 4232.307692 4286.666667 4204.102564 4360.512821 4226.153846
4252.307692 4078.461538 4287.179487 4269.743590 4236.923077 4247.692308 4268.717949 4260.512821 4309.743590 4231.794872 4291.282051 4201.025641 4362.051282 4240.000000
4260.000000 4072.820513 4289.743590 4269.743590 4234.871795 4247.692308 4268.717949 4268.717949 4303.076923 4232.307692 4301.025641 4205.641026 4364.615385 4266.153846
4271.794872 4075.897436 4297.435897 4284.615385 4237.948718 4242.564103 4268.205128 4269.743590 4317.435897 4232.307692 4290.256410 4208.717949 4361.025641 4291.282051
4272.820513 4080.512821 4300.000000 4291.282051 4237.435897 4243.589744 4269.743590 4260.512821 4319.487179 4233.333333 4288.205128 4206.666667 4365.128205 4309.743590
4266.153846 4073.846154 4295.384615 4275.384615 4240.000000 4237.948718 4271.794872 4256.410256 4309.230769 4232.820513 4303.589744 4213.333333 4372.307692 4330.769231
4277.948718 4081.025641 4307.692308 4285.641026 4236.410256 4243.589744 4277.435897 4268.205128 4328.205128 4230.256410 4313.846154 4217.435897 4384.615385 4350.256410
4287.692308 4089.743590 4311.794872 4302.051282 4237.948718 4248.717949 4278.974359 4273.333333 4349.230769 4231.282051 4304.102564 4217.948718 4379.487179 4368.717949
4282.051282 4085.128205 4300.512821 4298.461538 4240.000000 4250.256410 4278.461538 4271.794872 4341.538462 4234.358974 4304.102564 4214.871795 4377.948718 4378.461538
4274.358974 4074.358974 4295.897436 4294.871795 4233.333333 4255.897436 4278.974359 4279.487179 4338.461538 4233.846154 4314.358974 4210.769231 4388.205128 4388.205128
4264.102564 4067.179487 4288.205128 4291.794872 4234.871795 4252.307692 4269.230769 4268.717949 4338.461538 4231.282051 4302.051282 4213.333333 4366.666667 4402.564103
4263.589744 4075.897436 4283.589744 4293.846154 4235.897436 4250.769231 4261.538462 4254.358974 4323.589744 4230.256410 4291.794872 4205.641026 4353.333333 4409.743590
4262.564103 4076.923077 4281.538462 4286.666667 4234.871795 4252.820513 4266.153846 4258.461538 4312.307692 4231.282051 4296.923077 4199.487179 4345.641026 4426.666667
4258.974359 4071.794872 4282.051282 4283.076923 4234.358974 4255.897436 4270.769231 4269.230769 4317.948718 4232.820513 4296.923077 4205.641026 4330.769231 4449.743590
4255.897436 4068.205128 4281.025641 4283.076923 4234.871795 4258.461538 4268.205128 4266.666667 4312.820513 4232.820513 4289.230769 4204.615385 4326.153846 4461.538462
4239.487179 4052.820513 4263.076923 4258.974359 4240.512821 4247.692308 4260.512821 4246.666667 4286.153846 4230.769231 4278.974359 4197.435897 4313.333333 4475.384615
4235.897436 4048.717949 4262.564103 4256.410256 4233.846154 4241.025641 4263.589744 4253.846154 4282.051282 4231.282051 4282.564103 4196.410256 4310.769231 4497.948718
4252.307692 4057.948718 4285.641026 4278.974359 4232.307692 4243.589744 4272.820513 4278.974359 4309.743590 4233.846154 4296.923077 4209.743590 4327.692308 4526.666667
4268.717949 4072.307692 4304.102564 4298.461538 4238.974359 4252.307692 4279.487179 4287.692308 4338.974359 4233.846154 4308.205128 4224.102564 4344.615385 4548.717949
4272.307692 4074.358974 4307.179487 4300.512821 4233.846154 4257.948718 4275.384615 4287.179487 4348.205128 4232.307692 4315.897436 4221.025641 4347.179487 4558.974359
4260.512821 4061.025641 4294.871795 4283.589744 4233.846154 4242.564103 4265.128205 4278.974359 4333.333333 4233.333333 4308.205128 4218.974359 4329.230769 4570.769231
4260.000000 4068.205128 4295.897436 4290.256410 4234.358974 4243.076923 4273.846154 4280.000000 4321.538462 4231.794872 4304.102564 4220.000000 4327.692308 4577.948718
4256.923077 4068.717949 4292.820513 4292.820513 4234.358974 4250.769231 4278.461538 4292.307692 4321.538462 4229.743590 4303.589744 4217.435897 4317.435897 4583.076923
4246.153846 4053.846154 4280.512821 4276.923077 4236.923077 4244.102564 4267.692308 4289.743590 4314.358974 4230.769231 4297.435897 4216.923077 4295.897436 4584.102564
4249.743590 4059.487179 4286.666667 4280.000000 4234.358974 4243.076923 4266.666667 4280.000000 4305.641026 4231.794872 4304.102564 4214.871795 4310.256410 4578.974359
4250.256410 4062.564103 4288.205128 4278.461538 4236.410256 4242.051282 4268.205128 4274.358974 4305.641026 4231.794872 4300.000000 4216.923077 4311.794872 4575.384615
4249.230769 4058.461538 4284.615385 4279.487179 4235.897436 4245.641026 4271.794872 4280.512821 4314.358974 4231.794872 4292.307692 4217.435897 4292.307692 4565.128205
4250.769231 4055.897436 4288.205128 4288.205128 4233.333333 4252.820513 4278.974359 4286.666667 4314.871795 4231.794872 4301.025641 4216.410256 4288.205128 4559.487179
4245.641026 4055.897436 4287.179487 4279.487179 4236.410256 4251.282051 4278.974359 4278.461538 4301.025641 4231.794872 4303.076923 4214.871795 4290.769231 4551.794872
4245.128205 4061.025641 4283.589744 4274.871795 4232.820513 4255.384615 4276.410256 4283.076923 4298.461538 4231.794872 4293.846154 4208.205128 4288.205128 4534.358974
4242.051282 4053.333333 4278.974359 4275.897436 4235.897436 4257.948718 4276.923077 4289.230769 4299.487179 4232.820513 4290.256410 4210.769231 4274.871795 4528.717949
4243.076923 4050.769231 4284.615385 4280.000000 4238.461538 4260.512821 4280.000000 4288.717949 4292.307692 4232.820513 4299.487179 4215.897436 4269.743590 4523.589744
4245.128205 4055.897436 4286.153846 4273.846154 4232.307692 4255.897436 4279.487179 4283.589744 4293.333333 4233.333333 4294.358974 4213.846154 4260.512821 4517.435897
4235.897436 4049.743590 4273.846154 4256.923077 4232.820513 4243.589744 4272.307692 4273.846154 4294.358974 4232.307692 4282.564103 4213.846154 4251.794872 4515.897436
4234.871795 4046.666667 4271.794872 4260.000000 4234.358974 4244.102564 4271.794872 4277.435897 4282.051282 4230.256410 4288.717949 4210.256410 4260.000000 4505.641026
4236.410256 4050.256410 4267.179487 4259.487179 4237.435897 4237.948718 4269.743590 4275.897436 4274.358974 4230.769231 4285.641026 4211.282051 4235.384615 4500.000000
4237.435897 4056.410256 4263.589744 4252.820513 4234.358974 4231.282051 4264.102564 4275.384615 4281.538462 4233.333333 4281.538462 4214.871795 4214.358974 4507.179487
4238.461538 4052.307692 4265.641026 4255.897436 4229.230769 4233.846154 4265.128205 4283.076923 4275.897436 4232.820513 4286.666667 4212.820513 4226.666667 4521.538462
4237.435897 4048.717949 4263.076923 4259.487179 4236.410256 4229.230769 4264.615385 4273.846154 4261.025641 4230.769231 4281.025641 4214.871795 4219.487179 4541.025641
4249.743590 4064.615385 4270.769231 4271.282051 4236.410256 4231.282051 4262.051282 4265.641026 4271.794872 4231.282051 4284.102564 4220.000000 4225.128205 4557.435897
4255.897436 4063.076923 4276.923077 4269.743590 4234.871795 4229.743590 4260.000000 4264.615385 4287.179487 4233.333333 4292.307692 4227.692308 4241.538462 4571.282051
4249.743590 4052.820513 4272.820513 4263.076923 4233.846154 4223.076923 4257.435897 4260.000000 4277.435897 4230.769231 4286.666667 4226.666667 4230.256410 4574.358974
4244.615385 4052.820513 4264.102564 4263.589744 4231.794872 4220.000000 4251.282051 4256.410256 4252.820513 4230.256410 4277.435897 4215.384615 4216.410256 4574.871795
4243.076923 4053.846154 4260.000000 4263.076923 4238.461538 4218.974359 4251.282051 4252.307692 4244.102564 4233.846154 4275.384615 4216.923077 4217.948718 4581.025641
4249.743590 4060.000000 4271.794872 4275.897436 4235.384615 4228.205128 4258.974359 4249.743590 4255.897436 4232.307692 4283.589744 4221.025641 4230.769231 4578.974359
4248.205128 4057.435897 4271.794872 4276.410256 4230.769231 4230.769231 4257.435897 4249.230769 4257.948718 4230.256410 4285.641026 4220.000000 4231.282051 4575.897436
4242.051282 4057.435897 4267.179487 4274.871795 4233.333333 4228.717949 4257.948718 4257.435897 4256.923077 4232.820513 4285.128205 4218.974359 4232.307692 4570.256410
4243.076923 4062.051282 4271.794872 4285.641026 4231.282051 4234.871795 4262.051282 4261.025641 4266.153846 4232.820513 4289.743590 4213.333333 4233.846154 4568.717949
4237.948718 4051.282051 4264.102564 4274.871795 4235.384615 4234.871795 4257.435897 4246.153846 4266.666667 4230.256410 4281.538462 4215.897436 4235.384615 4587.179487
4237.948718 4047.179487 4261.025641 4271.794872 4234.358974 4240.512821 4255.897436 4247.692308 4261.025641 4230.769231 4281.025641 4220.000000 4259.487179 4609.230769
4240.512821 4048.205128 4265.641026 4276.410256 4231.282051 4246.153846 4261.025641 4262.564103 4263.076923 4231.282051 4284.102564 4222.564103 4244.615385 4624.102564
4244.102564 4050.769231 4265.128205 4275.897436 4233.333333 4244.615385 4265.128205 4262.051282 4273.846154 4231.282051 4281.538462 4228.205128 4226.666667 4633.333333
4251.282051 4061.025641 4265.128205 4279.487179 4229.230769 4246.666667 4264.615385 4254.871795 4281.025641 4231.794872 4286.666667 4226.153846 4274.871795 4641.025641
4243.589744 4062.564103 4257.435897 4267.179487 4231.282051 4243.589744 4257.948718 4247.179487 4274.358974 4231.794872 4285.641026 4221.538462 4290.256410 4650.769231
4242.564103 4071.794872 4261.025641 4268.717949 4232.307692 4244.615385 4261.025641 4249.743590 4272.820513 4230.769231 4287.179487 4223.076923 4258.461538 4648.205128
4251.794872 4080.000000 4271.282051 4284.102564 4230.256410 4250.769231 4271.282051 4258.974359 4286.666667 4232.307692 4294.871795 4230.256410 4242.051282 4637.948718
4249.743590 4068.717949 4264.102564 4275.384615 4232.820513 4253.846154 4272.307692 4258.974359 4290.256410 4234.871795 4291.282051 4229.743590 4226.666667 4628.717949
4249.230769 4067.179487 4258.974359 4269.743590 4230.769231 4255.897436 4268.717949 4261.025641 4277.435897 4230.769231 4289.743590 4222.051282 4215.384615 4620.512821
4253.333333 4079.487179 4264.102564 4277.948718 4231.794872 4245.641026 4267.179487 4259.487179 4276.410256 4227.692308 4289.230769 4230.256410 4213.333333 4614.871795
4259.487179 4092.820513 4273.333333 4286.666667 4230.769231 4246.666667 4272.307692 4257.435897 4289.743590 4231.282051 4291.282051 4233.846154 4226.153846 4600.000000
4260.512821 4094.358974 4271.794872 4283.589744 4229.743590 4252.820513 4271.282051 4254.358974 4289.743590 4232.820513 4293.333333 4227.692308 4229.230769 4577.948718
4263.076923 4091.794872 4267.179487 4280.512821 4233.846154 4241.538462 4268.717949 4251.794872 4282.564103 4230.256410 4290.256410 4232.307692 4217.948718 4554.358974
4277.435897 4101.538462 4281.025641 4290.256410 4228.717949 4237.435897 4276.410256 4270.769231 4293.333333 4230.256410 4298.461538 4238.974359 4232.307692 4524.615385
4272.307692 4098.461538 4281.538462 4283.589744 4230.256410 4237.948718 4275.384615 4273.846154 4295.897436 4231.794872 4298.974359 4241.538462 4236.923077 4496.410256
4258.974359 4090.769231 4266.666667 4275.384615 4233.333333 4238.461538 4270.256410 4256.410256 4272.307692 4231.794872 4289.230769 4234.358974 4221.025641 4467.179487
4262.564103 4094.871795 4262.564103 4275.384615 4230.769231 4237.948718 4272.307692 4258.461538 4255.897436 4233.333333 4288.205128 4228.717949 4205.641026 4450.769231
4265.128205 4096.410256 4265.128205 4269.230769 4231.794872 4236.923077 4273.333333 4266.153846 4264.102564 4232.307692 4282.564103 4230.256410 4199.487179 4456.410256
4266.666667 4100.000000 4271.282051 4276.410256 4227.692308 4251.282051 4275.384615 4267.692308 4276.410256 4230.769231 4283.076923 4226.666667 4220.512821 4466.153846
4266.153846 4102.564103 4273.846154 4277.435897 4230.256410 4258.461538 4277.435897 4268.205128 4277.435897 4233.846154 4288.717949 4227.179487 4224.102564 4483.076923
4266.153846 4106.153846 4274.871795 4272.307692 4233.846154 4256.410256 4277.435897 4272.307692 4275.897436 4234.358974 4288.205128 4232.820513 4212.307692 4499.487179
4261.025641 4096.923077 4271.282051 4264.615385 4229.230769 4254.358974 4277.948718 4278.461538 4270.256410 4231.794872 4286.153846 4231.794872 4215.384615 4511.282051
4249.230769 4078.974359 4255.384615 4246.666667 4229.743590 4254.871795 4276.410256 4273.846154 4263.589744 4232.820513 4280.512821 4229.743590 4213.333333 4524.615385
4253.846154 4083.589744 4255.897436 4250.256410 4229.743590 4266.153846 4277.435897 4265.128205 4267.692308 4231.282051 4278.461538 4223.589744 4211.282051 4530.256410
4260.512821 4085.641026 4260.000000 4252.820513 4231.282051 4266.666667 4276.410256 4258.974359 4261.538462 4226.666667 4273.333333 4220.512821 4201.025641 4536.410256
4256.410256 4081.025641 4253.846154 4249.743590 4231.282051 4262.564103 4267.692308 4258.461538 4246.666667 4227.692308 4265.128205 4219.487179 4189.230769 4537.435897
4260.512821 4082.564103 4256.410256 4261.538462 4227.692308 4264.102564 4263.076923 4261.025641 4246.153846 4232.820513 4268.205128 4215.897436 4198.974359 4532.307692
4265.641026 4078.461538 4255.897436 4257.948718 4232.307692 4260.000000 4265.641026 4253.333333 4253.333333 4233.333333 4273.333333 4223.076923 4203.589744 4533.846154
4268.205128 4087.692308 4260.512821 4260.512821 4229.230769 4268.205128 4272.820513 4255.384615 4266.666667 4232.307692 4275.897436 4228.205128 4205.641026 4533.333333
4260.512821 4088.717949 4261.025641 4262.051282 4227.179487 4273.846154 4274.358974 4261.025641 4266.153846 4234.358974 4275.897436 4226.666667 4203.589744 4534.358974
4254.871795 4073.846154 4253.846154 4251.794872 4232.307692 4265.128205 4272.820513 4258.461538 4252.307692 4233.846154 4277.435897 4225.641026 4196.923077 4530.256410
4256.923077 4071.282051 4249.743590 4251.282051 4227.692308 4262.564103 4273.846154 4258.461538 4257.948718 4230.769231 4274.358974 4221.538462 4195.897436 4521.538462
4247.179487 4068.717949 4244.102564 4250.256410 4228.205128 4258.974359 4267.692308 4250.256410 4264.102564 4231.794872 4262.564103 4221.538462 4186.666667 4522.564103
4243.589744 4069.230769 4247.692308 4251.794872 4228.717949 4257.435897 4261.538462 4246.153846 4249.230769 4231.794872 4266.153846 4217.948718 4190.769231 4521.025641
4244.615385 4069.743590 4248.205128 4248.205128 4229.230769 4252.820513 4261.538462 4249.230769 4236.410256 4231.282051 4267.692308 4217.435897 4185.128205 4524.615385
4238.461538 4069.230769 4245.128205 4245.641026 4231.794872 4248.205128 4262.051282 4245.641026 4244.102564 4232.307692 4260.000000 4222.051282 4171.282051 4534.358974
4241.538462 4071.794872 4253.333333 4257.435897 4227.692308 4253.333333 4264.615385 4247.692308 4257.435897 4231.282051 4266.666667 4219.487179 4185.641026 4535.897436
4244.615385 4068.717949 4252.307692 4256.410256 4230.256410 4251.794872 4263.589744 4251.282051 4256.410256 4230.769231 4269.230769 4221.538462 4194.358974 4540.000000
4246.153846 4072.820513 4251.282051 4254.358974 4231.282051 4250.769231 4262.564103 4247.692308 4247.692308 4231.794872 4270.256410 4223.076923 4195.384615 4544.102564
4245.128205 4081.538462 4252.307692 4261.538462 4228.205128 4251.794872 4264.102564 4250.256410 4252.307692 4232.307692 4273.846154 4218.974359 4191.794872 4544.615385
4247.179487 4086.666667 4254.358974 4266.666667 4230.769231 4254.358974 4267.692308 4262.051282 4269.230769 4232.307692 4271.794872 4222.564103 4193.333333 4542.564103
4257.948718 4085.641026 4260.000000 4268.717949 4228.717949 4265.641026 4269.743590 4265.641026 4272.307692 4233.333333 4275.384615 4225.641026 4211.282051 4541.025641
4258.974359 4076.923077 4257.435897 4261.025641 4229.230769 4263.076923 4266.153846 4252.820513 4262.564103 4234.871795 4271.282051 4225.128205 4202.051282 4542.564103
4257.435897 4087.179487 4261.025641 4265.128205 4228.205128 4260.512821 4265.641026 4256.410256 4266.153846 4233.333333 4272.820513 4222.564103 4195.384615 4536.923077
4260.000000 4096.410256 4265.128205 4269.230769 4225.641026 4266.153846 4264.615385 4263.589744 4270.256410 4232.307692 4283.589744 4221.538462 4205.641026 4531.794872
4262.051282 4091.794872 4257.948718 4263.076923 4230.256410 4258.461538 4260.000000 4250.769231 4267.692308 4232.307692 4278.461538 4225.641026 4198.974359 4530.256410
4268.717949 4096.410256 4263.589744 4271.282051 4230.256410 4256.410256 4262.564103 4257.435897 4268.717949 4231.794872 4273.846154 4226.666667 4206.153846 4521.025641
4263.589744 4091.794872 4265.641026 4266.666667 4231.794872 4261.538462 4267.692308 4270.769231 4261.538462 4231.282051 4278.461538 4228.205128 4213.846154 4513.333333
4258.974359 4086.153846 4258.974359 4256.923077 4229.743590 4262.564103 4270.256410 4265.128205 4255.897436 4231.282051 4281.538462 4226.666667 4203.076923 4508.717949
4258.974359 4089.230769 4256.923077 4258.461538 4225.641026 4261.538462 4267.179487 4259.487179 4259.487179 4232.820513 4276.923077 4221.025641 4199.487179 4501.538462
4251.794872 4084.102564 4254.871795 4255.384615 4231.282051 4261.538462 4262.051282 4253.846154 4251.282051 4232.307692 4266.153846 4223.076923 4192.820513 4491.794872
4247.179487 4079.487179 4255.897436 4259.487179 4230.769231 4265.641026 4266.666667 4251.282051 4233.846154 4231.794872 4264.615385 4220.000000 4183.589744 4479.487179
4239.487179 4067.692308 4245.641026 4247.179487 4230.256410 4253.846154 4266.666667 4245.128205 4214.871795 4233.333333 4260.000000 4214.358974 4168.205128 4476.410256
4234.358974 4058.461538 4237.435897 4232.307692 4227.692308 4245.641026 4260.512821 4244.615385 4214.358974 4232.307692 4255.384615 4213.333333 4166.153846 4470.769231
4244.615385 4068.205128 4251.282051 4245.128205 4225.641026 4255.384615 4261.025641 4256.923077 4242.564103 4231.794872 4267.179487 4217.435897 4183.076923 4459.487179
4251.794872 4076.410256 4261.025641 4253.846154 4234.358974 4255.897436 4264.102564 4257.948718 4261.025641 4233.846154 4273.846154 4224.102564 4186.666667 4453.846154
4249.743590 4073.846154 4259.487179 4250.256410 4228.205128 4257.435897 4267.692308 4257.435897 4247.692308 4231.794872 4274.358974 4222.051282 4197.948718 4443.076923
4237.435897 4056.923077 4248.205128 4236.410256 4224.102564 4250.256410 4263.589744 4252.307692 4231.282051 4230.769231 4272.820513 4218.461538 4192.307692 4436.410256
4232.307692 4055.897436 4245.128205 4236.923077 4230.769231 4242.051282 4258.974359 4246.153846 4230.769231 4233.333333 4264.615385 4216.410256 4172.820513 4433.333333
4243.076923 4068.205128 4254.358974 4251.282051 4228.205128 4248.205128 4262.564103 4251.282051 4238.974359 4232.820513 4261.538462 4215.384615 4182.051282 4431.794872
4238.461538 4060.512821 4250.769231 4242.051282 4228.717949 4242.051282 4261.538462 4248.205128 4243.076923 4231.282051 4261.025641 4223.076923 4189.743590 4433.333333
4228.205128 4051.282051 4248.205128 4237.435897 4228.205128 4236.410256 4260.000000 4244.102564 4240.000000 4232.307692 4263.589744 4222.051282 4186.666667 4427.692308
4230.769231 4049.743590 4251.282051 4242.564103 4227.692308 4242.564103 4263.589744 4250.769231 4237.435897 4231.282051 4264.615385 4219.487179 4178.974359 4425.128205
4242.564103 4056.410256 4256.410256 4245.641026 4230.769231 4251.282051 4264.615385 4253.333333 4248.205128 4230.769231 4268.205128 4226.666667 4186.666667 4423.589744
4248.717949 4061.025641 4261.538462 4252.307692 4226.153846 4257.435897 4263.076923 4253.846154 4247.692308 4232.820513 4272.307692 4224.102564 4193.333333 4411.282051
4237.435897 4051.794872 4248.717949 4240.512821 4227.692308 4252.307692 4258.461538 4248.205128 4227.692308 4232.820513 4259.487179 4218.974359 4174.871795 4401.025641
4238.461538 4053.333333 4245.128205 4235.897436 4228.717949 4250.769231 4255.384615 4240.000000 4223.589744 4230.769231 4255.897436 4218.461538 4180.000000 4395.384615
4246.666667 4052.820513 4253.846154 4243.076923 4228.717949 4252.820513 4255.897436 4244.102564 4232.820513 4231.282051 4264.615385 4223.589744 4187.179487 4395.897436
4240.512821 4045.641026 4251.282051 4238.974359 4229.230769 4249.743590 4257.435897 4247.692308 4232.307692 4232.307692 4265.641026 4224.102564 4176.410256 4392.307692
4237.948718 4049.230769 4246.666667 4232.820513 4225.641026 4243.589744 4255.897436 4244.102564 4223.589744 4231.282051 4262.564103 4211.794872 4182.564103 4377.435897
4245.128205 4054.358974 4250.769231 4233.333333 4229.743590 4239.487179 4253.333333 4246.666667 4227.179487 4231.282051 4257.948718 4214.871795 4191.794872 4370.256410
4255.384615 4063.076923 4262.564103 4249.743590 4227.179487 4252.307692 4256.923077 4253.846154 4241.538462 4232.820513 4263.076923 4222.564103 4198.461538 4363.076923
4254.871795 4063.589744 4264.102564 4254.358974 4223.076923 4255.897436 4257.435897 4246.153846 4238.974359 4233.333333 4270.769231 4221.538462 4200.512821 4353.333333
4246.153846 4048.717949 4255.897436 4241.538462 4228.717949 4244.615385 4253.333333 4236.410256 4230.769231 4232.820513 4265.641026 4223.589744 4194.871795 4349.230769
4245.641026 4041.538462 4255.384615 4243.589744 4226.666667 4246.666667 4253.846154 4244.615385 4230.769231 4231.282051 4265.128205 4223.076923 4201.025641 4353.846154
4244.615385 4039.487179 4254.358974 4238.974359 4225.128205 4248.205128 4250.256410 4234.871795 4225.128205 4231.282051 4267.179487 4225.128205 4197.435897 4370.769231
4246.153846 4042.564103 4252.307692 4236.923077 4225.128205 4251.794872 4249.743590 4226.153846 4225.128205 4232.820513 4265.641026 4225.128205 4192.820513 4381.025641
4244.615385 4045.641026 4251.794872 4245.128205 4224.615385 4254.871795 4250.256410 4240.000000 4233.846154 4233.333333 4262.051282 4220.512821 4197.948718 4384.615385
4236.923077 4044.102564 4251.282051 4238.461538 4228.205128 4250.769231 4245.641026 4236.410256 4229.743590 4232.820513 4253.333333 4223.589744 4183.076923 4394.358974
4237.948718 4045.128205 4255.384615 4232.307692 4225.128205 4264.102564 4251.282051 4233.333333 4230.256410 4232.820513 4254.871795 4220.000000 4179.487179 4404.615385
4230.256410 4033.846154 4245.128205 4222.051282 4225.641026 4264.102564 4256.410256 4244.615385 4232.307692 4233.333333 4254.358974 4209.230769 4180.512821 4412.307692
4223.076923 4030.256410 4237.948718 4217.948718 4227.692308 4245.128205 4252.820513 4252.307692 4219.487179 4232.820513 4248.717949 4204.615385 4170.256410 4412.307692
4229.743590 4034.871795 4247.692308 4225.128205 4225.128205 4246.666667 4253.333333 4252.307692 4213.846154 4232.307692 4247.692308 4206.666667 4164.102564 4412.307692
4226.666667 4026.666667 4246.666667 4218.461538 4226.153846 4257.435897 4255.897436 4245.128205 4220.000000 4232.820513 4248.205128 4213.846154 4162.564103 4414.358974
4230.769231 4033.333333 4250.256410 4223.076923 4222.564103 4264.615385 4262.051282 4254.871795 4227.692308 4232.820513 4259.487179 4216.923077 4177.435897 4411.282051
4243.589744 4045.641026 4257.948718 4235.384615 4224.102564 4258.461538 4263.076923 4265.641026 4233.333333 4231.794872 4261.025641 4219.487179 4178.974359 4413.846154
4252.820513 4048.717949 4265.641026 4245.641026 4228.205128 4252.820513 4254.871795 4254.871795 4239.487179 4232.820513 4252.307692 4219.487179 4177.948718 4415.384615
4257.948718 4049.230769 4275.384615 4249.230769 4225.641026 4254.871795 4250.256410 4248.717949 4247.179487 4233.846154 4260.000000 4220.512821 4201.025641 4418.974359
4257.435897 4047.179487 4270.769231 4238.974359 4227.692308 4248.205128 4253.846154 4250.256410 4250.256410 4232.307692 4269.230769 4230.256410 4210.769231 4435.384615
4261.538462 4051.794872 4272.307692 4245.641026 4227.179487 4248.205128 4261.538462 4253.846154 4250.256410 4231.282051 4274.871795 4226.666667 4210.256410 4443.589744
4262.051282 4049.230769 4277.435897 4250.769231 4227.692308 4250.256410 4261.025641 4250.256410 4249.230769 4232.307692 4269.743590 4220.000000 4217.948718 4446.666667
4256.410256 4046.666667 4272.820513 4247.692308 4229.743590 4252.820513 4253.846154 4248.717949 4252.307692 4233.846154 4260.000000 4221.538462 4249.743590 4450.256410
4255.384615 4044.615385 4268.717949 4246.153846 4224.615385 4253.846154 4252.307692 4252.307692 4252.307692 4232.820513 4257.948718 4215.897436 4274.358974 4453.846154
4251.282051 4034.358974 4262.051282 4232.307692 4226.153846 4245.128205 4251.794872 4243.589744 4247.179487 4232.307692 4250.769231 4216.923077 4248.717949 4461.025641
4248.717949 4043.076923 4262.564103 4234.358974 4223.589744 4245.641026 4250.769231 4246.666667 4242.051282 4232.820513 4248.717949 4218.461538 4234.871795 4462.564103
4247.692308 4048.205128 4266.666667 4242.564103 4224.102564 4249.230769 4252.307692 4262.051282 4240.000000 4232.820513 4258.461538 4216.410256 4246.666667 4466.153846
4251.282051 4041.025641 4271.794872 4240.000000 4231.282051 4248.717949 4260.512821 4267.179487 4249.230769 4231.794872 4262.051282 4219.487179 4246.153846 4468.717949
4254.358974 4046.153846 4271.282051 4242.051282 4226.153846 4249.230769 4264.102564 4266.666667 4254.358974 4229.743590 4256.410256 4218.461538 4232.307692 4463.076923
4241.025641 4047.179487 4257.435897 4233.846154 4225.641026 4239.487179 4253.333333 4260.512821 4245.641026 4230.769231 4246.666667 4215.897436 4213.846154 4466.153846
4240.000000 4047.692308 4263.076923 4237.948718 4227.179487 4241.538462 4253.333333 4255.384615 4249.743590 4231.282051 4252.820513 4213.846154 4230.769231 4468.717949
4247.692308 4050.769231 4273.333333 4247.692308 4224.615385 4249.230769 4260.512821 4254.358974 4260.512821 4231.282051 4260.512821 4218.461538 4251.794872 4467.692308
4242.564103 4048.205128 4267.179487 4241.538462 4225.641026 4248.717949 4261.025641 4255.897436 4256.410256 4231.282051 4254.871795 4224.102564 4244.102564 4465.128205
4244.615385 4046.153846 4273.846154 4241.538462 4224.102564 4255.897436 4260.000000 4262.564103 4256.923077 4232.820513 4261.538462 4222.564103 4255.897436 4458.461538
4246.153846 4042.051282 4281.025641 4240.512821 4227.179487 4254.358974 4255.897436 4262.051282 4261.538462 4234.358974 4270.256410 4227.179487 4264.102564 4457.435897
4243.076923 4046.153846 4277.948718 4246.153846 4225.128205 4249.230769 4256.923077 4261.538462 4261.025641 4231.282051 4264.102564 4229.743590 4251.282051 4452.307692
4242.564103 4047.692308 4276.923077 4251.282051 4222.564103 4255.384615 4260.512821 4257.435897 4257.435897 4230.256410 4257.435897 4226.666667 4246.153846 4446.153846
4242.564103 4047.692308 4278.974359 4247.692308 4227.179487 4257.435897 4258.461538 4253.846154 4261.538462 4232.820513 4262.564103 4229.743590 4258.461538 4441.538462
4248.717949 4057.948718 4285.641026 4258.461538 4222.564103 4254.358974 4264.102564 4268.717949 4265.641026 4231.282051 4275.897436 4228.205128 4278.461538 4434.358974
4246.153846 4055.897436 4281.538462 4256.410256 4223.076923 4251.282051 4268.717949 4271.794872 4255.897436 4231.794872 4268.717949 4229.230769 4262.051282 4425.128205
4243.589744 4055.384615 4283.589744 4252.307692 4224.615385 4261.538462 4268.717949 4267.692308 4252.307692 4232.820513 4265.128205 4233.846154 4250.769231 4409.743590
4248.205128 4062.564103 4292.820513 4258.974359 4222.564103 4268.205128 4267.692308 4272.820513 4257.948718 4228.205128 4274.871795 4234.871795 4267.179487 4397.435897
4246.153846 4057.948718 4280.512821 4250.256410 4226.153846 4253.333333 4263.076923 4263.589744 4257.435897 4227.692308 4263.076923 4230.256410 4253.846154 4386.666667
4246.666667 4054.871795 4271.794872 4246.153846 4223.076923 4249.230769 4261.538462 4254.358974 4248.717949 4232.307692 4257.435897 4224.615385 4220.000000 4368.717949
4247.692308 4053.333333 4273.846154 4246.666667 4225.128205 4249.230769 4263.076923 4257.948718 4239.487179 4232.820513 4268.205128 4232.307692 4188.205128 4357.948718
4250.256410 4059.487179 4277.435897 4248.205128 4229.743590 4247.692308 4263.589744 4262.051282 4243.589744 4230.256410 4271.282051 4236.410256 4186.666667 4346.153846
4255.897436 4069.743590 4280.000000 4253.846154 4226.666667 4249.230769 4261.025641 4264.615385 4261.538462 4231.282051 4267.179487 4228.717949 4206.153846 4331.282051
4254.358974 4070.769231 4273.333333 4250.256410 4226.666667 4244.615385 4257.948718 4255.897436 4262.564103 4231.794872 4263.589744 4231.794872 4202.051282 4322.051282
4255.897436 4075.897436 4272.820513 4253.333333 4222.051282 4249.743590 4260.512821 4261.025641 4246.153846 4230.769231 4268.717949 4234.358974 4191.282051 4309.230769
4255.897436 4076.410256 4275.897436 4255.384615 4223.589744 4249.743590 4261.538462 4274.358974 4248.205128 4233.333333 4270.769231 4232.307692 4187.179487 4301.025641
4256.923077 4078.461538 4276.410256 4259.487179 4228.205128 4244.102564 4262.051282 4265.128205 4256.410256 4231.282051 4268.205128 4230.256410 4193.846154 4294.358974
4260.512821 4084.615385 4276.923077 4265.128205 4221.025641 4246.666667 4266.666667 4260.000000 4253.333333 4230.256410 4267.692308 4225.128205 4200.512821 4282.051282
4259.487179 4083.589744 4276.923077 4256.923077 4222.051282 4244.615385 4266.153846 4269.743590 4254.871795 4232.820513 4263.589744 4228.717949 4189.743590 4276.410256
4263.076923 4087.692308 4284.615385 4261.025641 4224.102564 4252.307692 4264.615385 4273.333333 4263.076923 4232.307692 4268.717949 4229.230769 4192.307692 4272.307692
4260.512821 4085.641026 4281.025641 4261.025641 4223.076923 4262.564103 4265.128205 4264.102564 4258.974359 4230.769231 4271.794872 4228.717949 4195.384615 4268.717949
4254.358974 4086.666667 4273.333333 4254.358974 4223.589744 4257.948718 4266.153846 4261.025641 4251.794872 4232.820513 4267.179487 4235.384615 4193.846154 4262.564103
4253.846154 4095.897436 4274.871795 4257.948718 4220.512821 4244.102564 4259.487179 4261.025641 4252.307692 4233.333333 4268.205128 4232.820513 4199.487179 4257.948718
4242.051282 4089.743590 4262.564103 4249.230769 4224.615385 4236.923077 4247.179487 4249.743590 4243.076923 4232.820513 4261.025641 4226.666667 4185.641026 4256.923077
4237.948718 4084.102564 4254.871795 4248.717949 4226.666667 4249.743590 4251.282051 4258.461538 4235.384615 4233.333333 4257.948718 4224.102564 4184.615385 4246.153846
4244.102564 4086.666667 4263.076923 4255.384615 4223.589744 4251.794872 4259.487179 4266.666667 4238.974359 4233.333333 4266.153846 4229.230769 4197.948718 4241.538462
4248.717949 4093.333333 4267.692308 4254.871795 4223.076923 4238.974359 4253.846154 4251.282051 4237.948718 4231.282051 4269.230769 4234.358974 4197.948718 4241.025641
4247.692308 4101.025641 4264.615385 4256.410256 4222.051282 4241.025641 4247.692308 4243.589744 4228.717949 4230.769231 4265.641026 4229.743590 4192.307692 4226.666667
4236.923077 4093.846154 4256.410256 4248.717949 4226.666667 4241.025641 4250.769231 4250.769231 4225.641026 4231.282051 4260.512821 4232.307692 4183.589744 4216.923077
4246.666667 4106.153846 4264.615385 4257.435897 4225.128205 4241.538462 4260.000000 4264.102564 4244.615385 4232.307692 4272.307692 4239.487179 4203.589744 4210.256410
4258.974359 4119.487179 4268.717949 4265.641026 4221.538462 4243.589744 4256.410256 4257.435897 4255.384615 4233.333333 4277.948718 4238.461538 4218.461538 4205.641026
4244.102564 4105.641026 4256.923077 4247.692308 4224.615385 4235.897436 4242.564103 4236.923077 4238.974359 4233.333333 4264.102564 4235.897436 4196.410256 4203.076923
4243.076923 4106.153846 4265.128205 4250.769231 4221.538462 4241.538462 4249.230769 4248.717949 4231.282051 4232.307692 4270.769231 4236.410256 4195.897436 4193.333333
4251.282051 4115.384615 4269.230769 4256.923077 4222.564103 4252.307692 4260.512821 4262.051282 4241.025641 4232.307692 4277.948718 4241.025641 4204.102564 4185.641026
4246.666667 4111.794872 4259.487179 4247.179487 4222.564103 4254.871795 4256.410256 4252.820513 4243.076923 4232.820513 4267.692308 4237.948718 4203.076923 4178.974359
4240.512821 4105.128205 4258.461538 4242.051282 4220.000000 4251.794872 4251.282051 4250.256410 4242.564103 4233.333333 4265.641026 4235.384615 4204.615385 4171.282051
4241.025641 4110.256410 4263.076923 4247.179487 4226.153846 4250.256410 4253.846154 4257.948718 4246.666667 4233.846154 4271.282051 4242.564103 4207.692308 4157.948718
4247.692308 4123.589744 4268.717949 4260.000000 4222.564103 4257.435897 4257.435897 4261.025641 4248.205128 4231.794872 4273.333333 4242.564103 4214.358974 4142.564103
4242.564103 4118.974359 4261.025641 4250.769231 4222.051282 4250.769231 4254.358974 4254.871795 4238.974359 4232.820513 4261.538462 4240.512821 4198.461538 4140.512821
4236.410256 4112.307692 4255.897436 4243.589744 4226.666667 4244.102564 4251.794872 4259.487179 4231.794872 4234.358974 4258.461538 4239.487179 4190.256410 4130.769231
4240.000000 4116.410256 4257.435897 4249.743590 4224.615385 4249.230769 4252.307692 4265.128205 4225.128205 4232.820513 4264.615385 4234.871795 4200.000000 4112.307692
4238.974359 4119.487179 4254.871795 4243.589744 4226.153846 4249.230769 4256.923077 4250.769231 4221.025641 4231.282051 4262.564103 4236.410256 4194.871795 4105.641026
4239.487179 4127.179487 4261.025641 4246.666667 4224.615385 4253.846154 4264.102564 4249.230769 4226.153846 4231.794872 4269.743590 4236.923077 4206.666667 4099.487179
4236.923077 4126.153846 4260.512821 4249.230769 4225.641026 4247.179487 4252.307692 4256.923077 4223.589744 4232.307692 4271.794872 4235.897436 4211.282051 4086.666667
4238.461538 4127.692308 4258.461538 4252.307692 4226.666667 4243.076923 4241.025641 4249.743590 4223.076923 4230.769231 4262.051282 4235.897436 4196.923077 4070.256410
4247.179487 4133.846154 4263.589744 4257.435897 4223.076923 4250.256410 4249.743590 4246.666667 4228.205128 4230.256410 4262.051282 4235.897436 4198.461538 4054.358974
4244.102564 4128.717949 4256.410256 4247.692308 4225.641026 4244.102564 4250.256410 4248.717949 4218.974359 4232.307692 4265.128205 4237.948718 4201.538462 4036.923077
4238.974359 4127.692308 4251.794872 4245.641026 4222.051282 4239.487179 4240.512821 4245.128205 4206.666667 4232.820513 4265.128205 4232.820513 4203.589744 4012.820513
4234.871795 4125.641026 4252.820513 4246.666667 4221.025641 4236.923077 4239.487179 4242.564103 4209.230769 4232.307692 4258.461538 4234.871795 4195.897436 3998.974359
4229.743590 4124.615385 4248.205128 4241.025641 4226.666667 4235.897436 4246.153846 4243.076923 4208.205128 4232.307692 4252.307692 4238.974359 4181.025641 3985.641026
4228.205128 4128.205128 4246.153846 4237.948718 4226.666667 4245.128205 4249.230769 4242.564103 4195.384615 4231.794872 4252.820513 4228.717949 4184.615385 3973.846154
4224.615385 4124.615385 4242.564103 4230.769231 4226.666667 4242.051282 4248.205128 4238.461538 4194.871795 4232.820513 4250.256410 4224.615385 4192.307692 3977.948718
4222.051282 4125.128205 4240.000000 4233.846154 4221.538462 4237.948718 4248.205128 4238.461538 4200.512821 4232.820513 4247.692308 4223.076923 4184.102564 3983.076923
4216.923077 4125.128205 4234.871795 4231.282051 4223.076923 4237.948718 4246.666667 4231.282051 4189.230769 4231.282051 4244.615385 4222.051282 4165.641026 3989.230769
4216.410256 4126.153846 4234.871795 4228.717949 4227.179487 4240.512821 4249.230769 4226.666667 4185.641026 4231.282051 4247.179487 4228.205128 4176.923077 3994.871795
4226.153846 4134.871795 4246.153846 4242.051282 4221.538462 4246.153846 4257.435897 4246.666667 4203.589744 4232.820513 4255.384615 4228.717949 4201.538462 3996.410256
4224.102564 4131.794872 4241.025641 4237.948718 4224.615385 4240.000000 4253.333333 4250.256410 4203.076923 4232.307692 4248.205128 4227.179487 4184.102564 4002.564103
4221.025641 4128.717949 4233.846154 4231.282051 4224.615385 4235.384615 4246.153846 4238.974359 4186.666667 4231.794872 4242.564103 4222.051282 4173.846154 4001.025641
4221.025641 4123.589744 4233.333333 4229.230769 4221.025641 4236.410256 4246.153846 4240.512821 4183.076923 4233.333333 4247.179487 4221.538462 4187.179487 3998.974359
4216.923077 4120.000000 4230.256410 4224.102564 4224.615385 4230.256410 4242.564103 4235.897436 4184.615385 4233.333333 4248.205128 4227.692308 4186.153846 4003.076923
4219.487179 4127.692308 4231.794872 4231.282051 4223.076923 4223.589744 4237.948718 4231.794872 4188.717949 4231.282051 4251.794872 4222.564103 4189.743590 4002.564103
4212.307692 4118.974359 4223.076923 4223.589744 4224.102564 4216.923077 4232.820513 4228.717949 4189.230769 4232.820513 4243.589744 4214.871795 4185.641026 4003.076923
4211.794872 4115.897436 4223.589744 4219.487179 4223.076923 4224.102564 4234.358974 4230.769231 4188.205128 4233.846154 4238.461538 4215.384615 4188.205128 4003.589744
4225.128205 4125.128205 4237.435897 4230.256410 4221.025641 4233.333333 4242.564103 4238.974359 4197.948718 4232.820513 4250.256410 4220.512821 4202.564103 4006.666667
4227.179487 4123.076923 4238.974359 4232.307692 4226.153846 4231.794872 4246.666667 4234.871795 4206.666667 4232.307692 4250.769231 4226.666667 4197.435897 4007.179487
4224.615385 4123.589744 4236.410256 4237.435897 4224.102564 4236.923077 4247.692308 4231.282051 4203.076923 4232.307692 4242.564103 4219.487179 4189.230769 4002.051282
4224.615385 4124.615385 4238.461538 4236.410256 4222.051282 4236.923077 4246.666667 4241.025641 4206.666667 4232.820513 4244.615385 4218.974359 4188.717949 4002.564103
4237.435897 4132.820513 4250.769231 4246.666667 4223.589744 4240.512821 4251.794872 4248.205128 4227.179487 4235.384615 4262.564103 4230.256410 4207.692308 4000.512821
4245.641026 4140.512821 4254.358974 4257.948718 4224.615385 4246.153846 4251.794872 4241.538462 4225.641026 4234.871795 4264.102564 4227.692308 4206.666667 3999.487179
4234.871795 4132.820513 4238.974359 4243.589744 4226.153846 4234.871795 4242.051282 4232.820513 4203.076923 4233.333333 4238.461538 4216.923077 4176.923077 4001.538462
4232.820513 4123.589744 4235.384615 4235.384615 4221.025641 4231.282051 4237.435897 4235.897436 4200.000000 4231.282051 4238.974359 4213.846154 4184.102564 3993.333333
4228.205128 4113.333333 4231.794872 4228.717949 4222.051282 4227.179487 4232.820513 4233.333333 4194.871795 4232.307692 4248.717949 4222.051282 4187.692308 3988.205128
4220.512821 4111.282051 4224.102564 4224.615385 4223.589744 4222.564103 4230.769231 4231.282051 4181.025641 4234.871795 4240.512821 4221.538462 4174.871795 3985.128205
4216.410256 4110.769231 4221.538462 4224.102564 4220.000000 4229.230769 4234.358974 4227.692308 4178.974359 4233.333333 4232.820513 4211.282051 4173.846154 3980.512821
4208.205128 4101.025641 4215.384615 4213.333333 4224.102564 4229.743590 4232.307692 4212.820513 4174.871795 4230.256410 4226.153846 4210.256410 4160.512821 3982.051282
4220.000000 4110.769231 4225.641026 4225.641026 4222.051282 4228.717949 4235.384615 4220.512821 4178.974359 4231.794872 4232.307692 4214.358974 4165.128205 3985.641026
4237.948718 4124.102564 4239.487179 4243.589744 4223.076923 4229.743590 4241.538462 4235.384615 4202.564103 4234.358974 4247.179487 4222.564103 4186.666667 3991.282051
4236.410256 4126.666667 4237.948718 4242.564103 4226.666667 4230.769231 4243.076923 4233.846154 4212.307692 4231.282051 4249.230769 4223.076923 4191.282051 3990.256410
4234.871795 4127.692308 4236.410256 4241.025641 4222.051282 4229.743590 4239.487179 4240.000000 4206.666667 4230.769231 4242.564103 4218.974359 4185.128205 3990.256410
4236.410256 4122.051282 4234.871795 4236.923077 4223.589744 4216.923077 4232.307692 4238.461538 4197.435897 4233.846154 4234.358974 4221.538462 4176.410256 3989.743590
4233.333333 4117.435897 4231.282051 4232.820513 4222.051282 4211.282051 4233.333333 4235.384615 4183.589744 4232.307692 4235.897436 4214.871795 4177.948718 3973.846154
4225.641026 4111.794872 4224.102564 4223.589744 4220.512821 4210.256410 4234.358974 4240.512821 4178.974359 4230.769231 4238.974359 4213.333333 4173.846154 3965.128205
4226.666667 4115.897436 4225.641026 4224.615385 4223.589744 4216.410256 4232.820513 4237.948718 4191.794872 4232.307692 4233.846154 4220.512821 4165.641026 3965.128205
4234.358974 4124.615385 4235.384615 4240.512821 4221.025641 4230.769231 4235.897436 4234.358974 4202.051282 4233.846154 4237.948718 4217.435897 4178.461538 3963.589744
4233.333333 4117.948718 4234.871795 4240.000000 4226.153846 4227.692308 4237.948718 4236.923077 4204.102564 4233.333333 4247.179487 4220.512821 4187.692308 3966.153846
4237.435897 4121.538462 4235.384615 4244.102564 4227.179487 4228.717949 4241.538462 4246.153846 4210.256410 4231.282051 4251.282051 4224.102564 4188.205128 3958.974359
4234.871795 4125.128205 4233.333333 4244.615385 4223.076923 4231.794872 4242.051282 4238.461538 4205.641026 4231.282051 4244.102564 4220.000000 4180.000000 3950.769231
4230.256410 4124.102564 4235.897436 4243.076923 4224.615385 4232.307692 4243.076923 4237.948718 4204.615385 4232.307692 4242.564103 4223.589744 4184.102564 3950.256410
4240.000000 4131.282051 4246.153846 4254.871795 4224.102564 4241.538462 4247.692308 4261.538462 4216.410256 4232.307692 4251.794872 4225.641026 4198.461538 3944.615385
4235.897436 4129.743590 4231.282051 4243.589744 4225.641026 4237.948718 4239.487179 4257.948718 4212.820513 4232.307692 4237.948718 4220.512821 4171.282051 3936.923077
4230.769231 4134.871795 4224.102564 4239.487179 4223.076923 4235.384615 4234.871795 4248.205128 4208.205128 4232.820513 4232.820513 4215.384615 4161.025641 3932.307692
4235.897436 4138.974359 4237.435897 4249.230769 4221.538462 4240.000000 4243.076923 4259.487179 4216.923077 4233.333333 4251.282051 4221.025641 4190.769231 3930.769231
4233.333333 4131.794872 4234.871795 4238.974359 4226.153846 4238.974359 4241.538462 4261.025641 4223.076923 4232.307692 4252.307692 4227.179487 4194.871795 3924.102564
4233.333333 4134.358974 4230.256410 4236.923077 4223.076923 4238.461538 4233.846154 4259.487179 4217.435897 4231.794872 4243.589744 4220.000000 4186.153846 3914.871795
4233.333333 4134.871795 4231.282051 4240.512821 4224.615385 4232.307692 4234.871795 4255.384615 4210.256410 4232.820513 4242.564103 4222.051282 4181.538462 3916.923077
4231.282051 4129.743590 4232.820513 4241.025641 4224.102564 4234.871795 4240.000000 4250.769231 4206.666667 4231.282051 4250.769231 4225.641026 4184.102564 3910.769231
4226.153846 4125.641026 4228.717949 4239.487179 4221.538462 4238.461538 4237.948718 4256.410256 4205.641026 4231.794872 4252.307692 4218.461538 4185.128205 3898.461538
4216.923077 4124.615385 4218.461538 4233.846154 4226.153846 4230.256410 4234.358974 4256.410256 4201.025641 4233.333333 4240.000000 4212.820513 4173.846154 3891.794872
4213.333333 4126.666667 4216.410256 4233.333333 4221.538462 4229.230769 4237.948718 4246.153846 4191.282051 4232.307692 4233.333333 4205.641026 4162.051282 3883.076923
4206.666667 4121.025641 4208.717949 4224.102564 4221.538462 4223.076923 4234.358974 4238.461538 4180.512821 4230.769231 4229.230769 4202.564103 4140.512821 3877.948718
4198.974359 4111.794872 4199.487179 4215.384615 4224.102564 4213.333333 4225.641026 4238.974359 4173.846154 4231.282051 4222.564103 4197.435897 4136.923077 3872.307692
4194.871795 4105.641026 4198.461538 4213.846154 4220.000000 4211.794872 4227.179487 4239.487179 4173.333333 4232.307692 4221.538462 4194.871795 4151.794872 3869.743590
4192.307692 4108.205128 4195.897436 4212.307692 4222.051282 4210.769231 4227.179487 4226.153846 4173.333333 4232.820513 4220.512821 4201.538462 4142.051282 3871.794872
4196.410256 4118.974359 4197.435897 4220.512821 4220.512821 4214.358974 4221.538462 4229.743590 4171.794872 4231.794872 4222.564103 4197.435897 4138.974359 3867.692308
4188.717949 4108.205128 4191.282051 4211.282051 4222.051282 4214.871795 4220.512821 4243.076923 4168.717949 4231.282051 4217.435897 4193.846154 4141.025641 3867.179487
4182.564103 4103.589744 4186.666667 4202.564103 4225.641026 4214.358974 4230.256410 4231.282051 4170.769231 4231.794872 4211.794872 4196.410256 4138.974359 3869.230769
4194.871795 4117.948718 4196.410256 4214.358974 4223.076923 4215.384615 4234.358974 4227.179487 4178.461538 4231.794872 4221.025641 4196.410256 4147.692308 3874.871795
4198.974359 4118.461538 4199.487179 4212.307692 4227.179487 4214.358974 4229.230769 4238.461538 4182.051282 4232.820513 4230.769231 4197.948718 4153.333333 3883.589744
4196.923077 4118.461538 4201.538462 4214.358974 4226.153846 4225.641026 4235.384615 4241.025641 4186.666667 4232.820513 4231.794872 4195.897436 4156.410256 3881.025641
4193.333333 4114.871795 4200.512821 4215.897436 4224.102564 4225.641026 4236.410256 4232.820513 4188.205128 4231.282051 4223.589744 4195.384615 4147.179487 3883.589744
4196.923077 4115.384615 4202.051282 4216.410256 4223.589744 4219.487179 4229.743590 4237.435897 4192.307692 4230.769231 4226.153846 4202.051282 4153.333333 3893.846154
4210.769231 4129.230769 4212.820513 4229.743590 4220.512821 4227.692308 4234.358974 4247.179487 4207.179487 4231.794872 4235.384615 4206.666667 4177.948718 3900.512821
4207.692308 4130.769231 4208.205128 4226.153846 4226.153846 4226.153846 4236.410256 4240.000000 4209.743590 4233.333333 4227.179487 4207.179487 4173.846154 3905.641026
4195.897436 4124.615385 4199.487179 4218.461538 4225.128205 4219.487179 4231.794872 4240.512821 4200.000000 4231.794872 4221.538462 4196.923077 4162.051282 3905.641026
4191.282051 4117.435897 4194.871795 4214.358974 4222.051282 4214.358974 4231.282051 4240.512821 4194.358974 4229.230769 4224.102564 4193.333333 4154.871795 3912.307692
4200.512821 4122.564103 4197.435897 4220.512821 4223.589744 4213.846154 4233.846154 4236.410256 4196.410256 4230.769231 4226.153846 4198.974359 4157.435897 3922.564103
4212.820513 4133.333333 4210.256410 4232.820513 4221.538462 4222.564103 4233.333333 4243.076923 4205.641026 4233.333333 4232.307692 4196.923077 4172.307692 3924.102564
4202.051282 4121.538462 4207.692308 4220.000000 4225.641026 4217.948718 4231.282051 4237.435897 4204.102564 4231.794872 4225.641026 4197.948718 4161.025641 3926.666667
4197.948718 4117.948718 4203.076923 4216.410256 4224.102564 4215.897436 4232.820513 4230.769231 4196.410256 4230.769231 4222.564103 4201.025641 4158.974359 3929.230769
4209.230769 4129.230769 4209.743590 4227.179487 4220.512821 4222.051282 4234.871795 4237.948718 4204.102564 4233.846154 4228.717949 4199.487179 4173.846154 3933.333333
4213.333333 4135.897436 4215.384615 4231.794872 4223.589744 4222.051282 4236.410256 4239.487179 4215.384615 4233.333333 4227.179487 4198.461538 4168.717949 3936.410256
4221.025641 4138.974359 4217.948718 4237.948718 4220.000000 4222.051282 4239.487179 4240.512821 4215.384615 4231.282051 4230.769231 4200.512821 4169.230769 3935.897436
4225.128205 4133.333333 4212.820513 4232.820513 4222.564103 4216.410256 4237.948718 4244.102564 4211.794872 4232.820513 4235.384615 4205.641026 4175.897436 3937.948718
4222.564103 4132.820513 4210.769231 4228.717949 4224.615385 4218.974359 4236.923077 4246.153846 4213.333333 4231.794872 4236.410256 4203.589744 4180.512821 3934.358974
4218.461538 4130.256410 4204.102564 4222.564103 4222.051282 4220.512821 4232.820513 4238.461538 4204.615385 4230.256410 4230.256410 4200.000000 4168.717949 3926.153846
4212.307692 4124.102564 4195.384615 4214.358974 4225.128205 4211.282051 4225.128205 4224.615385 4192.820513 4231.794872 4221.025641 4204.102564 4149.230769 3916.923077
4216.410256 4130.256410 4207.179487 4227.692308 4222.051282 4222.564103 4232.307692 4234.871795 4201.538462 4233.333333 4230.256410 4204.615385 4163.076923 3908.205128
4217.948718 4132.307692 4211.794872 4228.205128 4221.538462 4227.692308 4237.435897 4246.666667 4209.230769 4231.794872 4232.820513 4205.641026 4168.717949 3907.692308
4219.487179 4136.923077 4207.179487 4222.051282 4223.076923 4220.512821 4233.846154 4237.435897 4203.076923 4231.282051 4225.641026 4202.051282 4157.435897 3902.051282
4223.076923 4143.589744 4210.769231 4226.666667 4222.051282 4221.025641 4234.358974 4238.974359 4202.051282 4234.358974 4230.256410 4197.948718 4151.794872 3898.461538
4226.153846 4144.615385 4216.923077 4231.794872 4223.589744 4227.692308 4241.538462 4258.974359 4215.897436 4234.358974 4236.410256 4209.230769 4154.358974 3904.615385
4235.384615 4150.256410 4220.512821 4242.564103 4220.512821 4233.333333 4244.102564 4258.461538 4226.153846 4230.769231 4245.128205 4209.743590 4171.794872 3902.051282
4225.128205 4142.051282 4205.641026 4231.282051 4224.102564 4220.000000 4230.769231 4222.051282 4208.717949 4231.282051 4244.102564 4201.538462 4162.051282 3896.410256
4212.307692 4132.307692 4193.333333 4217.435897 4224.615385 4212.307692 4225.641026 4218.461538 4195.384615 4233.846154 4236.410256 4200.000000 4140.000000 3896.410256
4217.435897 4135.897436 4196.923077 4224.615385 4218.461538 4219.487179 4232.307692 4246.666667 4200.512821 4232.307692 4234.871795 4200.000000 4141.538462 3902.564103
4223.589744 4143.589744 4201.025641 4229.230769 4222.564103 4216.410256 4230.769231 4235.897436 4205.128205 4231.282051 4235.897436 4205.128205 4135.384615 3911.282051
4227.692308 4153.846154 4209.230769 4234.871795 4222.564103 4222.051282 4232.307692 4224.615385 4205.641026 4232.820513 4243.076923 4206.666667 4110.769231 3910.256410
4218.974359 4146.666667 4204.615385 4226.666667 4223.589744 4228.205128 4238.461538 4242.564103 4198.974359 4232.307692 4243.589744 4203.589744 4070.769231 3911.282051
4212.820513 4141.025641 4198.974359 4221.025641 4226.153846 4222.051282 4240.512821 4250.769231 4193.333333 4231.282051 4242.564103 4200.512821 4056.410256 3911.794872
4222.051282 4147.692308 4210.769231 4233.333333 4221.025641 4217.435897 4238.974359 4246.153846 4195.897436 4231.794872 4249.230769 4204.102564 4069.743590 3909.230769
4224.102564 4145.641026 4215.384615 4232.307692 4223.076923 4220.000000 4241.025641 4249.230769 4203.589744 4232.307692 4246.666667 4212.820513 4062.051282 3911.282051
4224.615385 4152.307692 4216.923077 4235.384615 4223.076923 4231.794872 4246.666667 4263.589744 4213.846154 4230.769231 4246.666667 4209.230769 4056.410256 3907.179487
4220.000000 4153.333333 4211.282051 4232.307692 4223.589744 4228.717949 4241.025641 4254.358974 4205.128205 4231.282051 4243.589744 4202.051282 4045.128205 3900.512821
4212.307692 4142.564103 4202.051282 4221.538462 4226.153846 4222.564103 4235.897436 4233.846154 4184.615385 4231.794872 4237.435897 4203.589744 4028.205128 3895.897436
4217.435897 4143.589744 4207.179487 4226.666667 4221.538462 4231.282051 4238.461538 4237.948718 4175.897436 4231.794872 4240.000000 4203.076923 4031.282051 3895.384615
4219.487179 4149.743590 4206.153846 4223.589744 4224.102564 4227.179487 4228.205128 4236.923077 4166.153846 4231.794872 4235.897436 4202.051282 4021.538462 3897.948718
4220.512821 4157.948718 4208.205128 4226.153846 4225.128205 4226.153846 4224.102564 4231.794872 4157.435897 4232.307692 4236.923077 4198.974359 4018.461538 3895.897436
4223.589744 4154.358974 4214.871795 4230.769231 4223.076923 4235.384615 4235.897436 4242.051282 4166.666667 4233.333333 4245.128205 4202.564103 4026.666667 3899.487179
4226.153846 4149.743590 4212.820513 4226.153846 4224.615385 4243.076923 4240.512821 4248.717949 4173.846154 4233.333333 4244.102564 4208.717949 4022.564103 3904.102564
4229.743590 4152.820513 4211.794872 4227.692308 4221.025641 4243.589744 4238.974359 4249.230769 4166.153846 4231.794872 4243.589744 4204.615385 4025.128205 3905.128205
4225.641026 4143.589744 4208.717949 4223.076923 4222.564103 4232.307692 4239.487179 4244.102564 4161.025641 4231.282051 4244.102564 4208.717949 4024.615385 3910.256410
4229.230769 4138.974359 4209.743590 4220.000000 4222.564103 4232.307692 4234.871795 4238.974359 4161.025641 4232.307692 4244.615385 4212.307692 4022.564103 3909.230769
4233.333333 4142.051282 4212.307692 4217.948718 4221.025641 4237.435897 4226.153846 4238.974359 4156.410256 4233.846154 4243.589744 4209.230769 4017.435897 3909.230769
4233.333333 4146.153846 4213.846154 4219.487179 4222.051282 4237.948718 4232.820513 4240.512821 4158.974359 4232.820513 4243.589744 4210.769231 4012.307692 3909.230769
4241.538462 4153.846154 4221.025641 4231.794872 4221.538462 4243.076923 4243.076923 4244.102564 4164.615385 4231.282051 4251.282051 4208.717949 4023.076923 3906.153846
4234.358974 4141.538462 4216.410256 4220.000000 4227.179487 4242.051282 4236.410256 4243.076923 4160.000000 4231.794872 4249.230769 4207.179487 4018.974359 3910.769231
4226.666667 4131.794872 4213.846154 4212.307692 4224.102564 4243.589744 4234.358974 4241.025641 4157.435897 4232.307692 4247.692308 4206.153846 4012.820513 3909.230769
4237.948718 4141.538462 4220.512821 4227.179487 4219.487179 4242.051282 4241.538462 4240.512821 4158.461538 4233.333333 4249.743590 4207.692308 4013.846154 3906.153846
4246.666667 4146.666667 4222.564103 4231.282051 4226.153846 4235.897436 4238.974359 4240.512821 4155.384615 4233.846154 4243.589744 4214.358974 4010.256410 3909.230769
4246.153846 4144.615385 4228.205128 4229.743590 4222.051282 4245.641026 4239.487179 4243.076923 4153.333333 4231.794872 4245.128205 4210.769231 4017.948718 3906.666667
4241.025641 4135.384615 4227.179487 4223.076923 4220.000000 4251.282051 4244.615385 4242.564103 4151.794872 4231.282051 4246.153846 4209.230769 4013.333333 3907.179487
4244.102564 4137.435897 4227.179487 4225.128205 4222.051282 4249.743590 4245.128205 4250.256410 4159.487179 4231.282051 4247.692308 4213.846154 4009.743590 3909.743590
4242.564103 4134.871795 4227.179487 4223.589744 4222.051282 4244.102564 4238.461538 4248.205128 4158.974359 4232.820513 4250.769231 4211.282051 4017.435897 3908.717949
4225.128205 4115.384615 4214.871795 4202.051282 4226.153846 4235.384615 4234.871795 4223.589744 4136.410256 4233.333333 4243.589744 4205.641026 4005.128205 3909.743590
4225.641026 4117.948718 4216.410256 4208.717949 4222.564103 4245.128205 4246.666667 4231.794872 4133.333333 4231.794872 4245.641026 4203.589744 4006.153846 3910.256410
4231.282051 4130.256410 4218.974359 4216.923077 4222.564103 4245.641026 4244.615385 4248.205128 4142.051282 4232.307692 4249.230769 4207.692308 4011.794872 3915.384615
4224.615385 4130.769231 4211.794872 4203.589744 4224.102564 4228.717949 4226.666667 4229.230769 4132.820513 4232.820513 4244.102564 4206.666667 4014.358974 3916.410256
4228.205128 4132.820513 4211.794872 4203.589744 4218.461538 4222.051282 4223.589744 4216.410256 4128.717949 4232.820513 4246.153846 4204.615385 4024.102564 3916.410256
4246.666667 4145.128205 4223.076923 4220.512821 4222.564103 4227.179487 4231.794872 4223.076923 4140.512821 4233.846154 4247.692308 4215.897436 4027.179487 3920.512821
4266.666667 4162.564103 4241.538462 4241.538462 4223.076923 4241.538462 4238.461538 4237.948718 4151.282051 4232.820513 4253.333333 4221.025641 4046.666667 3920.512821
4264.102564 4154.871795 4242.564103 4238.461538 4223.076923 4239.487179 4237.435897 4243.076923 4153.333333 4230.256410 4258.461538 4221.538462 4057.435897 3926.153846
4255.384615 4144.102564 4236.410256 4230.769231 4225.641026 4229.230769 4231.794872 4234.358974 4152.307692 4231.282051 4255.384615 4218.974359 4054.358974 3926.666667
4261.538462 4148.717949 4241.025641 4240.000000 4222.564103 4231.794872 4234.871795 4232.820513 4152.307692 4231.794872 4257.435897 4215.384615 4063.589744 3920.000000
4263.589744 4148.717949 4240.000000 4245.128205 4224.615385 4233.333333 4243.589744 4238.461538 4156.410256 4230.256410 4262.051282 4225.128205 4068.205128 3921.538462
4262.051282 4155.897436 4240.000000 4250.256410 4226.153846 4240.000000 4246.153846 4241.538462 4157.948718 4230.769231 4265.128205 4222.564103 4073.846154 3917.435897
4258.974359 4158.461538 4238.974359 4244.615385 4227.179487 4241.025641 4238.461538 4233.333333 4154.871795 4232.820513 4263.076923 4214.871795 4077.435897 3912.820513
4256.923077 4151.794872 4237.948718 4239.487179 4227.179487 4233.846154 4234.358974 4234.871795 4158.974359 4233.333333 4266.153846 4220.000000 4078.461538 3913.846154
4260.000000 4151.282051 4244.615385 4248.205128 4221.538462 4235.897436 4238.461538 4241.538462 4166.153846 4233.333333 4272.307692 4221.538462 4083.076923 3915.384615
4264.102564 4159.487179 4249.743590 4251.794872 4225.128205 4234.358974 4240.000000 4238.461538 4170.769231 4233.846154 4268.717949 4224.102564 4082.564103 3916.410256
4273.846154 4172.820513 4259.487179 4258.974359 4224.615385 4235.897436 4244.615385 4252.307692 4177.948718 4232.307692 4269.230769 4226.153846 4091.794872 3912.820513
4269.230769 4161.025641 4256.410256 4249.230769 4222.564103 4236.410256 4246.666667 4256.923077 4167.179487 4230.769231 4265.641026 4224.102564 4086.153846 3911.794872
4255.384615 4142.051282 4241.538462 4230.769231 4223.589744 4231.282051 4240.000000 4228.717949 4145.128205 4232.307692 4251.794872 4220.512821 4067.692308 3910.256410
