4217.948718 4184.615385 4351.794872 4217.435897 4219.487179 4228.717949 4203.589744 4185.641026 4227.179487 4217.435897 4202.051282 4228.717949 4200.000000 4280.000000
4225.128205 4192.820513 4361.025641 4227.692308 4221.025641 4235.384615 4212.820513 4189.743590 4242.564103 4217.948718 4212.820513 4243.589744 4206.666667 4281.538462
4222.564103 4196.923077 4355.384615 4229.230769 4219.487179 4234.871795 4210.769231 4191.794872 4246.666667 4218.974359 4209.743590 4245.641026 4204.102564 4285.128205
4213.846154 4187.692308 4350.256410 4213.333333 4224.102564 4224.102564 4196.923077 4180.512821 4228.205128 4219.487179 4200.000000 4235.897436 4194.358974 4289.743590
4211.282051 4181.538462 4349.230769 4201.538462 4219.487179 4227.692308 4201.025641 4182.051282 4218.974359 4218.974359 4204.615385 4234.358974 4196.410256 4284.102564
4209.743590 4183.076923 4351.282051 4204.102564 4219.487179 4229.743590 4213.846154 4186.153846 4220.512821 4218.974359 4204.615385 4234.358974 4192.820513 4287.692308
4207.692308 4184.615385 4351.282051 4210.256410 4222.051282 4221.538462 4214.358974 4181.025641 4223.589744 4218.974359 4195.897436 4230.256410 4183.589744 4290.256410
4214.358974 4188.205128 4352.307692 4212.307692 4220.512821 4226.153846 4214.358974 4189.743590 4229.743590 4218.974359 4203.589744 4237.435897 4191.282051 4287.179487
4220.512821 4193.333333 4357.435897 4214.358974 4224.102564 4230.769231 4216.410256 4195.384615 4234.358974 4218.974359 4211.794872 4244.615385 4198.461538 4292.820513
4211.282051 4190.769231 4352.307692 4211.794872 4218.461538 4224.102564 4210.769231 4181.025641 4233.333333 4218.974359 4197.948718 4234.358974 4185.128205 4290.769231
4194.358974 4174.871795 4346.666667 4197.435897 4219.487179 4226.153846 4204.102564 4167.692308 4222.564103 4218.974359 4170.256410 4215.897436 4157.435897 4289.230769
4177.948718 4162.564103 4340.512821 4185.128205 4223.589744 4231.282051 4205.641026 4165.641026 4209.230769 4218.974359 4154.871795 4201.538462 4141.538462 4281.025641
4175.897436 4164.102564 4335.384615 4186.153846 4218.461538 4225.641026 4205.641026 4165.641026 4203.589744 4218.974359 4165.641026 4204.102564 4153.846154 4271.794872
4191.794872 4175.897436 4350.256410 4195.897436 4222.564103 4221.538462 4207.692308 4167.692308 4208.205128 4218.974359 4182.051282 4221.025641 4172.820513 4277.948718
4200.000000 4185.128205 4356.410256 4199.487179 4221.538462 4221.538462 4209.230769 4170.769231 4214.871795 4218.974359 4180.512821 4224.615385 4170.256410 4276.410256
4196.410256 4175.897436 4347.692308 4192.307692 4221.025641 4212.307692 4204.102564 4163.076923 4206.666667 4218.974359 4168.717949 4213.333333 4153.846154 4277.948718
4201.025641 4175.384615 4348.717949 4194.871795 4223.076923 4215.384615 4211.794872 4166.153846 4204.102564 4218.974359 4176.410256 4219.487179 4162.051282 4282.564103
4209.743590 4189.230769 4358.461538 4208.205128 4216.410256 4231.282051 4230.256410 4181.538462 4223.076923 4218.974359 4194.358974 4234.358974 4180.000000 4284.102564
4213.846154 4188.205128 4365.128205 4205.128205 4219.487179 4230.769231 4226.153846 4173.846154 4221.025641 4219.487179 4191.282051 4234.871795 4175.897436 4291.794872
4220.512821 4193.333333 4367.692308 4207.179487 4220.512821 4223.076923 4215.384615 4167.179487 4212.307692 4218.974359 4190.769231 4242.051282 4178.974359 4288.205128
4225.641026 4206.666667 4372.820513 4220.512821 4218.461538 4224.615385 4221.025641 4181.538462 4226.666667 4218.974359 4203.589744 4254.871795 4194.358974 4288.717949
4222.564103 4199.487179 4375.384615 4216.410256 4221.538462 4224.102564 4221.538462 4189.743590 4240.000000 4219.487179 4206.153846 4252.820513 4191.794872 4293.846154
4224.102564 4194.871795 4373.846154 4209.743590 4218.974359 4213.333333 4211.282051 4188.717949 4240.000000 4218.974359 4202.051282 4246.153846 4184.102564 4296.923077
4226.666667 4202.051282 4381.538462 4215.897436 4222.051282 4211.282051 4212.820513 4190.769231 4234.358974 4217.948718 4205.128205 4249.230769 4186.153846 4304.615385
4217.948718 4199.487179 4376.410256 4212.820513 4218.974359 4222.051282 4224.615385 4194.871795 4229.743590 4218.461538 4210.256410 4249.743590 4187.179487 4297.948718
4212.307692 4194.871795 4365.641026 4203.589744 4218.461538 4221.538462 4222.564103 4191.282051 4221.538462 4218.974359 4206.666667 4241.538462 4181.538462 4289.743590
4218.974359 4204.102564 4373.333333 4209.743590 4223.589744 4213.846154 4213.846154 4195.384615 4227.692308 4218.461538 4205.641026 4242.564103 4182.051282 4289.230769
4219.487179 4205.641026 4375.384615 4213.333333 4213.846154 4223.076923 4218.974359 4203.076923 4245.641026 4217.435897 4211.794872 4249.230769 4185.128205 4286.666667
4211.794872 4189.743590 4369.230769 4202.564103 4216.410256 4231.282051 4219.487179 4191.794872 4237.435897 4217.435897 4206.666667 4246.153846 4176.410256 4295.384615
4206.153846 4186.666667 4365.641026 4201.538462 4221.538462 4223.589744 4221.538462 4183.076923 4218.974359 4218.461538 4196.923077 4244.102564 4173.333333 4297.948718
4205.128205 4191.794872 4368.717949 4205.641026 4219.487179 4218.974359 4225.128205 4185.641026 4217.435897 4218.974359 4193.333333 4247.179487 4176.923077 4296.923077
4209.230769 4188.717949 4373.846154 4198.461538 4223.589744 4223.076923 4215.897436 4182.564103 4224.615385 4217.948718 4193.846154 4245.641026 4173.846154 4297.435897
4209.743590 4187.179487 4367.692308 4194.871795 4218.461538 4220.512821 4206.666667 4181.025641 4228.205128 4218.461538 4198.461538 4243.076923 4175.897436 4287.179487
4211.794872 4193.333333 4371.282051 4200.512821 4220.512821 4217.948718 4207.692308 4182.051282 4230.769231 4219.487179 4202.564103 4245.641026 4182.051282 4282.564103
4211.794872 4193.846154 4377.435897 4201.538462 4223.589744 4221.538462 4209.230769 4181.025641 4228.205128 4219.487179 4198.461538 4242.051282 4177.948718 4273.333333
4197.948718 4174.358974 4368.717949 4185.641026 4221.538462 4217.435897 4198.974359 4171.282051 4208.717949 4218.974359 4175.384615 4229.230769 4150.256410 4265.641026
4180.000000 4154.358974 4359.487179 4169.230769 4223.589744 4214.358974 4191.794872 4163.076923 4194.358974 4219.487179 4157.435897 4221.538462 4126.153846 4265.128205
4179.487179 4161.538462 4358.461538 4177.435897 4220.000000 4221.025641 4202.564103 4181.025641 4212.307692 4219.487179 4175.897436 4231.282051 4147.692308 4258.974359
4197.948718 4173.846154 4368.205128 4190.256410 4223.076923 4223.076923 4206.153846 4195.384615 4227.692308 4218.974359 4194.358974 4244.615385 4174.358974 4265.641026
4206.153846 4177.948718 4370.769231 4192.307692 4221.025641 4217.948718 4196.410256 4180.512821 4215.384615 4217.948718 4190.256410 4247.692308 4171.282051 4269.230769
4208.717949 4187.692308 4371.794872 4199.487179 4215.384615 4211.794872 4189.230769 4166.153846 4210.769231 4217.435897 4195.384615 4253.846154 4170.769231 4270.769231
4221.538462 4199.487179 4386.666667 4210.769231 4221.538462 4213.846154 4190.256410 4174.358974 4227.692308 4217.948718 4211.282051 4267.179487 4184.102564 4281.025641
4216.923077 4198.461538 4384.102564 4212.820513 4220.000000 4231.794872 4201.025641 4186.666667 4226.666667 4217.435897 4189.230769 4257.435897 4160.000000 4287.692308
4210.256410 4199.487179 4380.512821 4215.384615 4218.461538 4234.871795 4207.179487 4195.897436 4234.358974 4218.461538 4194.871795 4256.410256 4163.076923 4278.974359
4210.769231 4200.512821 4388.205128 4217.948718 4224.102564 4233.846154 4210.769231 4191.794872 4233.846154 4217.948718 4207.692308 4258.974359 4174.871795 4278.461538
4212.820513 4194.871795 4388.717949 4215.897436 4220.000000 4236.923077 4215.384615 4190.769231 4232.307692 4217.435897 4206.153846 4257.435897 4174.358974 4271.794872
4198.461538 4180.512821 4375.384615 4205.128205 4217.435897 4231.282051 4212.307692 4184.102564 4221.025641 4216.923077 4186.666667 4240.512821 4148.205128 4267.692308
4188.205128 4172.820513 4372.820513 4201.538462 4221.025641 4217.948718 4204.615385 4177.435897 4210.256410 4217.948718 4185.128205 4232.820513 4141.025641 4263.076923
4196.410256 4182.564103 4376.410256 4206.666667 4218.974359 4214.871795 4200.512821 4183.076923 4215.897436 4218.974359 4200.000000 4238.974359 4162.051282 4256.410256
4204.102564 4187.179487 4380.000000 4204.615385 4222.051282 4218.974359 4197.435897 4179.487179 4219.487179 4218.461538 4198.461538 4243.589744 4162.564103 4266.153846
4204.102564 4188.205128 4378.461538 4206.666667 4217.435897 4223.076923 4202.564103 4181.025641 4222.564103 4217.435897 4195.897436 4248.205128 4154.871795 4268.717949
4204.615385 4188.205128 4373.846154 4210.256410 4218.461538 4226.666667 4207.179487 4192.307692 4227.692308 4217.435897 4206.153846 4249.743590 4162.564103 4268.717949
4206.666667 4185.128205 4370.256410 4207.692308 4227.179487 4231.282051 4209.743590 4193.846154 4222.564103 4217.948718 4210.256410 4244.615385 4165.641026 4268.717949
4212.820513 4191.282051 4366.153846 4216.923077 4217.948718 4235.384615 4217.435897 4189.743590 4222.564103 4217.948718 4209.230769 4241.538462 4163.589744 4263.589744
4211.794872 4196.923077 4362.051282 4225.641026 4221.025641 4231.794872 4213.846154 4188.205128 4229.230769 4216.923077 4209.230769 4237.948718 4158.461538 4266.666667
4192.307692 4181.538462 4346.153846 4213.846154 4226.153846 4223.589744 4198.974359 4186.666667 4226.153846 4216.410256 4203.076923 4227.179487 4150.256410 4262.564103
4179.487179 4160.512821 4332.307692 4195.384615 4219.487179 4220.000000 4192.307692 4177.948718 4209.230769 4216.923077 4191.282051 4219.487179 4149.230769 4263.076923
4190.769231 4167.179487 4334.358974 4197.435897 4217.435897 4220.512821 4191.282051 4170.769231 4201.538462 4216.923077 4191.794872 4223.589744 4142.564103 4262.564103
4202.051282 4191.282051 4332.307692 4213.333333 4215.384615 4216.410256 4187.692308 4172.820513 4204.615385 4216.410256 4199.487179 4222.051282 4127.692308 4250.769231
4201.025641 4198.974359 4331.282051 4219.487179 4219.487179 4211.794872 4184.102564 4166.153846 4199.487179 4216.410256 4191.794872 4214.871795 4123.076923 4253.846154
4208.205128 4206.153846 4331.794872 4220.512821 4220.000000 4215.897436 4189.743590 4164.102564 4202.051282 4216.923077 4190.256410 4220.000000 4139.487179 4255.384615
4224.102564 4217.435897 4332.820513 4223.076923 4218.974359 4217.948718 4194.358974 4171.282051 4208.717949 4215.897436 4203.589744 4228.205128 4152.307692 4253.333333
4233.846154 4226.666667 4337.948718 4229.230769 4225.128205 4214.871795 4193.333333 4173.846154 4207.692308 4217.948718 4207.179487 4228.205128 4155.897436 4259.487179
4243.589744 4244.615385 4337.948718 4241.538462 4222.051282 4219.487179 4194.871795 4176.923077 4212.820513 4218.974359 4212.820513 4229.743590 4174.358974 4265.128205
4262.564103 4262.051282 4343.589744 4248.717949 4222.564103 4223.076923 4194.871795 4184.102564 4217.435897 4217.435897 4224.102564 4238.974359 4190.256410 4276.923077
4273.846154 4273.333333 4349.743590 4253.333333 4221.025641 4220.512821 4199.487179 4191.794872 4220.512821 4216.410256 4225.641026 4247.179487 4188.205128 4278.461538
4277.948718 4285.128205 4348.205128 4263.589744 4218.974359 4222.564103 4206.153846 4194.358974 4222.051282 4217.948718 4226.153846 4250.769231 4186.666667 4278.461538
4288.205128 4297.948718 4351.282051 4272.307692 4226.666667 4231.794872 4204.102564 4193.846154 4226.153846 4218.974359 4236.923077 4253.333333 4196.410256 4285.128205
4295.897436 4305.641026 4350.256410 4277.948718 4222.051282 4235.384615 4201.025641 4195.897436 4232.307692 4218.461538 4243.076923 4253.333333 4203.589744 4281.025641
4293.846154 4305.128205 4348.717949 4277.948718 4221.538462 4227.692308 4198.461538 4198.974359 4236.923077 4218.461538 4232.307692 4250.256410 4191.794872 4280.512821
4291.794872 4304.615385 4347.179487 4275.897436 4222.564103 4222.564103 4199.487179 4204.102564 4241.538462 4217.435897 4223.589744 4249.743590 4180.512821 4276.923077
4292.820513 4302.051282 4342.051282 4275.897436 4218.974359 4227.179487 4201.025641 4201.538462 4233.846154 4217.435897 4225.641026 4251.794872 4180.512821 4275.384615
4292.820513 4296.410256 4345.641026 4276.923077 4224.615385 4229.743590 4200.000000 4192.307692 4220.512821 4217.435897 4229.743590 4256.923077 4186.666667 4284.615385
4293.333333 4302.051282 4348.717949 4282.051282 4219.487179 4230.256410 4205.128205 4198.461538 4235.897436 4217.435897 4236.410256 4263.589744 4193.846154 4282.051282
4297.948718 4306.153846 4350.769231 4288.717949 4216.923077 4236.410256 4210.256410 4212.820513 4261.025641 4217.435897 4239.487179 4264.102564 4200.512821 4285.128205
4296.923077 4297.435897 4350.256410 4287.692308 4220.512821 4238.461538 4211.282051 4213.846154 4256.410256 4217.435897 4237.948718 4263.076923 4212.307692 4288.205128
4286.153846 4287.692308 4344.615385 4278.974359 4216.923077 4229.230769 4208.717949 4204.102564 4241.025641 4217.435897 4231.282051 4261.025641 4207.692308 4281.025641
4282.051282 4283.589744 4346.153846 4274.871795 4221.025641 4226.666667 4206.666667 4201.025641 4237.435897 4217.435897 4221.538462 4253.846154 4189.743590 4280.512821
4280.000000 4280.000000 4345.641026 4276.410256 4221.025641 4235.897436 4213.846154 4210.769231 4238.461538 4217.435897 4224.102564 4249.230769 4189.230769 4276.923077
4269.743590 4268.205128 4345.128205 4269.743590 4221.538462 4232.820513 4215.897436 4209.230769 4235.384615 4217.435897 4226.666667 4247.179487 4189.743590 4278.974359
4265.641026 4268.205128 4348.717949 4267.692308 4223.076923 4232.307692 4211.282051 4202.051282 4226.666667 4217.435897 4222.051282 4249.230769 4185.128205 4280.512821
4270.769231 4279.487179 4349.230769 4278.974359 4220.000000 4260.512821 4215.384615 4209.743590 4214.358974 4217.435897 4227.692308 4254.358974 4190.769231 4277.435897
4270.256410 4278.974359 4352.307692 4282.564103 4224.615385 4279.487179 4218.974359 4220.512821 4210.256410 4217.435897 4238.461538 4253.846154 4195.384615 4281.538462
4263.589744 4274.358974 4349.743590 4277.435897 4222.564103 4274.871795 4216.923077 4227.179487 4218.461538 4217.435897 4242.564103 4251.282051 4195.384615 4277.435897
4260.000000 4270.256410 4347.179487 4272.820513 4222.564103 4272.820513 4216.923077 4221.538462 4212.307692 4217.435897 4234.871795 4253.846154 4193.333333 4278.974359
4257.435897 4264.615385 4346.153846 4271.282051 4224.102564 4267.179487 4210.256410 4205.128205 4195.897436 4217.435897 4228.717949 4253.846154 4185.641026 4284.615385
4251.794872 4263.589744 4341.025641 4271.282051 4218.974359 4260.000000 4202.564103 4200.000000 4201.538462 4217.435897 4230.769231 4247.692308 4182.564103 4280.000000
4250.256410 4258.974359 4342.564103 4266.153846 4224.102564 4265.641026 4205.128205 4206.666667 4211.794872 4217.435897 4225.641026 4244.102564 4176.410256 4280.000000
4254.871795 4254.871795 4340.512821 4264.102564 4223.589744 4272.820513 4214.358974 4210.769231 4213.846154 4217.435897 4223.076923 4248.205128 4176.923077 4276.923077
4261.025641 4261.538462 4342.051282 4269.230769 4220.512821 4270.256410 4215.897436 4211.794872 4215.897436 4217.435897 4235.384615 4257.435897 4191.282051 4283.589744
4258.974359 4258.974359 4343.589744 4264.102564 4224.615385 4263.589744 4212.307692 4205.641026 4208.205128 4217.435897 4235.384615 4251.794872 4183.589744 4287.692308
4247.692308 4244.615385 4330.769231 4251.282051 4218.974359 4257.435897 4208.205128 4198.974359 4190.769231 4217.435897 4216.923077 4234.358974 4161.538462 4276.923077
4248.717949 4243.589744 4333.846154 4250.769231 4219.487179 4254.358974 4202.564103 4195.384615 4182.564103 4217.435897 4211.282051 4236.923077 4159.487179 4284.615385
4255.897436 4257.948718 4344.615385 4260.000000 4218.461538 4257.435897 4207.692308 4202.051282 4197.948718 4217.435897 4226.153846 4252.307692 4173.846154 4292.307692
4254.871795 4258.461538 4339.487179 4257.435897 4214.871795 4255.897436 4213.333333 4205.641026 4209.743590 4217.435897 4229.743590 4251.794872 4171.794872 4287.179487
4246.666667 4242.564103 4333.846154 4250.256410 4221.025641 4250.256410 4204.102564 4193.333333 4197.948718 4217.435897 4215.897436 4242.564103 4152.820513 4283.076923
4241.538462 4243.589744 4335.384615 4257.948718 4219.487179 4252.820513 4202.564103 4188.205128 4186.153846 4217.435897 4212.820513 4242.051282 4150.256410 4280.000000
4245.641026 4250.256410 4341.025641 4263.076923 4222.564103 4258.461538 4212.820513 4196.923077 4188.205128 4217.435897 4218.461538 4246.153846 4155.384615 4285.641026
4245.641026 4248.205128 4337.948718 4258.461538 4222.564103 4260.000000 4219.487179 4208.205128 4200.000000 4217.435897 4220.512821 4245.641026 4155.384615 4282.051282
4237.948718 4244.615385 4331.282051 4255.384615 4216.923077 4254.871795 4213.846154 4206.153846 4198.974359 4217.435897 4210.769231 4235.897436 4145.128205 4280.000000
4228.717949 4235.897436 4330.769231 4249.230769 4220.000000 4253.846154 4210.256410 4193.846154 4187.179487 4217.435897 4198.461538 4226.666667 4132.820513 4284.615385
4226.666667 4232.307692 4329.230769 4248.205128 4217.435897 4259.487179 4220.512821 4202.564103 4202.564103 4217.435897 4207.179487 4232.820513 4144.102564 4280.000000
4230.256410 4234.358974 4334.358974 4256.410256 4221.538462 4261.025641 4225.641026 4213.846154 4219.487179 4217.435897 4219.487179 4238.974359 4153.846154 4282.051282
4230.256410 4242.051282 4341.025641 4262.564103 4224.615385 4263.076923 4224.615385 4211.794872 4212.307692 4217.435897 4218.974359 4237.948718 4148.205128 4276.923077
4230.256410 4246.666667 4342.051282 4255.897436 4218.461538 4265.641026 4229.230769 4213.333333 4208.205128 4217.435897 4218.461538 4240.512821 4147.692308 4268.717949
4236.410256 4249.230769 4348.717949 4257.435897 4220.512821 4269.743590 4234.358974 4223.076923 4223.076923 4217.435897 4225.128205 4246.666667 4155.384615 4274.871795
4238.461538 4252.820513 4349.743590 4268.717949 4217.435897 4271.282051 4230.256410 4228.717949 4232.820513 4217.435897 4233.846154 4252.820513 4162.051282 4273.333333
4231.794872 4243.076923 4345.128205 4260.000000 4216.410256 4261.025641 4219.487179 4219.487179 4222.051282 4217.435897 4233.333333 4252.307692 4158.461538 4271.282051
4226.153846 4235.897436 4344.615385 4252.820513 4218.974359 4254.871795 4220.512821 4210.256410 4216.410256 4217.948718 4230.256410 4249.743590 4154.358974 4270.256410
4232.307692 4246.153846 4348.717949 4268.717949 4218.974359 4261.025641 4230.256410 4215.384615 4228.205128 4216.923077 4236.410256 4254.871795 4155.897436 4276.410256
4245.128205 4252.307692 4356.923077 4281.538462 4223.076923 4262.564103 4229.230769 4222.564103 4228.717949 4217.435897 4243.076923 4264.615385 4158.461538 4286.153846
4247.179487 4243.076923 4354.358974 4272.820513 4216.410256 4255.897436 4222.051282 4217.948718 4214.358974 4219.487179 4237.435897 4260.512821 4154.358974 4280.512821
4237.948718 4231.794872 4350.256410 4254.871795 4217.435897 4252.307692 4219.487179 4207.692308 4208.205128 4218.974359 4221.025641 4245.641026 4144.615385 4280.000000
4233.846154 4233.846154 4348.205128 4248.717949 4222.051282 4254.871795 4225.641026 4208.717949 4214.871795 4216.410256 4220.000000 4243.076923 4141.538462 4282.564103
4231.282051 4226.666667 4344.615385 4253.333333 4215.897436 4259.487179 4230.769231 4215.897436 4220.512821 4217.435897 4231.794872 4249.743590 4143.589744 4277.435897
4223.076923 4204.102564 4346.666667 4265.641026 4221.538462 4258.974359 4232.307692 4211.794872 4218.461538 4218.461538 4229.743590 4245.128205 4137.435897 4280.000000
4223.076923 4206.153846 4349.743590 4293.333333 4221.025641 4258.974359 4238.461538 4209.743590 4219.487179 4216.410256 4220.000000 4236.410256 4134.358974 4280.512821
4237.435897 4228.205128 4352.307692 4306.666667 4217.435897 4261.538462 4240.000000 4209.230769 4221.025641 4217.435897 4222.051282 4242.051282 4141.025641 4285.128205
4241.025641 4230.256410 4355.384615 4299.487179 4220.512821 4264.615385 4235.897436 4207.179487 4221.025641 4218.974359 4229.743590 4250.769231 4146.153846 4282.051282
4232.820513 4221.538462 4356.923077 4305.641026 4218.461538 4264.615385 4240.512821 4218.974359 4227.692308 4217.948718 4236.923077 4254.358974 4149.230769 4271.794872
4237.948718 4221.025641 4362.564103 4306.666667 4221.025641 4264.102564 4244.615385 4232.820513 4234.871795 4217.435897 4248.205128 4265.128205 4161.538462 4279.487179
4242.564103 4217.948718 4356.410256 4286.153846 4220.000000 4266.153846 4244.102564 4236.410256 4244.102564 4217.435897 4251.282051 4269.743590 4171.794872 4280.000000
4227.179487 4203.076923 4344.102564 4278.974359 4220.000000 4262.564103 4241.538462 4225.128205 4241.538462 4217.948718 4239.487179 4252.820513 4158.974359 4276.923077
4210.769231 4194.358974 4343.589744 4288.717949 4222.051282 4256.410256 4244.102564 4219.487179 4236.923077 4218.461538 4238.461538 4243.589744 4148.205128 4280.000000
4209.230769 4194.871795 4343.076923 4290.769231 4215.384615 4260.000000 4249.743590 4228.205128 4242.564103 4218.461538 4241.025641 4250.769231 4159.487179 4278.461538
4214.871795 4190.256410 4346.153846 4284.102564 4218.974359 4266.666667 4244.615385 4226.666667 4238.461538 4217.435897 4228.717949 4246.153846 4154.871795 4278.461538
4222.051282 4194.358974 4354.871795 4299.487179 4220.512821 4270.769231 4242.564103 4223.076923 4232.307692 4217.435897 4228.717949 4244.615385 4145.641026 4269.743590
4229.743590 4201.538462 4361.538462 4311.794872 4218.974359 4270.256410 4247.692308 4229.743590 4234.358974 4216.923077 4237.948718 4261.538462 4159.487179 4274.871795
4238.461538 4201.025641 4365.641026 4303.076923 4222.564103 4266.153846 4250.256410 4235.384615 4244.615385 4217.435897 4238.974359 4270.769231 4180.512821 4287.692308
4246.153846 4207.179487 4364.615385 4306.666667 4215.897436 4267.692308 4254.358974 4240.512821 4263.076923 4218.974359 4246.666667 4269.230769 4188.205128 4285.128205
4243.589744 4202.564103 4366.666667 4316.923077 4218.461538 4273.333333 4254.871795 4237.948718 4265.641026 4218.461538 4245.128205 4266.153846 4177.435897 4288.205128
4240.000000 4187.179487 4364.102564 4306.666667 4220.000000 4269.230769 4253.333333 4230.256410 4255.384615 4217.948718 4238.461538 4266.666667 4176.410256 4285.641026
4248.205128 4186.666667 4365.128205 4294.358974 4216.923077 4262.564103 4253.846154 4233.846154 4256.923077 4218.461538 4251.794872 4276.923077 4188.205128 4286.153846
4251.282051 4188.205128 4372.307692 4293.846154 4223.076923 4266.666667 4254.871795 4237.948718 4253.333333 4218.974359 4260.000000 4288.717949 4189.743590 4290.769231
4240.000000 4171.282051 4366.666667 4290.769231 4220.000000 4268.205128 4253.333333 4231.282051 4238.461538 4217.435897 4241.538462 4283.589744 4176.410256 4281.538462
4236.923077 4148.717949 4363.076923 4281.538462 4218.974359 4262.564103 4247.179487 4222.051282 4227.692308 4216.410256 4222.051282 4267.692308 4160.512821 4280.512821
4233.333333 4141.025641 4357.435897 4268.717949 4219.487179 4266.153846 4243.589744 4223.589744 4227.179487 4217.435897 4219.487179 4262.564103 4152.820513 4276.923077
4226.153846 4147.692308 4349.230769 4258.974359 4218.461538 4267.692308 4245.128205 4233.846154 4243.076923 4217.948718 4225.641026 4266.153846 4156.923077 4271.794872
4238.974359 4166.666667 4360.512821 4277.948718 4223.076923 4263.076923 4250.769231 4245.128205 4265.128205 4219.487179 4242.051282 4280.512821 4176.410256 4278.461538
4246.666667 4180.000000 4366.153846 4293.846154 4215.384615 4264.615385 4252.307692 4242.051282 4263.076923 4219.487179 4251.282051 4284.102564 4185.641026 4278.461538
4233.333333 4169.230769 4361.538462 4274.358974 4216.923077 4260.512821 4241.538462 4218.461538 4232.820513 4217.435897 4225.641026 4263.589744 4163.076923 4281.025641
4242.051282 4166.153846 4367.179487 4273.333333 4224.102564 4250.769231 4235.384615 4213.333333 4222.051282 4217.435897 4204.615385 4260.000000 4150.769231 4283.076923
4267.692308 4185.641026 4376.923077 4303.076923 4217.948718 4253.333333 4237.948718 4225.128205 4231.794872 4218.974359 4218.974359 4278.461538 4164.615385 4283.076923
4260.512821 4191.794872 4376.923077 4304.615385 4218.461538 4257.435897 4236.923077 4214.871795 4218.461538 4218.461538 4226.153846 4273.846154 4164.102564 4285.128205
4240.512821 4179.487179 4365.128205 4285.641026 4217.948718 4254.871795 4236.410256 4206.666667 4208.205128 4216.923077 4217.948718 4258.974359 4156.923077 4272.307692
4244.615385 4172.820513 4364.102564 4282.051282 4220.000000 4252.820513 4234.871795 4217.948718 4222.564103 4217.435897 4222.051282 4266.153846 4165.641026 4269.230769
4252.307692 4175.897436 4370.769231 4290.256410 4220.512821 4255.897436 4233.846154 4227.692308 4238.974359 4217.948718 4225.128205 4271.282051 4168.205128 4273.333333
4249.743590 4181.025641 4370.769231 4298.974359 4214.871795 4261.025641 4233.846154 4224.102564 4241.538462 4217.435897 4217.435897 4261.025641 4157.435897 4270.256410
4251.282051 4175.384615 4373.846154 4300.000000 4221.025641 4259.487179 4229.230769 4215.384615 4238.974359 4217.435897 4215.897436 4255.897436 4150.256410 4267.692308
4247.179487 4159.487179 4368.205128 4288.717949 4220.000000 4253.846154 4224.102564 4214.871795 4235.897436 4218.461538 4222.564103 4252.820513 4156.410256 4259.487179
4232.820513 4151.282051 4359.487179 4272.307692 4220.512821 4250.769231 4220.000000 4217.948718 4230.256410 4218.461538 4223.076923 4247.179487 4159.487179 4260.000000
4224.615385 4155.897436 4361.538462 4268.205128 4222.051282 4251.794872 4216.923077 4222.564103 4234.358974 4217.948718 4217.435897 4248.717949 4155.384615 4261.025641
4225.128205 4156.410256 4365.641026 4275.384615 4215.384615 4248.717949 4214.358974 4220.000000 4235.384615 4218.461538 4214.871795 4251.282051 4154.358974 4257.948718
4228.205128 4145.641026 4371.794872 4281.025641 4220.000000 4241.025641 4208.205128 4202.564103 4214.358974 4220.000000 4206.666667 4244.102564 4146.153846 4264.102564
4227.692308 4149.743590 4370.769231 4283.076923 4218.461538 4243.076923 4206.666667 4193.846154 4205.128205 4218.461538 4200.512821 4238.974359 4136.923077 4258.974359
4224.615385 4159.487179 4370.769231 4283.589744 4218.461538 4248.717949 4208.205128 4204.615385 4218.461538 4217.435897 4201.025641 4244.615385 4136.410256 4256.923077
4223.076923 4149.743590 4371.282051 4289.230769 4224.102564 4249.743590 4210.769231 4210.769231 4221.025641 4219.487179 4204.615385 4247.692308 4141.538462 4257.948718
4225.641026 4137.435897 4362.564103 4285.641026 4217.948718 4251.282051 4215.897436 4205.641026 4213.846154 4217.948718 4205.128205 4241.538462 4146.153846 4252.820513
4231.282051 4144.615385 4363.076923 4276.410256 4218.974359 4252.820513 4215.384615 4204.615385 4218.461538 4216.923077 4203.076923 4241.538462 4142.564103 4258.461538
4230.256410 4163.589744 4362.051282 4277.948718 4218.974359 4253.846154 4212.307692 4211.282051 4229.230769 4217.435897 4214.871795 4249.743590 4141.538462 4258.974359
4229.743590 4161.538462 4349.743590 4282.051282 4218.461538 4255.384615 4214.358974 4208.717949 4225.128205 4216.923077 4220.000000 4242.051282 4148.717949 4257.435897
4238.974359 4144.615385 4342.564103 4273.333333 4222.051282 4254.871795 4214.358974 4199.487179 4214.871795 4217.948718 4210.256410 4228.717949 4154.358974 4257.948718
4245.128205 4143.589744 4339.487179 4267.692308 4217.948718 4247.179487 4206.153846 4198.461538 4218.461538 4219.487179 4220.512821 4237.435897 4156.923077 4253.846154
4241.538462 4141.538462 4337.948718 4270.256410 4222.051282 4244.615385 4200.512821 4202.564103 4222.051282 4216.410256 4234.871795 4250.256410 4157.435897 4257.948718
4238.974359 4130.256410 4328.717949 4260.512821 4222.051282 4251.282051 4207.692308 4208.205128 4220.000000 4215.384615 4227.692308 4246.666667 4161.025641 4255.897436
4245.128205 4127.692308 4323.076923 4257.948718 4216.923077 4249.743590 4212.307692 4208.717949 4216.923077 4218.974359 4225.641026 4243.076923 4166.666667 4256.923077
4249.743590 4140.000000 4324.102564 4276.410256 4219.487179 4242.564103 4209.743590 4205.641026 4214.358974 4219.487179 4235.897436 4245.641026 4171.282051 4257.948718
4247.179487 4145.128205 4317.948718 4282.051282 4217.948718 4247.692308 4214.358974 4214.358974 4224.615385 4217.948718 4233.846154 4240.000000 4167.692308 4242.564103
4237.948718 4126.153846 4309.743590 4254.358974 4222.051282 4254.871795 4216.410256 4216.410256 4231.794872 4218.461538 4219.487179 4231.282051 4142.051282 4242.564103
4227.692308 4115.384615 4300.512821 4241.538462 4222.564103 4251.282051 4211.794872 4209.230769 4223.589744 4217.948718 4213.846154 4225.128205 4131.282051 4248.717949
4229.230769 4113.333333 4301.538462 4262.564103 4218.461538 4244.102564 4209.743590 4211.794872 4220.000000 4216.923077 4217.948718 4224.615385 4148.205128 4251.282051
4235.897436 4100.512821 4306.666667 4260.512821 4220.000000 4243.589744 4205.641026 4217.948718 4227.179487 4217.435897 4222.564103 4228.717949 4152.820513 4252.307692
4231.282051 4098.461538 4298.974359 4245.641026 4217.435897 4245.641026 4202.564103 4216.923077 4231.282051 4217.435897 4223.076923 4226.153846 4141.538462 4245.128205
4221.025641 4106.153846 4294.358974 4251.794872 4222.051282 4243.076923 4200.000000 4207.179487 4220.000000 4217.435897 4212.307692 4214.871795 4128.205128 4249.230769
4222.051282 4106.666667 4291.794872 4257.435897 4223.589744 4243.589744 4201.538462 4202.051282 4212.820513 4217.435897 4212.820513 4212.307692 4131.282051 4250.256410
4231.794872 4103.589744 4286.666667 4254.358974 4218.974359 4252.307692 4210.769231 4214.871795 4227.692308 4217.435897 4231.794872 4223.589744 4149.743590 4248.205128
4236.923077 4103.589744 4293.846154 4279.487179 4223.589744 4258.974359 4217.435897 4230.256410 4243.076923 4217.435897 4241.538462 4232.820513 4156.923077 4254.871795
4230.769231 4098.974359 4291.282051 4323.076923 4215.897436 4252.820513 4214.358974 4227.179487 4235.384615 4217.948718 4233.333333 4227.692308 4141.025641 4248.205128
4225.128205 4086.666667 4280.000000 4331.794872 4215.384615 4241.538462 4203.589744 4211.282051 4218.974359 4218.461538 4224.615385 4220.000000 4132.307692 4243.589744
4233.333333 4085.641026 4288.717949 4324.102564 4224.102564 4244.102564 4203.076923 4212.820513 4225.128205 4218.461538 4232.820513 4228.717949 4148.717949 4244.615385
4244.102564 4086.666667 4302.564103 4338.461538 4218.974359 4252.307692 4207.179487 4217.435897 4233.846154 4218.461538 4242.564103 4236.410256 4154.358974 4242.051282
4244.102564 4078.461538 4300.000000 4335.897436 4217.948718 4248.717949 4207.179487 4205.641026 4220.000000 4217.948718 4242.564103 4231.282051 4143.076923 4242.051282
4235.897436 4084.615385 4285.128205 4315.897436 4217.435897 4241.538462 4205.641026 4205.641026 4215.384615 4217.435897 4238.974359 4227.692308 4146.153846 4231.794872
4233.333333 4084.102564 4282.564103 4311.794872 4220.000000 4236.923077 4196.923077 4210.769231 4221.025641 4217.435897 4229.743590 4225.128205 4139.487179 4228.205128
4232.307692 4063.589744 4285.641026 4316.923077 4221.025641 4233.846154 4195.384615 4199.487179 4216.410256 4217.435897 4219.487179 4216.410256 4119.487179 4227.692308
4230.769231 4060.512821 4282.051282 4318.974359 4215.384615 4235.897436 4205.128205 4194.358974 4214.358974 4217.435897 4214.871795 4214.358974 4125.641026 4226.153846
4237.435897 4076.923077 4287.179487 4310.256410 4220.512821 4243.589744 4209.743590 4203.589744 4218.974359 4217.435897 4221.025641 4222.564103 4147.179487 4229.743590
4238.461538 4077.948718 4283.589744 4303.076923 4220.000000 4251.282051 4215.897436 4210.769231 4217.435897 4217.435897 4228.205128 4225.128205 4153.333333 4223.076923
4235.384615 4068.205128 4281.025641 4315.384615 4217.435897 4249.230769 4217.948718 4203.076923 4207.179487 4217.435897 4225.128205 4223.076923 4149.230769 4224.615385
4244.102564 4075.897436 4293.333333 4330.769231 4218.974359 4246.153846 4209.743590 4196.923077 4207.179487 4217.435897 4224.102564 4226.666667 4151.282051 4228.717949
4247.692308 4087.692308 4292.307692 4313.333333 4215.897436 4247.692308 4210.256410 4204.102564 4215.897436 4217.435897 4229.743590 4232.820513 4150.256410 4221.025641
4235.384615 4084.102564 4283.076923 4287.179487 4222.564103 4244.615385 4209.230769 4209.230769 4217.435897 4216.923077 4227.179487 4229.743590 4136.410256 4220.512821
4228.717949 4081.538462 4281.538462 4298.461538 4220.000000 4246.666667 4205.128205 4208.717949 4219.487179 4217.948718 4223.589744 4220.000000 4134.358974 4216.923077
4235.384615 4081.538462 4286.666667 4307.692308 4214.871795 4253.846154 4215.384615 4207.692308 4225.641026 4219.487179 4229.230769 4220.512821 4138.974359 4221.538462
4234.358974 4069.230769 4285.128205 4289.743590 4219.487179 4252.820513 4227.692308 4209.230769 4229.743590 4219.487179 4236.410256 4227.692308 4137.948718 4228.205128
4225.128205 4062.564103 4276.923077 4280.512821 4215.384615 4249.230769 4222.051282 4210.256410 4223.076923 4218.461538 4231.794872 4223.589744 4134.358974 4220.512821
4228.717949 4074.358974 4281.538462 4285.641026 4217.948718 4250.769231 4214.871795 4204.615385 4206.666667 4217.948718 4218.461538 4213.846154 4125.641026 4222.564103
4240.000000 4086.153846 4288.717949 4295.384615 4220.000000 4254.358974 4221.025641 4209.230769 4210.256410 4217.948718 4229.230769 4218.974359 4121.538462 4225.641026
4236.923077 4076.923077 4286.666667 4300.000000 4216.410256 4255.384615 4222.051282 4215.384615 4218.974359 4218.461538 4237.948718 4222.564103 4117.435897 4229.230769
4220.512821 4052.307692 4278.461538 4287.692308 4218.974359 4250.769231 4219.487179 4207.692308 4210.256410 4219.487179 4219.487179 4215.897436 4108.205128 4230.769231
4214.358974 4048.717949 4271.282051 4270.256410 4217.435897 4248.717949 4223.589744 4211.794872 4217.948718 4218.461538 4220.512821 4217.435897 4114.358974 4224.102564
4220.512821 4063.589744 4278.974359 4268.205128 4220.000000 4248.717949 4215.384615 4217.948718 4231.794872 4217.948718 4238.974359 4222.051282 4122.051282 4227.692308
4231.794872 4069.743590 4287.179487 4288.717949 4217.435897 4241.538462 4203.076923 4205.641026 4220.512821 4218.461538 4243.589744 4229.230769 4110.769231 4226.153846
4241.538462 4068.717949 4285.128205 4284.102564 4212.820513 4236.410256 4204.102564 4195.384615 4204.102564 4217.948718 4239.487179 4236.410256 4104.615385 4225.641026
4238.974359 4077.435897 4283.076923 4247.179487 4217.435897 4240.512821 4204.102564 4200.000000 4207.179487 4217.435897 4235.897436 4236.410256 4111.794872 4230.256410
4231.794872 4085.128205 4279.487179 4218.461538 4216.923077 4244.102564 4199.487179 4210.769231 4218.974359 4217.435897 4239.487179 4236.923077 4118.461538 4225.641026
4234.358974 4082.051282 4283.076923 4212.307692 4219.487179 4246.153846 4202.051282 4213.846154 4220.512821 4217.435897 4244.615385 4238.461538 4117.435897 4229.743590
4236.410256 4075.897436 4286.666667 4227.692308 4217.948718 4252.820513 4213.333333 4210.256410 4217.435897 4217.435897 4246.666667 4242.051282 4112.307692 4227.179487
4231.794872 4058.974359 4282.564103 4233.333333 4214.358974 4251.282051 4214.871795 4204.615385 4212.307692 4217.435897 4238.461538 4241.538462 4109.743590 4224.102564
4227.692308 4053.333333 4277.948718 4213.846154 4222.051282 4245.128205 4206.153846 4201.025641 4205.641026 4217.435897 4230.769231 4232.307692 4111.794872 4225.128205
4230.256410 4074.871795 4273.846154 4197.948718 4216.923077 4250.256410 4209.230769 4209.230769 4212.820513 4217.948718 4237.948718 4231.794872 4118.461538 4212.820513
4236.410256 4073.333333 4280.000000 4208.717949 4216.923077 4252.820513 4212.307692 4209.743590 4214.871795 4218.461538 4237.948718 4240.000000 4109.230769 4213.333333
4236.923077 4051.282051 4281.025641 4216.923077 4222.564103 4250.256410 4206.666667 4198.461538 4199.487179 4219.487179 4226.666667 4236.410256 4080.000000 4217.435897
4230.256410 4049.230769 4268.717949 4200.512821 4216.410256 4248.205128 4206.666667 4189.743590 4186.666667 4218.974359 4220.000000 4226.153846 4053.333333 4212.820513
4231.282051 4054.358974 4271.794872 4192.307692 4217.948718 4244.615385 4210.256410 4190.256410 4186.153846 4217.435897 4223.589744 4230.769231 4052.307692 4214.871795
4238.974359 4051.282051 4280.512821 4209.743590 4215.384615 4244.102564 4209.230769 4202.051282 4195.897436 4215.897436 4233.333333 4238.461538 4077.435897 4211.794872
4237.948718 4048.717949 4276.923077 4215.384615 4216.923077 4245.128205 4207.692308 4207.692308 4201.538462 4215.897436 4228.717949 4231.794872 4078.974359 4214.358974
4223.076923 4049.743590 4262.051282 4192.820513 4221.538462 4242.564103 4206.153846 4202.564103 4195.384615 4217.435897 4214.871795 4220.512821 4056.410256 4215.897436
4214.871795 4050.769231 4254.871795 4184.102564 4216.410256 4241.025641 4199.487179 4197.435897 4189.743590 4217.948718 4209.230769 4217.948718 4048.205128 4214.871795
4220.000000 4042.051282 4262.564103 4186.666667 4216.923077 4244.615385 4198.461538 4193.846154 4185.641026 4218.461538 4203.076923 4217.435897 4045.641026 4217.435897
4210.256410 4023.076923 4253.846154 4176.923077 4213.846154 4246.666667 4207.692308 4190.769231 4177.948718 4218.974359 4189.230769 4203.076923 4036.923077 4205.128205
4188.717949 4009.230769 4241.538462 4169.743590 4214.871795 4244.102564 4208.717949 4186.666667 4171.282051 4217.948718 4180.512821 4187.179487 4036.410256 4202.564103
4182.051282 4003.589744 4238.461538 4170.256410 4218.974359 4245.641026 4206.666667 4185.641026 4172.820513 4217.948718 4185.641026 4187.179487 4051.794872 4204.615385
4181.025641 3997.948718 4233.846154 4164.102564 4213.846154 4246.666667 4207.179487 4183.589744 4172.307692 4218.461538 4186.666667 4185.128205 4058.974359 4199.487179
4180.512821 3995.897436 4232.820513 4161.538462 4218.461538 4235.384615 4201.538462 4170.256410 4163.589744 4218.461538 4174.358974 4172.820513 4061.025641 4202.564103
4187.179487 4001.538462 4233.333333 4173.846154 4217.948718 4234.871795 4200.000000 4166.153846 4166.153846 4218.461538 4169.230769 4176.410256 4065.128205 4201.025641
4192.307692 3995.897436 4234.871795 4174.871795 4216.410256 4244.102564 4202.564103 4168.717949 4164.615385 4218.461538 4178.974359 4190.769231 4057.435897 4202.564103
4191.282051 3989.743590 4236.410256 4160.000000 4217.948718 4240.512821 4202.051282 4161.025641 4151.282051 4217.948718 4186.666667 4191.282051 4061.025641 4205.641026
4191.794872 4004.615385 4233.333333 4162.051282 4211.794872 4237.948718 4209.230769 4157.948718 4154.358974 4218.974359 4181.538462 4185.641026 4076.410256 4209.230769
4191.282051 4006.153846 4232.820513 4168.717949 4217.435897 4242.564103 4211.282051 4161.538462 4156.410256 4218.461538 4180.000000 4181.025641 4066.666667 4221.538462
4186.666667 3987.692308 4227.692308 4165.641026 4217.435897 4240.000000 4208.205128 4163.589744 4146.666667 4217.435897 4182.051282 4170.769231 4041.538462 4217.435897
4181.538462 3983.589744 4219.487179 4156.410256 4212.820513 4233.333333 4206.153846 4162.564103 4143.589744 4217.435897 4165.128205 4154.358974 4033.333333 4214.358974
4176.923077 3993.333333 4220.000000 4151.794872 4218.461538 4231.282051 4200.000000 4166.153846 4155.897436 4217.948718 4160.512821 4151.282051 4031.794872 4219.487179
4176.410256 3989.743590 4215.897436 4157.948718 4218.461538 4231.282051 4196.410256 4169.230769 4171.794872 4217.435897 4182.051282 4161.538462 4020.512821 4218.974359
4176.410256 3973.846154 4206.153846 4148.205128 4220.512821 4228.205128 4196.410256 4162.051282 4170.256410 4217.435897 4186.666667 4160.000000 4005.128205 4225.641026
4168.205128 3980.512821 4197.435897 4129.743590 4217.435897 4223.076923 4193.846154 4159.487179 4163.076923 4217.435897 4180.512821 4145.641026 4001.025641 4221.025641
4166.153846 3982.564103 4196.923077 4133.333333 4214.871795 4221.025641 4189.743590 4160.512821 4154.871795 4217.435897 4174.871795 4130.769231 3996.923077 4213.846154
4178.461538 3973.333333 4206.153846 4161.538462 4219.487179 4226.666667 4193.333333 4156.923077 4148.205128 4217.435897 4158.974359 4125.128205 3985.128205 4218.461538
4189.230769 3990.769231 4204.102564 4181.538462 4210.769231 4230.256410 4193.846154 4151.794872 4144.102564 4217.435897 4167.692308 4129.230769 3986.153846 4215.897436
4179.487179 3990.256410 4189.743590 4161.025641 4214.358974 4222.051282 4179.487179 4135.897436 4129.743590 4216.923077 4177.435897 4120.512821 3981.538462 4214.358974
4151.282051 3961.538462 4168.717949 4129.230769 4222.051282 4214.358974 4167.692308 4120.512821 4120.512821 4217.435897 4143.589744 4091.282051 3953.846154 4204.615385
4126.153846 3950.256410 4153.846154 4109.230769 4215.897436 4220.512821 4172.307692 4115.384615 4114.871795 4218.461538 4126.153846 4070.256410 3927.692308 4198.974359
4124.102564 3949.743590 4158.974359 4122.564103 4215.384615 4231.282051 4182.051282 4111.282051 4101.025641 4218.974359 4136.410256 4075.384615 3919.487179 4204.615385
4142.051282 3955.897436 4166.153846 4148.205128 4214.358974 4225.128205 4187.179487 4115.384615 4105.128205 4218.461538 4143.589744 4085.641026 3937.948718 4199.487179
4155.897436 3977.435897 4169.230769 4138.461538 4213.846154 4211.794872 4183.589744 4125.128205 4125.128205 4217.435897 4159.487179 4092.820513 3952.820513 4201.025641
4146.153846 3980.000000 4158.461538 4115.897436 4214.358974 4216.410256 4180.512821 4127.179487 4127.692308 4216.410256 4167.179487 4087.692308 3940.512821 4200.000000
4132.820513 3958.461538 4144.615385 4122.564103 4215.384615 4221.025641 4185.128205 4131.282051 4128.205128 4215.897436 4153.333333 4071.282051 3940.512821 4197.948718
4138.461538 3958.461538 4153.333333 4133.846154 4219.487179 4215.384615 4192.307692 4145.128205 4148.717949 4217.435897 4174.358974 4082.564103 3960.512821 4201.025641
4143.589744 3964.615385 4151.794872 4122.051282 4211.282051 4213.846154 4193.333333 4148.205128 4154.871795 4218.974359 4205.128205 4094.358974 3977.948718 4191.282051
4141.025641 3956.410256 4135.897436 4118.974359 4215.897436 4213.333333 4183.589744 4132.307692 4129.743590 4218.461538 4177.948718 4071.282051 4000.000000 4191.282051
4133.846154 3964.615385 4125.641026 4120.512821 4222.564103 4208.205128 4176.923077 4115.384615 4118.461538 4217.948718 4151.282051 4047.179487 4046.153846 4191.282051
4124.615385 3979.487179 4120.000000 4109.230769 4214.871795 4202.564103 4173.846154 4100.512821 4120.512821 4218.974359 4153.846154 4041.025641 4062.051282 4183.589744
4129.230769 3967.179487 4124.102564 4113.333333 4214.871795 4200.000000 4167.692308 4084.102564 4111.794872 4217.948718 4164.102564 4047.692308 4034.358974 4183.076923
4137.435897 3962.051282 4120.512821 4129.230769 4213.333333 4205.128205 4167.179487 4079.487179 4106.666667 4215.897436 4174.871795 4057.948718 4046.666667 4178.974359
4124.615385 3968.717949 4103.076923 4105.641026 4213.333333 4202.564103 4162.564103 4073.333333 4100.512821 4216.410256 4158.974359 4049.743590 4065.128205 4175.384615
4103.589744 3962.051282 4086.153846 4070.769231 4214.358974 4190.769231 4152.307692 4061.538462 4089.743590 4217.948718 4139.487179 4037.435897 4027.692308 4167.179487
4101.025641 3968.205128 4081.538462 4094.871795 4210.769231 4189.743590 4148.717949 4056.923077 4085.128205 4218.461538 4151.794872 4040.512821 3998.974359 4160.000000
4107.179487 3985.128205 4087.179487 4127.179487 4216.923077 4194.358974 4148.717949 4056.410256 4080.000000 4218.974359 4159.487179 4032.820513 4028.205128 4165.128205
4100.512821 3985.128205 4079.487179 4110.769231 4216.410256 4197.948718 4154.358974 4060.512821 4077.948718 4219.487179 4165.641026 4014.358974 4073.333333 4162.564103
4093.333333 3976.410256 4069.230769 4090.256410 4213.846154 4197.435897 4156.410256 4064.615385 4077.948718 4218.974359 4210.256410 4015.897436 4070.256410 4162.051282
4090.256410 3982.051282 4065.641026 4099.487179 4213.333333 4191.794872 4145.128205 4062.051282 4076.923077 4218.974359 4253.333333 4026.666667 4040.512821 4163.076923
4093.846154 3989.743590 4062.051282 4110.256410 4209.743590 4191.794872 4133.846154 4056.410256 4081.538462 4218.974359 4273.333333 4037.948718 4075.897436 4162.051282
4098.974359 3985.641026 4058.974359 4093.333333 4216.923077 4192.307692 4121.025641 4045.641026 4084.615385 4218.974359 4286.153846 4044.102564 4169.230769 4169.743590
4094.871795 3985.128205 4049.230769 4088.717949 4216.410256 4188.205128 4112.820513 4037.435897 4081.538462 4218.974359 4298.974359 4040.512821 4216.410256 4165.641026
4080.512821 3981.025641 4035.384615 4096.410256 4213.333333 4183.589744 4110.769231 4028.205128 4069.230769 4218.974359 4284.102564 4030.256410 4200.512821 4162.051282
4065.641026 3972.820513 4020.000000 4082.051282 4216.410256 4180.512821 4106.153846 4016.410256 4053.846154 4218.974359 4251.794872 4005.128205 4207.692308 4158.461538
4066.153846 3974.871795 4008.205128 4071.282051 4210.256410 4175.897436 4110.769231 4026.666667 4054.871795 4218.974359 4262.564103 3994.871795 4221.538462 4151.794872
4077.948718 3986.666667 4012.307692 4088.205128 4211.282051 4167.179487 4123.589744 4043.589744 4058.974359 4218.974359 4287.179487 4013.846154 4198.974359 4162.051282
4079.487179 4004.102564 4007.179487 4104.615385 4212.307692 4159.487179 4131.282051 4050.769231 4064.102564 4218.974359 4280.000000 4012.820513 4228.205128 4163.589744
4067.179487 4001.025641 3990.769231 4095.897436 4212.820513 4155.897436 4124.615385 4055.384615 4072.820513 4218.974359 4277.948718 3984.102564 4272.307692 4163.589744
4055.384615 3978.974359 3981.025641 4088.205128 4216.923077 4152.307692 4109.230769 4047.179487 4065.641026 4218.974359 4293.333333 3964.615385 4236.410256 4167.179487
4045.128205 3975.897436 3965.641026 4082.564103 4210.769231 4147.692308 4092.820513 4028.717949 4049.743590 4218.974359 4292.307692 3956.410256 4194.871795 4157.948718
4043.589744 3994.871795 3956.410256 4078.461538 4212.820513 4144.615385 4081.025641 4018.461538 4048.205128 4218.974359 4297.948718 3947.692308 4216.923077 4160.512821
4053.846154 4009.743590 3957.948718 4089.230769 4212.307692 4146.153846 4082.564103 4021.538462 4058.974359 4218.974359 4338.461538 3954.871795 4224.102564 4166.153846
4059.487179 4013.333333 3952.307692 4089.743590 4208.205128 4145.128205 4077.948718 4020.512821 4059.487179 4218.974359 4364.102564 3959.487179 4192.307692 4165.641026
4055.897436 4019.487179 3943.589744 4085.128205 4215.897436 4136.923077 4061.025641 4012.820513 4052.307692 4218.974359 4353.846154 3942.051282 4201.025641 4165.128205
4056.410256 4020.000000 3940.000000 4097.948718 4213.333333 4131.282051 4056.923077 4017.435897 4051.794872 4218.974359 4341.025641 3928.717949 4226.666667 4160.512821
4064.102564 4017.435897 3942.051282 4108.205128 4212.307692 4133.333333 4064.615385 4025.641026 4051.282051 4218.974359 4345.641026 3931.794872 4218.461538 4166.666667
4058.974359 4031.282051 3930.256410 4094.871795 4213.846154 4142.051282 4067.692308 4028.205128 4051.794872 4218.974359 4359.487179 3932.307692 4204.102564 4170.256410
4042.051282 4031.794872 3908.717949 4081.025641 4212.820513 4141.538462 4064.615385 4024.102564 4052.307692 4218.974359 4353.333333 3918.461538 4197.948718 4169.230769
4028.717949 4007.179487 3897.948718 4076.410256 4215.384615 4130.769231 4065.128205 4018.461538 4045.641026 4218.974359 4335.897436 3903.076923 4181.538462 4171.282051
4025.641026 4008.717949 3890.256410 4076.923077 4210.256410 4129.743590 4075.384615 4021.025641 4044.102564 4218.974359 4343.076923 3894.871795 4182.051282 4169.230769
4041.538462 4038.461538 3890.769231 4086.666667 4211.794872 4135.897436 4082.564103 4017.435897 4042.564103 4218.974359 4355.384615 3893.846154 4211.282051 4180.512821
4062.051282 4055.897436 3896.410256 4100.512821 4212.307692 4134.871795 4081.025641 4007.179487 4032.820513 4218.974359 4347.692308 3892.307692 4232.307692 4187.179487
4068.205128 4057.948718 3892.820513 4105.641026 4205.641026 4129.230769 4073.333333 4002.051282 4027.692308 4218.974359 4343.589744 3884.102564 4232.820513 4183.076923
4068.717949 4052.820513 3890.256410 4098.974359 4211.282051 4129.230769 4065.641026 4000.000000 4031.794872 4218.974359 4349.743590 3881.025641 4233.333333 4184.102564
4078.974359 4045.641026 3887.692308 4095.897436 4213.333333 4128.717949 4066.153846 4005.128205 4039.487179 4218.974359 4350.769231 3882.564103 4251.794872 4175.384615
4083.589744 4044.615385 3878.974359 4091.794872 4213.846154 4127.692308 4066.153846 4013.333333 4045.128205 4218.974359 4345.641026 3871.794872 4281.025641 4173.846154
4067.179487 4045.128205 3865.128205 4090.256410 4213.333333 4128.717949 4062.564103 4016.923077 4047.692308 4218.974359 4343.589744 3848.717949 4295.384615 4177.435897
4054.871795 4038.974359 3858.974359 4092.820513 4208.205128 4124.615385 4062.564103 4009.230769 4037.948718 4218.974359 4340.512821 3835.384615 4283.076923 4178.974359
4065.128205 4045.641026 3864.615385 4087.179487 4213.333333 4121.538462 4068.205128 3998.461538 4028.205128 4218.974359 4332.820513 3827.692308 4287.179487 4185.128205
4075.384615 4069.743590 3861.538462 4088.717949 4212.307692 4125.641026 4076.923077 4008.717949 4040.000000 4218.974359 4334.871795 3816.410256 4314.358974 4182.564103
4072.820513 4081.538462 3861.025641 4098.461538 4211.282051 4126.666667 4081.025641 4018.974359 4050.256410 4218.974359 4343.589744 3808.205128 4307.179487 4184.615385
4066.666667 4087.179487 3862.564103 4102.564103 4213.333333 4126.153846 4078.461538 4011.794872 4041.025641 4219.487179 4354.871795 3802.051282 4289.743590 4187.692308
4055.897436 4090.256410 3849.743590 4101.538462 4208.717949 4123.589744 4071.282051 4000.512821 4030.769231 4218.974359 4350.769231 3784.615385 4297.435897 4183.589744
4040.512821 4075.897436 3840.512821 4089.230769 4213.846154 4120.512821 4066.666667 3996.923077 4030.256410 4218.974359 4325.128205 3765.641026 4295.897436 4185.128205
4035.384615 4075.897436 3841.538462 4081.025641 4210.769231 4124.615385 4075.384615 4007.692308 4040.512821 4219.487179 4319.487179 3764.102564 4292.307692 4181.025641
4051.282051 4090.769231 3851.282051 4094.871795 4209.230769 4126.666667 4082.564103 4018.461538 4049.743590 4218.974359 4335.897436 3769.743590 4310.256410 4182.051282
4062.051282 4091.794872 3855.897436 4098.461538 4216.923077 4123.589744 4076.923077 4018.461538 4051.282051 4217.435897 4334.358974 3766.666667 4320.000000 4182.564103
4050.256410 4095.897436 3840.512821 4085.128205 4211.282051 4123.589744 4070.769231 4012.820513 4050.256410 4217.948718 4310.256410 3750.256410 4309.743590 4176.410256
4037.435897 4094.871795 3831.794872 4091.282051 4208.717949 4123.589744 4072.307692 4011.282051 4044.102564 4218.461538 4296.410256 3730.256410 4301.538462 4187.179487
4026.153846 4070.769231 3829.743590 4087.179487 4209.743590 4123.076923 4074.871795 4014.358974 4042.564103 4217.948718 4307.179487 3725.128205 4304.615385 4190.256410
4008.717949 4057.435897 3825.128205 4061.025641 4210.769231 4128.717949 4075.897436 4008.717949 4042.051282 4215.897436 4298.974359 3720.512821 4302.564103 4189.743590
4007.179487 4070.256410 3830.256410 4067.692308 4213.333333 4135.384615 4087.179487 4007.692308 4044.102564 4216.410256 4267.692308 3714.871795 4288.717949 4192.307692
4018.461538 4075.384615 3834.358974 4084.102564 4208.717949 4137.948718 4095.384615 4019.487179 4051.794872 4216.923077 4258.974359 3713.846154 4281.538462 4188.717949
4016.923077 4068.717949 3830.769231 4077.948718 4210.256410 4132.820513 4083.076923 4016.410256 4049.743590 4217.435897 4265.128205 3700.512821 4274.871795 4191.282051
4010.256410 4073.333333 3825.641026 4078.974359 4211.282051 4126.153846 4082.564103 4011.282051 4048.205128 4218.461538 4258.461538 3681.025641 4267.179487 4187.692308
4016.923077 4076.923077 3826.153846 4084.615385 4210.769231 4130.769231 4099.487179 4024.615385 4059.487179 4217.948718 4255.897436 3678.974359 4280.512821 4186.666667
4030.769231 4071.282051 3831.794872 4079.487179 4214.358974 4131.794872 4101.538462 4037.435897 4068.717949 4216.923077 4268.205128 3685.641026 4295.384615 4191.282051
4028.205128 4071.794872 3826.153846 4080.000000 4209.743590 4126.666667 4091.282051 4037.435897 4069.230769 4217.435897 4266.153846 3682.564103 4276.923077 4188.205128
4020.000000 4074.871795 3825.128205 4072.820513 4214.871795 4124.615385 4079.487179 4030.769231 4063.589744 4218.461538 4257.435897 3678.974359 4247.692308 4196.923077
4034.358974 4076.410256 3834.358974 4076.410256 4215.897436 4126.153846 4073.333333 4026.153846 4063.589744 4217.948718 4264.102564 3676.410256 4252.307692 4204.615385
4061.538462 4085.128205 3843.589744 4102.051282 4208.717949 4131.794872 4077.948718 4028.205128 4071.282051 4217.948718 4271.794872 3681.538462 4263.076923 4210.769231
4070.256410 4094.358974 3849.230769 4101.538462 4213.333333 4135.897436 4085.641026 4034.871795 4077.948718 4218.974359 4271.794872 3693.846154 4267.179487 4221.025641
4066.153846 4104.615385 3846.153846 4090.769231 4211.282051 4136.923077 4091.794872 4045.128205 4084.615385 4218.461538 4276.923077 3698.974359 4289.230769 4218.974359
4065.128205 4109.230769 3845.128205 4093.333333 4209.743590 4130.769231 4092.307692 4052.820513 4089.743590 4218.461538 4280.000000 3697.948718 4288.205128 4219.487179
4050.256410 4088.205128 3838.461538 4088.205128 4212.307692 4125.128205 4086.666667 4053.846154 4088.717949 4218.974359 4276.923077 3688.717949 4273.333333 4217.948718
4038.974359 4067.692308 3833.846154 4094.871795 4211.794872 4129.743590 4087.179487 4053.333333 4090.256410 4217.435897 4280.000000 3678.461538 4283.589744 4218.461538
4043.589744 4077.948718 3837.948718 4101.025641 4216.410256 4133.846154 4090.256410 4054.871795 4090.256410 4215.384615 4276.923077 3678.974359 4275.897436 4226.153846
4037.948718 4088.717949 3826.666667 4084.615385 4212.820513 4127.179487 4087.692308 4052.307692 4085.641026 4217.435897 4259.487179 3669.230769 4254.871795 4220.512821
4039.487179 4078.461538 3829.230769 4083.076923 4211.282051 4124.102564 4084.102564 4040.000000 4073.333333 4218.974359 4243.076923 3645.128205 4268.205128 4224.102564
4061.025641 4085.128205 3851.794872 4108.205128 4212.820513 4133.333333 4090.256410 4039.487179 4072.307692 4217.948718 4248.717949 3651.282051 4282.564103 4231.794872
4067.692308 4101.025641 3854.358974 4120.512821 4210.769231 4134.358974 4094.358974 4053.333333 4086.153846 4216.923077 4268.205128 3678.974359 4273.846154 4232.307692
4050.256410 4078.974359 3842.051282 4109.743590 4214.358974 4127.692308 4090.256410 4049.743590 4081.538462 4217.435897 4263.076923 3670.256410 4265.128205 4233.333333
4041.025641 4060.512821 3834.871795 4100.000000 4211.794872 4130.769231 4090.769231 4038.461538 4065.641026 4217.948718 4240.000000 3650.769231 4253.333333 4226.666667
4043.589744 4072.307692 3837.435897 4099.487179 4212.820513 4133.333333 4087.692308 4042.051282 4063.076923 4217.435897 4226.666667 3655.897436 4237.435897 4231.794872
4047.179487 4080.000000 3844.615385 4116.410256 4213.846154 4134.871795 4080.000000 4056.923077 4079.487179 4217.435897 4237.435897 3668.205128 4247.179487 4234.871795
4053.333333 4076.410256 3850.256410 4129.230769 4209.230769 4145.641026 4071.282051 4068.717949 4100.000000 4217.435897 4254.358974 3678.974359 4263.589744 4231.794872
4048.205128 4072.820513 3850.769231 4112.820513 4214.871795 4150.256410 4053.846154 4069.230769 4101.025641 4217.948718 4244.615385 3680.000000 4257.948718 4238.974359
4029.230769 4070.769231 3838.974359 4102.564103 4211.794872 4145.641026 4044.615385 4063.589744 4088.717949 4217.948718 4224.615385 3669.743590 4244.615385 4236.923077
4020.512821 4058.461538 3834.358974 4103.076923 4209.743590 4138.974359 4044.615385 4054.358974 4080.000000 4217.435897 4217.435897 3668.717949 4230.256410 4237.435897
4025.128205 4054.871795 3844.615385 4100.000000 4214.358974 4133.846154 4038.974359 4050.256410 4083.076923 4218.461538 4224.102564 3685.641026 4231.282051 4241.025641
4017.948718 4061.025641 3845.128205 4095.897436 4209.743590 4127.692308 4032.307692 4052.820513 4082.051282 4218.461538 4222.564103 3685.641026 4236.410256 4235.897436
4005.641026 4054.871795 3842.051282 4093.846154 4212.307692 4129.743590 4031.794872 4053.846154 4076.410256 4218.461538 4209.743590 3667.692308 4222.051282 4237.435897
4013.846154 4054.871795 3843.589744 4101.025641 4212.307692 4139.487179 4041.538462 4064.102564 4089.230769 4217.948718 4215.897436 3673.846154 4226.666667 4236.410256
4028.205128 4063.076923 3843.076923 4096.410256 4211.794872 4141.025641 4049.230769 4075.384615 4101.025641 4216.410256 4232.307692 3688.717949 4248.717949 4239.487179
4021.538462 4057.435897 3838.461538 4088.717949 4216.923077 4137.948718 4047.692308 4066.153846 4089.230769 4215.897436 4221.025641 3685.641026 4242.051282 4245.128205
4005.128205 4044.615385 3832.307692 4090.769231 4212.820513 4136.923077 4038.974359 4056.923077 4078.461538 4216.923077 4197.948718 3675.384615 4219.487179 4241.538462
4001.025641 4044.102564 3835.897436 4088.205128 4212.820513 4135.384615 4034.358974 4062.051282 4087.692308 4217.435897 4191.282051 3671.794872 4215.384615 4244.102564
4000.512821 4060.000000 3840.000000 4084.615385 4209.743590 4138.974359 4042.564103 4069.743590 4104.102564 4217.435897 4199.487179 3674.358974 4228.717949 4236.923077
4005.128205 4074.358974 3845.641026 4091.282051 4208.717949 4142.564103 4044.615385 4070.769231 4108.205128 4218.461538 4205.128205 3682.051282 4233.846154 4230.256410
4018.461538 4079.487179 3856.410256 4107.692308 4215.384615 4137.948718 4036.923077 4068.717949 4105.128205 4218.461538 4209.230769 3692.307692 4235.384615 4233.846154
4024.615385 4088.205128 3858.461538 4115.897436 4210.256410 4131.282051 4033.333333 4069.230769 4111.794872 4218.461538 4216.923077 3704.615385 4237.435897 4229.743590
4024.102564 4096.923077 3860.512821 4108.717949 4208.717949 4133.846154 4034.871795 4063.589744 4112.820513 4218.461538 4214.871795 3706.666667 4237.948718 4229.743590
4020.000000 4092.307692 3858.461538 4103.589744 4207.179487 4138.461538 4034.871795 4058.461538 4102.564103 4217.948718 4203.076923 3692.820513 4240.512821 4220.000000
4012.307692 4086.666667 3854.871795 4108.205128 4208.205128 4135.897436 4031.794872 4057.948718 4101.025641 4217.435897 4194.358974 3685.128205 4234.358974 4207.692308
4014.358974 4100.512821 3865.641026 4113.846154 4216.923077 4132.307692 4038.974359 4064.102564 4107.179487 4217.435897 4201.538462 3699.487179 4228.205128 4204.615385
4022.564103 4117.948718 3868.717949 4112.820513 4211.282051 4137.435897 4053.846154 4071.282051 4109.230769 4217.435897 4211.794872 3712.820513 4237.435897 4201.025641
4028.717949 4119.487179 3869.743590 4113.333333 4208.717949 4137.948718 4056.410256 4066.666667 4100.000000 4217.435897 4208.717949 3714.871795 4239.487179 4203.589744
4033.846154 4127.179487 3875.384615 4124.102564 4211.282051 4133.846154 4054.871795 4069.743590 4096.923077 4217.435897 4214.358974 3714.871795 4237.435897 4195.897436
4037.435897 4135.384615 3876.923077 4134.871795 4208.717949 4133.333333 4061.538462 4081.538462 4103.589744 4217.435897 4219.487179 3715.897436 4234.871795 4186.666667
4034.358974 4127.179487 3872.820513 4122.564103 4212.307692 4136.410256 4066.153846 4081.538462 4106.153846 4217.435897 4201.538462 3712.307692 4210.256410 4187.692308
4033.333333 4135.897436 3870.769231 4114.871795 4212.820513 4140.000000 4070.769231 4088.717949 4114.871795 4217.435897 4196.410256 3712.820513 4188.205128 4181.538462
4040.000000 4145.128205 3878.461538 4134.871795 4214.358974 4137.435897 4070.256410 4097.948718 4118.974359 4216.923077 4206.666667 3718.461538 4186.153846 4178.461538
4036.410256 4136.923077 3872.307692 4136.923077 4212.307692 4132.820513 4062.051282 4096.410256 4114.871795 4217.948718 4196.923077 3712.820513 4181.025641 4174.358974
4025.128205 4135.897436 3859.487179 4111.794872 4207.692308 4135.897436 4066.153846 4096.923077 4113.846154 4218.974359 4188.205128 3706.666667 4171.794872 4171.794872
4027.179487 4141.025641 3865.641026 4109.230769 4213.846154 4137.948718 4076.923077 4097.948718 4113.846154 4218.974359 4193.333333 3719.487179 4153.846154 4173.846154
4035.897436 4151.282051 3869.743590 4130.769231 4210.256410 4141.538462 4083.589744 4102.564103 4118.974359 4217.948718 4202.051282 3736.923077 4143.589744 4163.589744
4041.025641 4159.487179 3875.384615 4145.128205 4208.205128 4147.692308 4091.282051 4114.871795 4128.717949 4218.461538 4206.666667 3740.512821 4152.307692 4163.076923
4039.487179 4162.051282 3878.974359 4147.692308 4213.333333 4145.128205 4095.897436 4117.435897 4131.794872 4218.461538 4207.179487 3740.512821 4155.897436 4162.051282
4038.461538 4170.769231 3869.230769 4151.794872 4208.717949 4144.102564 4095.897436 4108.717949 4125.128205 4217.948718 4207.179487 3743.589744 4155.384615 4154.358974
4039.487179 4177.948718 3863.589744 4148.717949 4209.743590 4146.153846 4097.435897 4104.102564 4122.051282 4217.948718 4204.615385 3742.564103 4160.512821 4154.871795
4042.051282 4167.692308 3861.538462 4140.000000 4209.743590 4144.615385 4102.051282 4105.128205 4126.666667 4217.435897 4201.025641 3742.564103 4162.051282 4148.717949
4045.641026 4156.410256 3862.564103 4143.589744 4208.717949 4145.128205 4098.461538 4100.512821 4125.128205 4217.435897 4191.282051 3740.512821 4163.076923 4149.230769
4049.743590 4171.794872 3866.666667 4165.641026 4208.717949 4148.717949 4093.333333 4098.461538 4122.564103 4218.461538 4188.205128 3744.615385 4154.871795 4154.358974
4055.897436 4177.948718 3867.692308 4177.948718 4206.153846 4147.692308 4097.948718 4107.692308 4126.153846 4219.487179 4203.076923 3764.102564 4139.487179 4154.871795
4051.282051 4165.641026 3868.205128 4161.025641 4212.820513 4148.717949 4102.051282 4112.307692 4132.307692 4218.974359 4211.794872 3769.743590 4162.051282 4158.974359
4039.487179 4171.794872 3862.051282 4152.307692 4210.769231 4155.897436 4103.589744 4113.846154 4144.102564 4217.948718 4203.589744 3755.897436 4201.538462 4152.820513
4045.128205 4183.076923 3862.564103 4170.769231 4208.717949 4157.948718 4100.512821 4116.410256 4150.769231 4218.461538 4202.564103 3755.384615 4195.897436 4151.794872
4061.025641 4184.102564 3875.384615 4185.641026 4213.846154 4157.948718 4102.564103 4120.000000 4149.743590 4218.461538 4217.948718 3770.256410 4185.641026 4154.358974
4061.025641 4182.564103 3873.846154 4180.000000 4210.256410 4155.897436 4110.256410 4122.564103 4150.769231 4218.461538 4218.461538 3772.307692 4204.102564 4148.205128
4051.794872 4175.897436 3865.128205 4164.102564 4213.846154 4151.794872 4111.794872 4118.461538 4151.282051 4218.461538 4204.102564 3764.102564 4205.128205 4149.743590
4061.538462 4176.410256 3871.794872 4174.871795 4212.820513 4160.000000 4124.102564 4125.641026 4156.410256 4218.461538 4215.384615 3769.230769 4201.538462 4148.205128
4081.025641 4179.487179 3887.692308 4197.435897 4209.230769 4167.692308 4140.000000 4134.871795 4159.487179 4218.461538 4233.846154 3782.051282 4225.641026 4149.230769
4078.461538 4181.025641 3886.666667 4186.666667 4213.846154 4162.564103 4141.025641 4133.846154 4156.410256 4218.461538 4220.512821 3785.128205 4239.487179 4149.230769
4072.820513 4195.897436 3872.820513 4169.743590 4208.205128 4163.076923 4144.102564 4139.487179 4164.102564 4218.461538 4206.153846 3787.179487 4221.025641 4137.435897
4085.641026 4201.025641 3883.076923 4195.384615 4210.769231 4170.256410 4155.897436 4148.205128 4168.717949 4218.461538 4219.487179 3800.512821 4209.230769 4137.435897
4096.923077 4180.512821 3896.923077 4222.051282 4215.384615 4167.692308 4159.487179 4151.282051 4168.717949 4218.461538 4234.358974 3807.179487 4243.076923 4136.923077
4094.871795 4166.153846 3890.256410 4192.820513 4213.333333 4162.051282 4155.897436 4151.282051 4174.871795 4218.461538 4225.641026 3798.461538 4275.897436 4134.871795
4089.230769 4166.153846 3882.564103 4167.179487 4213.846154 4166.153846 4156.923077 4154.871795 4178.974359 4218.461538 4213.846154 3792.307692 4269.230769 4132.307692
4094.358974 4174.358974 3887.692308 4198.461538 4209.743590 4171.794872 4167.179487 4163.076923 4178.974359 4218.461538 4221.538462 3804.102564 4269.230769 4122.564103
4109.230769 4185.128205 3906.666667 4211.794872 4215.897436 4168.717949 4175.897436 4168.205128 4180.000000 4218.461538 4233.333333 3822.564103 4287.179487 4127.179487
4106.666667 4191.282051 3907.179487 4192.820513 4217.435897 4168.717949 4179.487179 4173.846154 4187.692308 4218.461538 4238.974359 3826.153846 4300.512821 4128.717949
4093.846154 4185.128205 3891.282051 4189.230769 4209.230769 4171.794872 4176.410256 4175.384615 4191.282051 4218.461538 4235.384615 3819.487179 4304.102564 4125.641026
4107.179487 4182.051282 3900.000000 4188.205128 4212.820513 4171.282051 4169.743590 4170.769231 4193.333333 4218.461538 4231.282051 3825.641026 4310.256410 4131.794872
4125.641026 4201.538462 3914.871795 4196.410256 4213.846154 4169.230769 4169.743590 4169.230769 4198.461538 4218.461538 4235.384615 3837.948718 4317.435897 4130.256410
4122.051282 4205.128205 3921.538462 4212.307692 4213.333333 4167.692308 4171.794872 4168.717949 4194.358974 4218.461538 4240.000000 3843.076923 4317.435897 4127.692308
4107.692308 4190.256410 3916.923077 4192.307692 4212.820513 4169.230769 4174.358974 4170.256410 4189.230769 4218.461538 4236.410256 3843.076923 4309.743590 4120.000000
4097.435897 4193.333333 3905.128205 4172.820513 4211.794872 4168.717949 4177.435897 4175.897436 4192.820513 4217.948718 4225.128205 3841.025641 4303.076923 4116.410256
4106.666667 4189.230769 3915.897436 4196.923077 4217.948718 4169.743590 4183.589744 4180.000000 4194.358974 4217.435897 4215.897436 3842.051282 4295.897436 4122.564103
4118.974359 4183.589744 3931.794872 4207.179487 4212.307692 4177.435897 4196.410256 4184.615385 4190.769231 4216.923077 4222.051282 3849.230769 4287.692308 4119.487179
4114.358974 4206.666667 3931.282051 4186.666667 4211.282051 4182.051282 4203.076923 4189.230769 4190.256410 4216.923077 4232.307692 3857.948718 4280.512821 4124.102564
4108.205128 4229.743590 3923.589744 4188.205128 4215.384615 4184.615385 4205.641026 4194.871795 4200.512821 4217.948718 4231.794872 3864.102564 4283.589744 4125.128205
4111.794872 4207.179487 3924.102564 4195.897436 4211.794872 4187.692308 4200.512821 4202.564103 4213.333333 4218.461538 4228.717949 3862.564103 4293.846154 4115.897436
4112.307692 4187.179487 3930.769231 4184.615385 4216.410256 4183.076923 4194.358974 4207.179487 4215.384615 4217.948718 4232.307692 3864.102564 4295.897436 4114.871795
4109.230769 4211.794872 3928.717949 4191.282051 4215.384615 4182.564103 4205.128205 4215.897436 4221.025641 4217.948718 4241.538462 3878.974359 4304.615385 4112.820513
4109.230769 4211.794872 3928.717949 4191.282051 4215.384615 4182.564103 4205.128205 4215.897436 4221.025641 4217.948718 4241.538462 3878.974359 4304.615385 4112.820513
4110.256410 4223.589744 3928.717949 4189.743590 4214.871795 4186.153846 4211.282051 4211.282051 4221.538462 4219.487179 4241.025641 3880.512821 4301.025641 4119.487179
4110.256410 4209.230769 3936.410256 4178.461538 4217.435897 4182.564103 4200.000000 4189.743590 4200.512821 4219.487179 4233.333333 3872.307692 4277.948718 4118.974359
4121.538462 4220.512821 3953.333333 4208.717949 4212.307692 4189.743590 4207.179487 4197.948718 4202.564103 4218.461538 4240.000000 3887.179487 4282.051282 4107.692308
4132.307692 4247.692308 3961.538462 4224.102564 4215.897436 4195.897436 4223.076923 4220.000000 4225.128205 4217.948718 4246.666667 3902.564103 4303.589744 4114.871795
4118.974359 4248.205128 3947.179487 4191.282051 4215.897436 4183.076923 4213.846154 4209.230769 4222.051282 4218.974359 4246.153846 3900.000000 4309.230769 4115.384615
4112.820513 4247.179487 3945.641026 4184.615385 4213.846154 4172.307692 4195.897436 4185.641026 4202.051282 4217.948718 4241.025641 3901.025641 4300.512821 4108.717949
4130.769231 4291.282051 3967.179487 4225.128205 4214.358974 4178.974359 4201.538462 4192.820513 4206.153846 4216.923077 4242.051282 3913.846154 4299.487179 4110.256410
4144.102564 4326.666667 3976.410256 4243.589744 4210.256410 4189.743590 4213.333333 4211.794872 4223.076923 4217.435897 4249.743590 3923.076923 4315.897436 4112.820513
4130.256410 4305.641026 3969.743590 4215.897436 4212.820513 4183.076923 4201.538462 4200.512821 4210.769231 4217.435897 4236.923077 3916.923077 4307.179487 4113.333333
4097.948718 4273.333333 3952.820513 4185.641026 4210.769231 4158.461538 4171.794872 4168.717949 4177.948718 4217.435897 4209.230769 3901.025641 4263.076923 4103.076923
4082.564103 4269.743590 3946.666667 4186.153846 4211.794872 4144.102564 4156.410256 4151.794872 4162.051282 4217.948718 4198.461538 3887.179487 4247.692308 4102.051282
4093.846154 4278.974359 3960.512821 4206.666667 4216.923077 4152.307692 4167.692308 4166.153846 4177.435897 4217.948718 4200.512821 3885.641026 4268.717949 4106.153846
4076.410256 4257.948718 3947.692308 4185.128205 4209.230769 4138.461538 4154.358974 4153.333333 4162.051282 4218.974359 4180.512821 3874.871795 4237.948718 4097.435897
4025.641026 4216.410256 3915.384615 4143.076923 4211.282051 4094.358974 4100.512821 4091.282051 4097.435897 4218.461538 4142.051282 3840.512821 4175.384615 4094.358974
4008.205128 4205.128205 3910.256410 4148.205128 4213.846154 4082.564103 4086.153846 4068.205128 4073.846154 4215.897436 4120.512821 3820.512821 4177.948718 4089.743590
4027.692308 4212.307692 3930.256410 4166.153846 4212.307692 4096.410256 4110.769231 4088.717949 4094.871795 4215.897436 4117.948718 3831.794872 4202.564103 4093.846154
4038.461538 4212.307692 3938.461538 4152.820513 4214.871795 4096.410256 4111.794872 4087.179487 4096.923077 4217.948718 4123.589744 3847.179487 4199.487179 4101.538462
4037.435897 4215.384615 3931.282051 4142.051282 4211.282051 4097.948718 4107.179487 4087.179487 4097.948718 4218.461538 4132.820513 3856.410256 4203.076923 4101.538462
4037.948718 4217.948718 3940.512821 4158.461538 4216.923077 4104.102564 4107.179487 4097.948718 4105.641026 4217.948718 4131.282051 3865.641026 4207.692308 4114.358974
4040.000000 4214.358974 3950.769231 4170.769231 4217.435897 4100.000000 4098.461538 4092.307692 4099.487179 4218.461538 4126.666667 3870.769231 4205.128205 4119.487179
4049.743590 4231.282051 3953.333333 4167.692308 4210.256410 4099.487179 4102.564103 4096.410256 4100.512821 4217.948718 4136.410256 3877.435897 4212.820513 4116.923077
4056.923077 4251.282051 3958.461538 4167.692308 4215.897436 4105.641026 4111.282051 4108.717949 4112.820513 4217.435897 4143.589744 3887.692308 4212.307692 4118.461538
4054.871795 4252.307692 3962.051282 4182.051282 4214.358974 4105.641026 4107.179487 4107.692308 4117.948718 4216.923077 4134.358974 3890.769231 4202.564103 4115.384615
4061.538462 4257.435897 3972.820513 4186.666667 4214.871795 4108.717949 4109.743590 4110.769231 4120.000000 4217.435897 4134.871795 3897.948718 4210.256410 4123.589744
4064.615385 4265.128205 3977.435897 4168.205128 4217.948718 4116.410256 4126.153846 4127.692308 4129.230769 4217.948718 4153.333333 3910.256410 4222.564103 4125.128205
4053.846154 4256.923077 3971.282051 4152.820513 4214.358974 4115.384615 4131.794872 4135.384615 4132.820513 4217.435897 4156.923077 3911.794872 4214.871795 4119.487179
4051.282051 4249.230769 3975.897436 4155.897436 4215.384615 4115.384615 4124.615385 4133.333333 4130.769231 4217.948718 4147.179487 3906.666667 4204.615385 4123.076923
4060.512821 4259.487179 3982.051282 4166.666667 4212.307692 4122.051282 4124.102564 4140.000000 4137.948718 4218.974359 4149.230769 3911.282051 4214.871795 4120.000000
4062.051282 4268.717949 3981.538462 4161.538462 4214.871795 4119.487179 4123.076923 4138.461538 4138.974359 4217.435897 4152.820513 3917.435897 4223.589744 4120.512821
4058.461538 4290.769231 3983.589744 4161.538462 4218.974359 4120.512821 4122.564103 4133.846154 4140.000000 4216.923077 4156.923077 3919.487179 4228.205128 4122.051282
4069.743590 4318.974359 3994.871795 4179.487179 4213.846154 4132.307692 4132.307692 4146.153846 4155.384615 4218.461538 4160.000000 3929.743590 4248.205128 4128.717949
4080.000000 4302.564103 4007.179487 4184.102564 4213.846154 4133.333333 4135.897436 4150.256410 4157.948718 4217.435897 4143.076923 3936.923077 4254.871795 4141.025641
4083.589744 4285.641026 4013.846154 4192.307692 4212.307692 4142.051282 4148.205128 4159.487179 4166.153846 4215.897436 4136.923077 3945.128205 4254.871795 4140.000000
4115.897436 4329.230769 4041.538462 4223.076923 4213.846154 4183.589744 4196.923077 4215.384615 4224.102564 4215.897436 4177.435897 3987.179487 4290.769231 4149.230769
4161.538462 4378.974359 4072.820513 4248.205128 4214.358974 4230.256410 4253.333333 4277.435897 4279.487179 4216.410256 4225.128205 4038.974359 4339.487179 4161.538462
4172.307692 4383.589744 4071.794872 4251.794872 4210.769231 4242.051282 4267.179487 4288.205128 4281.538462 4215.897436 4235.897436 4054.871795 4348.205128 4163.589744
4164.615385 4383.076923 4074.358974 4251.794872 4216.410256 4236.923077 4263.076923 4290.256410 4288.205128 4216.410256 4235.384615 4060.000000 4335.897436 4171.282051
4172.820513 4409.230769 4087.692308 4262.564103 4211.794872 4241.025641 4272.820513 4312.307692 4317.948718 4216.410256 4251.794872 4081.025641 4347.179487 4171.282051
4176.410256 4422.051282 4090.769231 4267.179487 4211.794872 4237.435897 4266.153846 4300.512821 4305.641026 4215.897436 4251.794872 4079.487179 4350.256410 4168.717949
4162.564103 4418.974359 4085.641026 4265.641026 4221.538462 4224.615385 4248.205128 4278.974359 4283.076923 4217.435897 4232.820513 4065.641026 4330.769231 4166.666667
4154.871795 4422.051282 4082.564103 4268.717949 4216.410256 4218.461538 4248.205128 4290.769231 4297.948718 4218.461538 4232.820513 4070.769231 4325.128205 4166.153846
4155.384615 4415.897436 4084.102564 4265.128205 4215.384615 4220.512821 4247.179487 4293.333333 4299.487179 4218.461538 4233.333333 4072.307692 4324.615385 4175.384615
4152.307692 4402.564103 4081.025641 4260.512821 4217.435897 4219.487179 4245.128205 4278.461538 4282.051282 4217.435897 4223.076923 4067.179487 4321.025641 4172.820513
4154.358974 4397.435897 4085.128205 4263.076923 4218.974359 4214.871795 4249.230769 4271.282051 4274.871795 4217.435897 4218.974359 4071.282051 4318.974359 4171.794872
4164.102564 4408.205128 4095.897436 4270.256410 4219.487179 4212.820513 4260.512821 4273.846154 4275.384615 4217.435897 4225.128205 4078.974359 4316.410256 4176.410256
4172.307692 4417.435897 4095.384615 4270.256410 4212.820513 4212.307692 4289.230769 4280.000000 4284.102564 4217.435897 4230.256410 4086.666667 4316.410256 4177.435897
4182.051282 4421.025641 4102.564103 4263.589744 4216.410256 4209.230769 4319.487179 4282.564103 4292.820513 4217.435897 4230.769231 4099.487179 4318.461538 4188.717949
4188.717949 4430.256410 4114.871795 4266.153846 4220.000000 4204.102564 4327.179487 4287.692308 4295.897436 4217.435897 4242.564103 4114.871795 4324.102564 4191.794872
4185.128205 4434.358974 4115.897436 4269.230769 4218.461538 4198.461538 4318.974359 4290.256410 4293.846154 4217.435897 4242.564103 4119.487179 4322.051282 4192.307692
4186.153846 4438.974359 4115.384615 4269.230769 4216.923077 4196.923077 4318.974359 4286.666667 4290.769231 4217.948718 4214.358974 4117.948718 4316.410256 4194.871795
4197.435897 4448.717949 4121.538462 4271.794872 4211.282051 4204.102564 4328.717949 4291.282051 4299.487179 4218.461538 4201.538462 4124.102564 4320.512821 4187.692308
4197.435897 4437.948718 4125.641026 4266.153846 4218.461538 4207.179487 4328.205128 4292.820513 4302.564103 4218.461538 4207.692308 4129.230769 4321.025641 4185.641026
4187.692308 4422.051282 4118.461538 4257.948718 4218.461538 4202.564103 4321.025641 4287.692308 4292.820513 4218.461538 4204.102564 4125.641026 4315.384615 4184.615385
4196.410256 4433.333333 4123.589744 4270.256410 4214.358974 4203.076923 4317.948718 4291.794872 4291.282051 4218.461538 4199.487179 4129.743590 4318.461538 4190.769231
4202.051282 4442.564103 4132.820513 4282.051282 4220.512821 4211.794872 4316.410256 4291.794872 4289.743590 4218.461538 4202.051282 4135.897436 4315.897436 4200.000000
4185.641026 4429.230769 4119.487179 4271.794872 4213.846154 4216.410256 4310.769231 4276.923077 4281.025641 4218.461538 4192.307692 4126.666667 4298.461538 4195.384615
4182.564103 4421.025641 4114.358974 4264.102564 4212.820513 4209.230769 4301.538462 4265.641026 4277.435897 4218.461538 4183.589744 4124.615385 4287.692308 4199.487179
4195.897436 4432.307692 4122.564103 4273.333333 4218.461538 4203.076923 4300.000000 4269.230769 4282.564103 4218.974359 4193.333333 4137.948718 4294.871795 4204.615385
4201.538462 4446.666667 4123.589744 4282.051282 4218.461538 4207.692308 4304.615385 4270.256410 4279.487179 4219.487179 4190.256410 4140.512821 4295.897436 4206.666667
4206.666667 4452.307692 4129.743590 4287.692308 4222.051282 4214.358974 4310.256410 4271.282051 4275.897436 4219.487179 4176.410256 4136.410256 4286.153846 4210.256410
4210.769231 4452.307692 4129.230769 4293.846154 4218.461538 4219.487179 4318.974359 4288.205128 4289.230769 4218.974359 4180.512821 4143.589744 4285.641026 4207.179487
4207.179487 4439.487179 4121.025641 4281.538462 4216.923077 4213.846154 4315.897436 4294.871795 4295.897436 4217.948718 4193.333333 4148.205128 4291.794872 4217.948718
4206.153846 4436.923077 4123.589744 4276.923077 4216.923077 4210.256410 4313.333333 4293.333333 4298.461538 4218.461538 4203.589744 4151.794872 4301.025641 4219.487179
4210.769231 4437.948718 4129.743590 4295.897436 4214.358974 4215.897436 4320.000000 4304.102564 4308.205128 4219.487179 4207.179487 4160.000000 4307.692308 4210.769231
4204.615385 4408.717949 4122.564103 4287.179487 4220.512821 4211.282051 4312.820513 4295.384615 4300.000000 4218.974359 4194.871795 4153.333333 4297.948718 4214.358974
4191.282051 4384.615385 4111.282051 4269.743590 4218.461538 4199.487179 4300.000000 4272.307692 4284.615385 4219.487179 4185.641026 4142.564103 4289.743590 4217.435897
4188.205128 4389.743590 4116.410256 4271.282051 4216.923077 4197.435897 4299.487179 4272.820513 4285.641026 4218.461538 4192.307692 4148.205128 4291.282051 4222.564103
4193.333333 4393.846154 4119.487179 4264.102564 4220.000000 4200.000000 4303.589744 4285.128205 4291.794872 4217.948718 4196.410256 4156.410256 4291.282051 4221.538462
4197.948718 4388.205128 4116.410256 4259.487179 4217.948718 4203.589744 4306.153846 4284.615385 4289.743590 4218.461538 4191.282051 4156.923077 4288.205128 4216.923077
4204.102564 4391.282051 4126.666667 4272.307692 4219.487179 4208.205128 4307.692308 4284.102564 4289.743590 4217.948718 4193.333333 4161.538462 4284.615385 4222.564103
4206.666667 4386.666667 4127.692308 4275.897436 4216.410256 4208.717949 4308.717949 4294.358974 4294.871795 4218.461538 4201.025641 4167.179487 4288.205128 4221.025641
4207.692308 4364.615385 4124.615385 4271.282051 4218.974359 4203.589744 4305.128205 4293.846154 4291.282051 4217.948718 4196.923077 4166.153846 4290.256410 4226.153846
4212.307692 4361.538462 4132.307692 4279.487179 4221.025641 4204.615385 4303.589744 4285.641026 4289.743590 4216.923077 4193.846154 4170.256410 4291.282051 4234.358974
4212.307692 4374.358974 4130.256410 4275.384615 4212.307692 4209.743590 4305.128205 4281.538462 4290.769231 4216.923077 4201.538462 4171.794872 4296.410256 4237.435897
4207.179487 4366.153846 4127.179487 4266.153846 4217.948718 4207.179487 4301.025641 4278.974359 4281.025641 4217.435897 4200.512821 4168.717949 4298.461538 4248.717949
4210.256410 4350.256410 4131.282051 4286.153846 4220.512821 4203.589744 4303.076923 4285.641026 4281.538462 4217.435897 4201.025641 4175.897436 4304.102564 4251.794872
4221.025641 4348.205128 4136.410256 4289.743590 4218.461538 4205.641026 4308.205128 4296.923077 4294.358974 4217.948718 4205.128205 4185.641026 4310.256410 4253.333333
4222.564103 4352.307692 4136.923077 4262.564103 4221.025641 4204.615385 4301.538462 4294.871795 4295.897436 4218.974359 4202.564103 4191.794872 4312.307692 4251.794872
4226.666667 4354.358974 4143.076923 4263.589744 4217.435897 4202.564103 4292.307692 4290.256410 4296.923077 4218.461538 4206.666667 4202.564103 4316.410256 4243.589744
4245.128205 4346.153846 4162.051282 4291.282051 4220.000000 4210.256410 4295.384615 4293.333333 4303.589744 4217.948718 4212.820513 4213.846154 4317.948718 4247.179487
4246.666667 4342.051282 4163.589744 4294.358974 4218.461538 4217.948718 4303.589744 4297.948718 4306.666667 4218.461538 4210.256410 4213.333333 4314.871795 4243.076923
4236.923077 4335.897436 4157.435897 4279.487179 4217.948718 4216.410256 4303.076923 4298.461538 4303.076923 4218.974359 4206.666667 4207.179487 4318.974359 4235.897436
4238.974359 4320.000000 4163.589744 4284.102564 4223.076923 4224.102564 4304.102564 4307.692308 4302.564103 4219.487179 4209.230769 4207.179487 4338.461538 4234.871795
4234.871795 4317.948718 4160.000000 4292.307692 4217.948718 4236.410256 4314.871795 4322.564103 4310.769231 4218.974359 4210.769231 4205.128205 4355.897436 4232.307692
4221.538462 4317.948718 4159.487179 4285.641026 4218.974359 4234.871795 4322.051282 4320.512821 4309.743590 4219.487179 4204.615385 4197.948718 4350.769231 4236.410256
4227.692308 4301.025641 4168.205128 4291.282051 4220.512821 4234.358974 4327.179487 4315.897436 4303.589744 4218.974359 4202.051282 4202.564103 4348.205128 4234.871795
4242.051282 4302.051282 4172.820513 4304.615385 4220.000000 4243.076923 4326.666667 4320.000000 4304.102564 4218.974359 4211.282051 4223.076923 4357.435897 4238.461538
4234.871795 4322.051282 4174.871795 4306.666667 4224.102564 4240.512821 4321.538462 4321.538462 4309.230769 4219.487179 4216.410256 4234.358974 4357.948718 4242.564103
4226.153846 4312.307692 4176.923077 4298.461538 4219.487179 4235.384615 4324.102564 4323.589744 4311.282051 4218.974359 4212.307692 4231.794872 4348.717949 4232.307692
4234.358974 4289.743590 4183.076923 4291.794872 4220.000000 4236.923077 4326.666667 4327.179487 4305.128205 4217.435897 4210.256410 4233.333333 4340.512821 4234.871795
4242.564103 4299.487179 4191.794872 4320.512821 4217.948718 4239.487179 4328.717949 4334.358974 4313.333333 4217.435897 4222.051282 4248.717949 4351.794872 4235.897436
4250.769231 4301.025641 4204.102564 4347.179487 4213.846154 4238.974359 4332.307692 4338.974359 4326.153846 4218.974359 4236.410256 4266.153846 4354.871795 4232.820513
4259.487179 4287.692308 4208.205128 4329.743590 4221.025641 4235.897436 4333.846154 4338.974359 4321.025641 4219.487179 4239.487179 4269.743590 4325.128205 4236.923077
4256.923077 4293.846154 4198.461538 4306.666667 4219.487179 4239.487179 4338.974359 4343.076923 4320.000000 4218.974359 4240.512821 4269.230769 4306.666667 4231.282051
4253.846154 4295.897436 4207.179487 4320.000000 4220.512821 4242.564103 4341.025641 4343.076923 4328.717949 4218.974359 4243.589744 4277.435897 4313.846154 4229.743590
4254.871795 4278.461538 4217.435897 4333.333333 4222.564103 4241.538462 4336.923077 4337.435897 4327.692308 4219.487179 4246.153846 4283.076923 4312.820513 4224.615385
4250.256410 4268.205128 4209.230769 4321.538462 4217.435897 4238.974359 4333.333333 4334.358974 4322.051282 4218.974359 4246.666667 4279.487179 4306.666667 4220.512821
4252.820513 4266.666667 4213.333333 4320.000000 4219.487179 4242.564103 4332.307692 4334.358974 4325.641026 4218.974359 4244.615385 4280.000000 4308.717949 4221.025641
4260.000000 4265.128205 4221.025641 4323.589744 4218.974359 4247.179487 4336.410256 4335.897436 4328.205128 4218.974359 4242.564103 4282.564103 4304.615385 4210.256410
4255.897436 4253.333333 4220.000000 4313.846154 4221.025641 4244.615385 4344.102564 4336.410256 4318.974359 4218.974359 4237.948718 4282.051282 4295.384615 4208.717949
4253.333333 4237.435897 4223.076923 4304.615385 4222.051282 4248.205128 4351.282051 4346.666667 4326.153846 4218.974359 4237.435897 4289.230769 4300.512821 4211.794872
4265.641026 4236.923077 4231.282051 4306.666667 4217.948718 4251.794872 4347.179487 4360.000000 4349.230769 4218.974359 4243.589744 4300.000000 4301.025641 4213.333333
4272.307692 4244.615385 4238.461538 4312.307692 4222.051282 4246.153846 4335.897436 4353.846154 4338.461538 4219.487179 4239.487179 4302.051282 4289.230769 4214.358974
4263.589744 4234.871795 4242.051282 4309.230769 4218.461538 4236.410256 4333.333333 4338.461538 4309.743590 4218.974359 4232.820513 4297.948718 4284.615385 4206.666667
4250.769231 4227.692308 4235.897436 4292.820513 4216.410256 4231.794872 4324.615385 4323.589744 4301.538462 4218.974359 4229.743590 4292.820513 4276.923077 4207.179487
4237.948718 4231.282051 4217.948718 4273.333333 4220.512821 4230.256410 4308.205128 4315.384615 4305.128205 4219.487179 4229.230769 4292.307692 4268.205128 4206.666667
4238.461538 4221.538462 4217.435897 4281.025641 4218.974359 4232.307692 4312.307692 4321.538462 4306.153846 4218.461538 4230.769231 4300.000000 4274.871795 4201.025641
4252.307692 4240.000000 4239.487179 4302.051282 4223.076923 4242.051282 4329.230769 4328.717949 4309.230769 4216.923077 4228.717949 4306.153846 4274.871795 4201.538462
4252.820513 4283.589744 4244.102564 4302.564103 4220.000000 4240.000000 4323.076923 4321.025641 4306.666667 4217.435897 4216.410256 4306.153846 4263.589744 4194.358974
4252.307692 4281.025641 4242.564103 4274.358974 4217.948718 4231.282051 4305.128205 4317.948718 4304.102564 4218.461538 4208.205128 4313.333333 4271.282051 4193.333333
4254.358974 4283.589744 4246.153846 4263.589744 4221.025641 4233.846154 4304.615385 4324.615385 4305.641026 4218.461538 4205.128205 4316.410256 4273.846154 4192.820513
4207.692308 4307.179487 4215.384615 4254.871795 4217.948718 4204.615385 4270.769231 4277.948718 4255.384615 4218.461538 4172.307692 4276.410256 4212.820513 4173.333333
4134.358974 4293.846154 4171.282051 4196.923077 4222.564103 4139.487179 4194.871795 4191.282051 4164.615385 4217.948718 4104.102564 4211.282051 4132.820513 4157.435897
4121.025641 4306.153846 4165.641026 4177.435897 4220.512821 4122.051282 4167.179487 4170.769231 4144.615385 4217.948718 4065.128205 4188.205128 4113.333333 4146.153846
4150.769231 4365.641026 4192.820513 4218.461538 4217.435897 4147.692308 4189.230769 4197.435897 4178.461538 4219.487179 4073.846154 4212.307692 4125.641026 4149.743590
