4292.307692 4361.538462 4300.000000 4253.333333 4227.692308 4373.846154 4148.717949 4218.461538 4332.820513 4231.282051 4298.461538 4248.205128 4263.076923 4230.256410
4298.461538 4375.897436 4298.461538 4261.025641 4224.615385 4354.871795 4129.230769 4216.410256 4332.820513 4233.333333 4303.076923 4245.641026 4270.256410 4230.769231
4309.743590 4389.743590 4305.128205 4273.333333 4228.205128 4345.641026 4138.461538 4260.512821 4361.025641 4232.307692 4313.846154 4251.282051 4284.102564 4233.846154
4303.076923 4388.205128 4296.923077 4275.897436 4228.717949 4363.076923 4155.384615 4285.641026 4347.179487 4231.794872 4312.307692 4249.230769 4284.102564 4230.769231
4282.564103 4374.871795 4274.871795 4267.179487 4226.153846 4366.153846 4148.205128 4249.230769 4325.641026 4233.333333 4288.205128 4234.871795 4265.128205 4226.153846
4282.051282 4370.256410 4274.871795 4262.564103 4228.717949 4349.230769 4155.897436 4213.333333 4331.794872 4231.282051 4269.743590 4231.282051 4256.923077 4225.128205
4292.307692 4364.615385 4284.615385 4262.564103 4226.153846 4335.897436 4179.487179 4213.846154 4337.435897 4230.769231 4275.897436 4241.538462 4264.102564 4224.615385
4297.948718 4362.564103 4287.692308 4267.692308 4226.666667 4330.769231 4194.871795 4238.974359 4341.538462 4232.820513 4294.358974 4258.974359 4275.384615 4225.641026
4307.692308 4373.846154 4297.435897 4269.743590 4226.153846 4332.820513 4201.538462 4241.025641 4341.538462 4232.307692 4302.051282 4262.051282 4280.512821 4223.589744
4294.358974 4350.256410 4290.256410 4254.358974 4224.102564 4330.256410 4192.307692 4199.487179 4315.384615 4231.282051 4276.923077 4251.282051 4267.179487 4220.000000
4270.769231 4309.743590 4268.717949 4236.410256 4226.153846 4317.435897 4180.000000 4200.512821 4304.615385 4232.820513 4254.871795 4249.743590 4255.897436 4218.974359
4267.179487 4302.564103 4265.641026 4232.820513 4225.641026 4319.487179 4189.230769 4224.102564 4306.153846 4233.333333 4259.487179 4249.743590 4258.461538 4217.435897
4264.102564 4294.871795 4275.384615 4230.256410 4225.641026 4331.282051 4197.435897 4198.974359 4286.666667 4232.820513 4253.333333 4248.205128 4259.487179 4220.000000
4263.589744 4286.666667 4285.128205 4227.692308 4225.128205 4324.102564 4200.512821 4190.769231 4297.948718 4232.307692 4250.769231 4254.358974 4265.128205 4219.487179
4264.615385 4282.564103 4283.589744 4234.358974 4224.102564 4315.897436 4222.564103 4205.128205 4318.974359 4232.307692 4252.307692 4253.333333 4269.230769 4216.923077
4263.076923 4277.435897 4280.000000 4267.179487 4228.717949 4342.564103 4249.743590 4223.589744 4327.692308 4232.307692 4246.153846 4253.846154 4271.282051 4220.000000
4278.461538 4295.384615 4298.461538 4322.051282 4226.153846 4370.769231 4262.564103 4266.666667 4357.948718 4232.820513 4265.641026 4266.666667 4290.769231 4221.538462
4279.487179 4296.410256 4300.000000 4346.153846 4224.615385 4355.384615 4257.948718 4262.564103 4352.307692 4231.282051 4271.282051 4267.179487 4295.897436 4219.487179
4250.769231 4263.076923 4273.846154 4336.410256 4227.692308 4338.974359 4255.897436 4192.820513 4310.769231 4230.256410 4240.000000 4250.769231 4275.384615 4214.871795
4254.358974 4265.128205 4282.564103 4357.435897 4226.666667 4331.794872 4276.923077 4188.717949 4322.051282 4230.256410 4241.025641 4254.358974 4278.461538 4217.435897
4283.076923 4293.846154 4309.230769 4392.307692 4226.153846 4302.564103 4295.384615 4228.717949 4327.179487 4232.820513 4274.871795 4271.794872 4302.051282 4223.076923
4272.820513 4276.410256 4291.794872 4384.102564 4224.615385 4292.820513 4280.512821 4193.846154 4284.102564 4233.333333 4275.897436 4263.076923 4301.025641 4218.974359
4242.051282 4230.769231 4263.589744 4362.051282 4225.128205 4310.256410 4264.615385 4165.641026 4292.307692 4231.794872 4246.153846 4253.846154 4285.641026 4216.410256
4255.897436 4239.487179 4281.538462 4385.641026 4225.128205 4273.846154 4271.794872 4215.384615 4338.461538 4231.794872 4252.820513 4267.692308 4293.846154 4218.461538
4276.923077 4270.769231 4300.000000 4415.384615 4225.128205 4223.076923 4275.897436 4247.692308 4334.358974 4232.820513 4280.000000 4273.846154 4308.717949 4220.512821
4259.487179 4251.282051 4286.153846 4408.205128 4228.205128 4265.641026 4285.128205 4246.153846 4334.871795 4231.794872 4280.000000 4267.179487 4306.153846 4223.076923
4247.179487 4225.641026 4278.461538 4397.948718 4225.641026 4320.000000 4297.948718 4260.000000 4354.871795 4230.256410 4268.205128 4261.538462 4300.000000 4219.487179
4249.230769 4219.487179 4277.948718 4397.435897 4223.589744 4304.102564 4287.179487 4262.051282 4340.512821 4231.794872 4256.923077 4257.948718 4296.410256 4217.948718
4248.205128 4215.897436 4277.948718 4391.282051 4224.102564 4309.743590 4287.179487 4261.538462 4345.128205 4232.820513 4255.384615 4258.461538 4294.871795 4221.538462
4246.666667 4217.435897 4280.000000 4390.256410 4224.102564 4350.769231 4301.538462 4262.564103 4367.692308 4231.794872 4269.743590 4260.000000 4303.076923 4222.051282
4241.025641 4208.205128 4275.384615 4400.512821 4228.205128 4342.051282 4299.487179 4225.641026 4337.948718 4231.794872 4275.897436 4260.000000 4307.692308 4221.025641
4232.307692 4188.205128 4270.769231 4402.051282 4226.666667 4331.282051 4312.307692 4211.794872 4313.333333 4232.307692 4270.769231 4256.410256 4301.025641 4219.487179
4231.794872 4184.615385 4268.717949 4402.564103 4224.102564 4364.102564 4337.948718 4250.769231 4332.307692 4232.307692 4276.923077 4260.512821 4299.487179 4224.102564
4243.589744 4198.461538 4267.179487 4417.435897 4226.666667 4373.333333 4338.461538 4274.871795 4338.461538 4231.282051 4293.846154 4268.205128 4311.282051 4228.205128
4249.230769 4198.461538 4267.179487 4420.000000 4226.666667 4371.282051 4335.384615 4268.717949 4340.000000 4231.282051 4297.435897 4264.102564 4315.384615 4226.666667
4248.717949 4197.435897 4270.769231 4415.384615 4228.717949 4389.230769 4347.692308 4281.025641 4352.820513 4231.794872 4294.358974 4263.076923 4315.384615 4228.717949
4257.435897 4213.846154 4276.410256 4424.102564 4228.717949 4405.641026 4360.000000 4309.743590 4350.256410 4231.282051 4303.589744 4266.666667 4324.102564 4228.717949
4270.769231 4222.051282 4286.666667 4437.948718 4226.666667 4417.948718 4365.641026 4308.717949 4356.410256 4232.307692 4315.384615 4274.358974 4331.282051 4229.743590
4272.307692 4219.487179 4292.307692 4437.948718 4226.153846 4438.461538 4369.743590 4284.615385 4366.153846 4232.820513 4315.897436 4278.974359 4332.307692 4229.743590
4263.076923 4223.076923 4281.538462 4426.153846 4226.153846 4453.333333 4370.256410 4288.717949 4352.307692 4231.794872 4308.205128 4271.282051 4325.641026 4227.179487
4266.666667 4237.948718 4279.487179 4435.384615 4231.282051 4448.205128 4378.461538 4322.564103 4349.743590 4231.794872 4312.307692 4273.846154 4324.615385 4229.743590
4280.000000 4254.358974 4292.307692 4456.410256 4230.769231 4447.692308 4384.615385 4331.282051 4358.974359 4232.307692 4330.256410 4283.076923 4337.948718 4231.282051
4274.871795 4251.282051 4289.743590 4455.384615 4224.102564 4448.717949 4372.820513 4299.487179 4334.358974 4232.307692 4329.743590 4278.461538 4343.589744 4231.282051
4257.948718 4231.794872 4275.897436 4443.076923 4226.153846 4440.512821 4364.615385 4271.794872 4305.128205 4231.282051 4313.333333 4271.282051 4333.333333 4231.282051
4252.307692 4218.974359 4266.153846 4437.948718 4227.692308 4436.410256 4370.256410 4277.948718 4311.282051 4230.769231 4309.230769 4269.230769 4326.153846 4227.692308
4251.282051 4211.282051 4261.025641 4436.410256 4225.128205 4432.820513 4380.000000 4287.692308 4318.974359 4231.794872 4308.205128 4271.794872 4327.692308 4228.205128
4251.282051 4211.282051 4265.641026 4439.487179 4223.589744 4434.871795 4380.512821 4301.538462 4326.153846 4232.820513 4306.153846 4273.333333 4330.256410 4228.717949
4260.512821 4226.153846 4280.000000 4449.230769 4225.641026 4449.230769 4387.179487 4333.846154 4350.769231 4232.820513 4320.512821 4277.435897 4340.000000 4231.794872
4270.256410 4238.974359 4287.179487 4455.384615 4230.769231 4461.025641 4402.051282 4351.282051 4364.102564 4232.307692 4334.871795 4282.564103 4349.743590 4235.384615
4269.743590 4237.948718 4283.589744 4451.282051 4226.666667 4454.871795 4395.897436 4351.794872 4354.871795 4232.307692 4334.358974 4276.923077 4344.102564 4231.794872
4254.358974 4225.128205 4275.897436 4444.615385 4223.076923 4448.205128 4396.923077 4329.230769 4332.307692 4231.282051 4321.025641 4270.256410 4333.846154 4230.256410
4251.282051 4231.794872 4278.461538 4446.153846 4225.641026 4454.871795 4413.846154 4308.717949 4323.076923 4231.282051 4318.974359 4273.846154 4337.948718 4232.307692
4267.179487 4252.307692 4292.820513 4459.487179 4226.153846 4455.897436 4411.282051 4337.948718 4343.076923 4233.333333 4339.487179 4280.000000 4348.717949 4232.820513
4266.666667 4246.666667 4290.769231 4461.538462 4228.205128 4451.282051 4405.128205 4348.717949 4355.384615 4233.846154 4338.461538 4277.435897 4346.153846 4232.820513
4259.487179 4238.974359 4283.589744 4451.794872 4227.692308 4450.256410 4413.333333 4330.256410 4364.102564 4231.282051 4327.692308 4270.256410 4339.487179 4229.743590
4264.615385 4247.692308 4293.333333 4457.948718 4228.717949 4450.256410 4408.717949 4343.076923 4384.615385 4231.794872 4339.487179 4274.871795 4349.230769 4230.256410
4267.179487 4249.743590 4297.948718 4464.102564 4230.256410 4442.564103 4394.871795 4356.923077 4386.666667 4233.333333 4343.589744 4277.948718 4360.000000 4231.794872
4260.000000 4241.538462 4287.179487 4455.897436 4227.692308 4430.769231 4401.538462 4348.717949 4363.076923 4231.282051 4336.923077 4267.692308 4356.923077 4232.307692
4250.769231 4228.717949 4278.461538 4445.128205 4229.743590 4429.743590 4404.102564 4349.743590 4345.128205 4229.743590 4333.846154 4263.076923 4347.692308 4234.358974
4258.974359 4238.974359 4286.153846 4448.205128 4229.230769 4447.179487 4398.974359 4366.153846 4358.974359 4230.256410 4343.076923 4274.358974 4355.384615 4233.846154
4279.487179 4268.717949 4303.076923 4463.076923 4226.153846 4461.538462 4417.948718 4387.692308 4380.512821 4231.794872 4360.512821 4284.102564 4376.923077 4232.820513
4280.512821 4273.333333 4306.153846 4470.769231 4227.692308 4455.897436 4427.179487 4389.230769 4389.743590 4231.282051 4366.666667 4278.461538 4376.410256 4232.820513
4263.076923 4261.538462 4293.846154 4467.692308 4227.179487 4439.487179 4408.205128 4368.205128 4397.948718 4232.307692 4353.846154 4270.769231 4358.461538 4231.794872
4258.974359 4260.000000 4291.282051 4462.564103 4225.641026 4433.846154 4413.333333 4368.717949 4390.256410 4232.307692 4342.051282 4277.435897 4354.871795 4234.358974
4260.000000 4249.743590 4289.230769 4450.769231 4225.128205 4453.333333 4431.794872 4368.205128 4362.051282 4231.282051 4338.461538 4272.307692 4351.794872 4232.820513
4249.230769 4230.769231 4275.384615 4440.000000 4229.230769 4456.410256 4415.897436 4334.358974 4339.487179 4231.794872 4330.256410 4259.487179 4341.025641 4231.282051
4249.743590 4240.000000 4276.923077 4442.564103 4231.282051 4432.820513 4398.974359 4330.769231 4338.461538 4231.794872 4331.282051 4265.641026 4344.102564 4233.846154
4251.282051 4247.179487 4284.102564 4446.666667 4226.153846 4422.564103 4407.179487 4357.435897 4347.179487 4230.769231 4331.794872 4268.717949 4346.666667 4232.820513
4234.871795 4214.871795 4271.282051 4438.461538 4226.666667 4421.538462 4408.717949 4352.307692 4349.743590 4231.794872 4314.871795 4261.538462 4330.769231 4232.820513
4232.820513 4188.205128 4267.692308 4426.153846 4226.666667 4420.000000 4404.102564 4358.974359 4357.435897 4233.333333 4315.897436 4260.000000 4327.692308 4230.769231
4247.692308 4194.358974 4283.076923 4428.717949 4226.666667 4421.025641 4411.794872 4391.282051 4371.794872 4233.333333 4332.307692 4265.641026 4341.025641 4232.307692
4250.769231 4206.153846 4286.153846 4436.410256 4229.230769 4424.615385 4421.538462 4393.333333 4380.512821 4231.794872 4332.820513 4269.230769 4341.025641 4236.410256
4241.025641 4201.025641 4273.333333 4427.179487 4224.102564 4420.000000 4414.358974 4370.769231 4366.153846 4229.743590 4321.538462 4262.051282 4327.179487 4233.846154
4242.051282 4198.974359 4272.820513 4423.076923 4224.102564 4409.230769 4405.641026 4360.000000 4345.128205 4230.769231 4320.512821 4262.051282 4327.179487 4232.820513
4261.025641 4215.897436 4290.256410 4439.487179 4226.666667 4423.076923 4418.974359 4387.179487 4356.923077 4231.794872 4330.769231 4272.820513 4338.974359 4233.333333
4266.153846 4218.461538 4293.846154 4441.025641 4223.589744 4445.128205 4426.153846 4391.794872 4358.461538 4230.769231 4327.692308 4274.871795 4336.923077 4233.846154
4257.948718 4209.743590 4282.564103 4430.769231 4225.641026 4426.153846 4402.564103 4355.897436 4333.333333 4230.769231 4315.897436 4271.282051 4329.743590 4232.820513
4254.358974 4211.794872 4273.846154 4429.743590 4224.615385 4388.717949 4383.589744 4346.666667 4317.948718 4231.794872 4314.358974 4265.641026 4328.205128 4229.230769
4242.564103 4198.461538 4262.564103 4419.487179 4224.615385 4387.692308 4386.666667 4357.948718 4318.461538 4231.794872 4307.692308 4260.512821 4325.128205 4230.769231
4238.461538 4185.128205 4260.000000 4408.205128 4228.205128 4409.230769 4389.230769 4351.794872 4334.358974 4231.794872 4304.615385 4260.000000 4323.589744 4232.820513
4256.923077 4204.615385 4272.820513 4420.000000 4226.153846 4408.205128 4387.692308 4344.615385 4348.717949 4231.794872 4318.974359 4264.102564 4331.794872 4235.897436
4273.846154 4227.692308 4286.153846 4435.897436 4226.666667 4401.025641 4397.948718 4362.564103 4344.102564 4230.769231 4332.820513 4271.282051 4343.076923 4237.435897
4271.282051 4228.717949 4286.666667 4431.282051 4227.692308 4412.307692 4404.615385 4377.435897 4346.666667 4230.769231 4333.846154 4270.256410 4342.564103 4230.769231
4248.205128 4209.230769 4269.230769 4416.410256 4225.128205 4404.615385 4392.307692 4361.538462 4344.102564 4232.307692 4309.230769 4258.461538 4321.025641 4229.230769
4222.051282 4182.051282 4250.769231 4398.974359 4224.102564 4384.615385 4380.512821 4338.974359 4312.820513 4232.820513 4278.461538 4246.153846 4304.615385 4228.205128
4215.897436 4174.358974 4245.641026 4388.205128 4226.153846 4391.794872 4386.666667 4338.461538 4296.923077 4231.794872 4281.538462 4244.615385 4310.769231 4222.564103
4228.205128 4194.358974 4251.794872 4402.051282 4229.743590 4403.589744 4396.410256 4356.410256 4320.512821 4231.282051 4302.564103 4255.897436 4320.000000 4226.666667
4231.282051 4206.666667 4253.846154 4408.205128 4225.641026 4394.358974 4384.615385 4360.000000 4334.358974 4231.794872 4301.025641 4253.333333 4309.743590 4229.743590
4222.564103 4190.769231 4248.205128 4394.358974 4223.589744 4378.974359 4370.256410 4330.256410 4313.333333 4232.307692 4285.128205 4244.102564 4298.461538 4228.205128
4229.743590 4185.641026 4250.256410 4393.846154 4227.179487 4374.358974 4373.333333 4317.435897 4295.384615 4232.307692 4292.307692 4248.205128 4308.717949 4228.205128
4234.871795 4193.846154 4251.282051 4397.435897 4229.230769 4373.333333 4372.820513 4336.923077 4297.435897 4232.307692 4297.435897 4249.743590 4310.769231 4224.615385
4221.025641 4183.589744 4241.538462 4385.641026 4228.717949 4366.153846 4364.615385 4330.256410 4288.717949 4232.820513 4278.974359 4244.615385 4296.410256 4223.589744
4221.538462 4179.487179 4238.974359 4379.487179 4224.102564 4369.230769 4366.666667 4316.923077 4276.923077 4232.307692 4276.923077 4242.564103 4293.333333 4225.641026
4236.923077 4191.794872 4249.743590 4387.692308 4224.102564 4380.000000 4372.820513 4334.358974 4280.512821 4230.769231 4288.205128 4248.717949 4298.974359 4228.205128
4235.897436 4192.820513 4256.410256 4392.820513 4228.717949 4374.358974 4369.743590 4354.871795 4284.615385 4232.307692 4283.589744 4252.307692 4295.384615 4226.666667
4224.615385 4184.615385 4249.743590 4381.538462 4225.641026 4364.615385 4362.564103 4371.282051 4281.538462 4233.333333 4285.128205 4246.666667 4293.333333 4221.538462
4225.128205 4185.641026 4245.128205 4364.102564 4226.666667 4366.666667 4363.076923 4369.230769 4280.000000 4230.256410 4293.846154 4246.666667 4301.025641 4222.564103
4227.179487 4192.307692 4248.717949 4355.384615 4227.179487 4370.769231 4365.641026 4341.025641 4284.615385 4230.769231 4285.641026 4246.153846 4293.846154 4222.564103
4225.128205 4190.769231 4249.230769 4357.435897 4224.615385 4370.256410 4364.615385 4335.897436 4283.589744 4233.333333 4270.769231 4243.076923 4281.025641 4223.076923
4226.666667 4185.641026 4245.128205 4355.897436 4226.153846 4360.000000 4359.487179 4349.230769 4278.974359 4231.794872 4275.897436 4246.153846 4285.128205 4226.153846
4229.743590 4186.153846 4245.128205 4351.282051 4225.641026 4348.205128 4354.871795 4342.564103 4281.538462 4230.769231 4293.333333 4245.641026 4298.461538 4226.153846
4227.692308 4188.205128 4244.102564 4353.846154 4226.666667 4355.897436 4358.974359 4343.589744 4277.948718 4231.794872 4291.794872 4246.153846 4299.487179 4226.153846
4224.102564 4189.743590 4238.461538 4354.871795 4226.153846 4367.179487 4363.076923 4353.333333 4274.358974 4231.282051 4274.871795 4245.641026 4285.128205 4222.564103
4220.000000 4186.666667 4234.871795 4350.256410 4224.615385 4355.384615 4359.487179 4352.307692 4282.051282 4231.794872 4270.256410 4244.102564 4276.410256 4223.589744
4213.846154 4180.512821 4236.410256 4350.256410 4226.666667 4345.641026 4361.538462 4360.000000 4288.717949 4232.307692 4281.025641 4245.128205 4282.051282 4226.666667
4209.743590 4186.153846 4237.948718 4352.307692 4224.615385 4346.666667 4356.410256 4350.256410 4274.358974 4231.794872 4277.435897 4241.538462 4280.000000 4222.051282
4211.794872 4195.384615 4241.538462 4356.410256 4223.589744 4338.974359 4344.615385 4312.307692 4245.641026 4232.307692 4268.717949 4243.076923 4276.410256 4225.128205
4223.589744 4201.025641 4249.743590 4362.564103 4224.615385 4336.410256 4352.307692 4318.974359 4243.589744 4232.307692 4284.615385 4250.769231 4288.717949 4229.743590
4228.717949 4199.487179 4252.307692 4360.512821 4222.564103 4342.564103 4365.128205 4358.974359 4276.923077 4232.307692 4292.820513 4250.256410 4293.333333 4227.179487
4217.435897 4184.615385 4245.128205 4349.230769 4227.692308 4344.615385 4354.358974 4356.410256 4289.743590 4232.820513 4272.307692 4245.128205 4279.487179 4222.564103
4218.461538 4188.717949 4244.615385 4347.179487 4227.179487 4344.102564 4338.974359 4334.358974 4265.641026 4232.820513 4271.282051 4244.615385 4277.948718 4223.589744
4227.179487 4200.512821 4248.717949 4353.846154 4224.615385 4345.641026 4342.564103 4322.564103 4256.923077 4231.794872 4288.717949 4248.717949 4291.282051 4228.717949
4225.641026 4200.512821 4250.256410 4353.333333 4227.179487 4355.384615 4351.282051 4325.128205 4287.179487 4230.769231 4292.820513 4248.717949 4298.461538 4227.692308
4227.692308 4208.205128 4253.333333 4360.000000 4227.692308 4355.384615 4348.717949 4341.538462 4309.230769 4231.794872 4291.282051 4250.256410 4295.384615 4224.615385
4227.179487 4207.179487 4247.179487 4361.025641 4227.179487 4341.025641 4335.384615 4338.974359 4285.641026 4232.820513 4286.666667 4250.769231 4288.717949 4224.102564
4207.692308 4178.974359 4227.692308 4334.358974 4223.076923 4335.384615 4322.564103 4327.692308 4265.128205 4231.794872 4278.974359 4240.000000 4281.025641 4220.000000
4195.384615 4164.615385 4218.461538 4321.538462 4223.589744 4332.307692 4326.153846 4321.025641 4265.128205 4232.307692 4270.256410 4237.435897 4276.923077 4221.538462
4216.410256 4193.846154 4234.358974 4343.076923 4225.641026 4331.282051 4345.128205 4316.923077 4257.435897 4233.333333 4272.820513 4248.717949 4281.025641 4225.128205
4230.256410 4204.102564 4249.230769 4348.717949 4224.102564 4340.000000 4350.256410 4324.102564 4254.871795 4232.307692 4282.564103 4250.769231 4284.102564 4226.153846
4210.769231 4172.307692 4234.358974 4325.641026 4228.205128 4335.384615 4334.871795 4317.948718 4258.974359 4231.282051 4266.666667 4240.512821 4271.282051 4226.666667
4203.589744 4173.846154 4221.538462 4324.102564 4227.179487 4324.102564 4335.384615 4306.666667 4263.589744 4231.794872 4254.871795 4235.384615 4263.076923 4220.512821
4218.461538 4205.128205 4234.358974 4345.128205 4222.564103 4330.256410 4345.128205 4314.358974 4267.692308 4232.307692 4266.666667 4244.102564 4272.820513 4221.025641
4222.564103 4204.102564 4242.564103 4344.102564 4223.589744 4340.512821 4336.410256 4317.948718 4262.564103 4232.307692 4269.743590 4250.769231 4279.487179 4227.179487
4220.512821 4189.230769 4236.923077 4331.794872 4225.641026 4336.923077 4325.128205 4303.589744 4254.871795 4232.820513 4272.307692 4245.641026 4277.435897 4227.179487
4232.307692 4208.205128 4248.205128 4347.179487 4228.717949 4330.769231 4332.820513 4308.205128 4263.589744 4232.820513 4285.641026 4249.743590 4284.615385 4228.717949
4244.615385 4235.897436 4269.230769 4364.615385 4226.666667 4334.871795 4344.102564 4342.051282 4283.589744 4232.307692 4294.358974 4257.435897 4296.923077 4231.282051
4242.564103 4227.179487 4263.076923 4355.384615 4225.128205 4333.846154 4344.102564 4348.205128 4285.641026 4232.307692 4287.179487 4253.846154 4297.948718 4232.820513
4235.384615 4208.717949 4246.666667 4346.666667 4226.666667 4324.615385 4333.333333 4318.974359 4274.358974 4232.820513 4282.051282 4248.717949 4288.717949 4230.769231
4226.666667 4206.153846 4241.538462 4342.564103 4224.615385 4321.538462 4325.641026 4309.230769 4266.153846 4231.794872 4279.487179 4245.641026 4278.461538 4226.153846
4218.461538 4198.974359 4239.487179 4333.846154 4224.102564 4316.410256 4332.307692 4320.512821 4256.410256 4231.794872 4270.256410 4243.589744 4276.410256 4228.717949
4220.512821 4195.897436 4236.923077 4333.333333 4224.102564 4303.076923 4341.025641 4321.538462 4252.307692 4232.820513 4267.692308 4240.000000 4280.512821 4226.153846
4220.000000 4194.871795 4229.743590 4333.846154 4226.153846 4291.282051 4339.487179 4300.512821 4250.769231 4230.769231 4262.051282 4236.923077 4274.358974 4223.076923
4215.384615 4187.692308 4227.692308 4327.692308 4230.256410 4292.820513 4333.333333 4285.128205 4249.743590 4230.256410 4253.846154 4238.974359 4265.641026 4226.666667
4222.051282 4192.820513 4237.435897 4329.230769 4226.153846 4300.512821 4328.205128 4299.487179 4264.615385 4232.307692 4263.589744 4241.025641 4271.282051 4229.230769
4224.102564 4204.102564 4244.102564 4338.461538 4225.128205 4307.692308 4333.846154 4303.589744 4275.384615 4232.307692 4271.794872 4244.615385 4280.000000 4228.717949
4225.128205 4213.846154 4244.102564 4337.948718 4226.666667 4310.769231 4340.000000 4298.461538 4267.179487 4231.282051 4269.743590 4245.128205 4278.974359 4226.666667
4235.897436 4221.025641 4248.717949 4341.025641 4225.641026 4295.384615 4326.153846 4313.846154 4256.410256 4231.282051 4267.179487 4245.128205 4272.307692 4228.717949
4232.820513 4210.769231 4249.230769 4342.564103 4226.666667 4281.025641 4313.846154 4305.128205 4241.025641 4231.282051 4264.102564 4246.666667 4268.205128 4231.282051
4223.076923 4202.564103 4243.589744 4331.794872 4224.615385 4283.589744 4319.487179 4275.897436 4225.128205 4230.769231 4267.692308 4245.641026 4273.846154 4228.205128
4230.769231 4211.282051 4244.615385 4333.846154 4225.128205 4281.538462 4325.641026 4272.307692 4220.512821 4231.282051 4275.384615 4248.205128 4278.974359 4229.743590
4233.846154 4213.333333 4242.564103 4337.948718 4228.205128 4282.051282 4332.307692 4293.333333 4245.128205 4232.820513 4269.743590 4245.641026 4271.794872 4229.743590
4214.871795 4193.333333 4231.282051 4321.025641 4226.666667 4293.846154 4342.564103 4306.666667 4274.358974 4232.307692 4250.769231 4234.871795 4259.487179 4227.179487
4202.051282 4178.974359 4225.128205 4310.256410 4226.153846 4288.205128 4334.358974 4297.948718 4261.025641 4231.282051 4239.487179 4232.820513 4250.256410 4229.230769
4204.102564 4184.102564 4226.153846 4311.282051 4225.641026 4272.820513 4324.102564 4276.410256 4227.179487 4231.282051 4242.564103 4232.307692 4247.179487 4226.666667
4204.102564 4190.256410 4226.666667 4312.307692 4226.153846 4279.487179 4334.358974 4271.282051 4228.717949 4231.794872 4251.282051 4231.282051 4259.487179 4225.641026
4209.230769 4200.512821 4232.820513 4317.948718 4226.153846 4286.666667 4331.794872 4296.923077 4262.564103 4231.282051 4264.615385 4235.384615 4274.871795 4227.179487
4213.846154 4209.743590 4237.435897 4320.000000 4223.589744 4270.769231 4309.230769 4287.179487 4257.435897 4231.282051 4262.564103 4233.846154 4265.641026 4225.128205
4212.820513 4208.717949 4233.846154 4316.923077 4226.153846 4257.435897 4311.794872 4251.282051 4223.076923 4232.820513 4247.179487 4233.333333 4249.230769 4228.717949
4223.589744 4218.461538 4237.435897 4323.589744 4225.128205 4273.846154 4330.769231 4269.230769 4229.743590 4232.307692 4248.205128 4237.435897 4248.205128 4230.256410
4224.102564 4216.410256 4233.846154 4320.000000 4224.102564 4278.974359 4320.000000 4286.666667 4234.358974 4231.282051 4252.307692 4234.358974 4249.743590 4228.717949
4208.717949 4202.051282 4219.487179 4308.205128 4226.153846 4264.615385 4307.179487 4270.256410 4215.897436 4232.307692 4247.692308 4227.692308 4248.205128 4226.153846
4205.641026 4207.179487 4219.487179 4312.820513 4222.564103 4273.846154 4320.512821 4288.717949 4231.282051 4232.820513 4245.128205 4226.153846 4247.692308 4225.641026
4204.102564 4206.153846 4226.153846 4310.256410 4221.538462 4287.692308 4324.615385 4313.333333 4252.820513 4232.307692 4237.948718 4229.743590 4243.589744 4228.205128
4200.512821 4198.974359 4224.102564 4291.794872 4222.564103 4277.435897 4312.820513 4302.051282 4243.589744 4231.794872 4233.846154 4228.717949 4240.512821 4225.641026
4212.307692 4210.769231 4225.128205 4296.410256 4223.589744 4267.692308 4316.923077 4296.410256 4237.948718 4231.794872 4245.128205 4232.307692 4248.205128 4223.589744
4222.051282 4221.538462 4228.205128 4310.256410 4227.692308 4271.282051 4321.538462 4287.179487 4252.820513 4230.769231 4250.256410 4235.897436 4252.307692 4225.641026
4213.333333 4210.769231 4218.461538 4298.461538 4225.641026 4266.153846 4300.000000 4260.000000 4250.256410 4231.282051 4232.307692 4229.230769 4236.410256 4225.641026
4203.589744 4200.000000 4212.820513 4284.615385 4226.153846 4253.333333 4287.692308 4262.564103 4233.846154 4232.820513 4218.461538 4228.717949 4227.179487 4227.179487
4206.666667 4204.102564 4216.410256 4284.102564 4226.153846 4260.000000 4297.435897 4295.384615 4242.564103 4232.307692 4231.282051 4229.230769 4238.461538 4227.692308
4210.769231 4210.769231 4218.974359 4270.769231 4223.076923 4266.153846 4301.538462 4305.641026 4252.820513 4231.794872 4248.717949 4228.205128 4249.230769 4231.794872
4220.000000 4222.564103 4230.256410 4251.794872 4223.589744 4260.512821 4296.923077 4294.871795 4248.205128 4233.333333 4260.512821 4238.461538 4255.897436 4232.820513
4228.205128 4227.179487 4238.461538 4239.487179 4224.615385 4264.615385 4294.358974 4286.153846 4248.717949 4231.794872 4263.076923 4240.512821 4256.923077 4229.230769
4217.948718 4209.230769 4224.102564 4230.256410 4228.205128 4271.794872 4293.846154 4275.384615 4242.051282 4229.743590 4247.179487 4234.358974 4248.717949 4230.769231
4212.307692 4207.179487 4218.461538 4232.820513 4226.666667 4272.307692 4296.923077 4275.384615 4228.717949 4230.256410 4240.512821 4232.307692 4245.641026 4228.205128
4221.538462 4228.205128 4231.282051 4246.153846 4222.051282 4270.256410 4302.564103 4285.128205 4222.051282 4231.282051 4251.282051 4232.820513 4250.769231 4224.615385
4220.512821 4226.153846 4228.205128 4243.589744 4224.615385 4264.615385 4296.410256 4281.538462 4219.487179 4231.794872 4253.846154 4233.333333 4251.282051 4226.666667
4212.307692 4204.102564 4216.923077 4226.153846 4227.179487 4257.948718 4286.666667 4267.692308 4222.564103 4232.820513 4246.666667 4228.717949 4245.128205 4224.615385
4217.948718 4206.666667 4223.076923 4231.282051 4230.256410 4257.948718 4293.333333 4268.205128 4227.692308 4232.307692 4238.461538 4230.256410 4240.000000 4223.076923
4226.153846 4222.051282 4234.871795 4245.128205 4228.205128 4261.538462 4301.538462 4281.025641 4217.948718 4229.743590 4238.461538 4235.897436 4241.538462 4226.666667
4222.051282 4210.769231 4232.820513 4237.948718 4222.564103 4258.461538 4295.897436 4274.871795 4213.333333 4229.743590 4250.769231 4236.923077 4249.743590 4230.256410
4215.384615 4202.051282 4227.179487 4232.307692 4225.128205 4249.230769 4293.333333 4262.051282 4225.128205 4230.256410 4254.871795 4235.384615 4249.230769 4225.641026
4211.282051 4214.358974 4227.179487 4238.461538 4227.692308 4244.102564 4295.897436 4274.358974 4222.564103 4229.230769 4241.025641 4229.743590 4237.435897 4220.000000
4206.666667 4211.794872 4224.615385 4238.461538 4226.666667 4250.769231 4295.384615 4270.256410 4209.230769 4229.230769 4227.179487 4228.205128 4228.717949 4224.102564
4210.256410 4205.641026 4223.076923 4230.769231 4224.102564 4270.769231 4296.410256 4253.333333 4224.615385 4230.256410 4238.461538 4230.769231 4235.384615 4223.589744
4212.820513 4212.307692 4222.051282 4231.282051 4224.615385 4271.794872 4292.820513 4263.076923 4244.615385 4233.333333 4248.717949 4227.692308 4245.128205 4219.487179
4203.589744 4209.743590 4215.384615 4236.923077 4228.205128 4244.102564 4280.512821 4266.153846 4222.564103 4234.358974 4225.641026 4224.102564 4235.384615 4222.051282
4210.769231 4215.897436 4218.461538 4241.025641 4223.076923 4238.974359 4280.000000 4254.358974 4207.692308 4232.307692 4221.025641 4226.666667 4228.205128 4221.025641
4231.794872 4235.384615 4236.923077 4250.769231 4222.051282 4252.820513 4286.666667 4255.384615 4223.076923 4231.282051 4247.179487 4234.871795 4241.538462 4223.076923
4230.769231 4232.820513 4239.487179 4252.820513 4229.230769 4248.205128 4283.076923 4257.435897 4226.666667 4232.307692 4249.743590 4234.358974 4244.615385 4227.179487
4213.333333 4217.948718 4225.641026 4240.512821 4229.743590 4242.564103 4276.923077 4247.179487 4215.384615 4231.794872 4235.384615 4227.692308 4232.820513 4226.153846
4207.179487 4209.230769 4220.512821 4232.307692 4228.717949 4248.205128 4280.000000 4249.230769 4209.230769 4230.769231 4233.846154 4228.205128 4231.282051 4228.205128
4211.282051 4215.897436 4226.666667 4240.512821 4224.615385 4246.666667 4283.076923 4266.153846 4213.846154 4231.282051 4239.487179 4228.717949 4238.974359 4229.743590
4203.589744 4223.076923 4227.179487 4247.179487 4224.102564 4238.461538 4278.974359 4257.948718 4207.179487 4232.307692 4236.923077 4227.179487 4238.974359 4227.179487
4194.358974 4216.923077 4220.000000 4238.461538 4228.205128 4242.051282 4276.410256 4243.076923 4204.615385 4232.820513 4231.794872 4224.102564 4235.384615 4223.589744
4190.769231 4201.025641 4208.205128 4225.128205 4224.615385 4246.666667 4275.897436 4244.102564 4214.358974 4231.282051 4220.512821 4213.846154 4229.743590 4221.538462
4185.641026 4190.769231 4203.589744 4222.564103 4225.641026 4237.948718 4278.461538 4244.615385 4208.205128 4232.307692 4204.615385 4213.846154 4224.102564 4222.564103
4202.564103 4217.435897 4222.564103 4237.948718 4228.205128 4234.358974 4277.948718 4258.461538 4210.256410 4232.820513 4223.589744 4227.179487 4235.897436 4218.461538
4215.897436 4233.333333 4233.333333 4246.666667 4225.641026 4234.358974 4266.153846 4266.666667 4222.051282 4230.769231 4248.205128 4231.282051 4248.205128 4220.000000
4199.487179 4207.179487 4221.025641 4234.358974 4227.692308 4229.743590 4263.076923 4250.256410 4214.358974 4230.769231 4235.384615 4222.564103 4240.512821 4228.717949
4193.333333 4198.461538 4215.384615 4226.153846 4228.205128 4226.666667 4266.666667 4235.897436 4206.666667 4233.333333 4223.076923 4219.487179 4233.333333 4227.692308
4210.256410 4220.000000 4227.179487 4235.897436 4227.692308 4224.102564 4251.794872 4218.974359 4201.025641 4232.820513 4231.794872 4228.717949 4235.897436 4225.641026
4211.794872 4225.641026 4230.256410 4238.461538 4227.692308 4223.076923 4244.102564 4209.230769 4185.641026 4230.769231 4234.358974 4230.256410 4235.897436 4222.564103
4193.846154 4204.102564 4217.948718 4226.153846 4227.692308 4223.589744 4263.589744 4223.589744 4177.948718 4231.282051 4224.615385 4222.051282 4226.666667 4222.564103
4186.666667 4191.794872 4208.205128 4220.512821 4225.641026 4220.000000 4269.743590 4226.666667 4177.948718 4231.282051 4222.564103 4218.974359 4219.487179 4225.641026
4191.282051 4204.102564 4211.282051 4227.692308 4222.051282 4216.923077 4256.410256 4225.641026 4180.000000 4230.769231 4224.615385 4217.948718 4220.000000 4227.692308
4200.000000 4216.410256 4221.025641 4234.871795 4225.128205 4227.692308 4257.948718 4245.128205 4202.564103 4231.282051 4224.102564 4225.128205 4227.692308 4229.743590
4205.128205 4211.282051 4223.076923 4229.230769 4227.179487 4243.076923 4267.692308 4257.435897 4237.948718 4231.794872 4225.128205 4225.128205 4230.769231 4226.666667
4206.153846 4216.923077 4223.076923 4227.692308 4227.692308 4235.384615 4267.179487 4257.435897 4247.179487 4230.256410 4232.307692 4220.000000 4227.179487 4229.743590
4211.282051 4234.871795 4231.794872 4238.461538 4227.692308 4231.282051 4265.641026 4258.461538 4235.897436 4229.230769 4243.076923 4225.128205 4234.871795 4233.846154
4211.794872 4229.743590 4231.794872 4233.846154 4224.615385 4245.641026 4263.589744 4249.230769 4227.692308 4230.256410 4238.974359 4223.076923 4236.923077 4223.589744
4206.153846 4212.307692 4223.076923 4224.615385 4226.666667 4240.000000 4261.025641 4232.307692 4217.435897 4231.282051 4225.128205 4218.461538 4227.692308 4220.000000
4211.794872 4227.692308 4229.743590 4237.435897 4228.717949 4229.743590 4261.538462 4245.641026 4219.487179 4232.307692 4236.923077 4224.615385 4232.820513 4226.153846
4220.512821 4249.230769 4239.487179 4250.769231 4225.641026 4238.974359 4261.025641 4256.923077 4222.051282 4231.794872 4252.307692 4226.666667 4240.512821 4229.230769
4203.076923 4221.025641 4223.076923 4232.307692 4227.692308 4232.307692 4259.487179 4214.871795 4192.820513 4231.794872 4223.589744 4217.435897 4222.051282 4223.076923
4194.358974 4200.512821 4214.871795 4217.435897 4225.641026 4215.384615 4258.461538 4196.410256 4188.205128 4232.820513 4209.743590 4214.871795 4214.871795 4220.000000
4217.435897 4229.743590 4233.846154 4235.384615 4223.589744 4222.564103 4264.102564 4245.128205 4235.897436 4231.794872 4242.051282 4229.230769 4238.461538 4228.205128
4220.512821 4241.538462 4238.974359 4243.589744 4226.153846 4235.384615 4265.128205 4274.358974 4251.282051 4229.230769 4252.307692 4228.717949 4244.102564 4229.230769
4194.871795 4210.769231 4217.435897 4227.179487 4227.179487 4225.128205 4250.256410 4245.128205 4217.435897 4230.256410 4231.794872 4213.333333 4227.692308 4223.076923
4186.666667 4197.435897 4207.692308 4225.641026 4230.256410 4210.256410 4244.615385 4223.589744 4210.256410 4232.820513 4225.641026 4213.846154 4223.589744 4222.051282
4197.435897 4217.435897 4217.435897 4236.923077 4228.205128 4213.333333 4255.384615 4236.923077 4236.923077 4231.794872 4228.205128 4216.410256 4224.102564 4218.974359
4186.153846 4206.153846 4212.307692 4229.230769 4226.666667 4221.538462 4254.871795 4237.948718 4238.461538 4231.794872 4213.333333 4208.717949 4211.282051 4220.512821
4172.307692 4183.076923 4197.948718 4222.564103 4230.256410 4217.948718 4248.717949 4227.692308 4212.820513 4231.794872 4202.564103 4205.641026 4206.153846 4224.615385
4177.948718 4191.282051 4193.333333 4225.641026 4225.128205 4210.769231 4252.820513 4228.717949 4204.102564 4231.282051 4212.820513 4200.512821 4213.333333 4222.564103
4183.589744 4201.538462 4198.974359 4224.102564 4223.589744 4216.410256 4259.487179 4219.487179 4216.923077 4231.282051 4222.564103 4203.589744 4220.512821 4223.589744
4185.128205 4203.076923 4205.128205 4226.153846 4226.666667 4224.615385 4259.487179 4208.717949 4223.589744 4231.794872 4220.512821 4212.820513 4218.461538 4224.615385
4180.512821 4196.410256 4200.512821 4228.205128 4225.641026 4212.820513 4251.282051 4212.307692 4201.025641 4232.307692 4206.153846 4208.205128 4206.153846 4222.051282
4175.384615 4189.230769 4201.538462 4224.615385 4225.641026 4206.153846 4250.769231 4224.102564 4190.256410 4232.307692 4203.589744 4202.051282 4199.487179 4221.025641
4179.487179 4192.307692 4208.717949 4224.102564 4226.153846 4213.846154 4261.025641 4228.717949 4211.282051 4232.307692 4213.846154 4206.153846 4202.564103 4221.025641
4182.564103 4199.487179 4212.820513 4224.102564 4228.205128 4206.666667 4257.948718 4217.435897 4216.410256 4232.307692 4208.205128 4211.282051 4203.076923 4222.564103
4183.589744 4201.538462 4211.794872 4217.948718 4226.666667 4201.025641 4242.564103 4216.410256 4214.871795 4231.794872 4201.538462 4207.692308 4198.461538 4223.076923
4180.512821 4200.512821 4178.974359 4214.871795 4224.615385 4214.871795 4243.589744 4230.256410 4223.589744 4231.282051 4203.076923 4206.153846 4198.461538 4223.589744
4175.897436 4203.589744 4117.948718 4218.461538 4227.692308 4215.897436 4253.846154 4234.358974 4215.384615 4232.307692 4200.000000 4206.666667 4200.000000 4224.615385
4173.846154 4203.589744 4069.230769 4216.923077 4225.641026 4201.538462 4246.666667 4227.179487 4204.615385 4232.307692 4195.384615 4201.025641 4192.307692 4222.564103
4176.410256 4196.923077 4045.128205 4216.410256 4226.153846 4201.538462 4234.871795 4226.153846 4209.743590 4231.794872 4194.358974 4201.025641 4184.615385 4224.102564
4177.948718 4195.384615 4033.333333 4214.871795 4226.153846 4209.230769 4233.333333 4229.743590 4221.538462 4232.820513 4196.923077 4200.512821 4189.743590 4223.076923
4175.384615 4196.410256 4031.282051 4213.846154 4224.615385 4206.666667 4241.025641 4217.435897 4214.358974 4232.307692 4200.512821 4199.487179 4199.487179 4220.512821
4178.461538 4200.512821 4038.461538 4215.897436 4227.692308 4207.179487 4247.179487 4213.846154 4203.589744 4232.307692 4209.230769 4204.102564 4204.102564 4222.564103
4184.615385 4212.820513 4047.692308 4215.384615 4225.641026 4216.410256 4249.743590 4234.358974 4226.666667 4233.846154 4221.538462 4204.615385 4204.615385 4223.589744
4181.538462 4211.794872 4049.743590 4214.358974 4224.102564 4214.871795 4247.179487 4233.846154 4240.512821 4232.307692 4216.410256 4203.076923 4204.615385 4224.615385
4176.410256 4206.153846 4048.717949 4214.871795 4225.641026 4208.205128 4238.461538 4221.538462 4214.871795 4229.743590 4208.717949 4204.615385 4203.076923 4221.025641
4180.512821 4206.666667 4052.820513 4215.897436 4223.589744 4207.179487 4229.743590 4227.692308 4201.025641 4230.256410 4216.923077 4204.615385 4201.538462 4217.435897
4183.076923 4202.051282 4055.897436 4218.461538 4224.615385 4205.128205 4231.282051 4226.153846 4213.846154 4232.820513 4215.897436 4206.666667 4199.487179 4220.512821
4186.666667 4211.794872 4064.615385 4222.051282 4226.153846 4209.230769 4243.076923 4227.692308 4218.974359 4233.846154 4209.230769 4207.692308 4200.512821 4222.564103
4187.692308 4220.512821 4067.692308 4223.589744 4228.205128 4206.666667 4237.435897 4241.538462 4209.230769 4232.307692 4205.128205 4204.102564 4197.948718 4222.564103
4175.897436 4200.512821 4050.769231 4217.435897 4228.205128 4196.410256 4224.615385 4229.230769 4198.974359 4231.282051 4192.307692 4194.871795 4184.102564 4220.000000
4158.974359 4175.384615 4038.974359 4202.564103 4225.641026 4200.000000 4227.692308 4197.948718 4183.076923 4232.820513 4178.974359 4189.230769 4173.846154 4217.435897
4158.974359 4182.564103 4050.256410 4203.076923 4226.666667 4204.102564 4227.179487 4197.948718 4187.692308 4232.820513 4184.102564 4197.435897 4182.564103 4220.512821
4173.846154 4205.128205 4062.051282 4216.410256 4223.589744 4203.076923 4214.358974 4217.435897 4224.102564 4230.769231 4197.435897 4201.538462 4193.846154 4220.512821
4167.692308 4191.282051 4054.871795 4209.743590 4223.076923 4204.102564 4213.846154 4197.435897 4221.025641 4232.307692 4183.589744 4193.846154 4180.512821 4218.461538
4156.923077 4172.820513 4055.897436 4199.487179 4226.666667 4200.000000 4222.564103 4194.871795 4191.794872 4233.333333 4173.846154 4192.307692 4170.256410 4214.871795
4174.358974 4193.333333 4076.923077 4213.333333 4226.153846 4194.871795 4216.410256 4239.487179 4208.205128 4231.282051 4197.948718 4200.512821 4189.743590 4216.923077
4182.564103 4198.461538 4081.538462 4216.410256 4226.666667 4202.564103 4210.769231 4232.820513 4218.974359 4231.282051 4206.153846 4204.102564 4200.512821 4223.076923
4165.641026 4176.410256 4065.641026 4196.410256 4226.666667 4209.230769 4216.410256 4193.846154 4194.358974 4232.820513 4193.333333 4195.384615 4188.205128 4218.461538
4160.512821 4174.358974 4065.641026 4195.384615 4226.153846 4193.846154 4222.564103 4203.076923 4188.717949 4232.820513 4190.769231 4192.307692 4181.538462 4216.410256
4169.230769 4184.615385 4080.000000 4207.179487 4224.615385 4197.948718 4221.538462 4225.641026 4200.512821 4231.282051 4188.717949 4195.384615 4182.564103 4218.461538
4164.102564 4175.897436 4073.846154 4198.461538 4220.512821 4222.564103 4215.384615 4209.230769 4193.846154 4231.282051 4177.435897 4192.307692 4178.461538 4216.410256
4155.384615 4167.692308 4066.153846 4191.794872 4223.589744 4221.538462 4215.897436 4192.307692 4196.923077 4232.820513 4174.871795 4192.820513 4177.435897 4216.923077
4167.179487 4182.564103 4078.461538 4201.025641 4225.128205 4211.794872 4221.538462 4206.666667 4216.410256 4232.820513 4186.666667 4193.846154 4183.589744 4215.897436
4180.000000 4193.846154 4089.230769 4205.641026 4224.102564 4216.923077 4216.923077 4205.641026 4210.256410 4230.769231 4194.871795 4195.384615 4191.794872 4217.948718
4178.974359 4190.256410 4088.717949 4205.641026 4228.717949 4220.512821 4212.820513 4189.743590 4192.307692 4230.769231 4197.435897 4200.512821 4196.923077 4221.025641
4173.846154 4189.743590 4087.179487 4209.230769 4226.666667 4214.871795 4225.128205 4201.538462 4201.538462 4232.820513 4191.282051 4195.897436 4187.692308 4217.948718
4175.384615 4193.333333 4091.794872 4210.769231 4224.102564 4214.358974 4225.128205 4220.512821 4225.641026 4232.307692 4186.153846 4192.820513 4181.538462 4218.974359
4177.435897 4194.358974 4096.410256 4203.589744 4225.128205 4217.948718 4205.128205 4210.769231 4227.692308 4230.769231 4200.512821 4195.897436 4194.358974 4217.948718
4171.794872 4189.743590 4094.871795 4198.461538 4224.615385 4210.256410 4194.358974 4194.871795 4209.743590 4230.769231 4203.589744 4196.410256 4200.000000 4213.846154
4179.487179 4196.923077 4103.076923 4208.205128 4226.153846 4203.076923 4201.538462 4198.974359 4209.230769 4231.794872 4198.461538 4202.564103 4196.923077 4216.923077
4197.435897 4210.769231 4116.923077 4217.948718 4225.128205 4205.128205 4207.179487 4212.307692 4221.538462 4232.307692 4210.256410 4206.153846 4201.025641 4218.461538
4188.205128 4198.974359 4108.205128 4206.666667 4225.641026 4204.615385 4204.102564 4210.256410 4211.282051 4231.794872 4210.256410 4201.538462 4203.076923 4216.923077
4172.820513 4185.641026 4095.897436 4194.871795 4224.615385 4206.666667 4204.102564 4210.769231 4210.256410 4230.769231 4194.871795 4197.948718 4198.974359 4218.461538
4186.666667 4201.025641 4110.769231 4206.666667 4224.615385 4217.948718 4207.179487 4229.230769 4232.307692 4232.307692 4197.948718 4201.025641 4198.461538 4223.076923
4195.897436 4209.743590 4121.538462 4214.358974 4228.717949 4221.025641 4205.128205 4219.487179 4222.051282 4232.820513 4206.153846 4203.076923 4196.923077 4223.076923
4185.128205 4196.923077 4112.820513 4202.051282 4226.153846 4209.230769 4195.897436 4190.769231 4197.948718 4231.794872 4206.153846 4196.923077 4192.820513 4217.435897
4181.025641 4188.717949 4107.692308 4198.974359 4225.641026 4207.179487 4194.871795 4194.871795 4207.179487 4232.307692 4209.230769 4197.435897 4195.384615 4218.461538
4189.230769 4198.461538 4117.948718 4206.666667 4226.666667 4224.615385 4210.769231 4228.205128 4231.282051 4231.794872 4218.974359 4205.641026 4204.615385 4220.512821
4193.846154 4204.615385 4128.717949 4206.666667 4224.102564 4229.743590 4216.923077 4247.692308 4245.128205 4230.769231 4222.051282 4211.282051 4205.641026 4220.000000
4187.179487 4193.333333 4125.641026 4203.076923 4224.615385 4217.948718 4207.179487 4235.384615 4233.846154 4231.794872 4210.256410 4207.179487 4194.871795 4225.641026
4171.794872 4180.512821 4111.282051 4197.948718 4221.538462 4213.333333 4200.000000 4211.282051 4205.128205 4232.307692 4197.435897 4190.769231 4184.102564 4225.641026
4155.897436 4167.692308 4096.410256 4185.128205 4221.538462 4218.974359 4196.410256 4189.743590 4182.564103 4232.820513 4182.564103 4183.076923 4175.384615 4223.076923
4156.410256 4166.153846 4099.487179 4180.512821 4225.128205 4223.076923 4192.820513 4187.692308 4188.717949 4233.333333 4174.358974 4186.153846 4169.230769 4221.538462
4162.051282 4174.871795 4106.153846 4184.615385 4224.615385 4209.230769 4183.589744 4187.692308 4201.025641 4232.307692 4176.410256 4184.615385 4172.307692 4218.461538
4155.897436 4172.307692 4100.000000 4178.974359 4225.641026 4194.358974 4171.794872 4182.564103 4201.538462 4231.282051 4176.410256 4184.102564 4182.564103 4217.948718
4151.282051 4163.076923 4098.461538 4171.794872 4223.076923 4202.564103 4172.307692 4188.717949 4203.076923 4231.282051 4182.051282 4183.589744 4185.128205 4217.435897
4154.871795 4159.487179 4105.641026 4177.948718 4222.051282 4203.076923 4182.051282 4183.076923 4192.820513 4231.282051 4190.769231 4186.153846 4180.512821 4218.974359
4164.615385 4173.333333 4114.871795 4187.179487 4225.128205 4194.358974 4186.153846 4185.128205 4194.358974 4231.794872 4196.923077 4196.923077 4187.179487 4219.487179
4172.307692 4189.230769 4124.102564 4185.128205 4224.102564 4208.717949 4188.717949 4212.820513 4221.025641 4231.794872 4197.948718 4198.974359 4193.333333 4221.538462
4173.333333 4189.743590 4132.820513 4185.641026 4223.589744 4219.487179 4191.794872 4225.641026 4233.333333 4231.794872 4196.410256 4197.435897 4188.205128 4222.051282
4176.410256 4195.384615 4137.948718 4194.871795 4224.102564 4210.256410 4193.333333 4222.564103 4229.743590 4232.820513 4202.051282 4200.000000 4189.743590 4215.897436
4181.538462 4202.564103 4140.512821 4197.948718 4225.641026 4211.794872 4196.410256 4214.871795 4218.461538 4232.820513 4208.205128 4200.000000 4199.487179 4218.974359
4179.487179 4188.205128 4137.948718 4189.230769 4226.153846 4216.410256 4195.384615 4202.564103 4212.820513 4231.282051 4202.051282 4192.820513 4198.461538 4221.025641
4174.871795 4175.384615 4134.871795 4181.538462 4223.589744 4214.358974 4184.102564 4194.871795 4224.102564 4231.282051 4195.384615 4189.230769 4193.333333 4214.871795
4180.512821 4188.205128 4143.589744 4191.282051 4226.666667 4213.846154 4180.512821 4194.358974 4217.435897 4232.307692 4199.487179 4198.974359 4197.948718 4220.000000
4193.333333 4206.153846 4157.435897 4202.564103 4228.717949 4204.615385 4190.769231 4209.743590 4187.179487 4231.282051 4210.769231 4203.589744 4201.025641 4224.102564
4195.384615 4212.307692 4161.025641 4205.641026 4224.102564 4185.128205 4196.410256 4224.102564 4180.000000 4232.307692 4225.128205 4202.564103 4207.179487 4221.025641
4191.794872 4212.820513 4161.538462 4206.153846 4224.615385 4182.564103 4191.794872 4212.820513 4190.256410 4234.358974 4230.256410 4206.153846 4216.410256 4222.564103
4195.384615 4212.820513 4163.076923 4205.641026 4225.128205 4189.230769 4184.615385 4204.102564 4176.410256 4232.820513 4216.923077 4201.025641 4205.128205 4224.615385
4194.871795 4202.051282 4157.948718 4203.076923 4225.128205 4185.128205 4185.641026 4216.923077 4161.025641 4231.282051 4207.179487 4197.435897 4194.358974 4226.666667
4188.205128 4193.846154 4154.871795 4198.461538 4224.102564 4190.256410 4188.717949 4224.615385 4177.948718 4231.282051 4223.076923 4204.102564 4209.230769 4224.615385
4188.717949 4194.871795 4157.435897 4200.000000 4222.051282 4195.897436 4188.205128 4215.897436 4191.794872 4231.794872 4235.384615 4206.153846 4217.948718 4220.512821
4188.205128 4190.769231 4152.307692 4201.025641 4225.641026 4189.230769 4188.205128 4210.256410 4183.076923 4231.282051 4225.641026 4201.538462 4206.153846 4220.512821
4178.974359 4184.615385 4143.076923 4192.307692 4226.153846 4184.102564 4184.615385 4212.820513 4176.410256 4230.769231 4211.794872 4195.384615 4197.435897 4220.512821
4173.846154 4182.564103 4145.128205 4190.256410 4226.666667 4181.025641 4182.051282 4212.307692 4176.923077 4231.794872 4209.743590 4194.871795 4200.512821 4225.641026
4188.205128 4192.820513 4160.000000 4201.538462 4225.128205 4175.897436 4183.589744 4214.871795 4182.051282 4232.820513 4222.564103 4198.974359 4203.076923 4228.205128
4201.025641 4203.589744 4164.615385 4203.589744 4222.564103 4175.384615 4182.564103 4220.512821 4184.615385 4232.307692 4226.666667 4201.538462 4201.025641 4225.641026
4194.358974 4192.820513 4156.410256 4194.358974 4226.666667 4181.025641 4183.589744 4220.000000 4180.000000 4231.282051 4216.923077 4202.564103 4202.564103 4223.589744
4187.179487 4183.589744 4152.307692 4192.820513 4226.153846 4183.589744 4182.564103 4223.076923 4193.846154 4231.794872 4213.333333 4195.897436 4204.102564 4218.974359
4186.666667 4192.307692 4152.307692 4198.974359 4225.641026 4183.076923 4173.846154 4220.000000 4211.794872 4232.307692 4210.256410 4193.333333 4198.974359 4219.487179
4186.666667 4200.512821 4151.282051 4187.179487 4226.666667 4189.230769 4170.769231 4215.897436 4214.358974 4232.307692 4204.102564 4197.435897 4192.820513 4220.000000
4178.461538 4187.692308 4144.615385 4150.256410 4223.589744 4193.333333 4175.384615 4217.948718 4216.410256 4231.794872 4193.846154 4190.769231 4186.666667 4219.487179
4179.487179 4183.589744 4145.128205 4136.923077 4224.102564 4189.743590 4176.410256 4216.923077 4217.948718 4231.794872 4189.230769 4189.230769 4185.641026 4223.589744
4193.846154 4202.051282 4158.461538 4152.307692 4223.076923 4192.307692 4172.307692 4210.769231 4216.410256 4231.794872 4204.102564 4195.384615 4195.897436 4224.102564
4188.205128 4192.307692 4154.358974 4149.230769 4224.615385 4193.333333 4169.743590 4196.923077 4203.076923 4232.820513 4202.564103 4194.358974 4201.025641 4223.076923
4164.615385 4165.641026 4133.846154 4131.794872 4226.153846 4182.564103 4168.717949 4185.641026 4196.923077 4232.307692 4175.384615 4184.615385 4186.666667 4221.538462
4151.282051 4157.948718 4128.205128 4126.666667 4225.128205 4174.358974 4164.615385 4185.641026 4209.743590 4230.769231 4163.076923 4178.461538 4171.282051 4220.512821
4149.230769 4144.615385 4128.717949 4117.948718 4228.205128 4176.923077 4161.025641 4180.000000 4206.666667 4231.794872 4160.000000 4180.000000 4163.589744 4218.461538
4142.051282 4123.589744 4117.435897 4099.487179 4226.666667 4180.000000 4162.051282 4162.051282 4173.846154 4232.820513 4148.717949 4172.307692 4155.897436 4213.846154
4131.282051 4118.461538 4109.743590 4091.794872 4224.102564 4170.769231 4165.128205 4146.153846 4143.589744 4231.282051 4137.948718 4165.128205 4149.743590 4216.923077
4138.461538 4127.692308 4121.538462 4103.076923 4226.153846 4166.666667 4174.358974 4149.230769 4145.128205 4231.282051 4135.897436 4173.846154 4149.743590 4219.487179
4148.205128 4132.820513 4133.846154 4116.923077 4223.589744 4176.923077 4182.564103 4156.923077 4157.948718 4231.794872 4142.051282 4181.025641 4157.948718 4219.487179
4137.948718 4126.666667 4131.794872 4115.897436 4223.589744 4174.358974 4184.615385 4148.205128 4153.333333 4231.794872 4145.641026 4181.025641 4165.641026 4221.538462
4132.307692 4122.564103 4129.230769 4102.564103 4226.153846 4173.333333 4184.615385 4151.282051 4141.538462 4232.307692 4152.307692 4178.974359 4170.256410 4218.461538
4148.205128 4127.692308 4137.948718 4102.564103 4226.666667 4184.102564 4185.128205 4168.717949 4161.025641 4232.307692 4168.205128 4183.589744 4179.487179 4221.025641
4160.000000 4150.769231 4151.282051 4124.102564 4225.641026 4187.692308 4189.743590 4168.205128 4203.589744 4231.282051 4179.487179 4190.769231 4190.256410 4227.179487
4167.692308 4176.410256 4163.589744 4136.923077 4220.000000 4203.076923 4201.025641 4178.974359 4216.410256 4231.282051 4186.153846 4189.743590 4192.820513 4224.615385
4173.333333 4169.743590 4164.102564 4129.230769 4222.051282 4234.358974 4205.641026 4194.871795 4196.410256 4233.333333 4194.871795 4190.256410 4196.923077 4222.564103
4175.384615 4163.076923 4163.589744 4129.743590 4225.128205 4243.589744 4200.512821 4194.871795 4204.102564 4232.820513 4210.256410 4193.846154 4212.307692 4225.128205
4178.461538 4174.871795 4173.846154 4140.512821 4220.512821 4228.205128 4198.974359 4204.615385 4232.307692 4231.794872 4217.948718 4195.384615 4215.897436 4226.666667
4174.358974 4173.333333 4172.820513 4134.358974 4223.076923 4224.102564 4193.333333 4204.102564 4220.000000 4232.820513 4204.102564 4191.794872 4197.435897 4222.564103
4168.205128 4163.076923 4162.564103 4127.179487 4225.128205 4236.410256 4183.076923 4182.051282 4201.025641 4233.333333 4197.435897 4188.717949 4188.205128 4216.410256
4166.666667 4156.410256 4164.102564 4142.051282 4224.615385 4231.282051 4184.102564 4181.025641 4207.692308 4232.307692 4206.153846 4192.307692 4196.410256 4220.000000
4169.230769 4157.435897 4168.717949 4151.282051 4223.589744 4221.538462 4189.743590 4207.692308 4216.923077 4230.769231 4210.256410 4192.307692 4199.487179 4223.589744
4181.025641 4178.461538 4172.820513 4157.435897 4223.589744 4237.435897 4187.179487 4217.435897 4224.615385 4232.307692 4221.025641 4196.923077 4207.179487 4223.076923
4193.333333 4195.384615 4181.025641 4166.153846 4226.666667 4252.307692 4178.461538 4210.769231 4234.358974 4233.333333 4234.358974 4203.589744 4217.948718 4226.153846
4200.000000 4203.589744 4187.692308 4165.641026 4224.615385 4244.615385 4175.897436 4233.846154 4250.769231 4231.794872 4233.846154 4200.512821 4213.846154 4227.692308
4212.307692 4230.256410 4200.512821 4182.051282 4222.564103 4236.923077 4177.435897 4264.102564 4270.769231 4230.256410 4243.589744 4210.769231 4225.128205 4230.769231
4222.051282 4240.000000 4216.410256 4206.153846 4224.102564 4246.153846 4166.153846 4267.179487 4286.153846 4232.307692 4273.846154 4223.589744 4252.307692 4232.820513
4209.743590 4204.102564 4212.307692 4198.461538 4224.102564 4260.512821 4150.256410 4260.000000 4284.615385 4233.333333 4279.487179 4213.846154 4242.051282 4231.282051
4200.512821 4184.102564 4206.666667 4184.102564 4226.153846 4280.000000 4154.358974 4274.358974 4280.000000 4231.794872 4255.897436 4205.641026 4209.230769 4230.769231
4219.487179 4213.846154 4226.666667 4201.025641 4225.128205 4293.333333 4166.153846 4301.025641 4295.384615 4231.794872 4262.564103 4213.846154 4212.820513 4229.743590
4237.948718 4238.974359 4245.128205 4223.076923 4225.128205 4284.102564 4168.205128 4309.743590 4308.717949 4232.820513 4286.153846 4224.615385 4235.384615 4233.846154
4249.743590 4252.307692 4251.794872 4230.769231 4225.641026 4283.589744 4170.769231 4320.000000 4309.230769 4231.282051 4295.897436 4229.230769 4242.051282 4237.435897
4260.512821 4269.230769 4254.358974 4233.333333 4222.051282 4293.333333 4169.743590 4331.794872 4305.641026 4231.794872 4302.564103 4226.666667 4244.102564 4235.384615
4258.461538 4270.769231 4249.743590 4225.641026 4224.615385 4290.769231 4155.384615 4328.205128 4301.538462 4233.333333 4303.589744 4225.128205 4245.641026 4234.358974
4261.025641 4278.461538 4254.358974 4220.000000 4224.102564 4303.589744 4138.461538 4334.871795 4317.435897 4231.794872 4309.743590 4227.692308 4246.666667 4233.333333
4281.538462 4304.615385 4278.974359 4220.000000 4222.051282 4339.487179 4134.871795 4351.282051 4338.974359 4231.794872 4328.205128 4238.461538 4256.410256 4238.461538
4303.589744 4328.205128 4304.102564 4212.820513 4225.128205 4371.794872 4142.564103 4364.102564 4337.435897 4232.820513 4349.230769 4253.333333 4267.692308 4241.538462
4313.333333 4344.102564 4315.897436 4193.333333 4225.128205 4392.820513 4136.923077 4376.923077 4337.948718 4232.820513 4360.000000 4259.487179 4272.307692 4240.512821
4320.512821 4361.538462 4328.205128 4163.076923 4226.153846 4403.589744 4123.076923 4391.282051 4370.256410 4232.820513 4366.153846 4262.564103 4278.974359 4247.179487
4334.871795 4383.076923 4341.025641 4135.384615 4224.102564 4399.487179 4122.051282 4406.153846 4397.435897 4232.307692 4378.974359 4264.102564 4286.666667 4247.692308
4337.435897 4389.743590 4335.384615 4126.666667 4222.564103 4388.205128 4118.461538 4408.717949 4386.153846 4232.307692 4377.948718 4266.153846 4281.538462 4241.025641
4327.692308 4385.641026 4322.564103 4128.205128 4225.641026 4387.692308 4104.615385 4398.974359 4387.692308 4232.307692 4358.974359 4262.564103 4269.230769 4235.384615
4322.564103 4386.153846 4312.820513 4117.948718 4224.102564 4385.641026 4096.410256 4390.256410 4393.846154 4231.282051 4341.025641 4247.692308 4254.358974 4234.358974
4312.307692 4372.820513 4298.461538 4103.076923 4224.102564 4367.179487 4086.153846 4367.692308 4339.487179 4231.282051 4327.692308 4242.564103 4241.538462 4236.410256
4305.641026 4364.615385 4293.333333 4107.179487 4224.615385 4353.333333 4073.333333 4351.282051 4297.948718 4232.820513 4331.282051 4246.153846 4245.128205 4234.358974
4309.743590 4375.384615 4301.538462 4120.512821 4224.102564 4352.820513 4071.794872 4359.487179 4338.461538 4232.820513 4337.435897 4245.641026 4245.641026 4236.410256
4312.307692 4375.384615 4300.000000 4113.846154 4228.205128 4347.692308 4073.846154 4363.076923 4370.769231 4231.794872 4327.179487 4245.641026 4235.897436 4238.461538
4310.769231 4373.333333 4293.846154 4100.000000 4225.128205 4334.871795 4069.743590 4352.307692 4350.769231 4231.282051 4327.692308 4248.205128 4238.461538 4235.897436
4306.666667 4373.333333 4294.871795 4100.000000 4223.589744 4323.589744 4065.641026 4347.179487 4338.461538 4232.307692 4332.820513 4249.230769 4244.615385 4238.974359
4305.641026 4368.205128 4297.948718 4092.307692 4226.666667 4321.538462 4068.717949 4357.948718 4350.769231 4233.333333 4330.769231 4248.717949 4247.179487 4240.512821
4313.333333 4370.256410 4298.974359 4083.076923 4227.179487 4324.615385 4080.512821 4367.179487 4357.435897 4232.307692 4328.205128 4249.743590 4249.743590 4238.974359
4315.897436 4370.256410 4295.897436 4093.846154 4226.666667 4322.051282 4091.282051 4359.487179 4350.256410 4231.794872 4319.487179 4251.282051 4241.025641 4237.948718
4315.897436 4365.128205 4297.948718 4105.128205 4224.102564 4320.512821 4097.435897 4356.923077 4348.717949 4232.820513 4317.948718 4250.769231 4234.871795 4237.435897
4323.076923 4369.230769 4307.692308 4110.769231 4226.666667 4322.051282 4102.564103 4364.615385 4357.948718 4232.307692 4329.743590 4255.897436 4251.282051 4242.564103
4324.615385 4371.794872 4305.128205 4111.794872 4228.205128 4317.948718 4103.076923 4360.512821 4370.256410 4229.743590 4328.205128 4254.358974 4256.410256 4239.487179
4305.128205 4351.794872 4284.615385 4104.615385 4224.102564 4305.641026 4092.820513 4337.948718 4361.538462 4230.769231 4307.179487 4243.589744 4236.410256 4231.282051
4294.358974 4342.051282 4281.025641 4105.641026 4227.692308 4298.974359 4090.769231 4329.743590 4339.487179 4233.846154 4307.692308 4247.179487 4237.948718 4232.820513
4305.641026 4352.307692 4292.307692 4108.717949 4227.692308 4309.230769 4098.974359 4346.666667 4341.538462 4232.307692 4325.128205 4251.794872 4251.794872 4235.897436
4306.153846 4341.025641 4288.717949 4104.615385 4226.153846 4314.358974 4103.589744 4348.205128 4354.358974 4229.230769 4320.000000 4247.179487 4245.128205 4236.923077
4304.615385 4334.871795 4291.794872 4125.641026 4226.666667 4307.179487 4105.641026 4353.333333 4367.692308 4231.282051 4320.000000 4249.743590 4243.589744 4236.923077
4315.897436 4353.846154 4306.153846 4161.538462 4225.128205 4304.615385 4109.230769 4376.923077 4382.564103 4233.333333 4328.717949 4254.871795 4252.820513 4236.923077
4312.307692 4349.230769 4300.000000 4163.589744 4227.179487 4306.153846 4106.153846 4361.025641 4364.615385 4231.794872 4308.205128 4248.205128 4243.589744 4236.410256
4300.512821 4329.743590 4290.769231 4151.282051 4226.153846 4310.256410 4101.538462 4329.743590 4340.512821 4230.769231 4297.435897 4241.538462 4238.974359 4232.820513
4296.410256 4322.564103 4293.846154 4154.358974 4225.641026 4307.692308 4104.102564 4340.000000 4348.205128 4231.282051 4312.307692 4248.205128 4251.282051 4234.358974
4295.897436 4327.179487 4290.256410 4156.410256 4228.717949 4300.000000 4108.205128 4348.205128 4358.461538 4232.307692 4309.230769 4251.282051 4246.153846 4234.358974
4297.435897 4333.846154 4287.179487 4155.384615 4226.153846 4305.128205 4107.179487 4317.435897 4362.564103 4231.282051 4296.410256 4244.615385 4234.358974 4231.282051
4302.051282 4333.333333 4294.358974 4164.615385 4227.179487 4318.974359 4109.230769 4282.051282 4376.410256 4230.769231 4303.589744 4246.153846 4244.615385 4234.358974
4305.641026 4332.820513 4297.948718 4166.153846 4228.205128 4322.564103 4112.820513 4276.410256 4381.538462 4231.794872 4315.897436 4248.717949 4252.820513 4234.871795
4303.589744 4327.179487 4292.307692 4155.897436 4227.692308 4317.948718 4113.846154 4281.538462 4373.846154 4231.794872 4310.256410 4246.666667 4246.153846 4234.871795
4297.948718 4316.410256 4290.256410 4152.307692 4227.692308 4319.487179 4115.897436 4285.641026 4377.948718 4230.256410 4301.538462 4244.615385 4246.666667 4235.384615
4292.307692 4311.794872 4288.205128 4152.820513 4225.128205 4317.948718 4113.333333 4281.538462 4371.282051 4231.282051 4298.461538 4239.487179 4248.717949 4234.871795
4288.205128 4314.358974 4284.615385 4150.769231 4227.179487 4308.205128 4105.128205 4272.307692 4355.897436 4232.307692 4291.794872 4240.000000 4243.076923 4236.410256
4292.307692 4322.564103 4293.333333 4154.358974 4227.179487 4318.461538 4108.717949 4292.307692 4381.025641 4231.794872 4298.974359 4243.076923 4248.717949 4236.923077
4291.282051 4320.512821 4298.461538 4160.512821 4225.641026 4333.846154 4116.923077 4322.051282 4411.794872 4232.307692 4310.256410 4244.102564 4255.897436 4238.461538
4282.564103 4311.282051 4292.820513 4155.897436 4227.179487 4328.205128 4111.794872 4327.179487 4407.179487 4232.307692 4302.564103 4242.051282 4246.153846 4237.948718
4282.564103 4312.307692 4291.794872 4154.871795 4226.666667 4321.025641 4103.589744 4309.743590 4392.820513 4231.282051 4292.307692 4238.974359 4240.512821 4234.358974
4282.051282 4308.717949 4291.282051 4157.435897 4228.205128 4324.102564 4106.153846 4270.256410 4368.717949 4231.794872 4289.743590 4238.974359 4243.076923 4237.435897
4273.333333 4296.410256 4285.128205 4145.641026 4226.666667 4323.589744 4105.128205 4244.615385 4344.615385 4231.794872 4288.717949 4234.871795 4236.923077 4235.897436
4274.358974 4297.948718 4288.205128 4140.512821 4224.102564 4316.410256 4094.871795 4261.538462 4346.666667 4230.769231 4285.641026 4234.358974 4233.846154 4233.333333
4291.282051 4309.743590 4303.589744 4153.333333 4228.717949 4317.948718 4090.769231 4282.564103 4366.666667 4231.794872 4284.102564 4245.128205 4242.564103 4238.461538
4304.615385 4324.102564 4317.948718 4165.128205 4227.692308 4327.179487 4098.461538 4280.512821 4383.076923 4233.333333 4300.512821 4250.769231 4252.820513 4240.512821
4298.974359 4327.692308 4321.538462 4169.230769 4226.666667 4323.589744 4104.615385 4286.666667 4384.615385 4233.846154 4321.538462 4249.743590 4257.435897 4243.589744
4293.846154 4322.564103 4316.410256 4167.179487 4227.179487 4317.435897 4093.846154 4305.128205 4385.641026 4232.820513 4320.000000 4247.692308 4257.948718 4243.589744
4293.333333 4313.333333 4304.615385 4156.923077 4226.153846 4321.538462 4088.717949 4301.538462 4375.897436 4231.794872 4301.538462 4244.615385 4246.153846 4237.435897
4290.256410 4307.179487 4301.025641 4152.307692 4227.179487 4323.076923 4106.666667 4297.435897 4352.820513 4230.769231 4294.871795 4247.692308 4235.897436 4239.487179
4289.230769 4314.358974 4308.205128 4155.897436 4225.641026 4312.820513 4113.846154 4315.384615 4366.666667 4231.794872 4298.974359 4247.692308 4241.538462 4243.589744
4282.051282 4312.820513 4300.512821 4155.897436 4226.666667 4309.743590 4096.410256 4302.564103 4391.282051 4232.307692 4289.743590 4244.102564 4241.538462 4241.025641
4275.384615 4306.666667 4287.179487 4153.846154 4229.743590 4320.512821 4088.205128 4274.358974 4386.153846 4231.794872 4281.025641 4244.102564 4235.384615 4235.384615
4273.846154 4303.589744 4289.743590 4151.282051 4227.179487 4318.461538 4093.333333 4284.102564 4383.589744 4231.282051 4284.102564 4244.102564 4239.487179 4236.410256
4268.717949 4290.256410 4290.256410 4147.179487 4227.692308 4302.051282 4093.333333 4291.794872 4391.794872 4232.307692 4286.153846 4244.615385 4246.153846 4240.000000
4264.615385 4286.153846 4287.179487 4148.205128 4228.205128 4303.589744 4094.871795 4283.589744 4389.743590 4233.333333 4287.692308 4243.589744 4238.461538 4239.487179
4265.641026 4297.948718 4288.205128 4152.820513 4229.230769 4307.692308 4099.487179 4278.974359 4373.846154 4231.794872 4279.487179 4242.564103 4226.666667 4242.051282
4265.641026 4301.025641 4288.205128 4151.282051 4229.743590 4302.564103 4101.538462 4278.974359 4363.589744 4231.794872 4271.794872 4240.000000 4227.179487 4243.076923
4272.820513 4307.179487 4294.871795 4158.461538 4226.153846 4315.384615 4109.743590 4297.948718 4380.512821 4232.820513 4291.794872 4244.615385 4239.487179 4245.641026
4285.128205 4322.564103 4310.256410 4171.282051 4228.205128 4336.923077 4122.564103 4316.410256 4404.615385 4230.769231 4314.871795 4256.410256 4248.717949 4248.205128
4287.692308 4324.102564 4311.282051 4170.256410 4228.205128 4340.512821 4126.153846 4310.256410 4409.230769 4230.256410 4311.282051 4254.358974 4242.564103 4241.538462
4286.153846 4312.820513 4304.102564 4168.205128 4226.666667 4331.282051 4117.948718 4295.384615 4395.897436 4233.333333 4300.000000 4249.743590 4237.435897 4241.025641
4294.358974 4317.948718 4310.256410 4176.410256 4227.692308 4326.666667 4114.358974 4294.358974 4383.076923 4233.846154 4308.205128 4254.871795 4244.102564 4246.666667
4292.820513 4318.974359 4311.282051 4172.307692 4226.153846 4326.153846 4119.487179 4300.000000 4374.871795 4230.769231 4310.256410 4253.333333 4243.076923 4247.179487
4278.461538 4295.897436 4296.410256 4161.538462 4229.230769 4323.589744 4122.564103 4294.871795 4360.000000 4231.282051 4287.179487 4247.179487 4231.282051 4246.153846
4284.615385 4301.025641 4295.897436 4169.743590 4228.717949 4325.128205 4121.025641 4291.282051 4351.794872 4232.307692 4285.641026 4246.666667 4232.820513 4245.641026
4294.358974 4310.256410 4300.512821 4168.205128 4226.153846 4318.974359 4117.435897 4287.692308 4356.410256 4232.307692 4291.794872 4247.179487 4235.897436 4247.692308
4275.384615 4269.230769 4283.589744 4136.923077 4227.179487 4302.564103 4109.743590 4275.897436 4348.205128 4231.794872 4269.743590 4240.000000 4221.538462 4244.615385
4243.589744 4223.589744 4254.871795 4109.743590 4227.179487 4283.589744 4098.974359 4246.666667 4306.666667 4231.794872 4241.538462 4224.615385 4200.512821 4234.871795
4232.307692 4228.205128 4248.205128 4116.410256 4229.743590 4268.717949 4099.487179 4234.871795 4282.051282 4232.820513 4234.358974 4224.615385 4194.358974 4237.435897
4245.128205 4254.358974 4265.641026 4133.333333 4229.230769 4275.384615 4115.384615 4294.871795 4324.615385 4232.307692 4248.717949 4235.384615 4208.717949 4241.538462
4242.564103 4241.538462 4261.538462 4126.153846 4226.153846 4284.102564 4122.051282 4314.871795 4340.000000 4231.282051 4251.794872 4231.282051 4213.333333 4237.435897
4230.256410 4226.666667 4245.641026 4116.923077 4228.205128 4280.512821 4118.461538 4243.589744 4296.410256 4231.794872 4236.410256 4221.538462 4203.076923 4235.897436
4241.538462 4245.128205 4252.307692 4123.589744 4226.666667 4281.025641 4118.974359 4216.410256 4285.128205 4231.282051 4236.410256 4222.564103 4204.102564 4240.000000
4247.692308 4242.564103 4259.487179 4126.666667 4227.692308 4281.538462 4120.512821 4240.000000 4303.589744 4230.256410 4244.615385 4229.230769 4209.743590 4241.025641
4240.512821 4224.615385 4252.820513 4117.948718 4228.717949 4281.538462 4121.025641 4236.923077 4312.307692 4231.282051 4248.717949 4229.230769 4210.256410 4234.358974
4248.205128 4235.897436 4255.897436 4118.461538 4226.666667 4279.487179 4125.641026 4230.769231 4313.333333 4233.333333 4256.923077 4230.769231 4214.358974 4233.846154
4259.487179 4253.846154 4264.615385 4131.282051 4228.205128 4274.871795 4127.179487 4245.641026 4312.820513 4232.820513 4262.564103 4240.000000 4224.615385 4237.948718
4253.333333 4252.307692 4260.000000 4132.307692 4227.179487 4274.358974 4120.512821 4252.820513 4323.076923 4231.282051 4262.051282 4240.512821 4228.717949 4235.897436
4243.076923 4240.512821 4252.820513 4124.102564 4226.666667 4276.410256 4118.974359 4255.897436 4337.435897 4230.769231 4265.641026 4236.923077 4227.179487 4236.410256
4238.461538 4229.230769 4250.769231 4114.871795 4226.153846 4274.358974 4126.153846 4261.538462 4340.000000 4231.282051 4263.589744 4231.282051 4220.512821 4235.384615
4243.076923 4234.871795 4255.384615 4116.410256 4225.641026 4271.794872 4133.846154 4264.615385 4343.589744 4232.307692 4254.871795 4229.230769 4213.846154 4233.846154
4256.923077 4265.641026 4268.205128 4135.897436 4229.743590 4276.923077 4138.461538 4272.820513 4348.717949 4233.333333 4262.564103 4239.487179 4221.538462 4235.897436
4257.435897 4274.358974 4269.230769 4139.487179 4227.179487 4280.512821 4135.897436 4274.871795 4343.589744 4232.307692 4270.256410 4237.948718 4223.589744 4233.846154
4240.512821 4248.205128 4254.871795 4121.025641 4226.666667 4272.307692 4134.358974 4264.102564 4333.333333 4230.769231 4253.333333 4226.153846 4213.333333 4232.307692
4238.974359 4242.564103 4254.358974 4114.358974 4228.717949 4274.871795 4140.512821 4259.487179 4327.692308 4232.307692 4251.794872 4229.743590 4215.384615 4232.820513
4255.384615 4260.512821 4267.179487 4123.589744 4226.666667 4292.307692 4143.589744 4266.666667 4324.615385 4233.846154 4273.333333 4239.487179 4226.153846 4232.307692
4260.512821 4262.051282 4265.641026 4126.153846 4228.717949 4291.282051 4154.871795 4269.743590 4328.205128 4231.794872 4270.769231 4240.512821 4221.025641 4235.384615
4257.435897 4261.025641 4258.461538 4120.000000 4227.179487 4273.846154 4176.410256 4268.205128 4331.282051 4230.256410 4262.564103 4236.923077 4210.769231 4235.897436
4258.974359 4266.153846 4263.076923 4118.461538 4226.153846 4274.871795 4187.692308 4271.794872 4329.743590 4232.820513 4274.358974 4242.564103 4221.025641 4234.871795
4266.666667 4281.025641 4275.384615 4128.717949 4227.692308 4292.307692 4192.307692 4281.025641 4336.923077 4232.820513 4285.641026 4249.230769 4234.358974 4235.897436
4275.897436 4298.974359 4283.589744 4140.512821 4226.666667 4289.230769 4199.487179 4287.692308 4344.102564 4231.282051 4286.153846 4247.179487 4233.846154 4237.435897
4268.717949 4280.512821 4278.461538 4129.743590 4231.282051 4271.794872 4196.923077 4272.820513 4330.769231 4231.282051 4275.897436 4242.564103 4224.615385 4236.410256
4258.974359 4262.051282 4269.743590 4120.000000 4232.820513 4271.794872 4189.743590 4256.923077 4313.333333 4231.794872 4266.153846 4235.897436 4218.461538 4231.794872
4263.589744 4278.974359 4273.333333 4133.333333 4226.666667 4265.641026 4195.384615 4255.897436 4309.743590 4231.794872 4265.128205 4238.974359 4218.974359 4233.846154
4278.461538 4292.820513 4287.179487 4144.615385 4226.153846 4249.230769 4208.205128 4266.666667 4320.512821 4231.282051 4271.794872 4249.743590 4226.666667 4238.974359
4284.102564 4286.153846 4289.230769 4141.025641 4227.179487 4252.820513 4214.358974 4273.333333 4325.641026 4230.256410 4280.000000 4246.666667 4237.948718 4236.410256
4275.384615 4282.051282 4281.538462 4140.512821 4226.666667 4260.512821 4216.410256 4260.512821 4314.358974 4230.256410 4282.564103 4243.076923 4244.102564 4237.435897
4273.333333 4290.769231 4286.666667 4148.205128 4225.128205 4257.948718 4222.051282 4262.051282 4326.666667 4231.282051 4282.051282 4246.153846 4244.615385 4235.897436
4277.435897 4293.333333 4293.333333 4153.846154 4225.641026 4261.538462 4231.282051 4277.948718 4354.871795 4232.307692 4278.974359 4246.666667 4243.076923 4234.358974
4276.410256 4282.564103 4290.256410 4152.820513 4227.692308 4267.179487 4235.897436 4272.820513 4338.974359 4232.307692 4278.974359 4247.692308 4245.128205 4235.384615
4273.846154 4277.948718 4287.692308 4149.743590 4225.641026 4262.564103 4239.487179 4274.358974 4306.153846 4231.282051 4285.641026 4247.692308 4250.256410 4233.333333
4271.794872 4278.974359 4286.153846 4151.282051 4227.692308 4258.461538 4249.743590 4299.487179 4310.256410 4230.769231 4285.128205 4246.153846 4250.256410 4232.307692
4273.846154 4276.410256 4284.615385 4154.358974 4228.205128 4264.615385 4253.846154 4303.076923 4327.692308 4231.282051 4277.948718 4243.076923 4242.564103 4230.769231
4271.794872 4269.743590 4282.564103 4150.256410 4224.615385 4257.948718 4243.076923 4260.000000 4308.205128 4230.769231 4269.230769 4241.538462 4238.461538 4233.846154
4263.076923 4263.076923 4280.512821 4142.564103 4226.153846 4250.256410 4246.666667 4230.769231 4282.564103 4229.743590 4268.717949 4242.564103 4245.641026 4235.897436
4257.435897 4261.538462 4278.461538 4137.948718 4226.153846 4260.512821 4270.769231 4247.692308 4290.769231 4230.256410 4276.923077 4240.000000 4249.230769 4229.743590
4261.538462 4264.102564 4277.948718 4139.487179 4229.230769 4261.025641 4273.333333 4269.743590 4309.743590 4230.769231 4283.076923 4243.589744 4248.717949 4230.256410
4269.743590 4268.205128 4283.076923 4146.666667 4229.743590 4254.358974 4254.871795 4285.128205 4329.743590 4231.282051 4292.820513 4249.230769 4252.820513 4230.256410
4271.282051 4264.102564 4283.589744 4150.769231 4225.641026 4262.564103 4256.923077 4292.307692 4343.589744 4231.794872 4289.743590 4246.153846 4248.717949 4227.179487
4269.743590 4265.128205 4282.051282 4152.820513 4227.692308 4267.179487 4280.000000 4277.435897 4324.102564 4232.307692 4272.820513 4243.589744 4243.589744 4229.743590
4278.461538 4286.153846 4289.743590 4159.487179 4228.717949 4263.076923 4290.256410 4268.205128 4310.256410 4231.794872 4280.000000 4247.692308 4250.256410 4232.820513
4282.564103 4286.153846 4290.769231 4161.025641 4229.230769 4259.487179 4281.025641 4280.512821 4321.538462 4231.794872 4290.256410 4249.230769 4248.717949 4234.358974
4277.948718 4272.820513 4285.128205 4156.923077 4229.743590 4256.410256 4283.589744 4282.564103 4330.256410 4231.794872 4280.512821 4244.102564 4246.666667 4232.307692
4284.615385 4289.230769 4294.871795 4170.256410 4225.641026 4259.487179 4305.641026 4282.564103 4338.461538 4231.794872 4284.615385 4250.256410 4261.538462 4232.307692
4295.897436 4311.794872 4309.743590 4188.205128 4227.692308 4267.179487 4314.358974 4306.153846 4351.794872 4232.307692 4304.615385 4263.076923 4273.333333 4236.923077
4292.307692 4303.076923 4303.589744 4176.410256 4226.666667 4264.102564 4295.897436 4313.333333 4355.384615 4231.794872 4305.128205 4257.948718 4265.641026 4234.358974
4282.564103 4285.128205 4290.256410 4162.564103 4225.641026 4252.820513 4294.871795 4269.743590 4339.487179 4231.282051 4288.205128 4252.307692 4257.948718 4230.256410
4290.256410 4300.512821 4297.948718 4178.461538 4226.153846 4248.717949 4313.333333 4242.051282 4336.410256 4229.743590 4288.717949 4260.512821 4263.589744 4232.820513
4298.974359 4321.025641 4310.256410 4188.205128 4224.102564 4244.102564 4308.205128 4281.538462 4349.743590 4230.256410 4299.487179 4260.512821 4270.256410 4236.410256
4292.820513 4310.256410 4304.615385 4175.384615 4227.692308 4238.974359 4296.923077 4314.358974 4342.051282 4232.820513 4298.974359 4258.974359 4270.769231 4235.897436
4290.256410 4297.435897 4298.974359 4165.641026 4229.743590 4246.666667 4297.948718 4294.358974 4336.923077 4232.307692 4297.435897 4259.487179 4267.179487 4232.307692
4289.743590 4302.051282 4305.641026 4166.666667 4228.717949 4251.282051 4309.230769 4293.333333 4351.794872 4230.769231 4290.769231 4253.846154 4259.487179 4233.846154
4288.205128 4310.769231 4312.820513 4168.717949 4229.230769 4250.256410 4325.128205 4315.897436 4349.230769 4231.794872 4284.102564 4251.282051 4260.512821 4234.358974
4277.948718 4294.871795 4307.179487 4162.051282 4226.666667 4246.666667 4309.230769 4282.564103 4315.384615 4232.307692 4278.974359 4246.666667 4260.000000 4231.282051
4261.538462 4269.743590 4301.025641 4149.230769 4227.692308 4236.923077 4281.025641 4240.512821 4292.820513 4232.307692 4266.666667 4242.564103 4246.666667 4233.846154
4267.692308 4291.282051 4314.358974 4153.846154 4228.205128 4249.230769 4290.256410 4238.974359 4294.871795 4232.820513 4269.743590 4245.128205 4245.641026 4231.794872
4281.025641 4318.974359 4326.666667 4176.410256 4225.128205 4273.333333 4302.564103 4238.461538 4291.794872 4232.307692 4287.179487 4247.179487 4258.461538 4232.307692
4283.076923 4311.794872 4333.846154 4192.820513 4226.153846 4280.000000 4300.512821 4271.794872 4295.897436 4231.282051 4293.846154 4249.230769 4264.102564 4236.923077
4290.256410 4315.384615 4349.230769 4201.025641 4228.205128 4281.538462 4310.769231 4306.666667 4307.692308 4231.794872 4291.794872 4254.871795 4263.589744 4234.358974
4297.948718 4323.589744 4355.897436 4206.666667 4230.769231 4283.076923 4307.179487 4253.846154 4296.923077 4232.820513 4286.153846 4256.923077 4258.974359 4234.358974
4297.435897 4313.333333 4348.205128 4198.974359 4226.666667 4280.512821 4286.153846 4227.179487 4298.461538 4231.794872 4285.641026 4249.743590 4252.307692 4235.897436
4302.564103 4320.512821 4350.769231 4200.000000 4225.128205 4275.384615 4287.179487 4281.538462 4327.179487 4230.256410 4290.769231 4254.358974 4256.923077 4237.435897
4315.897436 4351.794872 4366.666667 4225.128205 4231.282051 4263.589744 4295.384615 4287.692308 4328.717949 4230.256410 4295.384615 4265.641026 4272.307692 4237.948718
4308.717949 4337.948718 4354.358974 4219.487179 4229.230769 4245.128205 4274.871795 4234.358974 4292.820513 4229.230769 4278.461538 4249.743590 4261.538462 4233.333333
4291.794872 4293.846154 4332.820513 4189.230769 4228.205128 4242.051282 4269.743590 4218.974359 4270.256410 4229.230769 4256.923077 4240.512821 4241.538462 4232.820513
4307.179487 4311.794872 4353.333333 4205.128205 4227.692308 4261.538462 4309.230769 4265.128205 4299.487179 4231.794872 4278.974359 4257.435897 4257.948718 4236.923077
4323.076923 4347.692308 4372.307692 4233.333333 4228.717949 4258.974359 4326.153846 4269.230769 4309.230769 4232.820513 4296.410256 4258.461538 4275.384615 4238.974359
4311.282051 4331.794872 4354.358974 4223.076923 4232.307692 4239.487179 4312.820513 4226.666667 4278.461538 4231.282051 4271.282051 4246.666667 4260.512821 4236.410256
4297.435897 4300.000000 4335.897436 4206.666667 4228.205128 4241.025641 4327.692308 4236.410256 4271.794872 4231.794872 4257.435897 4243.589744 4243.589744 4232.820513
4290.256410 4285.641026 4337.435897 4207.179487 4226.666667 4252.307692 4351.794872 4252.307692 4282.051282 4231.794872 4265.128205 4246.666667 4248.205128 4235.897436
4291.794872 4295.897436 4348.205128 4212.307692 4228.717949 4260.512821 4347.692308 4220.512821 4272.307692 4230.769231 4270.769231 4248.205128 4258.461538 4235.897436
4290.769231 4291.282051 4344.102564 4211.282051 4228.717949 4253.846154 4328.717949 4192.820513 4249.743590 4232.307692 4257.435897 4242.051282 4249.743590 4231.282051
4272.307692 4254.871795 4324.615385 4201.538462 4230.769231 4229.743590 4313.846154 4197.435897 4243.076923 4233.846154 4229.230769 4234.358974 4230.256410 4231.794872
4273.333333 4263.076923 4327.179487 4197.948718 4228.205128 4238.974359 4317.435897 4220.512821 4252.307692 4231.794872 4243.076923 4237.435897 4241.538462 4233.846154
4292.307692 4294.358974 4340.512821 4190.256410 4226.153846 4283.076923 4333.846154 4227.692308 4248.717949 4230.256410 4278.461538 4246.666667 4268.205128 4234.358974
4283.076923 4261.538462 4326.666667 4162.051282 4228.205128 4277.948718 4338.974359 4206.666667 4237.435897 4231.282051 4258.974359 4238.461538 4252.820513 4230.256410
4276.410256 4237.435897 4326.153846 4173.333333 4229.230769 4232.307692 4348.205128 4215.897436 4251.794872 4232.820513 4236.923077 4235.897436 4240.512821 4231.282051
4310.256410 4284.102564 4356.923077 4242.564103 4232.307692 4231.282051 4377.948718 4255.384615 4275.897436 4232.820513 4272.307692 4258.461538 4276.410256 4237.948718
4341.025641 4325.128205 4375.897436 4287.179487 4231.282051 4263.589744 4400.512821 4269.743590 4292.307692 4232.307692 4311.282051 4272.820513 4305.128205 4242.051282
4345.641026 4327.692308 4382.564103 4296.923077 4229.743590 4282.564103 4418.974359 4283.589744 4316.410256 4233.333333 4325.128205 4276.923077 4307.179487 4247.179487
4341.538462 4323.076923 4385.128205 4311.794872 4230.769231 4270.769231 4435.897436 4300.000000 4322.564103 4232.820513 4324.102564 4275.897436 4310.769231 4245.641026
4329.743590 4307.179487 4373.846154 4315.897436 4225.641026 4237.435897 4441.025641 4285.641026 4307.179487 4231.794872 4309.230769 4263.589744 4310.256410 4238.974359
4321.025641 4301.538462 4366.666667 4320.512821 4227.692308 4220.000000 4450.256410 4266.666667 4305.128205 4232.307692 4298.974359 4261.538462 4304.615385 4242.564103
4315.384615 4302.051282 4368.205128 4332.820513 4229.230769 4212.307692 4457.435897 4275.384615 4308.205128 4232.307692 4303.589744 4264.102564 4302.564103 4241.025641
4294.871795 4261.538462 4349.743590 4324.102564 4226.153846 4185.128205 4450.256410 4281.025641 4292.307692 4231.794872 4295.384615 4254.871795 4291.794872 4234.358974
4284.102564 4230.256410 4338.461538 4321.025641 4227.692308 4176.923077 4442.564103 4274.358974 4285.641026 4230.769231 4282.051282 4253.333333 4280.512821 4240.512821
4295.384615 4250.769231 4349.230769 4345.128205 4227.692308 4191.282051 4441.538462 4270.256410 4297.435897 4230.256410 4284.615385 4258.461538 4282.051282 4248.717949
4298.974359 4256.410256 4348.717949 4354.871795 4228.205128 4171.282051 4443.589744 4262.051282 4282.564103 4230.769231 4289.743590 4261.025641 4288.717949 4246.666667
4305.641026 4248.717949 4352.307692 4353.846154 4230.256410 4166.153846 4451.282051 4275.384615 4267.692308 4232.307692 4305.641026 4265.128205 4304.102564 4240.512821
4344.615385 4289.230769 4388.205128 4383.076923 4230.769231 4223.076923 4471.282051 4319.487179 4308.205128 4232.820513 4341.025641 4282.051282 4334.358974 4249.743590
4379.487179 4331.282051 4417.435897 4415.384615 4228.205128 4270.769231 4494.358974 4356.923077 4363.589744 4232.307692 4372.820513 4301.538462 4358.974359 4258.974359
4363.076923 4310.769231 4397.948718 4407.179487 4225.128205 4262.051282 4498.461538 4347.692308 4358.974359 4230.256410 4366.153846 4289.743590 4349.230769 4250.769231
4338.461538 4285.128205 4379.487179 4394.871795 4228.717949 4243.076923 4495.897436 4340.000000 4346.153846 4230.256410 4346.666667 4279.487179 4337.435897 4250.256410
4338.974359 4292.307692 4385.128205 4403.076923 4229.743590 4228.717949 4492.820513 4372.820513 4377.948718 4231.794872 4345.128205 4284.102564 4338.461538 4255.897436
4325.641026 4281.538462 4368.717949 4400.000000 4228.717949 4207.692308 4481.538462 4364.615385 4373.333333 4231.794872 4328.717949 4277.435897 4323.076923 4252.820513
4358.461538 4316.923077 4396.410256 4424.615385 4229.743590 4275.384615 4516.410256 4367.692308 4396.410256 4233.846154 4364.102564 4300.000000 4354.871795 4258.974359
4477.435897 4455.384615 4508.205128 4511.282051 4226.153846 4416.410256 4599.487179 4496.923077 4524.615385 4234.871795 4497.948718 4360.512821 4454.871795 4278.974359
4542.051282 4536.410256 4567.692308 4566.153846 4229.230769 4459.487179 4625.641026 4591.794872 4590.769231 4232.820513 4571.794872 4388.717949 4505.641026 4288.205128
4508.717949 4501.025641 4534.871795 4544.102564 4231.282051 4417.435897 4586.666667 4535.897436 4549.743590 4231.282051 4533.333333 4367.692308 4477.948718 4278.974359
4493.333333 4483.589744 4524.102564 4534.871795 4228.205128 4407.179487 4578.461538 4498.461538 4542.564103 4231.794872 4517.435897 4357.435897 4470.769231 4276.410256
4503.076923 4496.923077 4535.897436 4548.205128 4229.743590 4409.230769 4595.384615 4518.461538 4540.000000 4231.282051 4532.820513 4364.102564 4478.974359 4280.000000
4492.307692 4486.666667 4521.025641 4541.025641 4228.717949 4388.717949 4584.615385 4516.410256 4510.256410 4230.769231 4520.000000 4362.051282 4462.051282 4276.923077
4488.205128 4477.435897 4512.820513 4535.384615 4231.794872 4380.000000 4571.282051 4521.025641 4522.564103 4233.846154 4507.179487 4361.025641 4456.923077 4278.461538
4488.205128 4469.230769 4508.205128 4530.769231 4233.333333 4383.589744 4572.307692 4506.153846 4518.461538 4234.358974 4503.589744 4354.871795 4457.435897 4277.948718
4470.769231 4448.717949 4494.871795 4516.923077 4229.230769 4384.102564 4570.256410 4460.512821 4465.641026 4231.282051 4492.307692 4347.179487 4444.102564 4274.871795
4455.384615 4441.025641 4486.153846 4512.307692 4228.717949 4377.435897 4570.256410 4458.974359 4452.820513 4230.256410 4480.000000 4348.717949 4435.384615 4277.948718
4455.897436 4448.717949 4484.615385 4516.410256 4228.205128 4368.717949 4576.410256 4494.871795 4489.230769 4231.282051 4481.025641 4346.666667 4438.974359 4278.461538
4454.871795 4441.538462 4481.025641 4515.897436 4229.743590 4362.051282 4579.487179 4499.487179 4495.897436 4231.282051 4483.076923 4344.102564 4438.461538 4277.435897
4442.564103 4425.641026 4473.846154 4506.666667 4231.794872 4361.538462 4573.333333 4483.589744 4468.717949 4230.769231 4474.871795 4344.615385 4430.256410 4276.410256
