3736.923077 3862.564103 3666.153846 3735.384615 4196.410256 3861.538462 3637.435897 3797.948718 3921.025641 4232.307692 3709.743590 3760.000000 3525.641026 4036.410256
3740.512821 3852.820513 3668.717949 3722.051282 4200.000000 3878.974359 3642.051282 3811.282051 3962.051282 4232.307692 3685.128205 3763.076923 3538.461538 4034.871795
3749.743590 3875.897436 3681.538462 3745.128205 4201.025641 3872.307692 3650.769231 3835.384615 4004.615385 4231.282051 3694.358974 3769.743590 3590.769231 4035.384615
3758.974359 3893.846154 3688.717949 3760.512821 4201.025641 3860.000000 3661.025641 3847.179487 3996.410256 4232.820513 3725.641026 3778.974359 3624.102564 4040.512821
3773.846154 3899.487179 3697.435897 3751.282051 4200.000000 3893.846154 3669.743590 3858.974359 3974.358974 4233.333333 3741.538462 3783.589744 3659.487179 4041.025641
3781.538462 3908.205128 3704.615385 3758.461538 4200.000000 3918.461538 3669.230769 3865.128205 3971.282051 4231.282051 3746.153846 3785.128205 3690.256410 4042.564103
3788.717949 3933.333333 3713.846154 3776.923077 4198.461538 3903.076923 3670.769231 3884.102564 4013.333333 4231.794872 3760.512821 3789.743590 3714.871795 4044.102564
3801.538462 3948.205128 3726.153846 3758.974359 4195.897436 3915.897436 3682.564103 3907.692308 4083.589744 4233.333333 3773.846154 3794.358974 3725.641026 4045.128205
3811.282051 3947.179487 3730.769231 3727.692308 4197.948718 3955.384615 3691.794872 3914.871795 4112.307692 4232.307692 3782.051282 3797.435897 3716.410256 4047.179487
3824.102564 3971.282051 3738.974359 3721.538462 4198.461538 3958.974359 3691.282051 3916.923077 4048.717949 4230.769231 3794.358974 3798.974359 3758.461538 4048.205128
3839.487179 4011.282051 3757.948718 3706.666667 4202.564103 3948.205128 3699.487179 3926.153846 4009.230769 4232.820513 3810.256410 3810.769231 3853.846154 4054.358974
3850.256410 4020.512821 3770.256410 3653.333333 4202.051282 3965.641026 3713.846154 3944.615385 4082.564103 4232.820513 3837.948718 3816.410256 3908.717949 4056.923077
3863.076923 4022.051282 3775.384615 3602.564103 4196.410256 3977.948718 3722.564103 3968.717949 4173.333333 4229.743590 3846.153846 3813.333333 3899.487179 4052.307692
3876.410256 4041.538462 3782.564103 3579.487179 4199.487179 3978.461538 3729.230769 3978.974359 4163.076923 4230.256410 3832.307692 3821.538462 3881.538462 4053.846154
3881.538462 4054.358974 3793.333333 3567.179487 4199.487179 3978.974359 3733.846154 3974.358974 4101.538462 4232.820513 3856.410256 3829.743590 3944.102564 4055.897436
3883.076923 4052.307692 3803.076923 3553.846154 4199.487179 3970.769231 3746.153846 3980.512821 4115.897436 4232.820513 3890.769231 3830.769231 4086.666667 4055.897436
3896.923077 4059.487179 3811.794872 3537.948718 4205.128205 3972.307692 3754.358974 3994.871795 4155.897436 4230.769231 3877.948718 3831.282051 4167.179487 4054.871795
3917.435897 4083.589744 3824.615385 3531.794872 4202.564103 3974.358974 3754.358974 4015.897436 4145.641026 4231.794872 3875.384615 3835.897436 4146.666667 4056.923077
3914.358974 4083.076923 3828.205128 3524.102564 4200.512821 3970.256410 3761.538462 4029.230769 4131.794872 4232.820513 3895.897436 3837.948718 4131.794872 4060.512821
3912.307692 4078.461538 3830.769231 3517.948718 4200.000000 3983.589744 3771.794872 4035.897436 4154.358974 4231.282051 3896.410256 3832.820513 4151.282051 4055.897436
3939.487179 4104.102564 3852.820513 3540.512821 4201.025641 4000.000000 3788.205128 4068.205128 4189.230769 4230.769231 3904.615385 3838.974359 4162.564103 4058.974359
3967.179487 4130.769231 3876.923077 3567.692308 4204.102564 4012.307692 3804.615385 4090.256410 4188.717949 4231.794872 3937.435897 3853.333333 4171.794872 4065.128205
3974.358974 4136.410256 3882.051282 3575.897436 4200.000000 4008.205128 3795.897436 4058.974359 4175.897436 4232.307692 3957.948718 3855.897436 4183.076923 4063.076923
3970.256410 4131.794872 3875.897436 3579.487179 4202.051282 3943.589744 3788.205128 4030.256410 4186.666667 4232.307692 3945.128205 3853.846154 4180.512821 4062.564103
3984.102564 4147.692308 3888.717949 3595.897436 4204.615385 3882.564103 3808.717949 4068.205128 4201.025641 4232.820513 3949.743590 3861.025641 4180.512821 4065.128205
4005.641026 4166.666667 3911.282051 3615.384615 4200.512821 3896.410256 3818.974359 4107.692308 4191.282051 4231.282051 3986.666667 3872.820513 4193.333333 4068.717949
4007.179487 4167.692308 3916.923077 3627.692308 4203.076923 3924.102564 3817.948718 4093.846154 4207.692308 4231.794872 3992.820513 3876.923077 4196.410256 4071.282051
4008.205128 4178.974359 3917.948718 3639.487179 4204.102564 3912.307692 3830.769231 4094.358974 4258.461538 4232.307692 3980.000000 3873.846154 4182.564103 4068.717949
4020.000000 4196.410256 3928.205128 3649.230769 4203.076923 3900.000000 3831.282051 4104.102564 4241.538462 4231.282051 3995.384615 3878.461538 4185.641026 4069.230769
4025.128205 4195.384615 3934.871795 3649.230769 4203.076923 3915.384615 3822.564103 4084.615385 4208.205128 4231.282051 4007.179487 3879.487179 4187.179487 4069.743590
4020.000000 4183.589744 3931.282051 3644.615385 4200.512821 3925.641026 3829.230769 4076.410256 4227.179487 4233.333333 3989.743590 3870.256410 4154.358974 4067.692308
4029.743590 4196.410256 3942.051282 3663.076923 4202.051282 3923.589744 3838.974359 4120.000000 4238.974359 4233.846154 4002.564103 3877.435897 4143.589744 4072.820513
4045.128205 4217.948718 3957.948718 3691.794872 4205.128205 3934.358974 3836.410256 4163.076923 4262.051282 4231.282051 4037.435897 3887.179487 4164.102564 4076.923077
4033.846154 4198.461538 3948.717949 3694.871795 4206.666667 3955.384615 3827.179487 4131.282051 4278.461538 4230.256410 4014.358974 3876.923077 4155.897436 4073.333333
4022.051282 4175.897436 3937.948718 3691.794872 4202.051282 3954.358974 3824.102564 4080.512821 4237.948718 4230.769231 3988.205128 3869.743590 4141.025641 4069.743590
4045.128205 4216.923077 3958.974359 3727.179487 4200.512821 3943.076923 3829.743590 4103.076923 4217.948718 4231.794872 4014.358974 3882.564103 4156.923077 4072.307692
4081.025641 4267.179487 3996.410256 3769.743590 4207.179487 3968.717949 3840.512821 4176.923077 4294.358974 4231.794872 4049.230769 3900.512821 4184.102564 4076.410256
4064.615385 4228.205128 3982.051282 3742.564103 4204.102564 3997.435897 3839.487179 4176.410256 4309.230769 4230.769231 4046.666667 3888.717949 4179.487179 4071.794872
4008.205128 4147.692308 3924.615385 3684.615385 4201.538462 3960.512821 3815.897436 4076.410256 4168.205128 4231.282051 3999.487179 3861.025641 4130.769231 4065.641026
3983.076923 4130.769231 3902.051282 3673.846154 4206.666667 3903.589744 3791.794872 4020.512821 4120.512821 4232.820513 3950.256410 3847.179487 4085.128205 4058.461538
3986.153846 4153.333333 3911.282051 3680.512821 4207.692308 3903.076923 3790.256410 4054.358974 4214.871795 4231.282051 3941.538462 3847.692308 4083.589744 4058.974359
3983.076923 4144.102564 3907.179487 3671.794872 4206.153846 3897.948718 3791.282051 4076.923077 4211.282051 4230.769231 3951.794872 3852.307692 4093.333333 4064.102564
3971.794872 4106.153846 3890.769231 3657.948718 4203.589744 3868.205128 3776.923077 4060.512821 4146.153846 4232.307692 3944.615385 3846.153846 4081.025641 4060.000000
3971.282051 4093.333333 3889.743590 3651.794872 4205.641026 3894.358974 3774.871795 4071.282051 4165.641026 4232.307692 3938.974359 3846.153846 4082.051282 4062.564103
4001.538462 4150.256410 3918.974359 3667.179487 4206.153846 3927.692308 3789.230769 4072.820513 4183.589744 4231.794872 3965.641026 3862.051282 4110.256410 4070.769231
4022.564103 4187.179487 3937.948718 3680.512821 4201.538462 3914.358974 3792.307692 4046.666667 4177.948718 4230.769231 3984.102564 3868.205128 4118.974359 4070.769231
4005.128205 4138.461538 3919.487179 3649.743590 4205.128205 3923.589744 3798.974359 4092.307692 4205.128205 4232.307692 3967.179487 3862.051282 4102.051282 4065.641026
4008.205128 4137.948718 3918.461538 3626.153846 4207.692308 3942.564103 3818.974359 4142.051282 4173.846154 4233.846154 3964.615385 3858.974359 4101.538462 4066.666667
4045.641026 4206.666667 3955.384615 3660.000000 4206.153846 3924.615385 3824.102564 4082.564103 4141.538462 4232.820513 3997.948718 3870.769231 4123.589744 4076.923077
4064.615385 4218.974359 3968.717949 3683.589744 4205.128205 3924.102564 3809.743590 4036.923077 4199.487179 4231.794872 4019.487179 3882.051282 4131.282051 4081.538462
4063.589744 4189.230769 3954.358974 3670.769231 4200.512821 3936.410256 3791.794872 4062.051282 4210.769231 4231.794872 4008.717949 3875.897436 4125.641026 4078.461538
4065.641026 4192.820513 3954.358974 3687.179487 4204.102564 3911.794872 3794.871795 4044.102564 4137.435897 4231.794872 4000.512821 3872.307692 4128.717949 4081.025641
4085.128205 4234.358974 3983.589744 3740.512821 4208.717949 3904.102564 3816.923077 4056.923077 4142.051282 4231.282051 4026.153846 3886.153846 4145.641026 4085.128205
4107.692308 4260.000000 4007.179487 3765.641026 4205.128205 3941.025641 3832.820513 4136.410256 4215.897436 4231.794872 4052.820513 3896.410256 4155.897436 4086.666667
4110.256410 4241.538462 3998.461538 3752.820513 4203.076923 3978.461538 3848.205128 4193.846154 4247.179487 4231.794872 4061.538462 3893.846154 4151.282051 4089.230769
4117.948718 4237.435897 4000.000000 3762.564103 4202.051282 3982.564103 3857.435897 4216.923077 4254.358974 4231.282051 4090.769231 3895.897436 4158.974359 4090.769231
4144.102564 4277.435897 4028.205128 3803.076923 4205.128205 3971.282051 3865.641026 4178.461538 4235.384615 4232.307692 4123.076923 3910.769231 4180.512821 4093.333333
4155.897436 4297.948718 4041.025641 3824.102564 4207.179487 3990.769231 3892.820513 4142.564103 4220.512821 4232.820513 4121.025641 3915.897436 4181.025641 4092.820513
4143.589744 4267.692308 4029.230769 3811.794872 4205.641026 4005.128205 3901.538462 4174.871795 4247.692308 4231.794872 4104.615385 3909.230769 4164.102564 4094.871795
4142.564103 4242.051282 4033.333333 3821.025641 4207.179487 3974.358974 3871.794872 4172.820513 4218.461538 4230.769231 4110.769231 3913.846154 4171.794872 4097.948718
4164.102564 4240.000000 4060.000000 3855.897436 4206.666667 3963.589744 3882.051282 4143.589744 4161.025641 4231.282051 4145.641026 3929.230769 4201.025641 4094.871795
4172.820513 4221.538462 4071.794872 3867.179487 4207.179487 3972.307692 3931.282051 4201.025641 4225.128205 4231.794872 4154.871795 3934.871795 4200.512821 4098.974359
4174.871795 4206.666667 4072.307692 3866.153846 4207.179487 3937.435897 3931.282051 4252.820513 4308.717949 4231.282051 4134.358974 3929.230769 4180.000000 4101.025641
4189.743590 4216.923077 4078.461538 3882.051282 4208.205128 3921.025641 3926.666667 4226.666667 4254.358974 4231.282051 4136.410256 3932.307692 4183.589744 4099.487179
4203.076923 4229.230769 4090.769231 3904.102564 4210.769231 3949.230769 3964.615385 4219.487179 4197.948718 4232.820513 4166.666667 3944.102564 4203.589744 4106.153846
4205.641026 4230.256410 4099.487179 3919.487179 4204.102564 3931.794872 3973.333333 4224.102564 4253.333333 4233.333333 4182.564103 3942.051282 4207.179487 4108.205128
4205.641026 4221.538462 4103.076923 3932.307692 4204.615385 3897.435897 3964.102564 4209.743590 4331.282051 4231.282051 4160.000000 3938.461538 4195.384615 4104.615385
4224.102564 4227.179487 4121.538462 3951.794872 4210.256410 3923.076923 4002.051282 4243.589744 4312.307692 4229.743590 4168.205128 3952.307692 4202.564103 4105.128205
4249.230769 4248.717949 4149.230769 3976.410256 4208.717949 3945.641026 4037.948718 4300.512821 4236.410256 4231.282051 4224.102564 3966.666667 4229.230769 4109.230769
4243.589744 4248.205128 4149.743590 3986.666667 4210.769231 3918.974359 4021.538462 4286.153846 4282.564103 4232.820513 4225.641026 3962.564103 4227.692308 4110.256410
4223.076923 4224.615385 4133.333333 3985.641026 4210.256410 3915.897436 4021.025641 4275.384615 4378.461538 4232.307692 4187.179487 3950.769231 4202.051282 4105.128205
4228.717949 4211.794872 4143.589744 4004.102564 4207.692308 3940.512821 4055.897436 4337.948718 4354.358974 4231.794872 4201.025641 3960.000000 4206.153846 4110.256410
4253.333333 4235.384615 4169.743590 4036.410256 4206.153846 3952.307692 4078.974359 4365.128205 4353.333333 4233.333333 4239.487179 3976.923077 4235.897436 4117.435897
4250.769231 4238.974359 4164.102564 4045.128205 4205.128205 3968.205128 4087.692308 4335.897436 4422.564103 4233.333333 4233.333333 3969.230769 4236.410256 4114.358974
4232.820513 4207.179487 4148.717949 4046.153846 4208.205128 3964.102564 4087.179487 4321.538462 4357.435897 4232.307692 4211.282051 3959.487179 4212.307692 4109.743590
4227.179487 4192.307692 4143.589744 4054.358974 4206.666667 3938.974359 4078.461538 4321.025641 4295.384615 4231.794872 4197.948718 3952.820513 4194.358974 4108.717949
4224.102564 4189.230769 4132.307692 4057.948718 4205.641026 3937.435897 4081.025641 4311.794872 4357.948718 4232.307692 4196.410256 3950.769231 4197.948718 4108.717949
4232.820513 4183.589744 4130.769231 4069.743590 4208.717949 3946.666667 4096.410256 4313.846154 4354.358974 4232.307692 4215.384615 3960.000000 4208.205128 4107.179487
4240.512821 4170.256410 4128.205128 4077.948718 4207.179487 3947.179487 4097.435897 4310.256410 4282.051282 4232.307692 4203.076923 3955.384615 4184.102564 4106.666667
4249.743590 4176.410256 4127.692308 4087.179487 4206.666667 3952.307692 4098.974359 4317.948718 4308.717949 4233.333333 4187.692308 3954.871795 4178.974359 4115.897436
4290.769231 4229.230769 4164.102564 4127.692308 4204.615385 3962.564103 4127.692308 4375.897436 4402.051282 4233.333333 4236.410256 3976.410256 4222.564103 4123.076923
4322.564103 4254.358974 4190.256410 4156.923077 4206.153846 3968.205128 4151.282051 4400.000000 4407.179487 4231.794872 4263.076923 3988.205128 4233.846154 4123.076923
4321.538462 4231.794872 4183.076923 4143.589744 4209.743590 3987.179487 4148.717949 4392.307692 4365.641026 4231.794872 4241.025641 3983.076923 4211.282051 4119.487179
4330.769231 4248.717949 4195.384615 4150.256410 4205.641026 4007.179487 4148.205128 4418.461538 4394.871795 4233.333333 4262.564103 3987.692308 4224.615385 4122.051282
4351.282051 4289.743590 4221.025641 4187.692308 4205.641026 3996.410256 4160.000000 4411.794872 4413.846154 4233.846154 4299.487179 3997.948718 4243.076923 4127.692308
4345.641026 4271.282051 4212.307692 4186.666667 4209.230769 3983.589744 4161.538462 4385.641026 4371.794872 4231.282051 4280.512821 3990.256410 4220.000000 4121.538462
4337.435897 4248.717949 4202.051282 4177.435897 4208.717949 3983.589744 4161.025641 4394.871795 4359.487179 4231.282051 4260.512821 3986.153846 4209.743590 4119.487179
4350.769231 4267.179487 4216.923077 4201.538462 4209.230769 3988.717949 4170.256410 4391.282051 4397.435897 4231.282051 4276.410256 3996.410256 4229.230769 4125.641026
4370.256410 4274.871795 4231.794872 4222.564103 4208.205128 4008.717949 4187.179487 4394.871795 4426.153846 4230.256410 4295.897436 3996.923077 4241.538462 4125.128205
4382.564103 4270.256410 4241.025641 4232.307692 4209.230769 4030.769231 4213.846154 4424.615385 4409.743590 4231.282051 4308.205128 3996.410256 4250.256410 4127.692308
4390.256410 4284.102564 4253.846154 4240.512821 4209.743590 4034.358974 4213.846154 4421.025641 4363.589744 4232.820513 4318.461538 4000.512821 4257.948718 4129.743590
4385.641026 4283.589744 4250.769231 4238.461538 4206.666667 4024.615385 4179.487179 4401.538462 4364.102564 4232.820513 4308.205128 3997.435897 4245.641026 4126.153846
4371.282051 4253.333333 4230.256410 4228.205128 4208.205128 4038.461538 4176.410256 4391.282051 4389.230769 4232.307692 4291.282051 3992.307692 4227.179487 4125.641026
4387.692308 4268.717949 4244.615385 4244.615385 4210.256410 4065.128205 4219.487179 4402.564103 4383.589744 4231.794872 4314.358974 4003.589744 4243.076923 4132.307692
4422.051282 4313.333333 4283.076923 4283.076923 4211.794872 4064.102564 4242.051282 4448.717949 4411.794872 4232.307692 4347.692308 4025.128205 4272.820513 4137.948718
4421.025641 4301.025641 4281.025641 4289.230769 4208.717949 4057.948718 4234.358974 4485.128205 4459.487179 4232.307692 4340.000000 4020.000000 4266.153846 4132.820513
4403.589744 4272.307692 4258.461538 4271.794872 4204.615385 4060.000000 4230.769231 4460.000000 4423.589744 4232.307692 4324.615385 4003.589744 4244.615385 4131.794872
4411.794872 4291.282051 4269.743590 4283.589744 4208.205128 4058.974359 4237.435897 4423.589744 4380.000000 4232.820513 4332.307692 4014.358974 4250.256410 4137.948718
4430.769231 4318.974359 4295.897436 4313.846154 4210.256410 4064.615385 4252.307692 4459.487179 4416.410256 4232.820513 4350.256410 4026.153846 4268.205128 4137.435897
4433.846154 4310.256410 4295.384615 4323.076923 4209.743590 4083.589744 4262.564103 4481.538462 4433.846154 4231.794872 4351.794872 4024.615385 4270.769231 4137.435897
4430.769231 4296.923077 4286.153846 4317.435897 4211.794872 4104.615385 4273.333333 4445.641026 4415.897436 4232.820513 4353.333333 4025.641026 4267.179487 4138.974359
4434.358974 4307.179487 4293.846154 4327.692308 4212.820513 4096.923077 4271.282051 4440.512821 4435.897436 4233.333333 4362.564103 4030.256410 4263.589744 4138.974359
4447.692308 4334.358974 4310.769231 4363.589744 4212.307692 4069.743590 4259.487179 4470.256410 4455.384615 4231.282051 4363.076923 4037.948718 4263.589744 4142.051282
4456.410256 4347.692308 4316.410256 4380.512821 4209.743590 4084.615385 4268.205128 4474.358974 4439.487179 4230.256410 4363.076923 4041.025641 4271.794872 4139.487179
4452.307692 4342.051282 4315.384615 4370.769231 4214.871795 4116.923077 4283.589744 4472.820513 4392.307692 4231.282051 4376.923077 4042.051282 4281.025641 4140.000000
4453.846154 4349.230769 4321.538462 4377.948718 4215.384615 4104.102564 4289.230769 4495.897436 4371.282051 4230.769231 4397.435897 4047.179487 4289.743590 4147.179487
4450.256410 4345.641026 4313.846154 4381.538462 4209.230769 4087.179487 4296.923077 4502.051282 4413.333333 4230.769231 4383.076923 4043.076923 4275.384615 4143.589744
4444.615385 4328.717949 4304.102564 4369.743590 4214.358974 4092.307692 4303.589744 4500.000000 4457.948718 4232.307692 4361.025641 4043.076923 4247.179487 4139.487179
4465.128205 4350.256410 4325.641026 4380.000000 4214.358974 4094.358974 4298.974359 4505.128205 4469.230769 4231.794872 4386.666667 4050.769231 4250.769231 4144.615385
4486.153846 4374.358974 4347.692308 4398.461538 4211.794872 4101.538462 4316.923077 4507.692308 4440.512821 4231.794872 4411.282051 4055.897436 4269.743590 4150.769231
4484.102564 4372.307692 4348.205128 4396.410256 4217.435897 4120.512821 4338.461538 4524.102564 4429.230769 4231.794872 4405.128205 4057.948718 4268.205128 4150.769231
4474.871795 4373.333333 4340.512821 4395.384615 4213.846154 4120.000000 4327.692308 4509.743590 4494.358974 4231.282051 4394.358974 4052.820513 4258.461538 4150.256410
4469.230769 4367.179487 4336.410256 4400.512821 4210.256410 4106.666667 4322.564103 4478.461538 4536.923077 4232.820513 4385.128205 4048.205128 4259.487179 4152.307692
4472.820513 4363.076923 4342.564103 4402.564103 4212.307692 4117.948718 4340.000000 4498.461538 4463.589744 4232.820513 4393.846154 4053.846154 4268.717949 4150.256410
4477.948718 4375.384615 4350.769231 4409.743590 4214.871795 4122.564103 4345.128205 4510.769231 4433.333333 4231.794872 4416.923077 4063.589744 4279.487179 4153.333333
4477.435897 4379.487179 4348.717949 4419.487179 4214.871795 4107.692308 4335.897436 4502.051282 4530.256410 4232.307692 4414.871795 4063.076923 4281.538462 4157.435897
4487.179487 4385.128205 4352.307692 4423.589744 4211.282051 4114.871795 4338.461538 4533.333333 4584.615385 4233.333333 4409.230769 4063.076923 4282.564103 4154.871795
4501.025641 4400.000000 4365.641026 4420.000000 4212.820513 4130.256410 4348.717949 4546.666667 4523.076923 4232.307692 4424.615385 4075.384615 4293.333333 4156.923077
4511.794872 4414.358974 4375.897436 4418.461538 4214.358974 4135.897436 4362.051282 4547.179487 4481.025641 4231.282051 4436.923077 4079.487179 4303.589744 4159.487179
4521.025641 4424.615385 4379.487179 4426.666667 4213.333333 4148.205128 4374.871795 4570.769231 4516.923077 4231.282051 4437.435897 4078.974359 4309.743590 4163.589744
4525.641026 4428.717949 4385.128205 4435.384615 4214.358974 4167.692308 4376.410256 4572.307692 4547.692308 4231.282051 4445.128205 4088.205128 4313.333333 4165.128205
4528.717949 4433.846154 4394.871795 4440.512821 4212.307692 4172.820513 4372.307692 4571.794872 4532.307692 4231.282051 4461.538462 4092.307692 4317.948718 4157.948718
4528.205128 4429.743590 4394.358974 4441.538462 4209.743590 4169.743590 4370.256410 4588.717949 4515.384615 4231.794872 4451.794872 4089.230769 4315.384615 4159.487179
4523.589744 4418.974359 4383.589744 4432.307692 4210.256410 4160.512821 4369.743590 4565.128205 4490.256410 4231.282051 4439.487179 4087.692308 4311.794872 4164.615385
4516.410256 4410.769231 4375.897436 4426.666667 4215.897436 4148.205128 4365.641026 4527.692308 4458.974359 4231.794872 4443.076923 4083.589744 4311.282051 4164.615385
4506.153846 4394.871795 4369.230769 4424.102564 4219.487179 4144.102564 4361.025641 4533.333333 4492.820513 4232.820513 4426.666667 4077.948718 4299.487179 4163.076923
4509.230769 4398.974359 4371.282051 4426.153846 4213.846154 4147.179487 4365.641026 4540.512821 4525.641026 4233.333333 4418.461538 4078.974359 4293.846154 4161.538462
4526.153846 4433.333333 4388.717949 4443.589744 4215.384615 4185.641026 4377.948718 4526.666667 4480.512821 4231.282051 4445.641026 4090.256410 4312.307692 4167.179487
4533.333333 4444.615385 4396.923077 4449.230769 4218.461538 4250.256410 4379.487179 4560.000000 4489.230769 4230.769231 4467.692308 4094.871795 4329.230769 4169.230769
4529.230769 4432.307692 4395.897436 4442.564103 4212.820513 4269.743590 4373.333333 4597.435897 4539.487179 4232.820513 4467.179487 4094.871795 4328.717949 4165.641026
4533.846154 4445.641026 4403.589744 4456.923077 4214.871795 4243.076923 4377.435897 4558.461538 4490.256410 4232.307692 4461.538462 4102.051282 4326.153846 4166.153846
4536.410256 4455.897436 4408.205128 4465.128205 4218.461538 4238.974359 4387.179487 4536.923077 4456.410256 4230.256410 4466.153846 4103.589744 4327.692308 4166.666667
4522.051282 4428.205128 4402.564103 4448.717949 4217.435897 4261.538462 4392.820513 4574.871795 4500.512821 4231.282051 4474.871795 4101.538462 4328.205128 4168.717949
4524.615385 4427.179487 4410.769231 4452.307692 4216.410256 4279.487179 4394.871795 4585.128205 4513.333333 4232.307692 4483.076923 4104.615385 4333.333333 4169.743590
4547.179487 4458.974359 4428.717949 4474.871795 4217.435897 4291.794872 4391.794872 4561.538462 4510.769231 4230.769231 4486.153846 4109.743590 4341.538462 4169.743590
4556.923077 4459.487179 4438.461538 4483.076923 4218.974359 4290.256410 4393.846154 4557.948718 4507.179487 4231.794872 4484.615385 4121.025641 4347.692308 4169.230769
4566.666667 4461.538462 4449.230769 4492.820513 4216.410256 4289.743590 4406.153846 4582.051282 4473.846154 4233.333333 4501.025641 4130.769231 4356.410256 4169.743590
4584.102564 4475.384615 4457.435897 4505.641026 4216.410256 4298.461538 4411.282051 4593.846154 4476.923077 4232.820513 4517.435897 4132.820513 4368.717949 4175.384615
4590.769231 4481.538462 4462.564103 4508.205128 4217.435897 4302.564103 4414.358974 4585.641026 4529.743590 4231.282051 4518.974359 4132.820513 4371.794872 4175.384615
4589.743590 4490.256410 4465.128205 4512.820513 4214.871795 4299.487179 4424.102564 4590.769231 4525.128205 4231.794872 4515.384615 4133.846154 4366.153846 4173.333333
4594.871795 4504.615385 4471.794872 4528.205128 4218.461538 4300.000000 4427.179487 4612.307692 4496.923077 4232.820513 4522.564103 4141.025641 4373.846154 4181.538462
4607.179487 4515.384615 4488.717949 4540.512821 4218.461538 4313.846154 4428.205128 4619.487179 4547.692308 4232.820513 4543.076923 4147.179487 4392.820513 4184.615385
4606.666667 4506.153846 4491.794872 4538.461538 4216.923077 4311.282051 4434.871795 4601.538462 4559.487179 4231.794872 4547.179487 4147.692308 4395.384615 4180.512821
4603.589744 4507.179487 4489.230769 4539.487179 4218.974359 4290.256410 4433.333333 4584.102564 4490.256410 4232.307692 4545.128205 4148.717949 4393.846154 4180.000000
4615.384615 4538.974359 4499.487179 4551.282051 4216.410256 4288.717949 4423.076923 4593.333333 4513.333333 4232.820513 4551.794872 4152.307692 4401.025641 4182.564103
4625.128205 4550.769231 4509.743590 4552.820513 4217.435897 4298.974359 4424.615385 4617.435897 4569.743590 4230.769231 4563.076923 4162.051282 4411.794872 4186.153846
4622.051282 4532.820513 4505.641026 4540.000000 4218.974359 4298.461538 4431.794872 4629.230769 4534.358974 4229.743590 4571.282051 4164.615385 4415.897436 4184.102564
4621.538462 4530.769231 4504.615385 4535.897436 4217.948718 4291.282051 4425.128205 4622.051282 4515.384615 4232.820513 4557.435897 4161.538462 4405.128205 4182.564103
4625.128205 4542.051282 4509.743590 4544.615385 4219.487179 4291.282051 4421.538462 4609.230769 4540.000000 4234.871795 4548.205128 4167.692308 4399.487179 4187.179487
4623.076923 4544.102564 4508.717949 4552.307692 4217.435897 4292.307692 4429.230769 4602.564103 4522.051282 4232.307692 4568.205128 4169.743590 4407.179487 4186.666667
4625.641026 4547.179487 4512.820513 4557.948718 4218.461538 4295.897436 4438.974359 4600.512821 4491.282051 4229.743590 4583.589744 4171.794872 4417.435897 4189.743590
4634.358974 4550.769231 4525.128205 4556.410256 4218.974359 4312.307692 4451.794872 4607.179487 4514.871795 4230.769231 4570.256410 4173.846154 4413.333333 4193.846154
4638.974359 4548.205128 4529.743590 4559.487179 4215.897436 4311.794872 4454.871795 4613.846154 4534.358974 4232.307692 4562.051282 4174.871795 4406.153846 4193.846154
4642.564103 4553.846154 4528.717949 4571.794872 4218.461538 4291.794872 4449.743590 4613.846154 4508.717949 4231.282051 4578.461538 4181.538462 4417.435897 4194.871795
4645.128205 4562.051282 4531.282051 4573.846154 4220.512821 4286.666667 4446.666667 4622.051282 4498.461538 4230.769231 4593.846154 4185.128205 4432.820513 4192.820513
4643.589744 4556.410256 4536.923077 4569.230769 4220.512821 4289.230769 4436.923077 4626.666667 4521.538462 4232.307692 4589.743590 4184.615385 4432.820513 4192.307692
4645.641026 4551.794872 4541.538462 4565.641026 4220.000000 4273.846154 4424.615385 4604.102564 4520.000000 4232.820513 4580.512821 4182.564103 4423.076923 4193.333333
4648.717949 4550.256410 4541.538462 4562.051282 4217.948718 4246.666667 4421.025641 4583.589744 4461.538462 4230.769231 4584.615385 4182.564103 4429.230769 4195.897436
4651.794872 4550.256410 4542.051282 4565.128205 4221.025641 4254.358974 4427.179487 4598.974359 4450.256410 4230.769231 4600.512821 4191.794872 4447.179487 4200.512821
4650.769231 4555.384615 4547.692308 4565.128205 4221.025641 4292.820513 4434.871795 4615.384615 4494.871795 4231.282051 4599.487179 4192.820513 4444.102564 4197.948718
4651.282051 4564.102564 4556.923077 4565.641026 4218.461538 4306.666667 4444.102564 4596.410256 4483.076923 4232.820513 4588.205128 4193.333333 4436.410256 4197.948718
4676.923077 4593.333333 4574.871795 4588.717949 4220.000000 4298.461538 4450.769231 4585.128205 4431.794872 4233.846154 4612.820513 4207.692308 4457.435897 4200.512821
4692.307692 4607.692308 4577.435897 4600.000000 4218.461538 4289.743590 4443.076923 4591.282051 4442.051282 4232.307692 4628.205128 4211.794872 4465.641026 4202.051282
4677.435897 4593.846154 4569.230769 4591.282051 4218.974359 4283.076923 4439.487179 4595.384615 4484.102564 4232.307692 4599.487179 4204.615385 4442.564103 4204.615385
4679.487179 4596.923077 4580.512821 4591.794872 4219.487179 4288.717949 4453.846154 4613.333333 4488.717949 4232.820513 4610.769231 4209.743590 4451.794872 4204.615385
4691.794872 4606.153846 4590.769231 4591.282051 4220.512821 4301.025641 4457.435897 4617.948718 4482.051282 4231.794872 4643.076923 4218.974359 4472.820513 4206.153846
4690.769231 4612.307692 4592.820513 4591.282051 4221.025641 4302.051282 4449.230769 4606.666667 4477.948718 4230.256410 4626.666667 4220.000000 4462.564103 4207.692308
4699.487179 4628.205128 4607.692308 4605.128205 4218.461538 4300.512821 4454.871795 4611.282051 4463.589744 4230.769231 4623.589744 4222.051282 4460.512821 4207.179487
4704.615385 4624.615385 4606.666667 4606.666667 4220.512821 4292.820513 4451.282051 4602.564103 4436.410256 4231.282051 4647.692308 4227.692308 4472.307692 4206.666667
4692.307692 4615.384615 4590.256410 4597.435897 4221.025641 4274.871795 4430.256410 4591.794872 4432.307692 4230.769231 4636.923077 4222.564103 4461.025641 4203.076923
4689.743590 4628.717949 4591.794872 4601.538462 4221.025641 4271.794872 4431.794872 4603.589744 4449.230769 4230.256410 4616.410256 4224.102564 4449.230769 4205.641026
4698.461538 4632.820513 4602.564103 4607.179487 4220.000000 4284.615385 4447.692308 4604.615385 4447.692308 4230.256410 4626.153846 4233.333333 4459.487179 4212.307692
4703.076923 4631.794872 4606.666667 4611.794872 4215.897436 4297.435897 4446.153846 4603.076923 4445.128205 4231.794872 4641.538462 4234.358974 4469.230769 4214.871795
4700.512821 4640.512821 4608.205128 4626.666667 4220.000000 4291.282051 4437.435897 4617.948718 4450.769231 4231.282051 4642.051282 4234.358974 4466.666667 4215.384615
4697.948718 4647.692308 4610.256410 4634.358974 4223.076923 4275.384615 4434.358974 4611.794872 4448.717949 4230.769231 4639.487179 4236.410256 4462.051282 4212.820513
4705.128205 4653.846154 4615.897436 4632.820513 4219.487179 4272.307692 4433.333333 4570.769231 4405.128205 4232.307692 4643.589744 4240.512821 4467.692308 4216.410256
4717.435897 4671.794872 4622.051282 4642.051282 4223.076923 4278.974359 4433.333333 4556.410256 4374.871795 4233.333333 4651.794872 4249.230769 4474.871795 4218.974359
4726.153846 4696.410256 4629.743590 4651.282051 4225.641026 4280.000000 4428.205128 4584.615385 4418.461538 4230.769231 4664.615385 4255.897436 4472.820513 4216.410256
4728.205128 4704.615385 4637.948718 4645.641026 4225.128205 4272.820513 4423.076923 4597.948718 4458.461538 4229.230769 4672.820513 4259.487179 4476.410256 4221.025641
4725.641026 4701.025641 4632.820513 4633.846154 4225.128205 4273.846154 4417.948718 4580.512821 4444.102564 4230.769231 4664.102564 4255.384615 4474.871795 4220.512821
4716.410256 4695.384615 4619.487179 4631.794872 4225.128205 4272.820513 4409.230769 4566.153846 4405.128205 4230.769231 4646.153846 4250.769231 4458.461538 4215.384615
4725.641026 4724.615385 4637.948718 4653.846154 4226.153846 4270.769231 4413.846154 4611.794872 4429.743590 4231.282051 4657.435897 4263.076923 4468.205128 4220.512821
4744.102564 4766.666667 4664.102564 4679.487179 4224.615385 4275.897436 4414.871795 4642.051282 4452.307692 4232.820513 4690.769231 4272.307692 4493.846154 4223.589744
4728.717949 4748.717949 4646.153846 4677.948718 4226.153846 4273.333333 4388.717949 4564.615385 4378.974359 4231.794872 4680.512821 4266.153846 4487.692308 4221.538462
4708.205128 4728.205128 4624.615385 4676.923077 4228.205128 4275.897436 4375.897436 4511.282051 4378.461538 4231.282051 4653.333333 4262.564103 4469.230769 4221.538462
4723.076923 4764.615385 4644.615385 4698.974359 4227.179487 4289.743590 4388.717949 4569.230769 4508.717949 4233.333333 4663.589744 4272.820513 4472.307692 4227.179487
4731.282051 4772.307692 4664.102564 4701.025641 4228.717949 4293.333333 4385.641026 4596.410256 4542.564103 4232.307692 4685.641026 4280.512821 4480.512821 4229.230769
4712.307692 4732.307692 4651.794872 4676.923077 4226.153846 4272.307692 4366.666667 4555.897436 4458.461538 4230.256410 4681.025641 4269.743590 4474.871795 4223.589744
4712.820513 4740.000000 4649.230769 4690.256410 4225.641026 4255.897436 4365.641026 4570.769231 4458.461538 4231.794872 4669.230769 4272.820513 4471.282051 4227.179487
4728.717949 4770.256410 4667.692308 4709.743590 4226.153846 4271.794872 4370.769231 4606.666667 4503.076923 4232.307692 4673.333333 4283.589744 4475.384615 4232.307692
4722.564103 4757.435897 4669.230769 4694.358974 4223.589744 4279.487179 4362.564103 4586.666667 4474.358974 4230.769231 4684.615385 4278.974359 4483.076923 4230.256410
4721.025641 4749.230769 4669.743590 4691.794872 4226.666667 4268.717949 4367.179487 4589.743590 4470.256410 4231.282051 4694.871795 4286.153846 4489.230769 4229.230769
4731.282051 4760.000000 4677.948718 4700.000000 4228.717949 4271.282051 4379.487179 4626.153846 4517.435897 4231.794872 4694.871795 4293.333333 4488.205128 4228.717949
4725.641026 4757.435897 4678.461538 4696.410256 4229.230769 4273.846154 4374.871795 4588.205128 4515.897436 4230.256410 4689.230769 4290.769231 4504.102564 4230.256410
4715.897436 4741.538462 4672.820513 4688.205128 4230.256410 4269.230769 4367.692308 4520.512821 4470.256410 4229.743590 4683.076923 4290.256410 4471.282051 4228.205128
4716.923077 4715.897436 4664.102564 4673.333333 4227.179487 4269.743590 4370.769231 4528.205128 4470.256410 4231.282051 4676.410256 4289.743590 4351.794872 4226.153846
4719.487179 4711.282051 4664.102564 4669.230769 4225.641026 4266.153846 4369.230769 4547.179487 4486.153846 4230.256410 4676.410256 4293.846154 4284.102564 4233.333333
4728.717949 4748.717949 4681.025641 4687.179487 4226.666667 4263.589744 4364.102564 4530.769231 4460.512821 4229.230769 4694.871795 4301.025641 4317.435897 4234.871795
4734.358974 4761.025641 4692.820513 4688.205128 4230.769231 4270.769231 4371.282051 4529.230769 4446.153846 4231.794872 4692.820513 4303.589744 4318.974359 4231.282051
4726.666667 4727.179487 4689.743590 4666.153846 4232.820513 4267.692308 4377.435897 4545.641026 4461.538462 4232.820513 4680.512821 4304.615385 4286.153846 4233.333333
4719.487179 4715.384615 4691.282051 4661.538462 4230.256410 4269.743590 4377.435897 4555.384615 4461.025641 4231.282051 4701.025641 4311.282051 4309.230769 4236.923077
4723.076923 4731.794872 4700.000000 4675.384615 4231.794872 4289.230769 4397.435897 4568.717949 4464.102564 4231.282051 4711.282051 4321.025641 4331.794872 4238.974359
4733.333333 4752.820513 4711.282051 4690.769231 4230.769231 4288.717949 4411.282051 4586.153846 4491.282051 4231.794872 4705.641026 4323.589744 4325.128205 4238.461538
4724.615385 4744.615385 4709.743590 4682.051282 4228.717949 4264.615385 4395.384615 4575.384615 4479.487179 4229.743590 4708.205128 4318.974359 4330.256410 4237.435897
4723.589744 4727.179487 4717.435897 4669.743590 4229.743590 4254.358974 4400.512821 4575.384615 4471.794872 4230.256410 4718.461538 4326.666667 4345.128205 4240.000000
4755.384615 4747.179487 4750.256410 4703.589744 4229.230769 4261.025641 4440.000000 4613.333333 4519.487179 4233.333333 4741.538462 4345.128205 4369.230769 4245.641026
4755.897436 4748.717949 4749.743590 4738.461538 4231.794872 4251.282051 4446.666667 4616.923077 4527.692308 4230.769231 4741.538462 4345.641026 4378.974359 4246.666667
4742.051282 4739.487179 4732.307692 4743.076923 4231.282051 4237.948718 4440.512821 4608.717949 4505.641026 4230.256410 4732.820513 4338.974359 4376.410256 4241.025641
4762.051282 4765.128205 4751.282051 4760.000000 4228.717949 4246.666667 4464.102564 4635.897436 4518.461538 4234.358974 4755.384615 4353.333333 4396.923077 4244.615385
4769.743590 4770.769231 4767.692308 4774.871795 4231.794872 4266.153846 4477.948718 4645.641026 4519.487179 4233.846154 4776.410256 4365.641026 4420.512821 4249.230769
4755.897436 4754.358974 4761.538462 4771.282051 4230.256410 4287.179487 4474.358974 4635.897436 4499.487179 4230.769231 4770.256410 4362.051282 4416.923077 4246.666667
4767.179487 4769.230769 4774.871795 4787.179487 4228.205128 4291.794872 4485.641026 4646.666667 4531.794872 4231.794872 4776.923077 4373.333333 4420.512821 4254.358974
4786.153846 4797.948718 4794.871795 4810.769231 4228.205128 4285.641026 4503.076923 4667.692308 4584.615385 4231.794872 4803.589744 4385.128205 4445.641026 4255.897436
4768.717949 4786.153846 4778.974359 4796.410256 4230.256410 4274.871795 4490.256410 4674.358974 4591.282051 4230.769231 4789.743590 4375.897436 4443.589744 4248.205128
4744.615385 4760.000000 4756.923077 4773.333333 4233.333333 4267.692308 4464.102564 4670.256410 4575.384615 4231.794872 4750.769231 4368.717949 4419.487179 4247.179487
4750.256410 4770.256410 4766.153846 4779.487179 4231.794872 4279.487179 4463.076923 4673.333333 4570.769231 4231.794872 4756.923077 4376.410256 4422.564103 4246.153846
4762.564103 4800.512821 4784.615385 4800.512821 4233.846154 4288.205128 4470.256410 4676.923077 4573.846154 4230.256410 4786.153846 4388.205128 4448.717949 4248.717949
4756.410256 4799.487179 4777.948718 4799.487179 4234.358974 4291.794872 4457.435897 4660.512821 4566.666667 4230.256410 4778.461538 4385.128205 4447.179487 4249.743590
4749.743590 4782.051282 4771.282051 4788.717949 4228.205128 4305.128205 4448.205128 4638.461538 4557.435897 4231.282051 4765.641026 4382.051282 4435.384615 4249.743590
4755.897436 4801.025641 4786.153846 4806.666667 4230.769231 4305.641026 4461.538462 4645.641026 4545.128205 4233.333333 4785.641026 4394.358974 4453.333333 4253.846154
4731.794872 4804.615385 4775.897436 4801.025641 4233.846154 4285.128205 4466.153846 4670.256410 4558.461538 4232.307692 4778.461538 4386.666667 4450.769231 4251.794872
4692.820513 4771.282051 4749.230769 4768.717949 4234.871795 4271.794872 4451.282051 4657.435897 4582.564103 4230.256410 4743.589744 4373.846154 4424.102564 4250.256410
4707.692308 4793.333333 4766.666667 4783.589744 4236.410256 4285.128205 4445.641026 4649.743590 4572.307692 4232.820513 4764.102564 4389.743590 4435.897436 4253.846154
4731.794872 4828.717949 4788.205128 4789.230769 4234.871795 4300.000000 4445.641026 4690.769231 4600.000000 4233.846154 4787.692308 4401.025641 4451.282051 4254.358974
4709.230769 4806.666667 4772.307692 4742.564103 4233.333333 4293.846154 4429.230769 4688.205128 4646.666667 4232.307692 4760.512821 4391.794872 4435.897436 4253.333333
4692.820513 4801.025641 4761.538462 4726.153846 4230.769231 4284.615385 4406.153846 4633.846154 4652.820513 4231.794872 4749.743590 4382.564103 4430.769231 4253.333333
4693.333333 4818.461538 4761.025641 4744.102564 4231.282051 4284.102564 4393.846154 4630.256410 4680.000000 4231.282051 4747.692308 4384.615385 4428.717949 4253.846154
4670.256410 4794.871795 4746.153846 4726.153846 4234.358974 4284.102564 4381.538462 4652.820513 4718.974359 4230.769231 4715.897436 4385.128205 4407.692308 4248.717949
4650.769231 4771.282051 4733.846154 4704.615385 4233.846154 4278.974359 4366.153846 4625.128205 4681.025641 4232.820513 4708.205128 4377.948718 4404.615385 4244.615385
4661.538462 4786.666667 4735.897436 4720.000000 4235.384615 4283.589744 4366.666667 4603.589744 4640.512821 4233.333333 4724.615385 4380.512821 4416.923077 4250.769231
4662.051282 4788.717949 4731.794872 4716.923077 4233.846154 4293.846154 4367.692308 4625.641026 4661.538462 4230.769231 4711.282051 4381.538462 4409.743590 4250.256410
4646.153846 4769.743590 4720.000000 4701.025641 4232.307692 4287.179487 4355.384615 4618.974359 4618.461538 4230.769231 4699.487179 4379.487179 4405.641026 4248.205128
4650.769231 4773.333333 4725.641026 4709.743590 4235.897436 4289.230769 4360.000000 4617.435897 4567.692308 4232.820513 4721.538462 4390.256410 4419.487179 4251.794872
4660.512821 4771.282051 4731.282051 4711.282051 4234.871795 4307.179487 4375.384615 4647.692308 4617.948718 4232.307692 4722.564103 4396.410256 4416.923077 4253.333333
4653.846154 4754.358974 4724.102564 4700.000000 4233.846154 4305.641026 4376.410256 4643.589744 4636.410256 4230.256410 4704.102564 4392.820513 4407.692308 4257.435897
4644.615385 4760.000000 4720.512821 4696.923077 4233.333333 4305.128205 4374.871795 4636.923077 4602.564103 4230.256410 4708.717949 4389.743590 4413.333333 4256.923077
4633.846154 4758.974359 4719.487179 4696.923077 4233.333333 4320.512821 4378.461538 4645.641026 4607.179487 4231.794872 4706.153846 4391.282051 4414.358974 4253.846154
4615.897436 4716.410256 4705.641026 4681.025641 4237.948718 4322.564103 4378.974359 4626.153846 4623.076923 4231.794872 4678.461538 4386.666667 4401.025641 4250.256410
4604.102564 4686.153846 4695.897436 4666.153846 4236.923077 4308.717949 4380.000000 4606.153846 4623.076923 4230.769231 4672.820513 4380.512821 4399.487179 4247.692308
4596.410256 4687.692308 4695.897436 4667.179487 4236.410256 4290.256410 4378.974359 4605.641026 4614.358974 4231.794872 4677.948718 4384.615385 4405.128205 4249.743590
4582.564103 4674.871795 4688.205128 4660.512821 4236.410256 4290.769231 4373.846154 4593.846154 4608.205128 4231.794872 4663.589744 4380.512821 4390.769231 4248.205128
4576.923077 4658.974359 4683.589744 4650.256410 4235.897436 4309.743590 4381.025641 4594.871795 4623.589744 4231.282051 4655.384615 4376.923077 4383.076923 4248.205128
4572.307692 4651.282051 4681.025641 4647.692308 4238.461538 4315.897436 4387.692308 4612.307692 4630.256410 4231.282051 4652.820513 4383.589744 4392.820513 4249.743590
4566.666667 4647.179487 4673.846154 4649.230769 4235.897436 4305.641026 4380.512821 4600.512821 4621.025641 4231.794872 4648.205128 4382.051282 4396.923077 4246.666667
4565.128205 4649.743590 4676.923077 4651.282051 4236.410256 4313.846154 4380.512821 4595.384615 4647.179487 4232.307692 4653.846154 4383.589744 4398.974359 4247.179487
4562.051282 4649.230769 4680.512821 4654.871795 4237.435897 4337.435897 4390.769231 4618.461538 4677.435897 4231.794872 4662.051282 4387.692308 4403.076923 4248.205128
4547.179487 4630.769231 4664.102564 4664.102564 4235.384615 4326.666667 4387.179487 4601.025641 4630.256410 4231.794872 4646.666667 4379.487179 4395.897436 4248.205128
4527.692308 4612.307692 4646.153846 4665.641026 4235.897436 4313.846154 4381.025641 4566.666667 4598.461538 4232.820513 4623.076923 4374.358974 4384.615385 4247.692308
4532.820513 4625.128205 4659.487179 4665.128205 4235.384615 4342.564103 4394.358974 4587.692308 4666.153846 4232.307692 4630.256410 4383.076923 4393.333333 4247.692308
4558.461538 4643.589744 4685.128205 4678.974359 4236.923077 4365.641026 4411.794872 4626.153846 4709.743590 4232.307692 4661.025641 4397.948718 4420.000000 4253.333333
4566.666667 4635.384615 4687.179487 4684.615385 4235.384615 4357.948718 4411.794872 4637.435897 4701.025641 4232.307692 4672.820513 4396.923077 4430.769231 4254.358974
4539.487179 4617.948718 4661.025641 4671.282051 4231.282051 4348.717949 4390.769231 4610.256410 4684.102564 4230.256410 4645.641026 4382.564103 4407.179487 4248.717949
4528.205128 4623.589744 4653.333333 4671.282051 4235.384615 4351.794872 4380.512821 4586.666667 4680.512821 4229.743590 4623.076923 4386.153846 4393.333333 4248.717949
4547.692308 4643.076923 4677.435897 4681.538462 4237.948718 4358.461538 4392.307692 4622.564103 4706.153846 4231.282051 4648.205128 4400.512821 4413.846154 4251.282051
4540.512821 4626.153846 4674.871795 4667.692308 4236.410256 4375.897436 4396.923077 4645.128205 4723.589744 4232.307692 4656.923077 4396.923077 4415.897436 4251.794872
4522.564103 4615.897436 4652.820513 4659.487179 4237.435897 4382.051282 4385.641026 4616.410256 4716.410256 4232.820513 4627.179487 4385.128205 4394.358974 4248.205128
4526.153846 4645.641026 4654.358974 4675.384615 4236.923077 4358.461538 4375.384615 4599.487179 4678.974359 4232.307692 4623.589744 4385.641026 4396.410256 4247.692308
4514.358974 4624.615385 4650.769231 4661.538462 4238.974359 4366.153846 4373.333333 4594.871795 4662.051282 4230.769231 4624.102564 4384.615385 4398.461538 4251.794872
4496.923077 4588.717949 4633.846154 4637.435897 4240.000000 4393.333333 4371.794872 4588.205128 4714.358974 4230.769231 4608.205128 4377.948718 4386.666667 4247.179487
4510.256410 4625.128205 4643.589744 4662.051282 4238.461538 4382.564103 4372.820513 4604.615385 4756.923077 4232.307692 4615.384615 4387.179487 4395.384615 4247.179487
4516.923077 4644.615385 4651.282051 4676.923077 4238.974359 4374.358974 4378.974359 4629.743590 4736.410256 4233.333333 4620.000000 4392.820513 4402.564103 4252.307692
4501.025641 4614.358974 4635.897436 4654.358974 4236.923077 4392.820513 4371.282051 4616.923077 4725.641026 4231.794872 4606.666667 4381.025641 4392.307692 4249.743590
4488.205128 4601.025641 4627.179487 4648.205128 4237.435897 4394.358974 4358.974359 4580.000000 4726.666667 4231.282051 4601.025641 4378.974359 4387.692308 4250.769231
4489.230769 4600.000000 4625.641026 4651.794872 4236.410256 4394.871795 4366.666667 4575.384615 4724.102564 4231.282051 4597.435897 4384.102564 4387.692308 4252.820513
4487.692308 4587.179487 4616.410256 4643.589744 4236.410256 4404.615385 4367.692308 4591.282051 4754.358974 4231.282051 4574.358974 4380.000000 4374.871795 4251.282051
4485.128205 4596.410256 4617.435897 4648.717949 4238.974359 4394.358974 4346.666667 4586.153846 4760.512821 4231.794872 4570.256410 4378.974359 4373.846154 4249.743590
4492.307692 4614.871795 4628.205128 4658.974359 4234.871795 4396.410256 4343.076923 4580.000000 4738.461538 4232.820513 4598.461538 4385.641026 4395.384615 4249.230769
4492.307692 4592.820513 4622.051282 4646.666667 4235.384615 4423.076923 4363.589744 4592.307692 4769.230769 4231.794872 4603.076923 4392.307692 4399.487179 4250.769231
4489.743590 4586.666667 4620.000000 4646.666667 4238.974359 4425.641026 4370.769231 4612.307692 4798.974359 4231.794872 4595.384615 4394.358974 4389.743590 4249.743590
4497.948718 4616.923077 4629.230769 4664.615385 4240.512821 4413.333333 4361.538462 4617.435897 4784.102564 4232.820513 4605.128205 4394.871795 4400.512821 4249.743590
4505.641026 4627.179487 4626.666667 4663.589744 4238.974359 4424.102564 4361.538462 4600.000000 4796.410256 4232.307692 4618.461538 4392.820513 4418.461538 4251.282051
4500.512821 4607.179487 4614.871795 4644.102564 4235.897436 4443.589744 4368.205128 4579.487179 4808.205128 4230.769231 4606.666667 4383.589744 4402.564103 4249.230769
4497.435897 4598.974359 4614.358974 4642.564103 4237.948718 4430.256410 4373.333333 4590.769231 4792.820513 4232.307692 4583.076923 4387.179487 4381.025641 4250.256410
4500.000000 4613.333333 4618.974359 4654.871795 4240.000000 4419.487179 4371.794872 4616.923077 4808.717949 4232.307692 4587.692308 4391.794872 4393.846154 4251.794872
4482.051282 4603.589744 4603.076923 4643.076923 4241.538462 4434.871795 4367.692308 4616.410256 4839.487179 4231.794872 4592.307692 4380.000000 4400.000000 4250.256410
4461.025641 4569.743590 4587.179487 4618.974359 4242.564103 4442.564103 4373.846154 4600.000000 4825.128205 4232.820513 4566.153846 4372.820513 4378.974359 4247.692308
4463.076923 4560.000000 4588.205128 4613.333333 4236.410256 4441.538462 4379.487179 4588.205128 4786.153846 4231.794872 4551.794872 4371.282051 4370.256410 4247.692308
4461.538462 4567.179487 4582.564103 4620.512821 4236.923077 4426.666667 4368.205128 4576.923077 4781.025641 4230.769231 4559.487179 4372.307692 4382.051282 4253.333333
4448.205128 4566.153846 4572.820513 4620.000000 4240.000000 4415.384615 4359.487179 4573.333333 4803.076923 4231.794872 4557.435897 4371.794872 4384.102564 4252.307692
4450.769231 4562.051282 4580.512821 4615.384615 4237.948718 4441.538462 4372.820513 4590.769231 4810.256410 4232.307692 4554.871795 4377.435897 4383.589744 4250.769231
4468.717949 4573.333333 4595.384615 4619.487179 4241.025641 4478.461538 4388.717949 4608.205128 4822.564103 4231.282051 4577.948718 4389.743590 4397.435897 4254.358974
4475.897436 4587.179487 4594.871795 4623.589744 4241.025641 4478.974359 4387.179487 4618.974359 4862.564103 4231.282051 4591.282051 4389.743590 4404.615385 4250.769231
4464.615385 4579.487179 4583.076923 4621.025641 4238.974359 4461.538462 4379.487179 4617.435897 4869.230769 4232.820513 4568.717949 4382.564103 4393.333333 4246.666667
4462.564103 4577.435897 4587.179487 4621.538462 4237.948718 4465.128205 4378.974359 4611.794872 4847.179487 4233.333333 4557.435897 4383.589744 4391.794872 4246.153846
4470.769231 4576.410256 4594.358974 4614.871795 4236.410256 4485.128205 4382.051282 4625.641026 4852.307692 4232.820513 4572.820513 4385.128205 4402.564103 4245.641026
4466.666667 4562.564103 4588.205128 4604.102564 4239.487179 4496.410256 4379.487179 4635.384615 4859.487179 4233.333333 4576.410256 4386.153846 4405.641026 4250.769231
4462.564103 4572.307692 4588.717949 4610.769231 4238.461538 4493.846154 4376.410256 4625.128205 4866.666667 4233.333333 4567.179487 4387.692308 4402.564103 4253.333333
4465.128205 4581.025641 4592.820513 4618.974359 4237.435897 4488.717949 4380.512821 4617.948718 4876.923077 4232.820513 4555.897436 4387.179487 4397.948718 4252.307692
4477.948718 4574.358974 4597.435897 4618.461538 4241.538462 4490.769231 4389.743590 4637.435897 4883.076923 4232.307692 4563.589744 4390.769231 4405.128205 4253.846154
4479.487179 4565.641026 4591.794872 4609.743590 4240.512821 4491.794872 4384.102564 4629.743590 4872.820513 4232.307692 4574.871795 4390.769231 4407.692308 4254.358974
4463.589744 4558.461538 4574.871795 4600.512821 4238.974359 4491.794872 4373.846154 4583.076923 4830.256410 4232.820513 4558.461538 4388.205128 4396.410256 4251.282051
4471.794872 4572.307692 4576.923077 4605.641026 4240.000000 4493.846154 4384.615385 4597.948718 4844.102564 4233.333333 4560.000000 4391.794872 4403.076923 4249.743590
4492.820513 4584.615385 4589.230769 4612.307692 4240.512821 4493.846154 4392.820513 4643.589744 4909.230769 4231.794872 4583.076923 4397.435897 4419.487179 4254.871795
4480.000000 4562.564103 4578.974359 4596.923077 4238.461538 4502.051282 4385.128205 4627.692308 4894.358974 4230.256410 4570.769231 4394.358974 4412.307692 4255.384615
4463.589744 4549.230769 4564.102564 4588.717949 4234.358974 4503.076923 4385.641026 4595.897436 4837.948718 4232.307692 4547.692308 4386.153846 4401.025641 4250.769231
4475.897436 4567.179487 4571.282051 4602.564103 4238.974359 4493.333333 4395.897436 4605.128205 4854.871795 4233.846154 4563.589744 4392.307692 4413.333333 4256.410256
4477.435897 4564.102564 4575.384615 4593.333333 4242.051282 4505.641026 4398.974359 4613.846154 4896.923077 4231.794872 4576.410256 4394.871795 4414.358974 4257.435897
4467.692308 4552.307692 4566.153846 4581.025641 4238.974359 4519.487179 4392.820513 4595.897436 4885.641026 4231.794872 4556.923077 4387.179487 4401.538462 4252.820513
4472.307692 4562.051282 4561.538462 4592.307692 4239.487179 4516.410256 4390.256410 4593.846154 4871.794872 4232.307692 4548.717949 4387.692308 4408.205128 4251.794872
4474.358974 4556.410256 4556.923077 4588.717949 4237.948718 4515.384615 4392.820513 4617.435897 4883.589744 4231.282051 4565.641026 4389.230769 4417.948718 4250.256410
4462.564103 4537.948718 4552.820513 4574.871795 4241.025641 4513.846154 4392.307692 4621.025641 4888.717949 4231.794872 4560.000000 4387.692308 4407.692308 4251.282051
4448.717949 4530.769231 4539.487179 4569.230769 4243.076923 4504.102564 4390.256410 4609.230769 4878.461538 4231.282051 4528.205128 4376.923077 4385.641026 4250.256410
4437.435897 4523.076923 4520.512821 4561.538462 4240.512821 4493.333333 4382.564103 4598.974359 4860.512821 4230.769231 4515.384615 4370.256410 4377.435897 4249.230769
4436.410256 4520.512821 4521.025641 4562.564103 4241.025641 4488.717949 4374.871795 4569.743590 4848.205128 4232.307692 4524.615385 4375.897436 4386.153846 4249.743590
4443.076923 4524.615385 4530.256410 4567.179487 4238.461538 4504.102564 4380.000000 4556.923077 4851.282051 4233.333333 4527.692308 4375.897436 4390.769231 4250.256410
4440.000000 4510.769231 4525.641026 4557.948718 4241.025641 4520.512821 4390.769231 4572.307692 4853.333333 4233.333333 4518.461538 4373.333333 4385.641026 4253.846154
4429.743590 4496.923077 4513.333333 4546.153846 4244.102564 4506.153846 4387.179487 4572.307692 4846.666667 4231.794872 4508.717949 4368.717949 4378.974359 4248.717949
4421.025641 4502.051282 4503.076923 4548.205128 4240.512821 4483.589744 4375.897436 4553.846154 4846.153846 4231.794872 4493.333333 4364.615385 4369.230769 4244.615385
4418.974359 4500.000000 4504.102564 4553.333333 4240.512821 4497.948718 4381.025641 4549.230769 4832.307692 4232.307692 4493.333333 4368.205128 4373.333333 4248.205128
4423.076923 4493.333333 4512.820513 4548.717949 4241.538462 4523.076923 4388.717949 4560.000000 4812.307692 4233.846154 4511.794872 4370.256410 4388.717949 4248.717949
4417.435897 4490.769231 4503.076923 4542.051282 4241.025641 4515.897436 4385.641026 4563.589744 4826.666667 4232.820513 4494.871795 4367.692308 4378.461538 4248.717949
4414.871795 4490.256410 4490.769231 4537.948718 4237.948718 4506.666667 4383.589744 4571.282051 4848.717949 4231.794872 4476.410256 4366.666667 4366.666667 4248.205128
4422.051282 4485.128205 4494.871795 4535.384615 4236.410256 4509.230769 4381.538462 4573.333333 4840.000000 4232.820513 4493.333333 4367.692308 4375.384615 4245.128205
4423.076923 4483.589744 4493.333333 4537.435897 4241.025641 4498.461538 4374.871795 4554.358974 4832.820513 4233.846154 4497.435897 4367.179487 4380.512821 4243.076923
4426.666667 4503.589744 4488.205128 4543.589744 4239.487179 4491.794872 4373.333333 4554.871795 4854.871795 4232.820513 4486.153846 4365.128205 4376.410256 4243.589744
4433.333333 4509.230769 4489.230769 4543.076923 4237.435897 4509.743590 4381.538462 4580.512821 4863.589744 4231.794872 4488.205128 4368.717949 4379.487179 4247.179487
4428.205128 4491.794872 4484.615385 4534.358974 4242.564103 4522.051282 4383.076923 4575.384615 4853.846154 4232.307692 4493.333333 4370.256410 4385.128205 4247.179487
4422.051282 4493.846154 4476.410256 4534.358974 4242.564103 4507.692308 4374.358974 4541.025641 4841.538462 4232.307692 4482.051282 4361.538462 4381.538462 4246.666667
4416.410256 4491.794872 4468.205128 4530.769231 4240.000000 4492.820513 4373.846154 4527.179487 4814.358974 4231.794872 4462.051282 4355.384615 4374.358974 4250.256410
4401.538462 4465.641026 4451.794872 4507.179487 4238.461538 4500.512821 4376.923077 4533.333333 4803.589744 4230.769231 4448.717949 4350.256410 4363.076923 4244.102564
4392.307692 4457.435897 4445.641026 4501.538462 4241.025641 4501.538462 4372.307692 4540.512821 4805.128205 4231.282051 4449.743590 4349.743590 4358.461538 4239.487179
4405.641026 4479.487179 4461.538462 4523.076923 4241.538462 4491.794872 4375.384615 4548.717949 4802.564103 4231.794872 4462.051282 4360.000000 4370.769231 4243.589744
4413.333333 4481.538462 4466.153846 4522.564103 4239.487179 4513.846154 4386.153846 4545.641026 4824.102564 4231.282051 4470.769231 4361.538462 4383.589744 4244.102564
4404.615385 4465.641026 4453.846154 4509.230769 4242.564103 4532.307692 4386.666667 4536.923077 4845.128205 4231.794872 4464.102564 4357.435897 4379.487179 4244.615385
4401.538462 4473.846154 4450.256410 4516.410256 4241.025641 4506.153846 4377.435897 4538.461538 4814.358974 4232.307692 4452.307692 4353.846154 4368.717949 4242.564103
4400.512821 4472.307692 4446.153846 4519.487179 4237.948718 4498.461538 4376.923077 4530.769231 4773.333333 4230.769231 4445.641026 4350.256410 4364.615385 4239.487179
4394.358974 4447.692308 4435.384615 4503.589744 4241.538462 4522.051282 4384.615385 4510.256410 4782.051282 4229.743590 4442.564103 4348.717949 4364.615385 4240.512821
4391.282051 4449.743590 4433.846154 4503.076923 4240.000000 4514.358974 4385.641026 4506.153846 4796.923077 4231.282051 4443.589744 4345.128205 4364.615385 4244.615385
4385.128205 4451.794872 4432.820513 4508.717949 4241.025641 4491.282051 4382.051282 4511.282051 4785.128205 4232.307692 4436.923077 4344.102564 4360.512821 4245.641026
4392.307692 4446.153846 4436.410256 4506.153846 4243.589744 4501.025641 4383.589744 4519.487179 4795.384615 4231.794872 4438.461538 4347.179487 4361.025641 4240.512821
4407.179487 4454.871795 4441.025641 4507.692308 4240.000000 4516.923077 4387.692308 4527.692308 4810.256410 4231.282051 4449.743590 4349.743590 4370.769231 4243.589744
4398.461538 4447.692308 4430.769231 4500.512821 4240.512821 4510.256410 4386.666667 4515.897436 4770.769231 4231.794872 4440.000000 4346.666667 4368.717949 4246.153846
4387.692308 4438.461538 4423.589744 4489.230769 4243.076923 4501.025641 4385.128205 4498.974359 4743.589744 4232.307692 4430.769231 4342.564103 4362.051282 4241.538462
4385.641026 4451.282051 4422.564103 4493.333333 4243.589744 4501.538462 4387.179487 4489.743590 4779.487179 4230.769231 4428.717949 4341.538462 4363.589744 4243.076923
4374.871795 4450.769231 4408.205128 4489.230769 4240.512821 4505.128205 4385.641026 4487.179487 4792.307692 4229.230769 4411.794872 4333.333333 4354.358974 4243.076923
4370.769231 4437.948718 4397.948718 4475.384615 4237.435897 4504.102564 4385.128205 4491.282051 4762.051282 4231.282051 4404.615385 4331.794872 4348.205128 4242.051282
4388.205128 4449.743590 4413.846154 4479.487179 4241.025641 4502.051282 4392.307692 4496.410256 4766.153846 4232.820513 4430.256410 4345.641026 4368.205128 4244.615385
4399.487179 4460.000000 4425.641026 4482.564103 4241.025641 4505.128205 4397.948718 4496.410256 4782.564103 4231.794872 4446.666667 4349.230769 4378.974359 4244.615385
4388.717949 4444.615385 4412.307692 4470.256410 4242.051282 4502.564103 4387.179487 4477.435897 4758.974359 4231.794872 4429.743590 4341.538462 4367.692308 4245.128205
4389.230769 4456.923077 4409.743590 4481.538462 4242.051282 4495.897436 4375.384615 4462.564103 4742.051282 4232.307692 4417.948718 4338.461538 4366.153846 4247.692308
4396.410256 4472.307692 4418.461538 4492.820513 4237.948718 4493.333333 4377.948718 4462.051282 4742.564103 4230.256410 4417.435897 4341.025641 4366.666667 4248.717949
4380.512821 4436.923077 4403.076923 4465.641026 4238.974359 4497.948718 4380.512821 4457.435897 4746.666667 4230.256410 4414.871795 4342.051282 4362.051282 4246.666667
4367.692308 4416.410256 4383.076923 4445.641026 4238.974359 4502.564103 4374.871795 4451.794872 4763.076923 4232.307692 4409.230769 4332.307692 4364.102564 4241.538462
4378.461538 4440.512821 4391.282051 4462.564103 4240.000000 4486.153846 4373.333333 4450.769231 4758.974359 4232.820513 4397.435897 4331.794872 4364.615385 4244.102564
4390.769231 4450.256410 4408.205128 4472.307692 4242.051282 4479.487179 4384.102564 4462.564103 4745.128205 4231.794872 4405.641026 4342.051282 4370.769231 4247.179487
4385.128205 4428.717949 4398.461538 4458.974359 4242.051282 4494.358974 4385.128205 4469.230769 4741.538462 4231.282051 4424.102564 4340.512821 4379.487179 4244.102564
4376.923077 4417.948718 4386.153846 4455.897436 4245.641026 4501.025641 4379.487179 4458.974359 4733.333333 4230.769231 4412.307692 4335.384615 4372.307692 4245.128205
4387.692308 4435.897436 4399.487179 4462.564103 4241.538462 4502.051282 4385.641026 4457.948718 4737.435897 4230.769231 4399.487179 4339.487179 4367.692308 4245.641026
4402.564103 4447.692308 4412.820513 4462.564103 4238.974359 4504.615385 4392.820513 4466.153846 4755.384615 4232.820513 4414.871795 4347.692308 4381.538462 4248.205128
4403.589744 4438.461538 4411.794872 4452.820513 4243.076923 4507.179487 4392.820513 4466.153846 4753.846154 4231.794872 4419.487179 4346.153846 4384.615385 4248.205128
4400.000000 4437.948718 4410.256410 4452.820513 4240.512821 4501.538462 4395.384615 4460.000000 4736.410256 4230.256410 4416.410256 4343.076923 4380.512821 4246.666667
4416.923077 4468.717949 4424.615385 4474.358974 4240.000000 4495.897436 4409.743590 4470.256410 4731.282051 4231.794872 4435.384615 4357.435897 4397.435897 4250.769231
4439.487179 4487.692308 4441.538462 4480.000000 4242.564103 4517.435897 4426.666667 4501.538462 4748.717949 4232.820513 4454.358974 4366.666667 4412.307692 4249.743590
4432.820513 4466.153846 4437.435897 4459.487179 4241.025641 4536.410256 4427.179487 4511.282051 4747.179487 4232.307692 4444.102564 4356.923077 4406.666667 4248.717949
4423.076923 4460.512821 4431.794872 4452.307692 4241.538462 4531.794872 4422.564103 4498.974359 4709.743590 4232.307692 4441.538462 4355.384615 4409.230769 4252.307692
4432.820513 4481.538462 4437.948718 4462.564103 4242.051282 4537.948718 4431.282051 4506.153846 4695.384615 4232.820513 4456.410256 4362.051282 4419.487179 4251.794872
4438.974359 4484.615385 4440.512821 4464.615385 4243.589744 4544.615385 4434.871795 4511.282051 4702.564103 4232.820513 4456.923077 4364.102564 4418.974359 4252.307692
4438.974359 4480.512821 4436.923077 4456.923077 4241.538462 4536.410256 4430.769231 4507.179487 4688.205128 4231.282051 4448.717949 4358.974359 4411.282051 4253.846154
4442.051282 4485.641026 4439.487179 4449.230769 4238.974359 4535.897436 4437.435897 4514.871795 4681.538462 4231.282051 4443.076923 4357.948718 4409.230769 4254.358974
4446.666667 4488.717949 4444.615385 4445.128205 4240.512821 4537.435897 4443.076923 4518.974359 4695.897436 4231.794872 4452.307692 4364.102564 4420.000000 4253.846154
4454.871795 4491.282051 4446.153846 4442.564103 4237.948718 4540.512821 4437.435897 4510.769231 4689.230769 4231.794872 4474.358974 4367.692308 4435.384615 4251.282051
4458.461538 4487.179487 4444.102564 4436.410256 4238.974359 4552.307692 4440.000000 4511.794872 4668.717949 4232.820513 4480.512821 4372.307692 4441.538462 4254.871795
4455.384615 4482.564103 4436.923077 4434.871795 4240.512821 4555.897436 4448.717949 4524.615385 4685.641026 4233.333333 4480.512821 4369.230769 4443.076923 4254.871795
4455.384615 4489.743590 4431.282051 4444.102564 4237.948718 4548.205128 4448.205128 4523.589744 4713.333333 4231.794872 4481.025641 4362.051282 4443.589744 4254.358974
4464.102564 4492.820513 4436.923077 4447.179487 4240.512821 4556.410256 4448.205128 4517.948718 4720.000000 4232.820513 4473.333333 4366.666667 4444.615385 4259.487179
4473.333333 4494.871795 4442.564103 4441.025641 4239.487179 4576.923077 4451.794872 4531.282051 4735.384615 4234.358974 4470.256410 4370.256410 4447.692308 4261.538462
4484.102564 4518.461538 4445.641026 4457.948718 4238.974359 4581.538462 4457.948718 4540.512821 4718.974359 4232.820513 4484.615385 4373.846154 4459.487179 4262.051282
4487.179487 4532.820513 4444.102564 4463.589744 4240.512821 4578.974359 4463.076923 4531.282051 4678.461538 4230.769231 4494.358974 4376.410256 4465.128205 4259.487179
4473.846154 4508.205128 4434.358974 4432.820513 4238.974359 4578.461538 4460.000000 4524.102564 4692.820513 4230.256410 4484.615385 4372.307692 4453.846154 4254.871795
4466.153846 4495.897436 4430.256410 4423.589744 4241.538462 4576.410256 4462.051282 4536.923077 4741.025641 4231.794872 4478.461538 4372.307692 4451.282051 4255.897436
4467.179487 4514.871795 4431.282051 4436.923077 4241.538462 4571.794872 4464.615385 4544.615385 4722.564103 4231.282051 4480.000000 4367.179487 4460.000000 4256.410256
4459.487179 4510.256410 4423.589744 4431.282051 4242.051282 4560.000000 4457.948718 4523.076923 4664.102564 4231.282051 4473.846154 4360.000000 4456.923077 4257.435897
4460.512821 4506.666667 4424.615385 4428.205128 4242.564103 4561.025641 4456.923077 4528.205128 4683.076923 4233.333333 4478.461538 4365.641026 4454.871795 4258.461538
4468.717949 4538.974359 4434.871795 4440.512821 4239.487179 4571.282051 4458.974359 4556.923077 4722.051282 4233.333333 4495.384615 4376.410256 4463.589744 4261.538462
4452.307692 4541.538462 4424.615385 4432.307692 4240.512821 4566.666667 4450.256410 4536.923077 4676.410256 4231.282051 4482.564103 4370.769231 4453.333333 4259.487179
4431.794872 4528.717949 4413.333333 4422.051282 4240.000000 4559.487179 4441.025641 4516.410256 4646.666667 4231.282051 4469.230769 4358.974359 4442.051282 4252.820513
4446.666667 4571.282051 4428.205128 4441.025641 4239.487179 4576.923077 4443.076923 4557.948718 4709.230769 4233.333333 4488.717949 4371.282051 4461.538462 4256.410256
4462.564103 4609.743590 4431.282051 4453.333333 4241.025641 4597.435897 4438.974359 4589.230769 4726.153846 4232.307692 4495.897436 4378.461538 4464.615385 4256.923077
4447.692308 4590.769231 4413.846154 4443.076923 4240.512821 4580.000000 4415.897436 4561.025641 4660.000000 4231.282051 4481.025641 4365.641026 4443.076923 4250.769231
4423.076923 4572.307692 4403.589744 4424.102564 4244.615385 4551.794872 4393.333333 4539.487179 4652.820513 4231.282051 4466.666667 4360.000000 4434.358974 4252.307692
4415.897436 4582.051282 4400.000000 4425.128205 4242.051282 4542.564103 4386.153846 4544.615385 4678.461538 4231.794872 4457.435897 4357.435897 4431.282051 4252.307692
4429.230769 4598.461538 4396.923077 4463.589744 4237.435897 4547.179487 4387.179487 4554.871795 4683.589744 4232.820513 4463.076923 4362.051282 4430.256410 4251.794872
4407.692308 4586.153846 4367.179487 4450.769231 4240.512821 4511.794872 4355.897436 4526.153846 4647.692308 4231.282051 4444.615385 4352.307692 4408.205128 4246.666667
4389.230769 4600.000000 4363.076923 4405.641026 4241.025641 4486.666667 4336.923077 4497.435897 4565.128205 4230.769231 4436.410256 4350.256410 4401.025641 4250.256410
4546.153846 4795.384615 4520.512821 4520.000000 4241.538462 4672.820513 4442.564103 4668.205128 4704.102564 4234.358974 4592.307692 4446.153846 4525.641026 4281.025641
4783.589744 5078.461538 4741.025641 4709.743590 4240.512821 4954.871795 4581.025641 4955.897436 5101.025641 4235.897436 4827.692308 4560.000000 4698.461538 4307.179487
4826.153846 5153.333333 4800.000000 4726.153846 4241.025641 5017.435897 4585.128205 5016.410256 5236.410256 4232.820513 4878.461538 4557.435897 4726.153846 4311.794872
4750.769231 5083.589744 4765.641026 4650.256410 4245.128205 4940.512821 4528.717949 4918.461538 5071.282051 4230.769231 4801.538462 4512.307692 4668.205128 4307.692308
4764.615385 5107.179487 4785.641026 4653.846154 4242.051282 4937.435897 4520.512821 4931.794872 5052.307692 4231.794872 4800.000000 4517.948718 4669.743590 4302.051282
4778.461538 5136.923077 4787.692308 4661.025641 4243.076923 4931.282051 4506.153846 4943.076923 5111.282051 4232.307692 4805.128205 4518.974359 4670.769231 4301.538462
4740.512821 5089.743590 4750.256410 4630.256410 4244.102564 4884.615385 4472.820513 4875.897436 5065.641026 4231.794872 4764.615385 4500.512821 4640.000000 4301.538462
4736.923077 5074.358974 4746.666667 4625.128205 4243.589744 4883.589744 4468.205128 4870.256410 5047.692308 4232.307692 4757.435897 4505.641026 4634.358974 4299.487179
4738.974359 5086.153846 4743.589744 4628.205128 4248.205128 4879.487179 4464.102564 4889.230769 5041.025641 4232.820513 4757.435897 4504.102564 4632.820513 4298.461538
4730.256410 5083.076923 4733.333333 4628.205128 4246.153846 4856.923077 4459.487179 4887.692308 5031.282051 4231.794872 4746.153846 4492.820513 4626.153846 4299.487179
4734.358974 5070.256410 4736.410256 4633.846154 4243.076923 4849.743590 4469.743590 4890.769231 5069.230769 4230.769231 4740.000000 4495.897436 4625.128205 4301.025641
4740.000000 5060.512821 4736.923077 4634.358974 4245.641026 4860.512821 4480.000000 4902.564103 5089.230769 4231.282051 4740.000000 4499.487179 4622.564103 4299.487179
4734.871795 5050.256410 4724.102564 4630.256410 4247.692308 4860.000000 4475.897436 4905.128205 5053.333333 4230.769231 4741.538462 4493.846154 4617.435897 4299.487179
4722.051282 5028.717949 4709.743590 4621.025641 4247.179487 4824.615385 4457.948718 4859.487179 5020.512821 4230.256410 4736.410256 4486.666667 4613.846154 4297.435897
4711.282051 5018.974359 4701.538462 4615.384615 4242.051282 4794.871795 4438.974359 4800.512821 5015.384615 4231.794872 4722.051282 4479.487179 4602.051282 4291.282051
4706.666667 5021.538462 4696.923077 4617.435897 4242.051282 4778.974359 4421.025641 4798.461538 5033.846154 4232.307692 4706.666667 4480.512821 4591.282051 4294.871795
4708.205128 5016.923077 4694.871795 4612.307692 4244.615385 4766.666667 4406.666667 4824.615385 5051.282051 4231.794872 4709.743590 4484.615385 4600.000000 4298.974359
4696.410256 4993.846154 4679.487179 4589.743590 4244.102564 4767.692308 4401.025641 4816.923077 5006.153846 4232.307692 4707.179487 4477.435897 4596.410256 4294.358974
4688.205128 4987.692308 4667.179487 4582.564103 4245.641026 4773.846154 4414.871795 4819.487179 4977.435897 4232.307692 4694.871795 4475.897436 4584.102564 4291.794872
4703.076923 5007.179487 4675.897436 4595.384615 4244.615385 4764.615385 4424.615385 4834.871795 5001.538462 4231.282051 4698.974359 4478.974359 4590.256410 4293.846154
4698.461538 4983.589744 4666.666667 4590.256410 4246.153846 4748.717949 4412.820513 4807.692308 4969.743590 4231.282051 4690.769231 4472.820513 4591.794872 4295.897436
4687.179487 4958.461538 4652.307692 4582.051282 4245.641026 4749.743590 4416.410256 4811.794872 4950.256410 4231.794872 4675.897436 4473.333333 4583.589744 4293.333333
4698.461538 4967.179487 4656.923077 4592.820513 4242.564103 4747.179487 4426.666667 4830.769231 4973.846154 4230.769231 4688.205128 4477.948718 4585.641026 4291.794872
4690.769231 4941.538462 4644.102564 4588.717949 4246.666667 4730.769231 4424.102564 4790.256410 4939.487179 4231.282051 4686.666667 4473.333333 4581.538462 4294.358974
4674.358974 4916.923077 4627.179487 4578.974359 4246.666667 4723.589744 4433.333333 4775.897436 4923.589744 4232.820513 4667.179487 4467.179487 4569.230769 4293.333333
4689.230769 4932.820513 4633.333333 4586.153846 4245.641026 4717.948718 4440.512821 4795.384615 4972.307692 4231.794872 4667.179487 4470.769231 4574.358974 4295.384615
4698.461538 4924.615385 4625.128205 4582.564103 4247.692308 4714.871795 4421.538462 4760.000000 4932.820513 4230.769231 4665.641026 4467.179487 4575.897436 4293.846154
4683.589744 4888.717949 4603.076923 4568.717949 4246.666667 4710.769231 4414.358974 4727.692308 4854.871795 4231.794872 4653.846154 4455.897436 4569.230769 4290.256410
4675.897436 4877.948718 4600.000000 4571.282051 4245.641026 4692.307692 4427.179487 4746.666667 4871.794872 4232.820513 4653.846154 4458.461538 4576.410256 4293.846154
4677.948718 4881.538462 4598.974359 4578.461538 4244.615385 4687.179487 4423.589744 4752.307692 4895.897436 4231.282051 4653.333333 4461.538462 4577.948718 4293.333333
4680.000000 4881.025641 4597.435897 4586.666667 4247.692308 4660.512821 4418.974359 4738.461538 4874.871795 4231.282051 4637.435897 4462.051282 4566.666667 4293.333333
4681.025641 4874.358974 4602.051282 4586.153846 4250.769231 4580.000000 4431.282051 4735.384615 4860.512821 4231.282051 4641.025641 4466.153846 4568.717949 4294.871795
4670.769231 4853.846154 4588.717949 4571.282051 4246.666667 4525.128205 4445.128205 4746.153846 4872.820513 4231.794872 4652.307692 4462.051282 4573.846154 4293.333333
4665.641026 4851.282051 4580.000000 4577.435897 4247.692308 4528.717949 4456.410256 4756.923077 4883.076923 4231.794872 4642.564103 4461.025641 4571.282051 4295.384615
4673.846154 4863.589744 4591.794872 4591.282051 4249.743590 4535.897436 4454.358974 4752.307692 4885.128205 4230.256410 4638.974359 4461.538462 4572.307692 4295.897436
4669.743590 4840.512821 4583.076923 4573.846154 4249.230769 4529.230769 4437.948718 4734.871795 4873.333333 4231.282051 4639.487179 4459.487179 4572.820513 4295.384615
4663.076923 4813.846154 4563.589744 4557.948718 4250.769231 4528.205128 4433.846154 4722.051282 4838.461538 4232.307692 4628.717949 4457.948718 4570.769231 4293.846154
4669.230769 4816.410256 4563.076923 4562.051282 4246.666667 4530.769231 4438.461538 4716.923077 4813.846154 4230.769231 4623.589744 4452.820513 4567.692308 4291.282051
4673.333333 4818.974359 4567.179487 4566.666667 4247.179487 4525.128205 4440.512821 4711.282051 4819.487179 4230.769231 4637.948718 4456.923077 4571.794872 4294.358974
4676.923077 4817.948718 4568.205128 4570.256410 4249.743590 4502.051282 4450.256410 4720.512821 4840.000000 4231.794872 4656.410256 4465.641026 4582.564103 4294.871795
4673.333333 4810.769231 4563.589744 4569.743590 4248.717949 4471.282051 4457.435897 4728.717949 4845.128205 4230.769231 4641.025641 4462.051282 4569.743590 4292.307692
4667.692308 4801.538462 4556.410256 4564.615385 4250.769231 4465.128205 4457.435897 4722.051282 4838.974359 4230.769231 4613.333333 4459.487179 4548.205128 4292.820513
4678.461538 4812.820513 4563.076923 4571.794872 4251.794872 4475.897436 4468.205128 4724.615385 4816.923077 4231.282051 4630.769231 4464.102564 4563.076923 4292.307692
4675.897436 4805.128205 4566.666667 4571.282051 4251.282051 4476.410256 4475.897436 4727.179487 4794.871795 4231.794872 4656.923077 4464.615385 4586.153846 4294.358974
4657.948718 4776.923077 4550.256410 4555.897436 4249.743590 4464.102564 4460.000000 4715.897436 4803.589744 4231.282051 4637.948718 4459.487179 4576.410256 4291.794872
4652.820513 4772.820513 4534.871795 4550.256410 4248.717949 4453.333333 4452.307692 4707.179487 4817.948718 4230.256410 4607.179487 4453.333333 4553.846154 4286.666667
4648.205128 4761.025641 4528.205128 4545.128205 4250.769231 4449.743590 4463.076923 4714.871795 4801.025641 4231.282051 4602.051282 4449.230769 4549.230769 4287.179487
4643.589744 4745.128205 4528.205128 4536.923077 4249.743590 4448.717949 4463.076923 4713.846154 4735.897436 4233.333333 4629.230769 4452.307692 4566.666667 4289.743590
4648.717949 4750.769231 4532.307692 4540.000000 4250.256410 4433.846154 4458.974359 4683.589744 4700.000000 4232.307692 4636.923077 4455.897436 4573.333333 4292.307692
4649.230769 4750.256410 4531.282051 4544.615385 4248.717949 4414.871795 4459.487179 4678.461538 4753.333333 4230.256410 4609.743590 4447.692308 4560.000000 4291.282051
4644.102564 4730.256410 4522.051282 4535.897436 4246.153846 4414.358974 4457.948718 4708.717949 4802.051282 4231.794872 4606.666667 4446.153846 4564.615385 4293.333333
4648.717949 4718.974359 4518.461538 4526.153846 4252.820513 4411.282051 4463.076923 4702.564103 4752.820513 4232.820513 4620.512821 4456.410256 4573.333333 4297.435897
4650.256410 4717.948718 4517.435897 4526.666667 4251.282051 4371.282051 4465.128205 4675.897436 4690.256410 4230.769231 4611.282051 4451.794872 4561.538462 4293.333333
4631.794872 4695.384615 4504.102564 4520.000000 4247.179487 4329.743590 4452.820513 4671.282051 4691.282051 4230.769231 4592.820513 4442.051282 4554.871795 4290.256410
4623.076923 4679.487179 4495.897436 4507.179487 4251.282051 4340.000000 4466.666667 4664.102564 4692.307692 4232.307692 4598.974359 4443.589744 4564.102564 4292.307692
4630.769231 4687.179487 4500.512821 4506.153846 4252.307692 4355.897436 4490.769231 4635.897436 4670.769231 4231.282051 4606.666667 4444.102564 4562.564103 4290.256410
4616.923077 4665.128205 4487.692308 4505.128205 4250.769231 4330.769231 4470.769231 4607.692308 4664.615385 4231.282051 4572.820513 4433.846154 4539.487179 4285.641026
4600.512821 4634.358974 4469.743590 4489.743590 4247.692308 4314.871795 4444.102564 4592.820513 4650.256410 4232.820513 4548.205128 4425.641026 4528.717949 4285.128205
4607.179487 4637.435897 4472.307692 4484.102564 4249.743590 4319.487179 4450.769231 4577.435897 4602.564103 4232.820513 4572.820513 4431.794872 4548.205128 4290.256410
4613.333333 4647.179487 4475.897436 4493.333333 4251.282051 4306.666667 4452.307692 4574.871795 4593.333333 4232.307692 4584.102564 4437.948718 4551.794872 4290.769231
4607.179487 4640.512821 4468.205128 4491.794872 4246.666667 4291.794872 4441.025641 4595.384615 4642.564103 4232.307692 4556.410256 4431.282051 4526.666667 4287.692308
4605.641026 4640.512821 4467.692308 4490.256410 4247.692308 4302.564103 4448.717949 4607.692308 4647.179487 4232.820513 4553.333333 4433.846154 4525.128205 4288.717949
4617.948718 4658.974359 4478.461538 4503.589744 4250.256410 4322.564103 4458.461538 4598.974359 4583.076923 4232.820513 4582.564103 4441.538462 4549.230769 4288.205128
4613.333333 4643.589744 4470.769231 4498.974359 4251.282051 4331.794872 4449.230769 4584.615385 4554.358974 4230.769231 4568.717949 4432.820513 4539.487179 4289.743590
4598.974359 4614.358974 4455.384615 4482.051282 4252.820513 4326.666667 4438.461538 4581.538462 4596.923077 4232.307692 4537.948718 4426.666667 4517.948718 4289.230769
4598.974359 4626.666667 4451.282051 4480.512821 4250.769231 4309.743590 4429.743590 4574.871795 4609.230769 4234.358974 4538.461538 4426.666667 4517.435897 4287.179487
4592.820513 4637.948718 4440.512821 4480.000000 4250.256410 4304.102564 4426.153846 4555.384615 4559.487179 4233.333333 4531.794872 4421.538462 4514.358974 4291.794872
4590.256410 4633.846154 4435.897436 4474.871795 4250.256410 4326.666667 4437.948718 4563.076923 4569.230769 4231.794872 4528.205128 4418.974359 4512.307692 4290.769231
4603.076923 4646.153846 4447.692308 4487.179487 4249.743590 4321.538462 4445.128205 4576.923077 4596.923077 4232.307692 4542.564103 4424.615385 4524.102564 4288.717949
4602.564103 4653.333333 4446.666667 4497.948718 4251.282051 4287.692308 4438.974359 4556.410256 4537.435897 4232.820513 4540.512821 4426.153846 4524.102564 4291.282051
4589.743590 4638.461538 4434.358974 4484.102564 4248.205128 4309.230769 4441.538462 4551.794872 4525.128205 4232.307692 4532.820513 4422.564103 4514.358974 4288.717949
4610.256410 4651.282051 4458.974359 4494.358974 4252.820513 4360.512821 4460.512821 4587.692308 4601.025641 4232.820513 4562.564103 4438.974359 4535.384615 4291.794872
4640.512821 4680.512821 4489.230769 4519.487179 4254.358974 4371.282051 4473.846154 4609.230769 4622.564103 4232.307692 4601.538462 4450.769231 4564.615385 4299.487179
4631.282051 4670.769231 4474.871795 4512.307692 4246.666667 4354.358974 4469.230769 4598.974359 4584.615385 4231.794872 4586.153846 4438.974359 4549.230769 4300.000000
4625.128205 4668.717949 4470.256410 4514.871795 4250.256410 4348.205128 4467.179487 4591.282051 4556.410256 4231.282051 4565.641026 4440.512821 4538.974359 4300.512821
4629.743590 4670.256410 4482.051282 4524.102564 4252.820513 4353.846154 4474.871795 4584.615385 4546.666667 4230.769231 4575.384615 4442.051282 4552.307692 4297.435897
4611.794872 4633.333333 4466.666667 4502.564103 4250.769231 4348.205128 4473.333333 4570.769231 4545.641026 4231.794872 4567.692308 4432.307692 4545.128205 4298.461538
4608.717949 4619.487179 4457.435897 4490.769231 4251.794872 4337.435897 4466.666667 4575.897436 4560.512821 4232.307692 4558.461538 4435.897436 4536.410256 4302.564103
4616.410256 4638.974359 4464.102564 4508.205128 4251.282051 4320.000000 4469.743590 4578.461538 4552.820513 4230.256410 4561.025641 4438.461538 4544.102564 4299.487179
4603.076923 4625.128205 4455.384615 4506.153846 4250.256410 4294.871795 4474.358974 4554.358974 4498.461538 4230.769231 4552.820513 4429.743590 4543.589744 4298.974359
4601.025641 4608.205128 4449.743590 4488.717949 4248.717949 4288.717949 4472.820513 4559.487179 4487.179487 4233.333333 4549.230769 4429.230769 4539.487179 4301.538462
4604.615385 4600.000000 4448.717949 4487.692308 4252.307692 4300.512821 4474.358974 4566.666667 4524.615385 4232.307692 4544.102564 4432.820513 4536.923077 4300.000000
4594.871795 4580.512821 4439.487179 4486.666667 4254.871795 4300.512821 4476.923077 4544.615385 4517.435897 4230.769231 4527.692308 4427.692308 4528.717949 4295.384615
4605.128205 4591.794872 4450.256410 4492.307692 4250.256410 4292.307692 4475.897436 4557.948718 4489.743590 4232.820513 4536.923077 4429.743590 4534.358974 4297.435897
4610.256410 4596.923077 4455.384615 4496.923077 4248.717949 4295.897436 4475.897436 4559.487179 4457.435897 4233.846154 4547.179487 4432.307692 4541.538462 4300.512821
4585.128205 4561.025641 4431.794872 4483.589744 4250.256410 4301.025641 4485.641026 4526.153846 4393.333333 4233.333333 4529.230769 4418.461538 4523.076923 4298.461538
4587.179487 4555.897436 4431.282051 4487.179487 4253.333333 4304.102564 4496.923077 4539.487179 4358.461538 4233.333333 4533.333333 4422.051282 4518.461538 4305.128205
4606.153846 4576.923077 4448.717949 4495.384615 4251.282051 4303.076923 4480.512821 4546.153846 4398.461538 4232.820513 4545.641026 4432.820513 4530.256410 4309.743590
4598.461538 4565.641026 4443.589744 4482.564103 4246.666667 4287.692308 4462.564103 4504.615385 4414.358974 4231.794872 4524.615385 4423.589744 4521.538462 4307.179487
4598.974359 4556.923077 4442.564103 4481.025641 4252.307692 4293.846154 4484.615385 4527.692308 4385.128205 4231.794872 4518.461538 4424.102564 4514.871795 4306.666667
4609.743590 4568.717949 4455.897436 4491.794872 4253.846154 4317.435897 4495.897436 4573.333333 4388.205128 4231.282051 4544.615385 4434.358974 4526.666667 4303.589744
4588.717949 4551.794872 4444.102564 4484.615385 4251.282051 4297.948718 4466.153846 4522.051282 4380.512821 4231.794872 4540.512821 4427.179487 4525.128205 4305.128205
4565.128205 4521.538462 4420.000000 4470.256410 4252.307692 4266.666667 4454.871795 4478.461538 4360.512821 4231.794872 4509.230769 4414.871795 4509.230769 4305.128205
4569.230769 4514.871795 4418.974359 4465.128205 4250.256410 4278.974359 4473.846154 4507.179487 4364.102564 4230.769231 4502.051282 4414.358974 4503.076923 4301.025641
4572.820513 4509.743590 4423.589744 4458.461538 4250.769231 4286.153846 4482.051282 4521.025641 4351.794872 4232.307692 4513.846154 4420.512821 4508.717949 4304.615385
4567.692308 4507.179487 4417.435897 4459.487179 4249.743590 4264.102564 4472.307692 4507.692308 4337.435897 4233.333333 4515.384615 4414.358974 4510.256410 4305.128205
4558.461538 4501.538462 4407.692308 4460.000000 4247.692308 4253.846154 4460.000000 4484.615385 4336.410256 4232.307692 4497.948718 4404.615385 4504.615385 4300.000000
4556.410256 4490.256410 4408.717949 4449.230769 4250.769231 4270.769231 4462.564103 4470.769231 4345.128205 4231.794872 4486.666667 4409.230769 4502.051282 4300.000000
4569.743590 4502.051282 4417.435897 4450.256410 4248.717949 4284.102564 4473.333333 4482.051282 4358.974359 4232.820513 4501.025641 4414.871795 4506.666667 4305.128205
4568.717949 4510.769231 4417.435897 4460.512821 4247.692308 4278.974359 4476.923077 4490.256410 4361.025641 4233.333333 4507.179487 4411.794872 4507.179487 4308.205128
4557.435897 4503.076923 4414.871795 4463.076923 4253.333333 4275.384615 4474.871795 4493.333333 4343.589744 4232.820513 4508.205128 4408.205128 4508.717949 4304.102564
4555.384615 4487.692308 4408.717949 4450.256410 4254.358974 4280.512821 4469.230769 4484.102564 4330.769231 4233.333333 4511.282051 4408.717949 4511.282051 4301.025641
4553.846154 4481.025641 4400.512821 4441.538462 4252.820513 4285.641026 4471.282051 4468.205128 4329.230769 4233.333333 4497.435897 4406.666667 4503.076923 4303.076923
4558.461538 4497.435897 4405.641026 4451.282051 4249.230769 4284.102564 4483.589744 4471.794872 4311.794872 4233.333333 4489.230769 4402.051282 4498.974359 4302.564103
4563.589744 4505.128205 4409.743590 4463.589744 4248.205128 4277.948718 4483.076923 4474.358974 4307.179487 4232.820513 4493.846154 4404.615385 4501.025641 4303.076923
4558.974359 4494.358974 4405.641026 4458.974359 4246.666667 4281.025641 4474.358974 4470.256410 4312.307692 4232.307692 4495.384615 4405.128205 4498.461538 4300.000000
4551.282051 4480.000000 4401.025641 4445.641026 4246.666667 4292.307692 4477.435897 4463.589744 4293.846154 4232.307692 4487.692308 4398.461538 4493.846154 4297.435897
4547.692308 4468.205128 4397.948718 4440.512821 4253.846154 4298.461538 4479.487179 4450.256410 4297.435897 4231.282051 4471.282051 4396.923077 4485.128205 4301.025641
4548.205128 4472.820513 4401.538462 4444.102564 4252.820513 4298.461538 4477.948718 4458.461538 4330.256410 4231.794872 4473.333333 4403.589744 4482.051282 4303.076923
4556.923077 4494.871795 4415.384615 4457.435897 4248.205128 4300.512821 4483.589744 4477.435897 4309.743590 4232.307692 4496.410256 4418.974359 4501.538462 4308.717949
4563.589744 4498.974359 4418.974359 4462.051282 4249.230769 4297.435897 4487.179487 4468.205128 4267.179487 4230.256410 4502.051282 4419.487179 4509.230769 4307.692308
4558.461538 4485.128205 4413.333333 4453.333333 4248.717949 4282.564103 4483.076923 4461.025641 4288.205128 4230.769231 4486.666667 4403.589744 4489.230769 4301.538462
4562.051282 4489.230769 4419.487179 4449.230769 4249.743590 4286.666667 4494.358974 4478.974359 4322.564103 4232.307692 4487.692308 4406.153846 4486.153846 4307.692308
4564.615385 4487.179487 4417.948718 4443.589744 4248.717949 4303.589744 4496.923077 4482.564103 4304.615385 4231.794872 4497.435897 4410.256410 4496.923077 4309.230769
4553.846154 4467.179487 4407.179487 4438.461538 4248.717949 4291.282051 4467.179487 4441.538462 4273.333333 4230.256410 4489.230769 4406.153846 4494.871795 4303.076923
4571.282051 4482.564103 4426.153846 4451.282051 4248.205128 4287.692308 4462.564103 4434.871795 4290.769231 4231.282051 4497.435897 4417.435897 4503.589744 4305.128205
4598.974359 4515.384615 4446.666667 4465.641026 4247.179487 4311.794872 4490.256410 4478.461538 4302.051282 4233.333333 4522.051282 4428.717949 4520.512821 4310.256410
4590.769231 4516.410256 4442.564103 4466.153846 4251.282051 4308.717949 4490.769231 4474.358974 4249.743590 4233.846154 4526.666667 4428.205128 4528.205128 4310.769231
4577.435897 4504.615385 4438.974359 4459.487179 4250.256410 4293.333333 4463.589744 4437.435897 4235.897436 4233.333333 4516.410256 4421.538462 4524.615385 4308.205128
4582.051282 4496.923077 4435.384615 4452.820513 4248.717949 4299.487179 4453.333333 4434.358974 4243.076923 4230.769231 4504.102564 4414.871795 4514.871795 4308.205128
4597.435897 4518.461538 4448.717949 4468.205128 4251.794872 4308.717949 4467.692308 4447.692308 4194.871795 4230.256410 4522.564103 4424.615385 4528.717949 4308.717949
4604.102564 4536.923077 4465.128205 4475.897436 4249.230769 4313.333333 4472.307692 4461.025641 4199.487179 4231.794872 4543.076923 4433.333333 4540.000000 4308.717949
4588.717949 4503.076923 4447.692308 4448.205128 4250.256410 4320.000000 4471.794872 4475.897436 4252.307692 4232.307692 4515.897436 4424.102564 4515.384615 4306.666667
4588.717949 4497.435897 4440.512821 4439.487179 4249.230769 4334.358974 4485.641026 4478.461538 4240.512821 4232.307692 4497.435897 4420.000000 4505.641026 4304.615385
4605.128205 4536.923077 4463.589744 4463.589744 4248.717949 4329.230769 4481.538462 4466.153846 4204.102564 4232.307692 4520.512821 4430.256410 4526.666667 4310.256410
4599.487179 4542.564103 4467.692308 4464.615385 4252.307692 4298.974359 4445.128205 4456.923077 4198.974359 4232.307692 4527.692308 4430.256410 4533.846154 4312.307692
4601.025641 4536.923077 4464.615385 4456.410256 4250.256410 4293.333333 4428.205128 4471.282051 4216.410256 4231.794872 4518.974359 4427.179487 4529.743590 4309.230769
4623.076923 4554.358974 4482.051282 4471.794872 4249.230769 4307.179487 4449.230769 4490.769231 4223.589744 4231.794872 4527.179487 4438.461538 4546.153846 4313.846154
