4309.230769 4998.461538 4311.282051 4554.358974 4237.948718 4365.128205 4345.641026 4362.564103 4334.871795 4228.717949 4299.487179 4332.307692 4265.128205 4247.692308
4328.717949 4990.256410 4322.564103 4562.051282 4231.282051 4388.205128 4367.692308 4382.051282 4361.538462 4226.153846 4304.615385 4350.769231 4287.692308 4251.794872
4322.564103 4971.794872 4322.564103 4564.102564 4236.410256 4380.000000 4360.512821 4387.692308 4366.153846 4221.538462 4293.333333 4344.615385 4285.641026 4256.923077
4304.615385 4944.102564 4310.769231 4550.769231 4236.923077 4368.205128 4350.256410 4378.461538 4351.282051 4225.641026 4287.692308 4330.256410 4276.410256 4248.717949
4306.666667 4927.179487 4312.820513 4548.205128 4237.435897 4375.384615 4351.794872 4373.846154 4351.794872 4235.384615 4293.333333 4338.461538 4290.256410 4251.282051
4307.692308 4904.615385 4313.846154 4545.641026 4236.923077 4373.846154 4346.153846 4368.717949 4353.846154 4231.282051 4304.615385 4343.076923 4278.461538 4250.769231
4301.025641 4878.461538 4307.179487 4536.923077 4235.384615 4364.615385 4341.025641 4365.641026 4349.230769 4222.564103 4310.769231 4335.897436 4261.025641 4246.666667
4303.076923 4862.564103 4307.692308 4529.743590 4239.487179 4361.025641 4343.076923 4367.179487 4345.641026 4223.589744 4287.692308 4328.205128 4274.358974 4251.282051
4304.102564 4844.102564 4304.615385 4510.256410 4234.871795 4361.025641 4337.435897 4363.589744 4337.948718 4230.256410 4272.307692 4322.564103 4290.256410 4248.205128
4300.512821 4814.358974 4301.538462 4500.512821 4237.948718 4359.487179 4326.153846 4350.256410 4326.153846 4228.205128 4284.102564 4318.461538 4285.641026 4256.410256
4303.589744 4791.794872 4306.153846 4502.564103 4240.512821 4364.102564 4331.282051 4351.794872 4326.666667 4215.384615 4284.102564 4317.948718 4277.435897 4261.025641
4309.230769 4775.384615 4311.282051 4497.435897 4234.871795 4366.666667 4341.025641 4367.179487 4339.487179 4214.871795 4284.615385 4322.051282 4285.128205 4253.333333
4308.205128 4752.307692 4310.256410 4495.897436 4241.025641 4360.000000 4337.948718 4365.641026 4342.051282 4230.256410 4288.205128 4323.589744 4295.897436 4254.358974
4303.589744 4726.153846 4302.564103 4489.743590 4238.974359 4361.538462 4336.410256 4361.538462 4336.923077 4234.871795 4288.205128 4318.974359 4284.615385 4256.923077
4301.538462 4704.102564 4301.025641 4486.153846 4236.923077 4365.128205 4340.512821 4364.615385 4338.974359 4224.102564 4293.333333 4313.333333 4258.974359 4264.102564
4310.769231 4706.666667 4309.743590 4487.692308 4238.974359 4362.564103 4343.589744 4365.641026 4347.179487 4223.589744 4297.435897 4319.487179 4273.846154 4264.102564
4317.948718 4706.153846 4311.282051 4484.102564 4235.384615 4361.025641 4341.538462 4367.179487 4352.307692 4231.282051 4294.871795 4326.666667 4310.256410 4257.948718
4307.692308 4669.743590 4306.153846 4475.897436 4239.487179 4357.948718 4338.461538 4364.102564 4341.538462 4223.589744 4283.076923 4315.897436 4293.333333 4261.538462
4304.102564 4653.333333 4304.615385 4468.717949 4237.435897 4353.333333 4342.564103 4362.051282 4333.846154 4212.307692 4281.538462 4312.820513 4268.205128 4260.512821
4309.230769 4657.948718 4306.666667 4474.871795 4235.897436 4349.230769 4341.538462 4361.538462 4335.897436 4218.974359 4285.641026 4317.948718 4268.717949 4265.128205
4307.692308 4640.512821 4303.589744 4474.358974 4240.512821 4350.769231 4336.923077 4358.974359 4334.871795 4229.230769 4277.435897 4314.358974 4274.358974 4266.153846
4304.615385 4616.410256 4301.025641 4459.487179 4238.461538 4355.384615 4339.487179 4359.487179 4340.000000 4230.256410 4271.282051 4312.307692 4289.743590 4261.025641
4304.615385 4596.923077 4302.051282 4456.410256 4241.025641 4346.666667 4333.846154 4356.923077 4342.564103 4232.307692 4282.051282 4315.897436 4301.538462 4268.205128
4303.076923 4582.564103 4297.948718 4455.384615 4239.487179 4336.410256 4323.589744 4349.743590 4334.871795 4229.743590 4288.717949 4311.794872 4290.769231 4264.615385
4292.307692 4570.769231 4296.410256 4450.256410 4238.974359 4333.846154 4317.948718 4337.435897 4317.948718 4221.025641 4269.230769 4300.512821 4271.282051 4260.512821
4283.589744 4545.128205 4293.333333 4442.564103 4242.051282 4328.717949 4312.307692 4328.717949 4306.666667 4223.589744 4257.435897 4294.871795 4266.153846 4262.564103
4281.025641 4504.615385 4283.076923 4426.153846 4237.948718 4325.128205 4306.666667 4330.256410 4302.051282 4227.692308 4260.512821 4288.205128 4265.128205 4262.564103
4283.589744 4479.487179 4285.641026 4420.000000 4239.487179 4333.333333 4311.794872 4336.923077 4297.948718 4226.153846 4260.000000 4283.589744 4261.025641 4273.333333
4296.923077 4481.538462 4298.974359 4417.948718 4238.974359 4343.076923 4323.589744 4352.820513 4310.256410 4228.205128 4270.256410 4297.435897 4278.461538 4273.333333
4306.666667 4469.743590 4300.512821 4411.794872 4236.923077 4341.025641 4323.076923 4355.384615 4320.000000 4229.743590 4282.051282 4308.205128 4294.358974 4269.743590
4310.769231 4444.615385 4299.487179 4409.743590 4241.025641 4338.974359 4322.051282 4351.282051 4321.025641 4227.179487 4287.179487 4309.743590 4292.307692 4272.307692
4319.487179 4432.307692 4305.641026 4408.717949 4237.435897 4339.487179 4330.256410 4362.051282 4333.333333 4226.666667 4295.384615 4315.384615 4300.512821 4268.205128
4318.461538 4414.871795 4307.692308 4407.179487 4240.000000 4332.820513 4327.179487 4368.717949 4338.974359 4226.666667 4299.487179 4315.897436 4309.230769 4273.846154
4308.205128 4397.435897 4298.974359 4398.461538 4239.487179 4330.256410 4320.512821 4364.102564 4335.384615 4225.641026 4292.820513 4307.179487 4301.025641 4273.846154
4306.666667 4383.076923 4296.923077 4390.769231 4235.384615 4328.205128 4319.487179 4354.871795 4338.461538 4230.769231 4280.000000 4302.051282 4292.820513 4269.230769
4311.282051 4363.076923 4301.538462 4391.282051 4240.512821 4325.641026 4320.512821 4353.846154 4348.205128 4232.307692 4277.948718 4307.692308 4304.102564 4269.743590
4319.487179 4354.871795 4307.179487 4388.205128 4236.923077 4330.769231 4324.102564 4368.717949 4358.974359 4228.717949 4290.256410 4320.000000 4321.538462 4262.564103
4327.692308 4357.948718 4316.410256 4392.820513 4237.948718 4335.384615 4326.666667 4378.974359 4366.666667 4230.769231 4286.153846 4320.512821 4320.512821 4261.025641
4324.102564 4351.794872 4312.307692 4394.358974 4241.025641 4332.820513 4324.615385 4375.897436 4365.128205 4231.794872 4273.333333 4310.769231 4314.871795 4263.589744
4308.205128 4321.025641 4292.307692 4384.102564 4238.974359 4324.102564 4310.256410 4354.358974 4344.615385 4229.743590 4266.153846 4296.410256 4306.153846 4267.692308
4300.512821 4294.871795 4284.615385 4377.948718 4241.538462 4313.333333 4297.948718 4335.384615 4326.666667 4230.256410 4265.641026 4286.153846 4296.923077 4268.205128
4307.692308 4296.410256 4293.333333 4372.307692 4236.410256 4310.769231 4305.641026 4339.487179 4333.846154 4229.743590 4274.358974 4292.307692 4306.666667 4261.025641
4307.692308 4294.871795 4298.974359 4372.307692 4235.384615 4314.871795 4305.641026 4345.128205 4334.871795 4227.179487 4276.923077 4298.974359 4314.871795 4268.717949
4304.102564 4284.615385 4297.948718 4373.846154 4237.435897 4315.897436 4303.589744 4350.769231 4333.333333 4225.641026 4275.897436 4300.000000 4313.846154 4266.666667
4304.615385 4273.333333 4299.487179 4374.871795 4235.384615 4308.717949 4308.717949 4356.923077 4340.000000 4229.743590 4280.512821 4302.564103 4314.871795 4252.820513
4295.384615 4244.615385 4296.410256 4365.128205 4237.948718 4293.846154 4300.000000 4338.974359 4323.076923 4233.846154 4271.282051 4290.769231 4303.076923 4253.846154
4286.666667 4221.538462 4290.256410 4344.615385 4233.846154 4289.743590 4292.820513 4321.538462 4295.897436 4227.179487 4260.512821 4280.512821 4290.769231 4248.717949
4300.512821 4215.897436 4302.564103 4343.076923 4236.923077 4304.102564 4309.743590 4334.871795 4304.102564 4219.487179 4275.897436 4297.435897 4300.000000 4247.179487
4310.769231 4192.307692 4312.307692 4341.025641 4238.974359 4316.410256 4326.666667 4357.435897 4326.153846 4225.641026 4295.384615 4310.769231 4311.282051 4244.615385
4297.948718 4154.871795 4302.564103 4323.589744 4232.820513 4312.820513 4322.051282 4357.948718 4324.102564 4232.820513 4293.333333 4304.615385 4304.615385 4237.435897
4288.205128 4119.487179 4301.025641 4303.589744 4238.974359 4301.025641 4313.846154 4340.512821 4311.794872 4231.282051 4279.487179 4300.000000 4290.769231 4243.589744
4289.743590 4080.000000 4301.538462 4270.769231 4238.461538 4295.897436 4308.717949 4327.179487 4303.076923 4229.743590 4265.641026 4297.948718 4285.128205 4243.076923
4274.358974 4035.897436 4285.641026 4255.384615 4234.871795 4286.153846 4290.769231 4314.358974 4287.179487 4228.205128 4253.333333 4282.051282 4275.384615 4245.128205
4253.333333 4007.179487 4269.743590 4265.641026 4236.410256 4271.282051 4270.769231 4297.435897 4271.794872 4225.128205 4245.641026 4263.589744 4257.948718 4249.743590
4245.128205 3988.717949 4263.076923 4265.128205 4234.871795 4263.589744 4261.538462 4288.205128 4260.512821 4228.205128 4237.948718 4256.923077 4242.564103 4241.025641
4247.692308 3973.333333 4267.179487 4255.897436 4236.923077 4261.538462 4262.051282 4290.256410 4261.025641 4231.794872 4234.358974 4258.974359 4244.615385 4237.435897
4273.846154 3994.871795 4285.641026 4250.256410 4235.897436 4284.102564 4285.641026 4318.974359 4297.435897 4229.743590 4268.205128 4287.692308 4287.692308 4244.615385
4304.102564 4023.076923 4307.692308 4250.769231 4238.461538 4316.410256 4309.743590 4347.692308 4336.410256 4230.256410 4300.000000 4317.948718 4325.128205 4259.487179
4299.487179 4007.179487 4308.717949 4250.256410 4240.000000 4318.461538 4301.538462 4342.051282 4331.282051 4231.282051 4288.205128 4312.820513 4312.820513 4258.461538
4285.641026 3984.615385 4299.487179 4242.564103 4229.743590 4308.717949 4290.769231 4331.282051 4315.384615 4227.692308 4283.589744 4303.076923 4304.102564 4249.743590
4292.820513 3973.333333 4303.589744 4240.512821 4232.820513 4311.794872 4293.333333 4334.871795 4315.897436 4229.743590 4295.897436 4307.179487 4313.846154 4258.461538
4280.000000 3937.435897 4290.769231 4228.205128 4235.897436 4305.128205 4273.846154 4326.153846 4301.538462 4230.256410 4276.410256 4290.256410 4297.435897 4250.769231
4237.435897 3866.153846 4255.384615 4202.564103 4231.282051 4276.410256 4231.282051 4291.282051 4266.666667 4229.743590 4235.384615 4251.282051 4256.410256 4242.051282
4209.230769 3810.769231 4234.871795 4185.128205 4235.897436 4255.897436 4207.692308 4260.512821 4238.974359 4232.307692 4218.461538 4224.615385 4231.794872 4249.230769
4195.384615 3781.025641 4222.051282 4175.897436 4234.358974 4242.564103 4195.897436 4238.974359 4215.897436 4225.641026 4208.717949 4210.769231 4221.025641 4241.538462
4182.051282 3747.179487 4208.205128 4168.205128 4233.333333 4229.230769 4176.410256 4220.512821 4196.923077 4221.538462 4185.128205 4195.384615 4201.025641 4232.307692
4190.256410 3738.461538 4213.333333 4155.897436 4232.820513 4245.641026 4184.615385 4230.256410 4209.230769 4230.256410 4186.153846 4198.974359 4205.128205 4227.179487
4214.358974 3757.435897 4235.384615 4153.333333 4235.384615 4269.230769 4207.692308 4254.871795 4238.461538 4231.282051 4209.230769 4217.948718 4232.307692 4230.769231
4226.153846 3761.538462 4243.589744 4155.897436 4239.487179 4266.666667 4213.333333 4259.487179 4244.615385 4227.179487 4220.000000 4230.769231 4244.102564 4239.487179
4236.410256 3763.076923 4245.641026 4149.230769 4230.256410 4272.307692 4225.128205 4263.589744 4245.128205 4225.641026 4228.717949 4243.589744 4254.871795 4239.487179
4253.333333 3775.897436 4266.153846 4152.820513 4231.282051 4296.410256 4248.717949 4282.564103 4262.564103 4224.102564 4242.051282 4261.025641 4273.846154 4249.230769
4254.871795 3777.435897 4270.256410 4146.666667 4234.871795 4298.974359 4248.717949 4284.102564 4272.307692 4225.641026 4242.564103 4263.589744 4276.923077 4250.769231
4232.307692 3754.871795 4248.205128 4127.179487 4229.743590 4275.897436 4225.128205 4258.461538 4253.333333 4225.128205 4226.666667 4247.692308 4253.846154 4242.564103
4224.615385 3747.692308 4246.666667 4122.051282 4232.307692 4264.102564 4217.948718 4251.282051 4241.025641 4224.102564 4221.538462 4244.615385 4242.051282 4242.051282
4251.794872 3770.256410 4269.743590 4121.025641 4230.256410 4276.923077 4236.923077 4280.512821 4265.641026 4224.615385 4245.128205 4267.692308 4266.666667 4237.948718
4257.435897 3765.641026 4270.256410 4113.846154 4231.282051 4278.461538 4239.487179 4284.102564 4274.358974 4225.128205 4250.256410 4269.743590 4273.333333 4240.512821
4245.641026 3760.512821 4257.948718 4109.230769 4234.871795 4271.794872 4230.769231 4266.666667 4260.000000 4225.641026 4237.948718 4262.564103 4266.666667 4240.512821
4268.205128 3798.461538 4275.897436 4115.897436 4230.769231 4290.769231 4249.230769 4288.205128 4281.538462 4225.641026 4257.435897 4286.153846 4290.256410 4240.000000
4291.794872 3822.564103 4294.871795 4123.076923 4232.307692 4310.769231 4268.717949 4311.282051 4309.230769 4226.153846 4283.076923 4307.179487 4312.307692 4245.641026
4283.076923 3808.717949 4285.128205 4115.897436 4229.230769 4302.051282 4262.564103 4298.974359 4300.000000 4223.076923 4281.025641 4300.000000 4312.307692 4237.435897
4274.358974 3792.820513 4277.435897 4113.846154 4229.743590 4291.282051 4254.358974 4286.666667 4287.179487 4225.641026 4272.820513 4292.307692 4309.743590 4237.435897
4282.564103 3798.461538 4277.948718 4116.923077 4231.282051 4300.512821 4257.948718 4293.333333 4295.384615 4228.717949 4278.461538 4290.769231 4306.666667 4238.461538
4281.025641 3811.282051 4270.256410 4115.897436 4226.666667 4299.487179 4253.846154 4293.333333 4293.846154 4224.615385 4272.307692 4286.153846 4291.794872 4234.358974
4272.307692 3816.923077 4269.230769 4115.384615 4229.743590 4292.820513 4248.205128 4285.128205 4281.025641 4222.564103 4254.871795 4283.589744 4280.000000 4241.538462
4276.923077 3827.179487 4276.410256 4110.256410 4228.717949 4304.615385 4257.948718 4290.256410 4283.589744 4229.230769 4255.897436 4286.153846 4287.692308 4238.461538
4287.179487 3841.538462 4282.564103 4112.307692 4229.230769 4311.282051 4261.538462 4290.256410 4291.794872 4232.307692 4265.641026 4285.641026 4296.410256 4236.410256
4298.974359 3861.025641 4289.743590 4119.487179 4232.307692 4309.743590 4262.051282 4288.205128 4301.025641 4224.102564 4277.435897 4295.897436 4308.717949 4241.025641
4308.205128 3876.410256 4292.307692 4121.025641 4228.717949 4312.307692 4268.205128 4294.358974 4304.615385 4226.153846 4287.179487 4309.230769 4323.589744 4241.025641
4316.923077 3881.025641 4297.948718 4127.179487 4232.307692 4315.384615 4273.333333 4298.974359 4307.179487 4234.871795 4289.230769 4312.820513 4328.205128 4249.230769
4343.076923 3907.179487 4315.384615 4135.897436 4228.717949 4332.820513 4297.948718 4326.153846 4337.948718 4230.769231 4307.692308 4333.846154 4349.743590 4258.461538
4363.076923 3938.461538 4328.717949 4146.153846 4227.692308 4350.769231 4325.641026 4359.487179 4367.179487 4226.666667 4330.769231 4357.435897 4369.743590 4268.717949
4351.282051 3931.794872 4321.025641 4142.051282 4231.282051 4349.230769 4324.615385 4367.179487 4365.128205 4227.179487 4327.692308 4348.205128 4360.512821 4268.717949
4340.512821 3914.871795 4311.282051 4129.743590 4224.102564 4345.641026 4317.435897 4366.153846 4357.435897 4230.769231 4322.051282 4337.948718 4360.000000 4261.538462
4333.846154 3905.641026 4307.179487 4135.897436 4229.230769 4345.641026 4313.846154 4358.974359 4343.589744 4232.307692 4320.512821 4335.384615 4360.000000 4260.512821
4319.487179 3897.435897 4295.384615 4134.358974 4233.333333 4341.538462 4305.128205 4346.666667 4326.666667 4227.692308 4308.205128 4320.512821 4340.000000 4245.128205
4307.179487 3886.666667 4283.589744 4121.538462 4227.692308 4323.076923 4284.615385 4329.230769 4314.358974 4231.282051 4287.692308 4298.974359 4318.974359 4237.948718
4295.384615 3871.794872 4274.358974 4117.948718 4227.179487 4295.897436 4254.871795 4296.923077 4288.717949 4236.410256 4272.820513 4286.153846 4310.256410 4243.076923
4290.769231 3865.128205 4267.179487 4118.461538 4224.102564 4285.128205 4237.948718 4276.410256 4268.717949 4224.102564 4281.025641 4289.743590 4313.333333 4236.923077
4289.230769 3860.512821 4266.666667 4117.948718 4229.230769 4281.025641 4232.307692 4272.820513 4270.256410 4218.974359 4285.128205 4290.256410 4309.743590 4237.435897
4291.794872 3866.666667 4270.256410 4112.307692 4230.256410 4276.410256 4236.410256 4277.948718 4276.923077 4229.230769 4277.435897 4290.769231 4306.666667 4233.846154
4311.794872 3887.692308 4282.564103 4117.435897 4227.179487 4289.743590 4255.897436 4298.461538 4295.384615 4227.179487 4292.307692 4308.205128 4326.153846 4233.333333
4328.205128 3904.102564 4292.307692 4128.717949 4231.282051 4310.769231 4276.410256 4317.948718 4318.974359 4225.128205 4314.358974 4321.538462 4341.025641 4241.025641
4318.974359 3911.282051 4287.179487 4126.666667 4228.205128 4314.871795 4275.897436 4314.358974 4318.974359 4229.743590 4304.102564 4312.307692 4328.717949 4236.410256
4303.076923 3907.179487 4281.025641 4125.641026 4226.666667 4309.230769 4264.615385 4297.948718 4298.461538 4225.128205 4275.897436 4293.846154 4307.179487 4236.410256
4302.051282 3905.128205 4274.358974 4121.025641 4226.153846 4308.717949 4262.564103 4296.410256 4290.256410 4222.051282 4272.307692 4289.230769 4299.487179 4233.333333
4299.487179 3905.128205 4270.769231 4115.384615 4225.128205 4306.153846 4255.897436 4296.410256 4288.717949 4224.615385 4274.871795 4284.102564 4295.384615 4228.717949
4288.717949 3896.923077 4268.205128 4121.025641 4228.205128 4298.974359 4245.128205 4286.666667 4277.948718 4226.666667 4263.076923 4271.794872 4285.128205 4231.794872
4297.948718 3906.666667 4268.717949 4125.641026 4223.589744 4303.589744 4255.384615 4294.358974 4283.076923 4226.666667 4272.820513 4284.102564 4295.384615 4228.205128
4330.769231 3946.666667 4292.307692 4136.923077 4227.179487 4321.538462 4281.538462 4322.564103 4315.897436 4226.666667 4308.717949 4320.512821 4328.205128 4236.923077
4354.871795 3982.564103 4314.358974 4148.717949 4225.641026 4341.538462 4303.076923 4347.179487 4348.717949 4223.589744 4332.820513 4343.589744 4357.435897 4251.282051
4348.717949 3974.871795 4309.743590 4149.230769 4217.948718 4345.128205 4304.615385 4348.205128 4352.307692 4225.128205 4328.717949 4342.564103 4355.384615 4253.846154
4338.461538 3956.410256 4304.615385 4148.717949 4225.641026 4337.948718 4301.025641 4343.076923 4345.641026 4229.743590 4323.589744 4340.512821 4341.538462 4250.769231
4338.974359 3963.589744 4305.641026 4144.615385 4226.153846 4342.564103 4307.179487 4347.692308 4348.205128 4229.230769 4327.179487 4342.051282 4346.153846 4243.589744
4337.435897 3970.769231 4302.564103 4152.307692 4224.102564 4350.769231 4312.820513 4348.205128 4345.641026 4229.230769 4318.461538 4336.410256 4342.564103 4252.307692
4337.948718 3967.692308 4301.538462 4161.025641 4226.153846 4347.692308 4312.820513 4346.666667 4337.948718 4228.717949 4312.307692 4331.282051 4335.897436 4257.948718
4334.871795 3957.435897 4294.358974 4154.871795 4225.641026 4336.410256 4302.051282 4333.333333 4324.102564 4230.769231 4316.410256 4322.051282 4332.307692 4251.794872
4325.128205 3949.743590 4287.179487 4155.897436 4228.717949 4328.717949 4287.179487 4312.820513 4307.692308 4234.871795 4308.717949 4310.256410 4321.538462 4250.769231
4319.487179 3957.435897 4287.692308 4160.000000 4223.076923 4326.666667 4282.051282 4308.717949 4303.589744 4227.179487 4297.435897 4308.717949 4314.358974 4247.692308
4308.717949 3951.794872 4280.000000 4156.923077 4220.512821 4313.846154 4267.692308 4295.384615 4285.641026 4222.051282 4281.025641 4294.871795 4292.820513 4249.230769
4289.230769 3925.128205 4260.512821 4147.692308 4226.153846 4300.000000 4245.641026 4272.307692 4260.512821 4226.153846 4262.051282 4269.743590 4266.153846 4245.641026
4275.384615 3909.743590 4247.692308 4140.512821 4224.615385 4291.282051 4231.794872 4269.230769 4253.333333 4226.153846 4254.358974 4258.461538 4257.948718 4240.512821
4278.974359 3916.410256 4255.384615 4142.051282 4227.179487 4287.692308 4232.307692 4280.000000 4257.948718 4225.128205 4257.948718 4264.615385 4264.615385 4251.282051
4299.487179 3945.128205 4271.282051 4145.128205 4225.641026 4304.102564 4250.256410 4294.871795 4273.333333 4230.256410 4274.871795 4288.717949 4282.564103 4252.820513
4310.256410 3960.512821 4278.974359 4152.820513 4224.102564 4316.410256 4261.025641 4303.076923 4283.076923 4229.230769 4289.743590 4305.128205 4292.820513 4254.358974
4300.000000 3948.717949 4272.820513 4153.333333 4226.666667 4309.230769 4257.948718 4303.589744 4281.025641 4224.102564 4281.025641 4292.820513 4280.000000 4255.384615
4293.846154 3945.128205 4265.128205 4148.205128 4224.102564 4309.230769 4256.410256 4310.769231 4288.205128 4228.205128 4265.641026 4281.538462 4269.743590 4246.153846
4300.512821 3958.461538 4272.307692 4157.948718 4227.179487 4317.948718 4255.897436 4315.897436 4295.384615 4233.333333 4269.230769 4288.205128 4279.487179 4250.256410
4305.641026 3972.820513 4279.487179 4161.025641 4225.128205 4314.358974 4254.871795 4310.256410 4292.307692 4229.743590 4281.538462 4296.923077 4295.384615 4252.307692
4306.153846 3975.384615 4278.974359 4160.000000 4224.615385 4306.666667 4252.820513 4297.435897 4287.179487 4226.153846 4284.102564 4296.410256 4297.435897 4253.333333
4314.358974 3983.589744 4280.000000 4163.076923 4226.666667 4314.358974 4252.307692 4292.820513 4284.615385 4226.153846 4287.692308 4295.384615 4296.923077 4259.487179
4318.974359 3992.307692 4280.512821 4157.435897 4218.974359 4315.384615 4246.666667 4291.282051 4276.923077 4223.076923 4293.333333 4293.846154 4302.051282 4255.384615
4305.641026 3978.974359 4277.435897 4156.410256 4222.051282 4302.051282 4237.435897 4280.512821 4268.205128 4224.102564 4280.512821 4286.666667 4289.230769 4254.871795
4301.538462 3973.846154 4275.384615 4158.461538 4224.615385 4300.512821 4236.923077 4285.128205 4274.358974 4228.717949 4273.846154 4287.179487 4282.564103 4253.846154
4310.769231 3985.128205 4279.487179 4157.948718 4223.076923 4304.102564 4237.948718 4303.076923 4287.179487 4225.641026 4280.512821 4291.794872 4291.794872 4253.333333
4315.384615 3993.846154 4284.102564 4161.025641 4226.153846 4300.512821 4237.948718 4308.717949 4290.769231 4222.564103 4281.538462 4290.769231 4295.897436 4257.435897
4316.923077 4003.076923 4281.025641 4162.051282 4219.487179 4301.025641 4243.076923 4305.641026 4287.692308 4228.717949 4278.974359 4292.307692 4296.410256 4259.487179
4311.794872 3999.487179 4275.897436 4160.512821 4222.051282 4303.589744 4242.564103 4296.923077 4278.974359 4234.358974 4271.794872 4290.769231 4289.230769 4267.179487
4301.538462 3990.256410 4271.282051 4151.794872 4226.153846 4301.025641 4236.923077 4287.692308 4271.794872 4229.743590 4270.256410 4282.051282 4282.051282 4258.461538
4295.384615 3994.358974 4267.692308 4150.769231 4221.025641 4298.461538 4235.897436 4281.025641 4266.666667 4225.641026 4271.794872 4271.794872 4278.461538 4252.307692
4294.871795 4002.051282 4265.641026 4160.512821 4224.102564 4298.974359 4232.307692 4271.794872 4262.051282 4225.128205 4261.025641 4264.615385 4271.794872 4263.076923
4298.461538 4008.717949 4266.666667 4158.974359 4224.102564 4302.564103 4229.230769 4270.769231 4261.538462 4227.179487 4261.538462 4266.153846 4273.333333 4263.076923
4301.025641 4010.256410 4273.333333 4155.897436 4224.102564 4307.692308 4237.435897 4280.000000 4268.205128 4232.307692 4278.974359 4271.282051 4284.615385 4268.205128
4290.769231 4006.666667 4266.153846 4151.282051 4221.538462 4300.512821 4236.923077 4284.615385 4273.333333 4231.794872 4275.897436 4265.641026 4280.512821 4269.230769
4276.410256 4001.538462 4252.307692 4145.641026 4218.461538 4288.205128 4220.512821 4276.410256 4268.717949 4225.128205 4255.384615 4252.820513 4264.102564 4261.025641
4273.846154 4001.538462 4255.897436 4146.666667 4223.076923 4286.666667 4209.743590 4266.666667 4257.435897 4225.128205 4255.384615 4245.641026 4264.615385 4264.102564
4271.794872 4003.589744 4257.948718 4142.564103 4221.538462 4287.692308 4212.307692 4263.589744 4247.692308 4228.205128 4260.512821 4245.641026 4270.256410 4261.538462
4263.076923 3995.897436 4248.205128 4141.538462 4225.641026 4273.846154 4205.641026 4251.282051 4234.358974 4227.692308 4243.076923 4240.000000 4249.230769 4259.487179
4254.358974 3984.615385 4236.410256 4137.948718 4226.153846 4263.076923 4190.769231 4233.333333 4220.512821 4225.128205 4224.102564 4226.153846 4227.179487 4258.461538
4242.564103 3974.871795 4228.717949 4130.256410 4217.435897 4257.948718 4180.512821 4223.589744 4207.692308 4223.589744 4217.435897 4212.820513 4224.102564 4257.435897
4235.384615 3969.230769 4224.102564 4132.820513 4222.051282 4245.641026 4173.846154 4212.820513 4195.897436 4226.666667 4214.358974 4208.205128 4224.102564 4261.538462
4244.615385 3983.589744 4225.641026 4133.333333 4223.076923 4245.641026 4176.923077 4209.230769 4197.435897 4229.230769 4221.025641 4217.435897 4231.794872 4253.846154
4248.717949 3993.333333 4227.692308 4131.282051 4221.025641 4253.333333 4174.871795 4211.282051 4204.102564 4227.692308 4224.102564 4218.461538 4232.307692 4252.307692
4236.923077 3976.923077 4215.384615 4129.230769 4223.076923 4246.666667 4164.615385 4202.564103 4198.974359 4224.615385 4210.256410 4201.538462 4215.384615 4256.923077
4234.871795 3961.025641 4209.230769 4128.717949 4220.000000 4243.589744 4166.153846 4198.461538 4193.333333 4221.025641 4201.025641 4194.871795 4208.205128 4257.948718
4244.102564 3963.076923 4225.128205 4133.846154 4222.051282 4252.307692 4177.435897 4210.256410 4200.000000 4223.589744 4207.179487 4206.153846 4216.410256 4258.974359
4244.615385 3972.307692 4229.743590 4132.820513 4220.000000 4252.820513 4180.000000 4222.051282 4209.230769 4228.205128 4213.333333 4215.384615 4223.076923 4247.692308
4235.384615 3970.256410 4217.435897 4132.820513 4219.487179 4239.487179 4168.205128 4213.846154 4194.871795 4227.692308 4205.641026 4206.153846 4212.820513 4247.179487
4241.538462 3974.358974 4220.000000 4135.384615 4222.051282 4240.512821 4172.820513 4207.179487 4176.410256 4224.102564 4203.589744 4202.564103 4207.179487 4252.820513
4249.743590 3986.153846 4228.717949 4134.358974 4218.974359 4247.179487 4183.589744 4209.743590 4177.435897 4228.205128 4209.743590 4210.256410 4217.948718 4247.692308
4242.051282 3973.333333 4226.153846 4138.974359 4223.076923 4232.820513 4168.717949 4197.948718 4172.820513 4233.333333 4204.102564 4208.717949 4213.333333 4249.743590
4247.692308 3974.871795 4225.641026 4140.512821 4223.076923 4233.846154 4170.256410 4198.461538 4169.230769 4230.769231 4209.230769 4217.948718 4215.897436 4246.666667
4269.743590 4009.230769 4238.974359 4144.615385 4220.512821 4258.461538 4199.487179 4220.000000 4185.641026 4226.153846 4229.230769 4242.564103 4242.564103 4246.153846
4282.051282 4034.358974 4255.897436 4154.358974 4223.076923 4272.820513 4213.846154 4234.358974 4201.025641 4221.025641 4244.102564 4255.384615 4264.615385 4253.333333
4289.743590 4043.589744 4263.076923 4156.923077 4221.538462 4272.307692 4213.333333 4236.410256 4206.666667 4226.666667 4251.282051 4260.000000 4269.230769 4255.384615
4292.307692 4044.102564 4264.102564 4156.410256 4225.128205 4271.282051 4217.435897 4235.384615 4207.692308 4240.000000 4247.179487 4264.102564 4264.615385 4257.948718
4287.692308 4041.538462 4258.974359 4151.794872 4223.076923 4274.358974 4223.589744 4238.974359 4209.743590 4231.794872 4244.102564 4264.102564 4263.589744 4250.256410
4280.512821 4037.435897 4253.846154 4149.230769 4221.025641 4270.769231 4218.974359 4235.384615 4209.230769 4218.974359 4240.512821 4252.820513 4252.307692 4250.769231
4267.692308 4031.794872 4245.128205 4147.692308 4226.666667 4260.000000 4210.256410 4222.564103 4194.871795 4225.128205 4220.512821 4232.307692 4227.179487 4254.358974
4254.871795 4028.205128 4233.333333 4140.000000 4220.000000 4254.871795 4206.153846 4216.923077 4177.435897 4231.794872 4212.307692 4223.589744 4218.974359 4238.461538
4254.358974 4022.051282 4235.897436 4141.025641 4219.487179 4256.410256 4205.128205 4219.487179 4178.974359 4230.769231 4221.538462 4228.717949 4228.205128 4233.333333
4262.564103 4022.564103 4238.461538 4143.589744 4223.589744 4254.358974 4205.641026 4225.128205 4190.769231 4229.230769 4219.487179 4229.743590 4231.282051 4233.846154
4269.230769 4035.384615 4239.487179 4142.051282 4222.564103 4253.333333 4205.641026 4222.564103 4190.769231 4227.179487 4215.384615 4227.179487 4234.358974 4233.846154
4273.333333 4048.717949 4246.153846 4142.564103 4224.615385 4263.076923 4209.230769 4213.846154 4185.641026 4226.153846 4226.153846 4236.410256 4243.076923 4235.897436
4272.307692 4044.615385 4246.666667 4138.974359 4220.000000 4268.205128 4214.871795 4214.358974 4188.205128 4228.205128 4233.333333 4243.589744 4244.102564 4230.769231
4256.923077 4020.000000 4237.435897 4135.384615 4219.487179 4252.307692 4205.641026 4204.615385 4176.410256 4226.153846 4221.538462 4231.282051 4225.128205 4236.923077
4241.538462 4009.230769 4227.179487 4123.076923 4221.538462 4240.000000 4193.846154 4188.205128 4158.461538 4224.615385 4208.205128 4218.461538 4209.230769 4235.897436
4231.794872 4007.692308 4217.948718 4110.256410 4221.538462 4238.461538 4188.205128 4184.615385 4151.794872 4231.794872 4194.871795 4210.256410 4198.461538 4225.128205
4228.205128 4002.564103 4213.846154 4113.846154 4226.153846 4232.820513 4187.179487 4193.333333 4154.358974 4235.897436 4189.230769 4203.589744 4190.769231 4227.692308
4222.564103 3994.358974 4207.179487 4110.256410 4220.512821 4225.641026 4184.615385 4195.897436 4154.358974 4228.717949 4192.307692 4196.923077 4190.256410 4226.153846
4181.538462 3949.743590 4177.948718 4091.794872 4218.461538 4195.897436 4149.230769 4153.846154 4108.717949 4223.076923 4153.333333 4156.923077 4144.102564 4221.538462
4132.307692 3900.512821 4143.076923 4070.769231 4223.076923 4153.333333 4098.461538 4098.461538 4043.076923 4227.692308 4101.538462 4107.692308 4081.025641 4209.743590
4131.282051 3894.871795 4140.512821 4064.102564 4221.538462 4141.025641 4088.717949 4092.307692 4035.897436 4229.743590 4104.102564 4108.717949 4078.974359 4200.512821
4151.282051 3909.230769 4156.923077 4072.820513 4223.076923 4155.897436 4109.743590 4110.256410 4066.666667 4223.076923 4126.666667 4132.307692 4107.179487 4205.128205
4156.923077 3933.333333 4164.102564 4074.358974 4220.512821 4172.307692 4121.025641 4112.820513 4072.820513 4225.128205 4129.230769 4137.435897 4113.333333 4203.589744
4155.897436 3950.256410 4162.051282 4073.846154 4221.025641 4172.307692 4111.794872 4102.051282 4063.076923 4235.384615 4124.615385 4131.282051 4102.051282 4208.717949
4147.179487 3932.820513 4151.794872 4069.743590 4218.974359 4162.051282 4099.487179 4093.846154 4063.589744 4232.307692 4116.410256 4124.615385 4094.358974 4215.897436
4133.333333 3914.358974 4144.615385 4064.102564 4212.307692 4165.128205 4100.000000 4094.871795 4065.641026 4228.717949 4113.846154 4125.128205 4092.820513 4214.358974
4132.307692 3920.512821 4149.230769 4067.179487 4221.538462 4170.769231 4105.641026 4105.128205 4064.615385 4233.333333 4118.461538 4125.641026 4088.205128 4214.871795
4138.974359 3925.128205 4147.179487 4063.589744 4221.025641 4162.051282 4106.153846 4117.435897 4068.717949 4231.794872 4122.051282 4121.538462 4088.717949 4204.102564
4158.461538 3940.000000 4157.435897 4064.615385 4217.435897 4173.846154 4124.102564 4141.025641 4093.333333 4230.256410 4138.974359 4138.461538 4114.871795 4202.564103
4186.666667 3979.487179 4181.025641 4071.282051 4223.589744 4213.846154 4161.025641 4179.487179 4129.743590 4232.820513 4169.743590 4170.769231 4150.256410 4208.205128
4191.794872 3995.897436 4185.128205 4068.205128 4221.025641 4222.051282 4170.769231 4192.820513 4141.538462 4226.153846 4174.358974 4174.358974 4153.333333 4203.589744
4184.102564 3982.051282 4183.076923 4069.743590 4220.512821 4198.974359 4154.871795 4177.948718 4130.769231 4222.564103 4160.000000 4160.512821 4140.000000 4207.692308
4187.692308 3982.564103 4186.666667 4069.743590 4216.410256 4200.000000 4155.897436 4178.974359 4130.256410 4225.128205 4165.128205 4166.153846 4145.128205 4205.641026
4176.410256 3975.897436 4175.897436 4063.589744 4217.948718 4201.025641 4153.333333 4173.333333 4120.000000 4224.615385 4157.435897 4158.461538 4131.794872 4203.076923
4146.153846 3945.128205 4156.410256 4054.871795 4225.641026 4176.923077 4129.230769 4140.512821 4086.666667 4226.153846 4127.692308 4129.230769 4095.897436 4204.615385
4130.769231 3922.051282 4146.666667 4047.179487 4219.487179 4164.102564 4114.871795 4124.615385 4071.794872 4225.641026 4111.794872 4116.410256 4078.461538 4202.051282
4127.692308 3904.615385 4144.615385 4051.794872 4218.974359 4167.179487 4115.897436 4137.948718 4079.487179 4224.615385 4110.769231 4114.358974 4075.897436 4208.717949
4125.128205 3895.897436 4142.564103 4049.230769 4222.564103 4165.128205 4115.384615 4147.179487 4082.564103 4228.717949 4114.871795 4113.846154 4083.589744 4204.615385
4126.153846 3902.051282 4145.128205 4042.051282 4218.974359 4158.974359 4107.692308 4143.076923 4074.871795 4230.769231 4117.948718 4116.410256 4091.794872 4201.538462
4125.128205 3904.615385 4150.256410 4045.128205 4215.897436 4161.025641 4104.615385 4137.435897 4069.743590 4226.153846 4108.717949 4116.410256 4081.538462 4202.564103
4122.051282 3905.128205 4147.692308 4043.589744 4213.846154 4163.589744 4109.230769 4136.410256 4068.205128 4220.512821 4104.102564 4114.358974 4073.846154 4190.769231
4118.974359 3903.589744 4142.051282 4043.076923 4220.512821 4158.974359 4110.256410 4134.358974 4063.589744 4225.128205 4107.692308 4115.897436 4079.487179 4189.743590
4114.871795 3897.948718 4138.974359 4045.128205 4220.000000 4156.923077 4107.692308 4128.205128 4061.025641 4226.153846 4104.615385 4114.871795 4083.076923 4187.692308
4114.871795 3899.487179 4140.512821 4049.743590 4215.384615 4158.461538 4108.717949 4122.051282 4061.025641 4220.512821 4095.897436 4104.102564 4074.871795 4186.153846
4114.871795 3904.615385 4137.948718 4051.794872 4219.487179 4161.025641 4112.307692 4121.025641 4055.897436 4222.051282 4087.692308 4094.871795 4064.102564 4194.358974
4113.333333 3903.589744 4127.692308 4047.179487 4217.435897 4162.564103 4113.846154 4128.717949 4056.410256 4224.615385 4090.769231 4097.435897 4069.230769 4193.333333
4117.948718 3907.179487 4135.384615 4054.358974 4218.974359 4161.538462 4114.358974 4134.871795 4070.256410 4224.102564 4103.589744 4108.717949 4084.102564 4194.358974
4132.307692 3932.820513 4149.743590 4061.025641 4219.487179 4172.820513 4127.692308 4146.666667 4092.820513 4225.641026 4122.051282 4125.128205 4102.564103 4198.974359
4136.410256 3948.717949 4146.666667 4057.948718 4216.923077 4184.102564 4142.564103 4161.538462 4103.589744 4228.717949 4130.769231 4132.307692 4111.794872 4200.512821
4119.487179 3931.282051 4134.871795 4052.307692 4222.051282 4172.820513 4133.333333 4152.307692 4090.769231 4227.179487 4114.871795 4115.384615 4096.923077 4196.923077
4105.641026 3919.487179 4126.666667 4040.000000 4218.461538 4164.102564 4118.974359 4132.820513 4077.435897 4224.102564 4099.487179 4096.410256 4083.589744 4189.743590
4105.128205 3926.153846 4125.641026 4036.923077 4216.923077 4169.230769 4118.974359 4125.641026 4073.333333 4227.179487 4101.025641 4092.820513 4081.538462 4196.923077
4115.897436 3944.102564 4134.358974 4043.076923 4220.000000 4172.307692 4128.717949 4137.948718 4081.538462 4229.230769 4113.333333 4101.025641 4084.102564 4201.025641
4134.871795 3964.102564 4148.717949 4047.692308 4218.974359 4180.512821 4141.538462 4157.435897 4102.051282 4224.615385 4124.102564 4122.051282 4094.871795 4200.512821
4148.205128 3973.846154 4158.974359 4049.230769 4222.564103 4193.846154 4146.153846 4157.948718 4112.820513 4224.102564 4129.743590 4140.000000 4110.256410 4204.102564
4152.307692 3984.102564 4158.974359 4046.666667 4217.948718 4195.897436 4147.692308 4146.666667 4111.794872 4228.717949 4135.384615 4140.512821 4121.538462 4198.461538
4154.358974 3995.384615 4160.512821 4055.384615 4216.410256 4191.794872 4153.846154 4147.179487 4111.282051 4227.692308 4138.461538 4137.435897 4127.692308 4203.076923
4161.025641 3999.487179 4165.128205 4058.461538 4220.000000 4194.358974 4158.974359 4158.461538 4117.948718 4222.051282 4143.589744 4148.717949 4135.384615 4206.153846
4159.487179 3996.923077 4165.128205 4049.230769 4217.435897 4194.358974 4148.205128 4153.846154 4120.512821 4227.179487 4144.615385 4153.846154 4135.384615 4200.512821
4149.743590 3989.230769 4163.589744 4051.794872 4221.538462 4185.641026 4139.487179 4137.435897 4110.256410 4232.820513 4135.384615 4137.948718 4121.538462 4204.615385
4153.846154 3992.307692 4162.564103 4054.871795 4220.000000 4189.743590 4153.333333 4143.589744 4108.205128 4228.205128 4133.333333 4133.846154 4113.846154 4198.974359
4164.102564 4005.641026 4166.153846 4058.974359 4217.948718 4201.538462 4162.564103 4157.948718 4122.564103 4225.128205 4143.076923 4146.153846 4123.076923 4203.589744
4160.512821 4010.769231 4167.179487 4061.025641 4222.564103 4203.076923 4158.461538 4158.461538 4127.179487 4224.102564 4146.153846 4144.102564 4134.358974 4215.384615
4151.794872 4007.692308 4164.102564 4051.794872 4220.000000 4200.512821 4157.435897 4157.435897 4114.871795 4221.025641 4138.461538 4135.897436 4131.794872 4207.179487
4154.358974 4003.589744 4165.641026 4046.153846 4220.000000 4198.461538 4153.846154 4152.820513 4105.641026 4222.051282 4132.820513 4136.410256 4120.000000 4204.102564
4161.538462 4009.230769 4167.692308 4044.102564 4217.948718 4196.923077 4151.794872 4149.743590 4108.717949 4223.589744 4142.564103 4143.076923 4131.794872 4209.230769
4154.358974 4005.128205 4163.076923 4046.153846 4218.974359 4191.794872 4146.153846 4144.615385 4107.179487 4224.615385 4146.666667 4142.564103 4141.025641 4217.435897
4139.487179 3991.282051 4151.282051 4043.076923 4223.589744 4186.153846 4138.974359 4131.794872 4097.948718 4226.666667 4136.410256 4133.846154 4127.179487 4219.487179
4136.410256 3992.307692 4143.589744 4032.307692 4218.461538 4185.641026 4140.512821 4125.128205 4094.358974 4222.564103 4134.358974 4123.589744 4128.205128 4218.461538
4130.256410 3986.153846 4143.589744 4031.282051 4220.512821 4181.025641 4137.948718 4119.487179 4088.205128 4222.051282 4128.717949 4108.717949 4128.717949 4226.153846
4134.871795 3996.923077 4149.743590 4038.461538 4218.974359 4187.179487 4142.564103 4128.205128 4095.897436 4229.743590 4133.333333 4115.897436 4135.384615 4221.538462
4168.205128 4041.538462 4170.256410 4053.333333 4214.358974 4206.666667 4166.666667 4155.897436 4126.153846 4228.205128 4166.666667 4149.743590 4166.666667 4220.000000
4194.871795 4064.102564 4190.256410 4060.000000 4216.923077 4217.948718 4186.153846 4170.256410 4141.538462 4223.076923 4183.076923 4171.282051 4183.076923 4224.102564
4195.384615 4060.000000 4192.307692 4046.666667 4216.410256 4222.051282 4193.333333 4172.820513 4142.564103 4225.641026 4175.897436 4173.846154 4181.538462 4220.000000
4194.871795 4068.205128 4193.846154 4050.769231 4221.025641 4230.769231 4202.564103 4188.205128 4154.358974 4224.615385 4177.948718 4175.897436 4185.128205 4229.230769
4205.641026 4084.615385 4197.948718 4065.128205 4219.487179 4243.589744 4217.948718 4206.153846 4170.256410 4221.538462 4187.179487 4181.538462 4195.384615 4228.205128
4208.205128 4080.000000 4195.897436 4065.128205 4213.846154 4240.512821 4216.923077 4198.461538 4167.179487 4228.205128 4178.974359 4179.487179 4190.769231 4217.435897
4201.025641 4069.743590 4195.897436 4064.102564 4218.461538 4227.692308 4205.641026 4185.128205 4160.000000 4224.615385 4169.743590 4177.435897 4183.076923 4222.564103
4200.000000 4076.410256 4196.410256 4067.692308 4216.410256 4227.692308 4200.512821 4190.769231 4164.102564 4213.846154 4178.461538 4183.589744 4190.769231 4218.461538
4194.871795 4077.435897 4195.384615 4069.743590 4216.410256 4224.615385 4190.769231 4183.076923 4154.358974 4221.538462 4176.410256 4180.512821 4186.153846 4212.307692
4183.076923 4069.743590 4189.743590 4056.923077 4216.410256 4211.794872 4180.000000 4163.076923 4137.948718 4230.769231 4164.102564 4169.743590 4172.307692 4208.717949
4174.871795 4060.000000 4180.512821 4049.230769 4213.333333 4206.153846 4174.871795 4158.461538 4135.897436 4224.102564 4159.487179 4163.076923 4166.153846 4210.769231
4175.384615 4054.358974 4178.461538 4058.461538 4216.410256 4211.794872 4173.846154 4164.102564 4141.025641 4224.102564 4155.384615 4156.923077 4166.153846 4217.435897
4175.897436 4060.512821 4180.512821 4055.897436 4212.820513 4211.794872 4175.897436 4166.666667 4140.512821 4228.205128 4156.410256 4157.435897 4166.666667 4208.717949
4170.256410 4056.923077 4177.948718 4046.666667 4214.871795 4200.000000 4172.820513 4156.410256 4129.230769 4226.153846 4152.307692 4156.410256 4155.384615 4204.102564
4169.230769 4050.256410 4176.410256 4043.589744 4217.948718 4202.051282 4172.307692 4149.230769 4120.512821 4227.179487 4144.102564 4151.282051 4146.153846 4201.538462
4172.820513 4056.923077 4183.076923 4049.230769 4214.871795 4208.717949 4176.410256 4152.820513 4123.076923 4230.256410 4142.564103 4154.871795 4150.256410 4201.538462
4171.794872 4065.641026 4185.128205 4055.384615 4219.487179 4201.025641 4174.871795 4145.641026 4125.128205 4224.615385 4143.589744 4156.923077 4148.205128 4210.256410
4171.794872 4074.358974 4179.487179 4049.743590 4215.384615 4201.025641 4172.307692 4140.000000 4129.743590 4222.564103 4147.692308 4153.333333 4147.179487 4207.179487
4176.923077 4078.974359 4185.641026 4052.307692 4212.820513 4213.333333 4174.358974 4148.717949 4138.974359 4229.230769 4152.307692 4157.435897 4150.769231 4211.794872
4185.128205 4085.641026 4196.410256 4064.102564 4217.948718 4216.923077 4183.076923 4161.025641 4152.820513 4228.717949 4156.410256 4171.282051 4156.410256 4216.923077
4186.153846 4091.282051 4197.435897 4065.641026 4214.871795 4214.871795 4188.205128 4164.102564 4163.589744 4222.564103 4156.923077 4173.846154 4159.487179 4212.307692
4177.948718 4086.666667 4188.717949 4061.538462 4217.435897 4210.769231 4178.974359 4155.384615 4153.333333 4225.128205 4152.820513 4160.512821 4153.333333 4208.205128
4177.948718 4091.282051 4180.000000 4056.410256 4216.923077 4207.692308 4175.897436 4154.358974 4141.025641 4225.641026 4151.282051 4157.948718 4151.282051 4201.025641
4187.692308 4103.076923 4185.128205 4061.025641 4215.897436 4212.820513 4189.230769 4163.589744 4148.205128 4222.051282 4153.333333 4168.205128 4153.846154 4210.769231
4190.769231 4109.743590 4194.358974 4066.666667 4217.948718 4223.589744 4201.025641 4172.820513 4160.512821 4225.641026 4156.923077 4177.435897 4157.948718 4220.000000
4188.717949 4112.307692 4190.256410 4065.641026 4214.871795 4222.051282 4197.435897 4172.820513 4157.948718 4228.717949 4158.974359 4174.871795 4163.589744 4211.282051
4191.794872 4114.871795 4192.307692 4069.743590 4216.410256 4216.923077 4196.410256 4166.153846 4149.743590 4226.153846 4163.076923 4171.794872 4166.666667 4213.333333
4203.589744 4130.256410 4204.102564 4072.307692 4214.358974 4223.076923 4208.717949 4170.769231 4159.487179 4223.589744 4178.974359 4187.692308 4179.487179 4216.410256
4211.794872 4145.128205 4210.256410 4082.051282 4214.871795 4221.538462 4208.205128 4172.820513 4166.666667 4227.179487 4188.205128 4205.128205 4191.282051 4225.128205
4215.897436 4147.179487 4217.435897 4093.846154 4220.000000 4214.358974 4201.025641 4171.282051 4163.589744 4224.615385 4190.256410 4212.307692 4194.871795 4232.820513
4230.256410 4156.410256 4231.282051 4093.846154 4215.897436 4223.076923 4212.307692 4185.128205 4171.794872 4218.974359 4202.564103 4224.102564 4207.179487 4227.179487
4245.128205 4172.820513 4241.538462 4102.051282 4216.923077 4229.230769 4225.641026 4201.538462 4186.666667 4223.589744 4211.794872 4236.923077 4216.923077 4230.769231
4243.589744 4177.948718 4235.384615 4106.666667 4214.871795 4227.692308 4230.769231 4210.769231 4193.846154 4228.717949 4214.358974 4235.384615 4223.076923 4230.769231
4237.435897 4165.641026 4229.230769 4106.666667 4213.846154 4231.282051 4232.820513 4213.846154 4194.871795 4225.128205 4215.897436 4224.615385 4226.666667 4231.794872
4241.538462 4164.615385 4235.897436 4111.794872 4218.461538 4238.461538 4238.974359 4223.589744 4202.564103 4224.102564 4221.538462 4224.615385 4229.743590 4239.487179
4245.641026 4180.000000 4238.974359 4115.384615 4214.358974 4247.179487 4249.743590 4237.948718 4214.358974 4227.692308 4231.282051 4235.384615 4236.923077 4241.538462
4242.564103 4184.102564 4238.461538 4125.641026 4216.410256 4258.974359 4256.923077 4240.000000 4219.487179 4226.153846 4230.256410 4235.897436 4241.025641 4242.564103
4252.307692 4197.435897 4246.153846 4137.435897 4215.384615 4271.794872 4268.205128 4247.179487 4233.333333 4222.051282 4233.846154 4240.000000 4262.051282 4236.410256
4267.179487 4215.897436 4257.435897 4141.538462 4212.820513 4278.974359 4278.461538 4260.512821 4247.692308 4224.102564 4254.358974 4261.025641 4287.179487 4237.435897
4261.538462 4205.641026 4253.846154 4141.025641 4219.487179 4280.512821 4275.384615 4258.461538 4244.615385 4224.615385 4259.487179 4268.205128 4282.564103 4243.076923
4255.384615 4202.564103 4244.615385 4142.564103 4217.948718 4283.589744 4272.307692 4253.846154 4241.025641 4226.666667 4248.205128 4260.512821 4272.307692 4238.461538
4264.615385 4225.128205 4251.794872 4151.282051 4216.923077 4278.974359 4269.743590 4252.820513 4240.512821 4234.871795 4246.666667 4263.076923 4277.435897 4246.666667
4264.102564 4230.256410 4251.282051 4146.153846 4215.897436 4266.666667 4262.564103 4242.051282 4231.794872 4229.743590 4251.282051 4269.230769 4280.000000 4250.256410
4247.692308 4207.692308 4239.487179 4137.948718 4213.846154 4255.897436 4251.282051 4221.538462 4219.487179 4218.461538 4244.102564 4260.512821 4266.666667 4245.641026
4240.000000 4197.435897 4238.461538 4141.538462 4220.512821 4253.333333 4244.615385 4211.282051 4212.307692 4223.076923 4233.846154 4247.179487 4251.794872 4248.717949
4242.564103 4211.794872 4240.000000 4139.487179 4217.948718 4255.384615 4243.589744 4215.897436 4211.794872 4229.230769 4233.333333 4244.615385 4252.307692 4243.076923
4234.871795 4209.230769 4233.846154 4137.948718 4217.435897 4254.871795 4243.076923 4219.487179 4216.410256 4227.692308 4232.307692 4238.974359 4255.384615 4244.615385
4226.666667 4197.948718 4226.153846 4135.384615 4218.974359 4250.769231 4240.000000 4219.487179 4226.666667 4224.615385 4231.282051 4228.205128 4253.333333 4244.102564
4225.128205 4198.974359 4220.512821 4131.282051 4214.358974 4242.051282 4229.743590 4219.487179 4227.692308 4224.615385 4227.179487 4225.641026 4245.641026 4239.487179
4216.923077 4195.897436 4215.897436 4132.820513 4216.923077 4237.948718 4222.051282 4214.871795 4213.333333 4228.717949 4215.897436 4221.538462 4235.384615 4241.538462
4207.692308 4189.743590 4209.230769 4129.230769 4215.384615 4240.512821 4223.076923 4214.871795 4210.256410 4227.692308 4209.230769 4212.820513 4228.717949 4235.897436
4203.076923 4185.128205 4205.128205 4128.205128 4215.384615 4231.282051 4216.410256 4211.794872 4213.333333 4225.128205 4200.000000 4204.102564 4221.025641 4235.897436
4197.435897 4181.025641 4200.512821 4127.692308 4217.948718 4222.564103 4207.692308 4203.076923 4207.179487 4226.666667 4189.743590 4195.384615 4213.333333 4234.358974
4188.717949 4172.307692 4195.384615 4121.538462 4215.384615 4225.128205 4208.205128 4196.410256 4201.025641 4226.153846 4188.717949 4187.692308 4205.128205 4229.230769
4187.692308 4165.641026 4196.923077 4122.564103 4220.000000 4224.615385 4206.666667 4191.794872 4201.538462 4226.153846 4189.743590 4186.666667 4197.948718 4234.358974
4201.025641 4183.076923 4204.102564 4124.615385 4218.461538 4226.666667 4211.794872 4196.410256 4211.282051 4228.717949 4197.948718 4199.487179 4217.435897 4234.358974
4212.307692 4201.538462 4210.769231 4127.179487 4218.461538 4232.307692 4218.974359 4200.000000 4221.538462 4226.153846 4205.641026 4209.743590 4233.846154 4241.025641
4210.769231 4201.025641 4211.794872 4128.205128 4222.051282 4236.923077 4217.948718 4193.333333 4220.000000 4222.051282 4204.102564 4206.153846 4222.051282 4247.692308
4193.333333 4184.102564 4202.564103 4125.128205 4217.948718 4233.846154 4211.282051 4187.692308 4205.128205 4228.205128 4198.461538 4190.769231 4200.512821 4240.512821
4175.897436 4164.615385 4194.871795 4122.051282 4218.974359 4223.076923 4206.153846 4189.230769 4198.461538 4229.230769 4187.179487 4175.897436 4185.128205 4236.923077
4183.589744 4168.717949 4198.974359 4118.461538 4216.410256 4226.153846 4213.333333 4204.615385 4214.358974 4223.589744 4183.589744 4180.000000 4189.230769 4234.358974
4195.897436 4178.461538 4207.179487 4125.641026 4215.897436 4235.384615 4221.025641 4215.384615 4226.153846 4229.743590 4191.794872 4189.230769 4197.435897 4242.564103
4195.897436 4176.410256 4208.205128 4129.230769 4220.000000 4229.743590 4219.487179 4215.384615 4226.666667 4231.794872 4206.666667 4195.384615 4205.128205 4247.692308
4195.897436 4177.948718 4206.153846 4119.487179 4216.410256 4227.692308 4217.435897 4212.307692 4228.717949 4222.051282 4214.358974 4208.205128 4218.974359 4233.333333
4200.512821 4183.589744 4213.333333 4123.589744 4220.000000 4235.897436 4221.025641 4210.769231 4227.179487 4223.076923 4207.179487 4217.948718 4220.512821 4229.230769
4207.692308 4192.820513 4220.512821 4130.769231 4220.000000 4237.948718 4228.205128 4218.461538 4227.692308 4230.256410 4209.230769 4220.000000 4223.076923 4225.641026
4200.512821 4187.179487 4213.846154 4129.230769 4218.461538 4225.128205 4222.051282 4212.307692 4223.076923 4228.205128 4210.769231 4213.333333 4218.974359 4224.615385
4187.692308 4174.358974 4204.615385 4127.692308 4222.051282 4214.358974 4209.743590 4193.333333 4211.794872 4223.589744 4194.358974 4203.589744 4201.025641 4225.641026
4185.641026 4174.871795 4202.051282 4120.512821 4217.948718 4217.435897 4210.769231 4193.846154 4208.205128 4228.205128 4188.205128 4203.076923 4193.333333 4222.564103
4170.256410 4154.358974 4193.333333 4111.794872 4219.487179 4208.717949 4201.538462 4185.641026 4196.410256 4234.871795 4184.615385 4191.794872 4184.615385 4228.717949
4144.615385 4125.128205 4169.230769 4102.051282 4220.000000 4185.128205 4176.923077 4154.871795 4170.769231 4230.769231 4165.128205 4165.641026 4163.589744 4223.589744
4133.846154 4125.128205 4154.358974 4101.025641 4216.923077 4168.717949 4159.487179 4133.846154 4150.769231 4221.538462 4143.076923 4148.717949 4143.589744 4217.948718
4125.128205 4127.692308 4150.256410 4105.128205 4221.025641 4166.153846 4151.794872 4124.615385 4141.538462 4223.076923 4132.307692 4136.410256 4128.205128 4223.076923
4111.794872 4116.410256 4141.538462 4099.487179 4216.923077 4165.128205 4146.153846 4124.102564 4140.000000 4229.230769 4133.333333 4127.179487 4127.692308 4219.487179
4113.846154 4113.333333 4142.564103 4102.564103 4218.974359 4161.538462 4146.153846 4132.307692 4142.564103 4227.179487 4134.871795 4130.256410 4132.820513 4223.076923
4120.512821 4123.076923 4150.256410 4109.230769 4220.000000 4164.102564 4151.282051 4135.897436 4138.974359 4225.641026 4130.769231 4138.461538 4130.256410 4221.538462
4114.358974 4124.102564 4147.179487 4107.179487 4214.871795 4163.589744 4150.769231 4125.128205 4129.743590 4226.666667 4123.589744 4135.384615 4118.974359 4214.358974
4108.205128 4114.358974 4143.076923 4103.076923 4217.948718 4163.076923 4148.205128 4117.435897 4126.666667 4225.641026 4120.512821 4129.743590 4115.897436 4208.205128
4109.230769 4115.384615 4142.564103 4101.025641 4218.974359 4167.179487 4151.282051 4123.589744 4133.846154 4223.076923 4128.717949 4134.358974 4125.641026 4202.564103
4104.102564 4115.897436 4141.025641 4104.615385 4221.538462 4162.564103 4146.666667 4127.692308 4133.846154 4225.128205 4129.743590 4133.846154 4127.692308 4214.871795
4093.846154 4104.615385 4130.769231 4101.025641 4218.974359 4153.846154 4138.974359 4123.589744 4123.076923 4227.179487 4112.820513 4120.000000 4111.794872 4216.923077
4092.307692 4098.461538 4122.051282 4094.871795 4214.358974 4156.410256 4141.538462 4120.000000 4117.435897 4225.128205 4097.948718 4106.666667 4098.461538 4206.666667
4093.846154 4101.025641 4123.589744 4098.461538 4220.000000 4165.128205 4147.692308 4124.102564 4122.564103 4226.666667 4105.128205 4106.666667 4106.153846 4211.282051
4087.692308 4096.923077 4120.512821 4094.358974 4215.897436 4162.051282 4145.641026 4131.282051 4127.179487 4225.641026 4116.923077 4108.717949 4115.897436 4206.153846
4087.179487 4091.282051 4122.051282 4090.769231 4214.358974 4152.307692 4139.487179 4130.256410 4124.102564 4224.102564 4115.897436 4107.692308 4113.846154 4200.000000
4100.512821 4108.717949 4136.923077 4094.358974 4222.051282 4155.897436 4145.128205 4127.179487 4128.205128 4221.538462 4121.538462 4122.051282 4123.589744 4202.564103
4107.179487 4121.025641 4142.564103 4098.461538 4220.512821 4163.076923 4149.230769 4124.102564 4134.871795 4222.051282 4123.589744 4132.307692 4132.820513 4207.692308
4095.897436 4103.589744 4133.846154 4102.051282 4218.974359 4163.076923 4144.615385 4117.948718 4127.692308 4226.666667 4110.256410 4116.923077 4116.923077 4211.282051
4098.974359 4106.666667 4131.794872 4100.512821 4216.410256 4164.102564 4146.666667 4124.615385 4126.666667 4226.153846 4115.384615 4117.435897 4118.461538 4203.076923
4121.025641 4128.717949 4146.153846 4108.205128 4218.461538 4164.102564 4147.692308 4130.256410 4136.410256 4225.641026 4129.743590 4140.000000 4136.923077 4208.717949
4133.846154 4131.794872 4157.948718 4115.384615 4221.025641 4167.179487 4150.256410 4130.256410 4145.128205 4229.230769 4134.358974 4150.256410 4142.564103 4215.384615
4133.333333 4133.846154 4163.076923 4113.333333 4216.410256 4178.974359 4164.615385 4146.666667 4157.435897 4228.717949 4141.025641 4155.384615 4150.256410 4208.717949
4134.871795 4146.153846 4166.666667 4117.435897 4219.487179 4183.076923 4172.820513 4157.948718 4163.076923 4222.564103 4144.615385 4162.564103 4156.410256 4211.794872
4141.538462 4155.897436 4164.102564 4118.461538 4217.435897 4179.487179 4169.743590 4153.846154 4162.564103 4223.589744 4144.102564 4162.564103 4155.384615 4210.769231
4145.641026 4157.435897 4168.205128 4122.564103 4217.435897 4177.948718 4168.205128 4152.307692 4165.641026 4229.230769 4149.230769 4167.179487 4156.410256 4209.743590
4153.333333 4161.025641 4176.923077 4125.641026 4224.102564 4176.923077 4169.230769 4157.435897 4169.743590 4227.692308 4160.512821 4178.461538 4167.692308 4213.333333
4164.615385 4173.333333 4179.487179 4126.666667 4220.512821 4176.923077 4171.282051 4159.487179 4171.794872 4224.615385 4171.282051 4189.743590 4184.615385 4213.846154
4165.128205 4176.410256 4182.051282 4134.358974 4222.564103 4179.487179 4175.384615 4155.384615 4173.846154 4227.179487 4168.205128 4190.769231 4177.948718 4222.051282
4160.512821 4173.846154 4183.589744 4131.794872 4221.538462 4183.076923 4181.538462 4163.589744 4178.974359 4227.692308 4162.564103 4185.641026 4164.102564 4219.487179
4160.000000 4172.820513 4179.487179 4127.692308 4219.487179 4180.000000 4179.487179 4169.743590 4177.948718 4228.205128 4167.179487 4183.076923 4172.307692 4220.000000
4160.000000 4171.794872 4175.384615 4126.666667 4223.076923 4172.307692 4170.256410 4158.974359 4172.307692 4226.153846 4174.358974 4181.538462 4192.820513 4225.641026
4164.102564 4172.307692 4181.025641 4122.564103 4218.461538 4174.358974 4174.358974 4155.384615 4178.974359 4220.512821 4182.564103 4187.692308 4203.589744 4221.025641
4174.871795 4174.871795 4192.820513 4127.179487 4217.948718 4178.461538 4181.025641 4165.128205 4193.846154 4225.128205 4189.743590 4197.948718 4205.641026 4226.153846
4180.000000 4184.615385 4192.307692 4128.205128 4217.435897 4182.564103 4183.076923 4173.333333 4201.025641 4231.282051 4195.384615 4202.051282 4216.923077 4227.692308
4174.871795 4185.641026 4183.076923 4125.128205 4219.487179 4185.128205 4183.589744 4172.820513 4198.974359 4226.666667 4195.384615 4194.358974 4221.025641 4225.128205
4172.307692 4180.000000 4181.538462 4130.769231 4223.589744 4182.051282 4182.564103 4168.205128 4201.025641 4224.102564 4189.230769 4187.179487 4210.769231 4225.641026
4175.384615 4185.128205 4182.051282 4129.743590 4212.820513 4183.589744 4182.564103 4162.051282 4201.538462 4229.230769 4187.692308 4186.666667 4206.153846 4220.512821
4167.692308 4184.102564 4176.410256 4125.128205 4212.820513 4184.615385 4185.641026 4155.384615 4188.717949 4228.717949 4181.025641 4178.974359 4197.435897 4224.615385
4160.000000 4178.974359 4172.307692 4124.615385 4218.461538 4180.512821 4192.820513 4163.589744 4188.717949 4223.589744 4178.974359 4176.923077 4193.333333 4224.615385
4161.025641 4178.974359 4174.358974 4125.128205 4215.384615 4177.435897 4192.307692 4174.871795 4197.948718 4225.641026 4187.179487 4180.512821 4204.615385 4221.025641
4160.512821 4177.435897 4171.794872 4122.564103 4218.461538 4178.974359 4185.641026 4169.743590 4193.846154 4228.717949 4189.743590 4176.923077 4208.205128 4220.000000
4155.384615 4174.871795 4166.153846 4118.461538 4217.948718 4182.051282 4186.153846 4166.153846 4188.205128 4228.205128 4185.128205 4175.384615 4199.487179 4215.384615
4156.923077 4175.384615 4171.282051 4127.692308 4217.435897 4183.076923 4187.692308 4172.820513 4193.333333 4227.692308 4183.076923 4178.461538 4197.435897 4222.564103
4166.666667 4189.230769 4178.461538 4134.358974 4216.923077 4189.230769 4191.794872 4185.641026 4208.717949 4228.717949 4191.282051 4183.589744 4211.282051 4223.589744
4167.179487 4194.358974 4174.871795 4128.205128 4216.410256 4193.846154 4192.820513 4188.717949 4213.333333 4228.205128 4195.897436 4182.564103 4214.871795 4215.384615
4161.025641 4182.051282 4171.794872 4123.076923 4222.051282 4188.717949 4185.641026 4178.461538 4197.435897 4227.692308 4187.179487 4174.358974 4201.538462 4214.358974
4172.307692 4197.435897 4178.974359 4118.974359 4216.923077 4192.307692 4192.307692 4182.564103 4202.051282 4225.641026 4193.333333 4179.487179 4215.897436 4208.717949
4200.000000 4233.846154 4201.025641 4129.743590 4216.923077 4215.897436 4225.128205 4211.794872 4242.564103 4229.230769 4222.051282 4209.230769 4248.717949 4217.435897
4232.820513 4269.230769 4230.769231 4146.666667 4221.025641 4247.179487 4262.051282 4242.564103 4275.384615 4228.717949 4254.358974 4249.230769 4277.435897 4231.282051
4254.871795 4296.410256 4243.076923 4150.769231 4218.974359 4259.487179 4269.230769 4248.205128 4282.051282 4223.076923 4269.230769 4263.589744 4304.102564 4234.871795
4262.051282 4304.615385 4244.615385 4153.846154 4223.076923 4256.923077 4260.512821 4241.025641 4282.564103 4222.564103 4268.205128 4254.358974 4318.974359 4240.000000
4269.743590 4312.820513 4247.692308 4156.923077 4219.487179 4261.538462 4267.179487 4250.256410 4288.205128 4227.179487 4271.794872 4260.512821 4329.230769 4243.589744
4276.923077 4319.487179 4248.717949 4159.487179 4217.948718 4263.589744 4270.769231 4254.358974 4293.333333 4234.358974 4285.128205 4274.358974 4348.205128 4254.358974
4280.512821 4312.820513 4246.666667 4158.461538 4222.051282 4264.102564 4263.589744 4246.666667 4293.846154 4230.256410 4295.384615 4273.333333 4366.153846 4254.358974
4284.102564 4313.333333 4251.282051 4159.487179 4216.923077 4273.333333 4272.307692 4251.282051 4298.461538 4219.487179 4292.820513 4273.846154 4360.512821 4243.076923
4282.564103 4318.974359 4256.410256 4170.256410 4219.487179 4273.333333 4281.538462 4261.025641 4305.128205 4222.051282 4287.692308 4280.000000 4347.179487 4246.153846
4274.358974 4312.820513 4245.128205 4164.615385 4220.000000 4262.564103 4267.692308 4251.794872 4298.974359 4231.794872 4292.820513 4274.871795 4355.384615 4241.025641
4263.589744 4291.282051 4234.871795 4154.871795 4215.897436 4256.923077 4250.256410 4231.794872 4286.153846 4230.256410 4290.769231 4261.025641 4351.794872 4234.358974
4254.871795 4276.410256 4236.410256 4155.384615 4217.948718 4257.948718 4254.358974 4231.794872 4290.769231 4223.589744 4282.564103 4256.923077 4332.307692 4234.358974
4246.666667 4268.717949 4235.384615 4153.333333 4219.487179 4256.410256 4259.487179 4239.487179 4300.000000 4229.743590 4283.589744 4255.384615 4328.717949 4232.307692
4232.307692 4250.256410 4224.102564 4150.769231 4224.615385 4250.256410 4246.666667 4224.615385 4289.743590 4235.384615 4274.358974 4239.487179 4320.000000 4232.307692
4218.461538 4238.461538 4210.256410 4146.153846 4220.512821 4248.205128 4239.487179 4216.923077 4286.153846 4226.153846 4257.948718 4225.641026 4301.025641 4221.538462
4213.333333 4242.051282 4209.230769 4150.256410 4214.358974 4249.230769 4241.538462 4221.025641 4282.564103 4221.025641 4252.307692 4221.538462 4295.384615 4217.948718
4205.128205 4237.435897 4207.692308 4154.871795 4218.461538 4250.256410 4241.025641 4211.282051 4266.153846 4227.179487 4247.179487 4214.871795 4292.307692 4219.487179
4195.897436 4220.512821 4200.512821 4148.205128 4217.948718 4249.230769 4242.051282 4211.282051 4265.128205 4227.692308 4246.666667 4214.871795 4290.256410 4210.769231
4193.333333 4210.769231 4204.615385 4147.692308 4221.025641 4242.051282 4240.000000 4220.512821 4245.641026 4225.641026 4251.282051 4222.051282 4287.692308 4211.794872
4193.846154 4220.000000 4207.692308 4145.641026 4221.538462 4238.461538 4237.435897 4217.435897 4197.948718 4228.717949 4241.538462 4219.487179 4267.692308 4211.282051
4184.615385 4226.153846 4204.102564 4144.102564 4220.000000 4239.487179 4236.923077 4206.666667 4176.410256 4227.179487 4221.538462 4210.256410 4237.435897 4213.333333
4175.384615 4220.512821 4202.564103 4144.102564 4222.051282 4243.589744 4235.897436 4201.025641 4192.307692 4223.076923 4220.512821 4204.102564 4230.256410 4216.923077
4177.948718 4223.589744 4204.102564 4138.461538 4215.897436 4250.256410 4240.512821 4207.692308 4212.307692 4227.179487 4235.384615 4204.615385 4244.615385 4210.769231
4166.666667 4215.897436 4195.384615 4140.512821 4218.974359 4247.179487 4236.923077 4208.205128 4207.692308 4233.333333 4222.051282 4192.820513 4232.820513 4212.307692
4137.948718 4199.487179 4177.435897 4145.128205 4223.076923 4236.410256 4225.641026 4199.487179 4195.897436 4230.769231 4192.820513 4172.307692 4204.102564 4205.128205
4134.871795 4203.589744 4177.948718 4149.230769 4220.512821 4231.794872 4229.230769 4205.128205 4203.589744 4224.615385 4198.461538 4171.282051 4202.051282 4202.051282
4158.974359 4218.974359 4196.923077 4157.948718 4223.589744 4236.410256 4246.666667 4222.564103 4222.564103 4226.666667 4219.487179 4190.769231 4221.025641 4214.358974
4166.666667 4229.230769 4200.512821 4155.897436 4220.000000 4246.666667 4251.282051 4220.000000 4226.153846 4228.717949 4222.051282 4202.564103 4232.820513 4210.769231
4149.743590 4223.589744 4192.307692 4153.846154 4221.025641 4247.179487 4238.461538 4200.000000 4215.384615 4225.641026 4209.230769 4191.794872 4220.512821 4209.230769
4140.512821 4216.410256 4190.256410 4152.307692 4224.102564 4238.974359 4241.025641 4207.179487 4212.307692 4223.076923 4203.589744 4185.128205 4204.102564 4207.692308
4146.153846 4218.461538 4191.794872 4147.692308 4219.487179 4243.076923 4257.435897 4235.384615 4222.564103 4225.641026 4205.641026 4195.897436 4201.538462 4202.051282
4147.179487 4218.974359 4198.974359 4148.717949 4224.102564 4247.692308 4259.487179 4242.051282 4233.846154 4227.179487 4207.179487 4204.615385 4206.666667 4207.179487
4149.743590 4227.692308 4207.692308 4149.230769 4224.102564 4243.076923 4260.512821 4242.051282 4248.717949 4225.128205 4222.564103 4211.794872 4224.102564 4210.256410
4161.025641 4243.589744 4210.769231 4157.435897 4224.102564 4245.641026 4265.128205 4243.076923 4263.589744 4231.282051 4234.358974 4218.974359 4233.333333 4212.307692
4168.717949 4248.205128 4208.717949 4163.589744 4221.538462 4255.384615 4264.615385 4242.564103 4268.717949 4231.794872 4229.743590 4217.948718 4228.205128 4207.692308
4164.102564 4242.051282 4205.641026 4161.025641 4214.871795 4256.410256 4261.025641 4248.205128 4270.256410 4222.564103 4226.153846 4214.871795 4228.717949 4206.666667
4166.153846 4248.717949 4210.769231 4164.615385 4221.025641 4254.358974 4265.641026 4259.487179 4276.923077 4224.615385 4232.307692 4222.051282 4238.974359 4214.358974
4173.846154 4260.000000 4212.820513 4162.051282 4220.512821 4254.358974 4272.820513 4267.179487 4284.102564 4230.256410 4239.487179 4227.179487 4244.102564 4208.717949
4165.641026 4248.717949 4208.717949 4158.974359 4219.487179 4249.230769 4266.666667 4260.512821 4276.410256 4225.641026 4233.846154 4218.974359 4233.333333 4211.794872
4164.102564 4252.307692 4212.307692 4163.589744 4221.025641 4251.794872 4266.153846 4256.410256 4276.923077 4220.000000 4238.461538 4222.564103 4235.384615 4217.435897
4183.076923 4281.025641 4223.589744 4170.769231 4215.897436 4262.051282 4280.000000 4266.153846 4295.384615 4223.589744 4251.794872 4238.974359 4249.230769 4209.230769
4187.179487 4284.615385 4229.230769 4176.923077 4220.000000 4266.666667 4283.589744 4266.666667 4295.897436 4222.564103 4248.717949 4240.512821 4247.692308 4206.153846
4180.512821 4275.897436 4224.615385 4172.820513 4221.025641 4272.820513 4282.051282 4260.512821 4283.076923 4215.384615 4242.564103 4235.897436 4245.128205 4201.025641
4181.025641 4275.384615 4220.512821 4171.282051 4221.538462 4273.333333 4284.102564 4255.384615 4277.948718 4217.948718 4239.487179 4232.820513 4243.076923 4202.051282
4176.410256 4271.794872 4214.871795 4169.743590 4223.589744 4268.205128 4280.512821 4250.256410 4276.410256 4224.615385 4234.871795 4229.230769 4237.435897 4202.564103
4165.128205 4266.153846 4205.128205 4166.666667 4216.410256 4268.205128 4272.307692 4248.717949 4273.846154 4224.102564 4229.230769 4221.538462 4231.794872 4193.846154
4166.153846 4263.589744 4205.128205 4174.358974 4221.025641 4261.025641 4269.230769 4249.230769 4274.871795 4225.128205 4230.769231 4212.820513 4223.589744 4197.435897
4174.358974 4268.717949 4211.282051 4176.410256 4223.589744 4253.846154 4273.333333 4255.897436 4284.102564 4229.743590 4241.025641 4218.461538 4225.641026 4200.000000
4174.358974 4270.256410 4213.333333 4172.820513 4221.025641 4255.384615 4268.717949 4254.871795 4283.589744 4226.666667 4237.948718 4222.564103 4229.230769 4202.564103
4175.897436 4271.282051 4213.333333 4172.820513 4222.051282 4253.333333 4262.051282 4241.538462 4270.769231 4223.589744 4230.256410 4216.923077 4227.179487 4203.589744
4190.769231 4282.051282 4220.000000 4170.769231 4217.948718 4253.846154 4272.307692 4245.128205 4271.282051 4224.615385 4243.076923 4227.179487 4238.974359 4193.333333
4193.846154 4281.538462 4229.230769 4175.384615 4222.051282 4256.923077 4279.487179 4258.461538 4277.948718 4225.641026 4250.256410 4241.025641 4244.102564 4191.282051
4187.692308 4280.000000 4226.666667 4176.410256 4222.564103 4260.512821 4278.461538 4262.564103 4277.948718 4227.179487 4244.615385 4240.000000 4238.461538 4191.794872
4197.948718 4290.769231 4224.615385 4177.948718 4218.461538 4263.076923 4277.948718 4255.384615 4277.435897 4228.205128 4243.076923 4237.435897 4242.051282 4197.948718
4212.307692 4302.564103 4230.769231 4185.128205 4220.512821 4266.153846 4286.153846 4258.974359 4286.666667 4224.615385 4247.692308 4237.948718 4250.769231 4206.153846
4214.871795 4310.769231 4233.333333 4185.128205 4218.461538 4267.179487 4292.820513 4274.358974 4298.974359 4226.153846 4258.461538 4244.102564 4258.974359 4204.615385
4208.717949 4303.589744 4228.717949 4184.615385 4222.564103 4260.000000 4281.538462 4268.717949 4292.307692 4234.871795 4252.820513 4244.615385 4250.769231 4207.179487
4215.384615 4309.230769 4233.846154 4187.179487 4220.512821 4267.179487 4283.589744 4269.743590 4295.384615 4231.282051 4246.153846 4246.153846 4253.333333 4206.153846
4237.435897 4338.461538 4254.358974 4193.333333 4214.358974 4287.692308 4307.692308 4291.282051 4320.000000 4223.589744 4267.179487 4265.641026 4281.025641 4211.282051
4254.871795 4355.897436 4269.230769 4202.564103 4219.487179 4289.743590 4315.897436 4300.000000 4331.282051 4225.128205 4284.615385 4282.051282 4295.384615 4218.974359
4253.333333 4348.717949 4263.589744 4201.025641 4217.435897 4284.102564 4308.205128 4291.794872 4321.025641 4226.666667 4278.974359 4277.948718 4284.102564 4208.717949
4240.000000 4333.333333 4256.410256 4202.564103 4220.000000 4285.641026 4306.666667 4287.692308 4312.820513 4228.205128 4273.333333 4270.769231 4267.692308 4210.256410
4237.948718 4330.769231 4257.435897 4205.128205 4223.589744 4287.692308 4308.205128 4288.205128 4315.384615 4229.743590 4276.410256 4275.384615 4268.205128 4212.820513
4240.000000 4329.743590 4257.435897 4200.000000 4221.025641 4278.974359 4298.974359 4276.410256 4307.692308 4224.615385 4270.256410 4276.923077 4269.230769 4207.692308
4234.871795 4326.153846 4255.384615 4194.871795 4224.102564 4276.410256 4293.846154 4263.589744 4295.897436 4224.102564 4260.000000 4267.692308 4264.615385 4207.692308
4234.358974 4332.307692 4253.846154 4193.333333 4218.461538 4284.615385 4300.512821 4269.743590 4300.512821 4227.692308 4258.461538 4263.076923 4269.230769 4198.461538
4235.897436 4327.692308 4253.333333 4198.974359 4216.410256 4283.076923 4298.461538 4274.358974 4302.564103 4226.153846 4255.897436 4260.512821 4271.794872 4197.435897
4228.717949 4313.333333 4246.153846 4193.846154 4223.076923 4274.871795 4285.128205 4267.179487 4291.282051 4223.589744 4248.717949 4253.846154 4267.179487 4200.000000
4222.051282 4309.230769 4238.461538 4185.128205 4221.025641 4268.205128 4279.487179 4261.538462 4285.641026 4225.128205 4245.641026 4247.179487 4263.589744 4194.358974
4226.666667 4310.256410 4242.051282 4191.282051 4221.025641 4268.717949 4281.025641 4261.538462 4292.820513 4223.076923 4250.769231 4249.743590 4268.717949 4195.897436
4236.410256 4315.384615 4251.282051 4192.820513 4220.000000 4274.871795 4284.102564 4268.717949 4296.923077 4224.102564 4265.641026 4264.102564 4285.641026 4196.410256
4236.923077 4316.923077 4256.410256 4193.846154 4221.025641 4274.871795 4282.564103 4265.128205 4285.641026 4233.846154 4269.230769 4265.641026 4288.205128 4200.000000
4225.128205 4309.743590 4246.153846 4194.358974 4220.512821 4270.769231 4278.461538 4249.743590 4272.307692 4233.846154 4249.743590 4250.769231 4264.615385 4194.871795
4217.948718 4308.205128 4237.435897 4192.820513 4218.974359 4268.717949 4274.871795 4247.692308 4272.820513 4223.589744 4239.487179 4249.230769 4249.743590 4187.692308
4220.512821 4311.794872 4247.692308 4196.410256 4225.128205 4268.205128 4272.820513 4250.256410 4274.871795 4223.076923 4246.666667 4260.512821 4256.410256 4193.333333
4221.538462 4313.846154 4250.256410 4194.358974 4218.461538 4272.307692 4272.307692 4244.615385 4273.333333 4227.179487 4250.769231 4258.974359 4261.025641 4188.717949
4218.461538 4304.102564 4242.564103 4195.384615 4218.461538 4270.256410 4266.666667 4239.487179 4270.769231 4228.717949 4241.025641 4246.666667 4254.358974 4191.282051
4223.076923 4302.564103 4246.153846 4197.435897 4227.692308 4262.051282 4266.153846 4249.230769 4272.307692 4228.205128 4242.051282 4249.743590 4261.025641 4204.615385
4227.692308 4308.717949 4250.256410 4192.307692 4224.102564 4261.025641 4271.794872 4263.589744 4278.974359 4224.615385 4252.820513 4257.435897 4269.743590 4207.692308
4221.025641 4300.512821 4242.564103 4193.333333 4223.589744 4264.102564 4270.256410 4265.128205 4275.384615 4224.615385 4244.615385 4246.153846 4257.948718 4208.205128
4217.435897 4297.435897 4239.487179 4193.333333 4221.025641 4265.128205 4271.282051 4264.102564 4274.358974 4227.179487 4239.487179 4239.487179 4257.948718 4198.974359
4219.487179 4301.538462 4249.230769 4193.333333 4219.487179 4265.641026 4278.974359 4260.000000 4277.435897 4226.666667 4246.666667 4247.179487 4262.051282 4194.871795
4221.538462 4300.512821 4255.384615 4193.846154 4224.102564 4268.717949 4281.538462 4258.974359 4275.897436 4226.666667 4246.153846 4252.307692 4252.820513 4198.974359
4226.666667 4306.153846 4253.846154 4191.794872 4220.000000 4272.820513 4282.564103 4263.589744 4274.871795 4225.641026 4247.179487 4255.897436 4252.307692 4198.461538
4227.692308 4307.692308 4255.384615 4200.512821 4224.615385 4267.179487 4282.051282 4258.461538 4270.769231 4224.615385 4248.717949 4256.410256 4252.307692 4204.102564
4223.589744 4301.538462 4255.897436 4199.487179 4226.153846 4262.564103 4278.461538 4252.820513 4263.589744 4223.589744 4246.153846 4255.384615 4247.692308 4197.948718
4223.589744 4297.948718 4254.871795 4192.307692 4221.025641 4261.025641 4270.256410 4251.282051 4261.025641 4223.589744 4242.051282 4257.948718 4248.717949 4194.358974
4227.179487 4299.487179 4256.410256 4197.435897 4223.076923 4257.435897 4264.102564 4251.794872 4265.641026 4225.641026 4242.051282 4260.000000 4249.743590 4200.000000
4228.205128 4303.589744 4254.871795 4196.923077 4222.051282 4257.435897 4269.230769 4262.051282 4273.333333 4225.641026 4248.205128 4262.564103 4254.358974 4195.384615
4224.102564 4296.410256 4250.769231 4192.307692 4225.641026 4255.897436 4271.282051 4264.102564 4274.358974 4227.179487 4246.153846 4260.512821 4253.333333 4197.435897
4222.051282 4293.846154 4250.769231 4192.820513 4225.641026 4255.384615 4270.769231 4262.051282 4273.333333 4226.153846 4242.564103 4258.461538 4249.230769 4196.923077
4225.641026 4302.564103 4255.897436 4197.948718 4221.538462 4261.025641 4272.820513 4269.743590 4275.897436 4223.076923 4247.179487 4267.692308 4253.333333 4195.384615
4231.282051 4302.051282 4257.435897 4202.051282 4225.128205 4266.153846 4275.897436 4270.769231 4273.846154 4224.102564 4246.666667 4275.897436 4256.923077 4200.512821
4231.794872 4295.897436 4251.282051 4194.358974 4223.076923 4267.692308 4275.897436 4261.538462 4265.128205 4228.205128 4244.102564 4273.333333 4251.794872 4197.435897
4225.128205 4294.358974 4248.717949 4193.846154 4224.615385 4260.000000 4268.717949 4254.871795 4256.923077 4227.692308 4244.102564 4264.102564 4238.974359 4199.487179
4223.589744 4299.487179 4245.128205 4198.461538 4223.589744 4255.384615 4269.230769 4259.487179 4260.000000 4220.512821 4244.102564 4260.000000 4236.410256 4200.512821
4226.153846 4302.051282 4242.051282 4201.025641 4218.974359 4261.025641 4272.307692 4262.051282 4261.538462 4222.051282 4242.564103 4260.512821 4244.615385 4197.435897
4229.743590 4296.923077 4248.205128 4202.051282 4223.589744 4262.564103 4268.205128 4259.487179 4254.871795 4230.769231 4242.564103 4263.076923 4245.128205 4196.410256
4234.358974 4294.358974 4253.846154 4197.948718 4220.000000 4258.461538 4270.256410 4260.000000 4256.923077 4227.692308 4245.641026 4269.743590 4243.589744 4191.282051
4233.333333 4295.384615 4254.871795 4203.076923 4221.025641 4261.025641 4276.923077 4259.487179 4260.512821 4222.051282 4243.076923 4269.743590 4246.153846 4193.846154
4226.666667 4300.000000 4251.282051 4206.153846 4224.102564 4265.128205 4276.923077 4260.000000 4257.435897 4225.641026 4244.102564 4265.641026 4243.589744 4190.769231
4222.564103 4294.871795 4245.641026 4202.564103 4223.076923 4257.948718 4269.230769 4260.000000 4258.974359 4228.205128 4241.538462 4261.025641 4229.230769 4189.230769
4223.076923 4280.512821 4244.102564 4201.538462 4228.205128 4253.846154 4269.230769 4258.974359 4266.153846 4226.153846 4238.461538 4257.948718 4230.769231 4196.410256
4226.153846 4283.589744 4247.179487 4196.923077 4223.076923 4261.025641 4277.435897 4263.589744 4273.846154 4223.076923 4248.205128 4266.153846 4256.410256 4192.820513
4223.589744 4288.717949 4251.282051 4200.000000 4222.051282 4256.410256 4274.871795 4262.564103 4267.179487 4224.102564 4243.589744 4266.666667 4250.769231 4198.461538
4218.461538 4282.051282 4247.179487 4201.538462 4227.692308 4251.282051 4268.205128 4259.487179 4255.384615 4226.666667 4228.717949 4256.923077 4228.717949 4200.000000
4217.435897 4276.410256 4238.974359 4197.435897 4223.589744 4253.846154 4265.641026 4260.512821 4255.384615 4227.179487 4235.897436 4257.435897 4236.410256 4191.282051
4212.820513 4267.692308 4234.358974 4200.000000 4227.179487 4247.692308 4258.461538 4250.256410 4249.230769 4226.153846 4242.564103 4255.897436 4241.025641 4200.512821
4210.256410 4265.641026 4232.820513 4194.871795 4227.179487 4244.102564 4253.846154 4241.538462 4242.564103 4224.615385 4241.538462 4251.282051 4238.974359 4205.128205
4216.410256 4268.205128 4234.871795 4193.333333 4224.102564 4248.205128 4255.897436 4244.102564 4247.692308 4224.615385 4242.564103 4251.794872 4237.948718 4206.153846
4222.564103 4270.769231 4237.948718 4200.000000 4223.076923 4245.641026 4255.897436 4245.641026 4253.333333 4223.589744 4237.435897 4252.307692 4228.205128 4205.128205
4224.615385 4277.435897 4237.435897 4200.512821 4219.487179 4242.564103 4256.923077 4247.692308 4255.384615 4223.076923 4233.333333 4252.307692 4226.153846 4199.487179
4221.025641 4274.358974 4236.923077 4199.487179 4223.076923 4244.102564 4260.000000 4246.153846 4255.384615 4226.666667 4232.820513 4250.256410 4227.179487 4207.179487
4218.461538 4267.179487 4237.948718 4193.333333 4222.564103 4245.641026 4260.000000 4245.641026 4254.871795 4228.717949 4233.333333 4247.179487 4225.128205 4210.769231
4218.974359 4266.153846 4241.538462 4194.358974 4224.102564 4243.589744 4257.435897 4250.256410 4256.410256 4225.128205 4233.333333 4250.769231 4227.179487 4212.307692
4221.025641 4264.615385 4243.076923 4198.974359 4228.205128 4243.076923 4257.948718 4254.358974 4263.076923 4222.051282 4235.897436 4255.384615 4230.769231 4212.820513
4218.461538 4262.051282 4235.384615 4195.384615 4221.538462 4242.564103 4258.461538 4252.820513 4260.000000 4227.692308 4234.358974 4248.205128 4223.589744 4211.794872
4208.205128 4254.871795 4229.230769 4195.897436 4223.589744 4239.487179 4252.820513 4244.615385 4245.641026 4231.794872 4221.025641 4237.435897 4210.769231 4222.051282
4202.564103 4250.256410 4225.128205 4191.794872 4223.076923 4240.512821 4254.358974 4242.564103 4243.589744 4225.641026 4215.384615 4238.461538 4215.384615 4218.461538
4207.179487 4246.153846 4223.589744 4189.743590 4221.025641 4241.025641 4258.974359 4242.564103 4247.692308 4224.102564 4220.512821 4242.564103 4223.076923 4217.948718
4211.282051 4247.179487 4230.256410 4192.820513 4227.692308 4236.410256 4254.358974 4234.871795 4239.487179 4229.743590 4222.051282 4240.512821 4216.410256 4226.666667
4207.692308 4251.794872 4230.769231 4187.179487 4224.102564 4235.384615 4253.846154 4229.743590 4231.282051 4230.256410 4216.410256 4241.025641 4210.256410 4220.000000
4203.076923 4243.589744 4226.153846 4188.205128 4225.641026 4237.948718 4253.846154 4231.794872 4229.743590 4225.641026 4213.333333 4240.000000 4209.230769 4221.025641
4207.179487 4243.589744 4227.179487 4191.282051 4225.641026 4237.948718 4250.256410 4240.512821 4232.820513 4225.641026 4223.589744 4243.589744 4216.410256 4226.153846
4210.256410 4251.794872 4230.256410 4189.743590 4222.051282 4234.358974 4247.179487 4240.000000 4229.743590 4229.230769 4225.641026 4246.153846 4215.897436 4227.179487
4199.487179 4238.461538 4222.564103 4190.256410 4226.666667 4232.820513 4244.615385 4228.717949 4221.538462 4228.205128 4213.846154 4235.384615 4202.051282 4226.666667
4188.717949 4222.564103 4209.743590 4184.615385 4221.538462 4232.820513 4244.102564 4231.282051 4228.205128 4226.153846 4211.282051 4225.641026 4200.512821 4220.512821
4186.666667 4217.435897 4209.230769 4183.589744 4222.564103 4228.717949 4237.435897 4234.871795 4236.410256 4230.769231 4205.641026 4222.564103 4196.410256 4226.666667
4187.692308 4217.435897 4210.769231 4185.128205 4227.179487 4221.025641 4229.230769 4223.076923 4230.769231 4229.743590 4194.871795 4219.487179 4189.230769 4233.333333
4188.717949 4223.076923 4208.717949 4187.179487 4225.128205 4213.846154 4224.615385 4213.333333 4223.076923 4222.564103 4201.538462 4215.897436 4194.358974 4236.923077
4193.846154 4231.282051 4208.717949 4189.230769 4224.102564 4209.743590 4224.102564 4213.333333 4225.641026 4224.102564 4211.282051 4212.820513 4200.000000 4246.153846
4200.512821 4236.410256 4208.717949 4185.128205 4218.974359 4208.205128 4225.128205 4214.871795 4226.666667 4227.179487 4207.179487 4214.871795 4199.487179 4245.128205
4199.487179 4233.333333 4211.794872 4187.692308 4223.589744 4208.205128 4225.641026 4213.333333 4218.461538 4227.179487 4200.512821 4217.435897 4201.538462 4246.666667
4196.410256 4236.410256 4213.333333 4187.692308 4225.128205 4212.307692 4222.564103 4217.948718 4221.538462 4226.153846 4205.641026 4218.461538 4213.333333 4244.615385
4192.820513 4237.948718 4207.179487 4182.051282 4220.000000 4208.205128 4211.794872 4221.025641 4227.179487 4223.076923 4207.692308 4213.333333 4215.897436 4244.615385
4192.307692 4229.230769 4205.641026 4186.666667 4226.153846 4200.512821 4205.128205 4214.871795 4220.512821 4223.589744 4198.974359 4209.743590 4209.230769 4254.871795
4199.487179 4233.846154 4209.230769 4189.743590 4222.564103 4205.641026 4216.410256 4220.512821 4224.102564 4227.179487 4202.051282 4218.461538 4218.461538 4254.358974
4196.410256 4233.846154 4205.641026 4186.666667 4220.000000 4209.230769 4222.564103 4225.641026 4228.205128 4228.717949 4202.564103 4214.871795 4221.538462 4253.846154
4182.564103 4218.974359 4194.871795 4181.025641 4224.615385 4201.538462 4213.846154 4218.974359 4222.564103 4226.153846 4191.282051 4200.512821 4209.743590 4250.256410
4179.487179 4214.358974 4191.794872 4180.000000 4223.589744 4193.846154 4208.205128 4213.333333 4223.589744 4229.230769 4187.692308 4201.025641 4206.666667 4244.102564
4179.487179 4213.846154 4192.820513 4181.538462 4226.153846 4189.743590 4205.641026 4205.641026 4218.461538 4231.794872 4187.692308 4200.000000 4203.589744 4245.641026
4177.435897 4210.256410 4189.230769 4174.358974 4222.051282 4194.871795 4209.230769 4207.179487 4213.333333 4226.666667 4189.743590 4192.820513 4200.512821 4237.948718
4179.487179 4209.743590 4190.769231 4180.512821 4220.512821 4202.051282 4217.948718 4214.871795 4217.948718 4224.102564 4190.256410 4192.820513 4198.974359 4238.461538
4178.974359 4213.333333 4191.794872 4184.102564 4224.615385 4212.820513 4223.589744 4214.871795 4212.307692 4225.128205 4186.666667 4192.820513 4192.307692 4241.538462
4175.384615 4216.410256 4185.128205 4174.358974 4221.025641 4228.205128 4227.179487 4208.717949 4205.128205 4228.717949 4183.076923 4184.615385 4185.128205 4230.769231
4176.410256 4210.769231 4188.205128 4176.410256 4224.615385 4225.641026 4221.538462 4202.564103 4206.153846 4234.358974 4186.666667 4184.615385 4189.230769 4234.358974
4182.564103 4209.230769 4195.384615 4177.948718 4223.589744 4216.923077 4214.358974 4202.564103 4206.666667 4229.743590 4196.410256 4192.820513 4199.487179 4242.051282
4176.410256 4203.076923 4187.692308 4173.333333 4221.538462 4210.769231 4206.153846 4193.333333 4197.435897 4220.512821 4191.794872 4185.641026 4189.743590 4243.076923
4162.564103 4190.769231 4175.384615 4168.717949 4225.641026 4206.153846 4198.974359 4181.538462 4188.717949 4224.615385 4175.897436 4170.769231 4171.794872 4240.000000
4163.076923 4190.769231 4175.384615 4167.179487 4221.538462 4209.743590 4202.051282 4184.615385 4188.205128 4230.769231 4175.897436 4173.333333 4180.512821 4239.487179
4175.897436 4194.871795 4181.538462 4172.820513 4222.051282 4210.256410 4205.641026 4189.743590 4192.307692 4225.641026 4183.076923 4183.589744 4194.871795 4252.820513
4185.641026 4205.128205 4184.102564 4175.384615 4221.025641 4213.333333 4211.794872 4195.384615 4206.666667 4220.512821 4188.205128 4191.282051 4200.512821 4249.230769
4184.102564 4210.769231 4184.102564 4174.358974 4220.512821 4224.102564 4214.358974 4197.948718 4207.179487 4223.076923 4189.230769 4193.846154 4203.076923 4239.487179
4177.948718 4206.153846 4181.025641 4169.230769 4225.641026 4223.076923 4209.743590 4191.794872 4190.769231 4227.179487 4180.000000 4186.153846 4193.846154 4235.897436
4175.384615 4206.666667 4174.871795 4163.589744 4223.076923 4216.410256 4206.666667 4193.333333 4190.769231 4227.179487 4174.871795 4180.512821 4186.153846 4231.794872
4178.974359 4209.230769 4178.461538 4171.794872 4224.102564 4216.410256 4207.692308 4200.000000 4198.974359 4225.128205 4176.923077 4182.564103 4189.230769 4241.025641
4189.743590 4214.871795 4182.564103 4174.871795 4221.025641 4218.461538 4212.820513 4204.102564 4203.589744 4227.179487 4184.102564 4190.256410 4196.410256 4241.538462
4189.230769 4213.333333 4179.487179 4167.692308 4217.948718 4215.897436 4211.282051 4202.564103 4204.615385 4228.717949 4187.179487 4193.333333 4189.743590 4238.461538
4177.948718 4199.487179 4175.384615 4165.128205 4222.051282 4210.256410 4201.538462 4193.333333 4200.000000 4227.692308 4180.512821 4186.153846 4176.923077 4243.589744
4183.589744 4197.948718 4179.487179 4163.589744 4220.000000 4206.153846 4201.538462 4198.974359 4203.589744 4227.179487 4183.589744 4191.794872 4188.717949 4239.487179
4197.435897 4206.666667 4188.205128 4169.230769 4224.102564 4206.666667 4209.230769 4207.692308 4211.794872 4230.256410 4195.384615 4204.615385 4204.102564 4242.564103
4195.897436 4212.307692 4186.153846 4171.282051 4225.641026 4211.794872 4209.743590 4197.948718 4205.128205 4227.179487 4194.871795 4204.102564 4204.615385 4244.102564
4185.128205 4201.025641 4177.435897 4165.128205 4221.025641 4207.179487 4195.897436 4182.564103 4184.615385 4221.538462 4177.948718 4192.820513 4197.948718 4238.461538
