4232.820513 4249.230769 4241.025641 4244.102564 4228.205128 4257.948718 4235.897436 4245.641026 4264.615385 4232.820513 4262.051282 4247.692308 4244.615385 4233.846154
4235.897436 4258.461538 4235.897436 4246.666667 4225.128205 4270.256410 4244.102564 4253.846154 4279.487179 4229.743590 4267.692308 4253.333333 4255.897436 4235.897436
4240.512821 4267.692308 4236.923077 4251.794872 4221.025641 4272.307692 4247.692308 4254.871795 4276.923077 4225.641026 4275.897436 4256.410256 4263.589744 4246.153846
4250.256410 4268.717949 4247.179487 4255.897436 4226.666667 4265.641026 4250.769231 4255.897436 4283.076923 4227.692308 4289.230769 4264.615385 4269.743590 4251.282051
4244.615385 4273.846154 4240.000000 4248.205128 4223.076923 4272.820513 4252.820513 4262.051282 4300.000000 4228.205128 4300.000000 4267.692308 4281.538462 4248.205128
4246.153846 4270.256410 4242.051282 4249.743590 4227.179487 4276.923077 4256.410256 4260.512821 4291.282051 4224.615385 4292.820513 4262.051282 4274.358974 4260.000000
4245.641026 4269.743590 4237.435897 4246.666667 4224.615385 4265.128205 4249.743590 4260.512821 4290.769231 4227.179487 4294.871795 4260.000000 4271.794872 4264.102564
4242.051282 4266.153846 4238.974359 4242.564103 4222.051282 4252.820513 4238.974359 4265.641026 4306.666667 4231.794872 4309.743590 4260.000000 4277.435897 4266.153846
4247.179487 4267.692308 4247.692308 4251.794872 4226.153846 4258.974359 4240.512821 4258.461538 4301.025641 4230.769231 4320.000000 4264.102564 4277.435897 4279.487179
4244.102564 4275.897436 4235.897436 4251.794872 4218.461538 4266.666667 4241.025641 4242.051282 4276.923077 4229.230769 4323.589744 4262.564103 4279.487179 4282.564103
4240.000000 4258.461538 4237.435897 4243.076923 4224.615385 4255.384615 4240.000000 4239.487179 4256.410256 4233.333333 4313.333333 4253.333333 4262.564103 4280.512821
4232.307692 4247.692308 4236.923077 4239.487179 4225.641026 4253.333333 4241.538462 4251.282051 4266.666667 4231.282051 4309.743590 4249.743590 4247.179487 4278.974359
4235.897436 4258.974359 4236.923077 4248.205128 4220.512821 4262.564103 4245.641026 4254.871795 4285.128205 4223.076923 4321.025641 4254.358974 4252.307692 4286.666667
4251.282051 4271.282051 4248.205128 4254.871795 4227.692308 4270.256410 4255.384615 4253.846154 4291.282051 4221.025641 4331.794872 4264.615385 4267.179487 4300.512821
4247.179487 4280.000000 4242.051282 4250.256410 4222.051282 4272.820513 4255.897436 4263.076923 4305.128205 4230.769231 4343.589744 4266.666667 4291.794872 4298.461538
4247.692308 4270.769231 4243.589744 4255.384615 4222.564103 4267.692308 4251.794872 4264.615385 4305.128205 4234.358974 4348.205128 4265.641026 4301.538462 4296.923077
4253.333333 4273.846154 4241.538462 4255.897436 4224.615385 4277.948718 4261.025641 4265.641026 4302.564103 4228.205128 4348.717949 4272.307692 4307.179487 4301.025641
4252.820513 4284.102564 4236.923077 4249.743590 4221.538462 4281.025641 4260.512821 4275.384615 4320.512821 4229.230769 4348.205128 4270.256410 4308.717949 4302.564103
4252.820513 4271.794872 4240.512821 4253.846154 4226.153846 4262.051282 4245.641026 4267.692308 4319.487179 4233.333333 4344.615385 4261.025641 4298.461538 4297.435897
4244.615385 4266.666667 4228.717949 4251.794872 4221.538462 4256.923077 4239.487179 4246.666667 4282.051282 4229.230769 4344.102564 4256.410256 4293.846154 4285.128205
4250.256410 4271.282051 4234.358974 4254.358974 4224.615385 4262.051282 4248.717949 4245.128205 4261.025641 4230.769231 4342.564103 4257.435897 4276.410256 4286.153846
4252.820513 4280.512821 4240.000000 4257.435897 4225.641026 4264.102564 4257.948718 4260.512821 4294.871795 4233.846154 4349.230769 4264.102564 4271.282051 4291.794872
4237.948718 4266.153846 4228.205128 4248.717949 4222.051282 4260.512821 4253.846154 4257.948718 4298.461538 4226.666667 4344.615385 4257.435897 4265.641026 4289.743590
4242.051282 4255.897436 4232.820513 4252.307692 4229.230769 4266.153846 4252.307692 4251.282051 4274.358974 4226.153846 4335.384615 4255.897436 4259.487179 4290.256410
4246.666667 4278.974359 4231.282051 4256.923077 4222.564103 4276.410256 4255.897436 4257.948718 4289.743590 4227.692308 4342.051282 4265.641026 4276.923077 4291.282051
4234.358974 4250.256410 4227.692308 4242.564103 4223.589744 4253.333333 4248.205128 4245.128205 4263.076923 4223.589744 4314.871795 4246.666667 4253.846154 4289.230769
4220.512821 4208.717949 4222.564103 4230.256410 4226.666667 4229.743590 4235.384615 4231.794872 4228.717949 4225.128205 4288.717949 4227.692308 4231.794872 4276.923077
4224.615385 4229.743590 4222.564103 4241.025641 4222.564103 4239.487179 4233.846154 4244.615385 4255.384615 4228.717949 4310.256410 4241.025641 4271.794872 4275.897436
4240.000000 4247.692308 4232.820513 4252.307692 4229.743590 4250.256410 4241.538462 4244.615385 4263.589744 4226.666667 4317.435897 4250.769231 4297.435897 4289.230769
4228.205128 4234.871795 4217.948718 4237.435897 4223.076923 4244.615385 4240.512821 4227.179487 4230.256410 4227.179487 4293.333333 4235.384615 4276.410256 4284.615385
4221.025641 4223.076923 4217.435897 4233.333333 4221.538462 4229.743590 4232.307692 4222.051282 4206.153846 4233.846154 4275.897436 4221.025641 4252.307692 4281.025641
4222.564103 4218.974359 4223.076923 4236.410256 4227.692308 4218.461538 4221.025641 4223.589744 4201.025641 4232.307692 4270.769231 4220.512821 4241.538462 4287.179487
4209.230769 4196.923077 4207.692308 4222.564103 4223.076923 4209.230769 4208.205128 4217.948718 4192.820513 4229.230769 4258.461538 4212.307692 4222.051282 4281.538462
4203.076923 4166.153846 4210.256410 4218.974359 4227.179487 4201.025641 4210.769231 4215.384615 4188.205128 4232.820513 4246.666667 4203.076923 4201.538462 4276.923077
4192.307692 4159.487179 4202.564103 4214.871795 4222.564103 4199.487179 4218.461538 4217.435897 4189.230769 4228.717949 4237.948718 4194.358974 4194.358974 4273.846154
4192.307692 4160.512821 4200.000000 4210.256410 4220.000000 4191.794872 4212.307692 4209.230769 4176.410256 4221.025641 4224.615385 4188.205128 4190.769231 4283.076923
4201.025641 4157.948718 4208.205128 4210.769231 4223.589744 4182.564103 4201.025641 4208.205128 4178.974359 4224.615385 4225.128205 4195.897436 4205.128205 4287.179487
4191.794872 4151.794872 4201.025641 4206.153846 4218.974359 4177.435897 4197.435897 4212.820513 4180.512821 4230.256410 4228.205128 4194.871795 4222.051282 4272.307692
4187.692308 4132.820513 4201.538462 4204.102564 4225.641026 4160.512821 4194.358974 4194.871795 4136.923077 4228.717949 4211.282051 4181.538462 4197.435897 4272.307692
4184.615385 4133.846154 4194.358974 4197.948718 4223.589744 4149.743590 4183.589744 4177.435897 4105.128205 4227.692308 4196.410256 4177.435897 4177.948718 4276.410256
4191.282051 4152.820513 4201.025641 4200.000000 4220.512821 4159.487179 4182.051282 4182.564103 4116.410256 4228.717949 4193.333333 4181.025641 4188.717949 4274.871795
4203.076923 4158.461538 4211.282051 4208.205128 4226.153846 4171.794872 4192.820513 4191.794872 4133.846154 4227.179487 4194.358974 4186.153846 4198.461538 4280.000000
4195.897436 4155.897436 4198.974359 4200.000000 4221.025641 4166.666667 4192.307692 4190.256410 4129.743590 4228.717949 4190.256410 4183.589744 4199.487179 4282.051282
4198.461538 4158.974359 4203.589744 4200.512821 4225.641026 4153.846154 4186.153846 4189.743590 4120.000000 4233.333333 4177.948718 4178.461538 4189.743590 4281.025641
4204.615385 4186.666667 4206.666667 4208.717949 4224.102564 4161.538462 4188.717949 4194.871795 4137.435897 4230.769231 4180.512821 4188.717949 4192.820513 4273.846154
4210.769231 4207.692308 4208.205128 4214.871795 4222.051282 4173.846154 4192.820513 4196.410256 4150.256410 4226.153846 4187.692308 4199.487179 4203.076923 4274.871795
4221.538462 4217.435897 4213.846154 4220.512821 4228.205128 4174.871795 4194.358974 4195.384615 4143.589744 4227.179487 4187.179487 4202.051282 4208.717949 4282.564103
4222.564103 4235.384615 4211.282051 4221.538462 4221.538462 4179.487179 4196.923077 4202.564103 4146.666667 4230.256410 4186.153846 4201.538462 4217.948718 4278.461538
4232.307692 4238.461538 4225.128205 4226.666667 4226.666667 4183.076923 4200.512821 4207.179487 4148.205128 4232.307692 4183.589744 4208.717949 4215.384615 4277.948718
4234.358974 4241.538462 4222.051282 4226.153846 4225.641026 4180.512821 4192.820513 4197.948718 4137.435897 4230.769231 4186.666667 4211.794872 4216.923077 4278.974359
4227.692308 4240.512821 4212.820513 4222.051282 4222.564103 4174.358974 4184.615385 4185.641026 4120.000000 4226.153846 4184.615385 4204.615385 4217.435897 4283.589744
4227.179487 4228.717949 4220.512821 4222.564103 4230.256410 4176.410256 4194.871795 4186.153846 4117.948718 4226.153846 4169.743590 4205.128205 4208.205128 4289.230769
4214.871795 4221.025641 4210.256410 4212.820513 4222.051282 4175.897436 4196.410256 4193.333333 4127.179487 4226.153846 4150.256410 4195.897436 4207.692308 4277.948718
4212.307692 4211.794872 4211.794872 4212.820513 4222.051282 4167.692308 4190.256410 4192.307692 4129.743590 4226.153846 4140.512821 4184.615385 4211.794872 4273.333333
4215.384615 4210.769231 4213.846154 4218.461538 4225.641026 4171.282051 4189.743590 4193.846154 4143.589744 4227.692308 4148.205128 4197.435897 4223.076923 4281.025641
4214.871795 4207.692308 4206.666667 4212.820513 4222.564103 4168.205128 4188.717949 4197.948718 4147.179487 4224.102564 4149.230769 4204.102564 4219.487179 4288.717949
4223.589744 4204.102564 4213.846154 4214.358974 4226.153846 4164.615385 4192.820513 4195.897436 4136.410256 4221.538462 4144.102564 4205.128205 4208.717949 4289.743590
4224.615385 4223.076923 4213.333333 4220.000000 4220.512821 4177.435897 4196.410256 4196.923077 4140.512821 4227.179487 4156.923077 4216.410256 4226.153846 4280.512821
4223.589744 4220.000000 4218.461538 4223.076923 4223.076923 4170.769231 4191.794872 4194.358974 4127.692308 4234.871795 4153.333333 4210.256410 4225.641026 4285.128205
4216.923077 4203.076923 4216.410256 4218.461538 4226.666667 4159.487179 4184.615385 4183.076923 4107.692308 4230.769231 4129.743590 4194.358974 4205.128205 4287.692308
4210.769231 4206.666667 4207.692308 4211.794872 4224.615385 4163.589744 4180.000000 4181.025641 4112.820513 4224.615385 4121.538462 4191.282051 4195.897436 4280.512821
4213.846154 4200.000000 4210.256410 4212.307692 4228.717949 4160.512821 4177.435897 4180.000000 4112.820513 4228.205128 4120.512821 4190.769231 4188.205128 4281.025641
4207.179487 4192.820513 4202.051282 4206.153846 4221.025641 4161.538462 4179.487179 4182.564103 4113.333333 4227.179487 4115.384615 4184.102564 4184.615385 4281.538462
4211.794872 4190.256410 4210.256410 4209.230769 4223.589744 4166.666667 4183.589744 4192.820513 4131.794872 4225.641026 4112.820513 4186.666667 4180.512821 4288.205128
4218.461538 4196.923077 4217.435897 4215.897436 4225.128205 4165.128205 4180.512821 4200.000000 4151.282051 4226.153846 4128.717949 4201.025641 4191.282051 4291.282051
4213.846154 4205.128205 4209.743590 4212.307692 4217.435897 4164.615385 4178.974359 4193.333333 4143.076923 4223.076923 4142.564103 4204.102564 4208.205128 4285.128205
4218.974359 4205.641026 4217.948718 4217.948718 4227.179487 4174.871795 4185.128205 4189.230769 4130.256410 4224.615385 4137.948718 4207.179487 4208.717949 4288.205128
4215.897436 4222.564103 4218.461538 4221.025641 4224.615385 4194.358974 4194.871795 4205.128205 4155.897436 4229.743590 4144.615385 4217.948718 4215.384615 4288.205128
4220.000000 4234.871795 4225.641026 4224.102564 4221.538462 4201.025641 4199.487179 4214.358974 4175.384615 4228.205128 4152.820513 4219.487179 4217.435897 4290.769231
4233.846154 4236.923077 4229.743590 4229.743590 4225.641026 4200.000000 4201.025641 4209.230769 4175.897436 4224.615385 4154.358974 4220.512821 4223.076923 4294.358974
4229.743590 4232.307692 4218.974359 4225.641026 4222.564103 4197.948718 4195.897436 4207.692308 4171.794872 4225.641026 4153.846154 4217.435897 4230.769231 4290.769231
4222.564103 4214.358974 4222.051282 4221.538462 4227.692308 4190.256410 4188.205128 4204.102564 4153.333333 4229.230769 4140.512821 4207.692308 4210.769231 4289.743590
4212.820513 4213.333333 4213.846154 4215.384615 4221.538462 4190.256410 4187.692308 4202.051282 4155.897436 4227.692308 4133.333333 4203.589744 4198.974359 4282.564103
4221.025641 4227.179487 4216.410256 4222.051282 4222.051282 4194.871795 4194.871795 4207.179487 4180.512821 4225.641026 4145.641026 4208.205128 4211.282051 4286.666667
4238.974359 4246.153846 4228.205128 4233.846154 4230.256410 4202.051282 4200.512821 4211.282051 4191.794872 4225.128205 4160.512821 4222.051282 4226.153846 4302.564103
4235.384615 4257.435897 4221.538462 4230.769231 4221.025641 4211.794872 4204.615385 4217.435897 4197.948718 4226.666667 4166.153846 4230.769231 4236.410256 4306.153846
4235.897436 4248.205128 4227.692308 4232.307692 4221.538462 4207.179487 4206.666667 4225.128205 4209.230769 4229.743590 4167.692308 4228.205128 4237.435897 4304.615385
4234.358974 4249.230769 4223.076923 4233.333333 4223.589744 4200.512821 4198.461538 4217.948718 4206.153846 4229.743590 4166.153846 4221.538462 4232.820513 4305.641026
4231.282051 4247.179487 4216.923077 4230.256410 4225.641026 4205.128205 4197.948718 4207.179487 4187.179487 4227.179487 4152.820513 4216.410256 4213.333333 4305.128205
4230.256410 4233.846154 4224.102564 4226.666667 4227.692308 4206.666667 4206.153846 4213.846154 4190.769231 4226.153846 4151.282051 4217.948718 4205.641026 4293.333333
4221.025641 4241.538462 4221.025641 4223.076923 4219.487179 4200.000000 4196.410256 4216.923077 4196.410256 4226.666667 4159.487179 4217.948718 4216.923077 4297.948718
4229.230769 4250.256410 4226.666667 4228.717949 4223.589744 4195.897436 4187.692308 4203.076923 4180.512821 4228.205128 4155.897436 4220.000000 4218.461538 4316.410256
4232.307692 4251.794872 4223.589744 4228.205128 4224.102564 4203.589744 4194.871795 4207.179487 4189.743590 4226.666667 4163.076923 4228.205128 4229.230769 4276.410256
4228.205128 4249.230769 4221.538462 4232.820513 4223.589744 4208.205128 4202.051282 4219.487179 4205.128205 4226.153846 4173.846154 4229.230769 4235.384615 4222.051282
4236.410256 4253.333333 4228.717949 4242.564103 4228.717949 4214.358974 4207.179487 4221.025641 4207.692308 4226.153846 4175.384615 4233.846154 4230.769231 4225.128205
4237.435897 4264.102564 4223.076923 4235.897436 4220.512821 4222.564103 4212.820513 4227.179487 4228.717949 4226.153846 4179.487179 4235.897436 4238.974359 4244.615385
4238.974359 4255.897436 4231.794872 4235.384615 4224.102564 4225.641026 4221.025641 4236.410256 4242.051282 4228.717949 4177.948718 4230.256410 4240.000000 4245.641026
4233.846154 4254.871795 4226.666667 4235.384615 4224.615385 4233.333333 4223.076923 4240.000000 4241.025641 4229.743590 4177.435897 4234.358974 4234.871795 4234.358974
4228.717949 4256.410256 4217.435897 4229.743590 4221.538462 4231.282051 4215.897436 4231.282051 4226.666667 4229.743590 4181.538462 4236.923077 4226.153846 4257.948718
4238.461538 4257.435897 4227.179487 4236.410256 4229.230769 4230.769231 4222.051282 4229.743590 4219.487179 4230.256410 4182.564103 4236.410256 4226.153846 4321.538462
4241.538462 4278.461538 4223.076923 4241.025641 4224.102564 4238.974359 4229.230769 4241.025641 4244.102564 4228.717949 4188.717949 4239.487179 4247.179487 4350.769231
4243.076923 4277.435897 4227.179487 4236.923077 4226.666667 4223.076923 4212.820513 4231.794872 4245.641026 4224.615385 4181.538462 4234.871795 4227.692308 4340.000000
4237.948718 4257.948718 4227.179487 4231.794872 4226.666667 4208.717949 4200.512821 4218.974359 4224.102564 4222.564103 4173.846154 4229.230769 4184.615385 4336.923077
4233.846154 4253.333333 4223.076923 4232.820513 4222.564103 4213.333333 4208.205128 4227.692308 4227.179487 4228.717949 4185.641026 4232.307692 4186.666667 4345.128205
4237.948718 4251.282051 4231.282051 4235.384615 4230.256410 4211.282051 4209.743590 4232.820513 4237.435897 4233.333333 4193.846154 4238.461538 4210.256410 4345.641026
4222.564103 4242.051282 4220.512821 4226.153846 4224.102564 4204.615385 4202.051282 4225.641026 4231.794872 4228.717949 4189.743590 4231.282051 4210.256410 4337.435897
4216.410256 4225.641026 4221.025641 4227.179487 4224.102564 4197.948718 4203.076923 4221.025641 4210.256410 4226.666667 4181.538462 4220.512821 4191.282051 4340.512821
4223.589744 4233.333333 4222.051282 4229.743590 4226.153846 4198.974359 4204.102564 4214.358974 4195.384615 4228.717949 4182.564103 4217.948718 4192.307692 4345.128205
4220.000000 4236.410256 4216.923077 4223.076923 4220.512821 4200.000000 4195.384615 4206.666667 4181.538462 4226.666667 4178.974359 4209.743590 4189.743590 4342.564103
4220.000000 4214.871795 4225.128205 4222.051282 4227.692308 4190.256410 4190.256410 4204.615385 4170.769231 4224.102564 4174.358974 4207.179487 4171.282051 4341.025641
4218.461538 4216.410256 4217.948718 4220.000000 4223.589744 4193.846154 4192.307692 4209.743590 4186.153846 4226.666667 4187.179487 4211.794872 4183.589744 4340.512821
4220.512821 4212.820513 4216.923077 4217.435897 4221.025641 4196.410256 4194.871795 4208.717949 4189.230769 4232.307692 4188.205128 4203.589744 4187.692308 4347.692308
4216.923077 4197.948718 4215.384615 4213.846154 4223.589744 4184.615385 4188.205128 4204.102564 4177.435897 4230.769231 4183.076923 4198.974359 4176.923077 4348.205128
4211.794872 4206.153846 4208.205128 4210.256410 4222.051282 4177.948718 4179.487179 4205.128205 4178.974359 4229.230769 4187.179487 4200.000000 4182.051282 4345.128205
4226.666667 4223.589744 4222.051282 4220.512821 4227.692308 4184.102564 4186.666667 4207.692308 4189.743590 4232.820513 4194.358974 4207.692308 4193.333333 4350.256410
4226.666667 4229.230769 4220.000000 4223.589744 4223.076923 4192.820513 4196.923077 4213.846154 4204.102564 4228.205128 4202.051282 4213.333333 4201.538462 4347.692308
4213.846154 4202.051282 4212.307692 4213.846154 4225.641026 4182.051282 4189.230769 4206.153846 4182.051282 4228.205128 4187.179487 4196.923077 4181.538462 4348.205128
4205.641026 4174.871795 4208.717949 4204.615385 4228.717949 4170.256410 4177.948718 4190.256410 4145.641026 4230.256410 4168.205128 4182.564103 4163.076923 4349.743590
4194.871795 4162.051282 4204.102564 4195.384615 4220.000000 4163.076923 4173.846154 4185.641026 4128.717949 4222.051282 4168.205128 4180.512821 4169.230769 4344.102564
4194.358974 4140.000000 4208.717949 4192.820513 4226.153846 4149.230769 4173.333333 4180.512821 4111.794872 4222.564103 4161.538462 4176.410256 4157.435897 4348.205128
4188.717949 4137.948718 4198.461538 4187.179487 4225.128205 4145.128205 4170.256410 4177.948718 4112.307692 4230.256410 4156.410256 4173.846154 4142.051282 4344.615385
4184.615385 4142.051282 4200.000000 4188.717949 4222.051282 4143.076923 4163.076923 4185.128205 4123.076923 4226.153846 4154.358974 4168.717949 4132.820513 4335.897436
4180.512821 4130.256410 4203.589744 4189.743590 4225.641026 4130.256410 4152.820513 4181.025641 4112.307692 4222.564103 4136.923077 4155.897436 4119.487179 4334.358974
4175.384615 4127.179487 4190.769231 4183.589744 4220.000000 4123.589744 4148.717949 4167.179487 4096.923077 4231.282051 4126.666667 4149.230769 4119.487179 4330.769231
4188.205128 4129.743590 4202.051282 4189.230769 4225.128205 4132.307692 4158.461538 4172.307692 4109.743590 4233.846154 4137.948718 4159.487179 4128.205128 4327.692308
4182.564103 4124.615385 4200.512821 4185.128205 4223.076923 4136.410256 4163.589744 4184.102564 4129.743590 4229.230769 4143.589744 4160.512821 4133.333333 4319.487179
4169.743590 4107.692308 4189.230769 4175.384615 4221.538462 4126.153846 4153.333333 4168.717949 4098.461538 4227.179487 4125.641026 4143.589744 4114.358974 4316.410256
4172.307692 4102.051282 4187.692308 4176.923077 4226.153846 4123.589744 4147.692308 4152.820513 4060.512821 4224.615385 4112.820513 4139.487179 4094.871795 4318.974359
4162.564103 4109.230769 4179.487179 4172.820513 4219.487179 4126.666667 4150.769231 4160.512821 4069.230769 4229.230769 4114.358974 4137.435897 4097.435897 4314.871795
4160.000000 4103.076923 4188.717949 4175.384615 4224.615385 4116.410256 4151.794872 4158.461538 4077.435897 4234.358974 4107.179487 4129.230769 4092.307692 4316.923077
4171.282051 4117.435897 4194.871795 4183.076923 4224.615385 4126.153846 4155.897436 4159.487179 4086.666667 4228.717949 4119.487179 4140.512821 4106.666667 4321.538462
4182.051282 4134.871795 4195.897436 4185.128205 4222.051282 4145.128205 4160.000000 4172.820513 4100.000000 4229.743590 4136.923077 4154.871795 4130.256410 4327.179487
4185.128205 4133.846154 4199.487179 4185.128205 4229.230769 4136.923077 4158.461538 4171.794872 4094.358974 4235.897436 4130.256410 4155.384615 4126.153846 4328.205128
4182.564103 4144.615385 4197.435897 4186.153846 4222.051282 4130.769231 4155.897436 4167.179487 4098.974359 4228.717949 4133.333333 4158.974359 4131.282051 4320.512821
4197.435897 4153.846154 4210.256410 4195.384615 4223.589744 4144.615385 4161.538462 4174.358974 4121.538462 4224.102564 4150.769231 4172.820513 4153.333333 4326.153846
4200.512821 4158.974359 4203.076923 4194.871795 4225.128205 4156.410256 4165.641026 4181.025641 4134.871795 4227.692308 4156.923077 4180.000000 4156.923077 4325.641026
4188.717949 4153.846154 4192.820513 4188.717949 4223.589744 4144.102564 4163.076923 4173.846154 4114.871795 4225.641026 4140.000000 4168.205128 4115.897436 4314.871795
4187.692308 4144.102564 4203.076923 4188.717949 4228.205128 4132.307692 4159.487179 4165.128205 4093.846154 4225.128205 4124.102564 4158.461538 4081.025641 4313.333333
4182.564103 4148.717949 4191.794872 4183.589744 4220.000000 4134.871795 4150.769231 4162.564103 4095.384615 4225.641026 4127.692308 4154.871795 4102.051282 4315.384615
4186.666667 4141.025641 4190.256410 4186.153846 4224.615385 4131.794872 4147.692308 4155.897436 4089.743590 4226.666667 4132.307692 4154.358974 4117.435897 4322.564103
4187.692308 4144.102564 4195.897436 4189.230769 4226.153846 4136.410256 4154.358974 4160.512821 4101.538462 4228.717949 4140.512821 4166.666667 4113.846154 4319.487179
4182.051282 4154.871795 4191.794872 4187.692308 4218.461538 4142.051282 4152.820513 4171.794872 4119.487179 4226.153846 4143.076923 4166.153846 4102.564103 4315.384615
4187.692308 4141.538462 4194.358974 4190.256410 4225.128205 4141.025641 4154.871795 4169.743590 4112.820513 4227.179487 4134.871795 4158.461538 4085.641026 4322.564103
4181.025641 4128.717949 4187.179487 4181.538462 4222.051282 4144.615385 4164.102564 4169.230769 4114.358974 4227.692308 4135.897436 4164.615385 4086.666667 4318.974359
4178.974359 4131.794872 4191.282051 4178.461538 4223.589744 4140.000000 4164.102564 4169.743590 4118.461538 4226.153846 4135.897436 4169.743590 4086.153846 4314.358974
4184.102564 4147.179487 4194.871795 4186.153846 4226.666667 4144.102564 4162.051282 4170.256410 4122.564103 4224.102564 4136.923077 4167.179487 4083.589744 4317.948718
4181.538462 4153.846154 4192.307692 4186.153846 4222.564103 4150.769231 4160.512821 4168.717949 4117.435897 4225.128205 4133.846154 4158.461538 4077.948718 4321.025641
4184.615385 4144.102564 4200.000000 4186.153846 4225.128205 4137.948718 4152.820513 4160.000000 4100.000000 4226.666667 4125.128205 4157.948718 4067.179487 4320.512821
4181.025641 4141.538462 4189.230769 4183.076923 4218.461538 4132.307692 4148.205128 4157.435897 4100.000000 4225.641026 4126.153846 4159.487179 4076.410256 4310.256410
4181.025641 4132.820513 4188.205128 4182.564103 4222.564103 4135.897436 4152.820513 4160.512821 4100.000000 4225.641026 4124.615385 4154.871795 4083.589744 4308.717949
4180.512821 4127.179487 4189.230769 4179.487179 4228.205128 4134.358974 4155.384615 4161.538462 4099.487179 4226.153846 4120.000000 4158.974359 4087.692308 4310.769231
4170.769231 4130.769231 4179.487179 4171.282051 4220.512821 4129.743590 4152.820513 4156.410256 4101.538462 4224.615385 4114.358974 4159.487179 4095.384615 4306.153846
4174.358974 4134.358974 4191.282051 4179.487179 4224.102564 4132.307692 4161.538462 4162.051282 4112.820513 4225.128205 4115.897436 4162.051282 4112.820513 4313.333333
4175.897436 4147.692308 4192.820513 4186.153846 4223.076923 4143.076923 4165.128205 4176.410256 4135.897436 4225.128205 4129.743590 4172.307692 4146.666667 4320.000000
4182.564103 4145.128205 4193.846154 4189.743590 4225.128205 4147.692308 4161.538462 4173.846154 4128.205128 4226.153846 4127.692308 4174.358974 4158.461538 4324.615385
4192.307692 4147.692308 4195.384615 4194.871795 4226.153846 4151.794872 4167.179487 4169.230769 4117.948718 4226.666667 4124.102564 4175.384615 4168.205128 4326.666667
4191.282051 4169.230769 4189.743590 4193.846154 4219.487179 4156.410256 4165.641026 4176.410256 4138.974359 4225.641026 4135.384615 4180.000000 4203.076923 4327.692308
4198.461538 4174.871795 4203.076923 4196.923077 4226.153846 4155.897436 4160.512821 4178.461538 4152.307692 4224.615385 4140.512821 4188.205128 4221.025641 4336.923077
4201.538462 4186.666667 4202.051282 4200.000000 4222.564103 4164.615385 4169.743590 4181.025641 4155.384615 4225.128205 4146.666667 4195.897436 4236.923077 4333.846154
4212.307692 4203.589744 4205.128205 4208.717949 4222.564103 4174.871795 4179.487179 4190.769231 4169.230769 4228.717949 4160.000000 4204.102564 4256.923077 4333.846154
4226.153846 4213.333333 4214.871795 4216.410256 4227.692308 4178.974359 4182.564103 4195.897436 4186.666667 4227.692308 4169.230769 4215.897436 4247.692308 4342.051282
4222.051282 4223.076923 4206.666667 4210.256410 4218.974359 4185.128205 4189.230769 4200.512821 4195.897436 4225.128205 4172.307692 4216.410256 4215.384615 4341.538462
4222.564103 4218.974359 4213.333333 4212.307692 4226.153846 4189.743590 4196.410256 4199.487179 4191.282051 4229.230769 4169.230769 4212.307692 4184.102564 4345.128205
4216.923077 4218.974359 4212.307692 4213.333333 4225.641026 4197.435897 4193.846154 4197.435897 4193.333333 4229.230769 4171.794872 4215.384615 4168.717949 4344.615385
4212.820513 4217.435897 4208.717949 4210.769231 4220.000000 4199.487179 4195.897436 4203.589744 4204.102564 4224.615385 4176.410256 4215.384615 4155.384615 4341.538462
4219.487179 4208.205128 4210.769231 4212.307692 4224.615385 4194.871795 4198.461538 4207.179487 4202.564103 4226.666667 4172.820513 4213.333333 4156.410256 4339.487179
4209.230769 4206.153846 4200.000000 4208.205128 4221.025641 4193.333333 4192.307692 4199.487179 4184.615385 4230.769231 4162.051282 4206.153846 4167.692308 4334.358974
4205.128205 4199.487179 4204.615385 4207.179487 4225.128205 4186.666667 4189.743590 4191.282051 4168.205128 4224.615385 4150.256410 4196.410256 4142.051282 4340.000000
4209.230769 4206.153846 4203.589744 4204.615385 4223.076923 4181.025641 4187.179487 4197.435897 4186.153846 4220.512821 4154.871795 4196.923077 4127.692308 4339.487179
4212.307692 4214.871795 4201.025641 4205.128205 4219.487179 4176.410256 4177.948718 4197.948718 4191.282051 4226.666667 4161.025641 4198.461538 4136.923077 4335.384615
4216.410256 4205.641026 4208.717949 4212.307692 4224.615385 4179.487179 4180.512821 4189.230769 4170.769231 4222.051282 4164.615385 4207.179487 4144.102564 4338.974359
4210.256410 4205.128205 4201.538462 4211.282051 4220.000000 4193.846154 4194.871795 4199.487179 4189.743590 4213.333333 4179.487179 4217.435897 4173.846154 4338.974359
4211.794872 4203.589744 4203.589744 4208.717949 4225.128205 4191.282051 4201.025641 4208.717949 4212.307692 4223.589744 4181.538462 4214.871795 4196.923077 4336.923077
4212.307692 4205.128205 4203.076923 4206.153846 4225.641026 4188.205128 4196.410256 4204.102564 4205.641026 4230.256410 4174.871795 4211.794872 4200.512821 4334.871795
4215.897436 4215.897436 4206.153846 4209.743590 4220.000000 4202.051282 4197.948718 4209.743590 4203.589744 4223.589744 4175.384615 4214.871795 4204.102564 4341.538462
4226.666667 4224.615385 4215.384615 4217.948718 4224.615385 4210.256410 4210.256410 4220.512821 4224.615385 4225.128205 4182.051282 4218.974359 4212.820513 4348.205128
4218.974359 4227.692308 4204.102564 4214.871795 4220.000000 4207.179487 4210.769231 4218.461538 4237.948718 4228.717949 4187.692308 4217.435897 4224.102564 4339.487179
4221.025641 4219.487179 4209.230769 4217.948718 4224.615385 4204.102564 4205.128205 4215.897436 4231.794872 4225.641026 4189.743590 4220.000000 4229.230769 4340.000000
4229.230769 4230.769231 4214.358974 4224.102564 4227.179487 4217.948718 4217.435897 4228.205128 4250.256410 4222.564103 4201.025641 4234.871795 4238.974359 4344.615385
4230.256410 4249.743590 4214.871795 4226.153846 4221.025641 4229.230769 4227.692308 4232.820513 4263.076923 4222.051282 4206.153846 4242.051282 4240.512821 4344.615385
4238.461538 4253.333333 4225.641026 4233.333333 4224.615385 4225.128205 4223.589744 4225.128205 4242.564103 4225.641026 4196.410256 4240.000000 4229.743590 4347.179487
4231.282051 4254.358974 4214.871795 4226.666667 4220.000000 4226.153846 4218.461538 4227.179487 4239.487179 4227.692308 4193.333333 4235.897436 4219.487179 4341.538462
4224.615385 4234.358974 4211.794872 4221.025641 4224.615385 4226.666667 4221.025641 4234.358974 4253.333333 4224.102564 4190.769231 4229.230769 4198.461538 4338.461538
4226.666667 4227.179487 4214.871795 4222.564103 4227.692308 4225.641026 4227.692308 4238.974359 4264.102564 4223.589744 4197.435897 4235.384615 4208.205128 4340.000000
4232.307692 4251.282051 4216.410256 4223.589744 4221.025641 4232.307692 4233.333333 4239.487179 4269.230769 4226.153846 4215.384615 4245.128205 4248.717949 4342.564103
4248.717949 4270.256410 4229.743590 4232.820513 4226.666667 4239.487179 4234.358974 4238.461538 4273.846154 4226.666667 4225.641026 4250.256410 4262.051282 4351.282051
4248.717949 4274.871795 4221.025641 4230.769231 4220.512821 4235.897436 4224.102564 4238.974359 4272.307692 4226.666667 4223.589744 4249.230769 4255.897436 4353.333333
4242.051282 4259.487179 4218.974359 4224.102564 4221.538462 4218.974359 4218.974359 4233.846154 4254.358974 4229.230769 4209.230769 4239.487179 4238.974359 4351.794872
4236.923077 4248.205128 4222.051282 4223.076923 4227.179487 4215.384615 4218.974359 4228.717949 4252.307692 4225.641026 4197.948718 4233.846154 4222.564103 4346.666667
4225.128205 4240.512821 4209.743590 4218.974359 4221.025641 4220.000000 4212.820513 4224.615385 4248.717949 4221.025641 4187.179487 4224.615385 4202.051282 4336.410256
4223.076923 4220.000000 4212.307692 4216.923077 4224.615385 4210.256410 4212.820513 4218.974359 4218.974359 4225.128205 4171.282051 4218.974359 4177.948718 4336.923077
4219.487179 4222.564103 4212.307692 4212.307692 4221.025641 4208.205128 4215.384615 4222.051282 4210.256410 4227.692308 4176.410256 4223.076923 4187.692308 4336.410256
4224.102564 4228.717949 4214.358974 4214.871795 4224.102564 4207.179487 4212.307692 4219.487179 4208.717949 4224.615385 4178.974359 4220.000000 4184.615385 4332.820513
4230.769231 4228.205128 4217.435897 4217.948718 4228.717949 4201.538462 4208.205128 4210.256410 4203.076923 4223.076923 4173.333333 4219.487179 4163.589744 4329.743590
4227.692308 4235.897436 4212.820513 4217.948718 4221.025641 4205.641026 4211.282051 4216.410256 4215.384615 4227.179487 4180.512821 4224.615385 4168.717949 4328.717949
4231.282051 4231.282051 4220.512821 4222.564103 4226.153846 4212.820513 4218.974359 4224.615385 4225.641026 4230.256410 4189.743590 4228.717949 4178.974359 4336.410256
4227.179487 4234.358974 4214.871795 4220.512821 4223.076923 4222.051282 4220.000000 4229.230769 4242.564103 4228.717949 4203.589744 4234.358974 4191.282051 4335.897436
4229.230769 4244.615385 4215.897436 4223.589744 4219.487179 4223.589744 4215.897436 4228.717949 4257.435897 4225.641026 4212.307692 4237.435897 4203.589744 4336.923077
4236.410256 4242.564103 4221.025641 4227.179487 4223.589744 4212.307692 4206.666667 4216.410256 4243.589744 4223.076923 4204.102564 4234.358974 4209.743590 4341.025641
4226.666667 4235.897436 4207.692308 4215.897436 4220.512821 4202.051282 4196.923077 4206.666667 4223.589744 4228.717949 4195.384615 4226.666667 4212.307692 4337.435897
4227.179487 4228.205128 4213.333333 4218.461538 4228.205128 4203.076923 4199.487179 4205.128205 4216.410256 4235.897436 4188.717949 4223.076923 4193.846154 4337.435897
4226.666667 4238.461538 4214.358974 4225.641026 4224.615385 4218.461538 4209.230769 4210.256410 4222.564103 4228.205128 4185.128205 4217.948718 4180.000000 4333.333333
4226.666667 4247.692308 4215.384615 4225.641026 4221.025641 4222.051282 4215.384615 4212.307692 4220.512821 4223.076923 4184.615385 4213.846154 4181.025641 4332.307692
4235.897436 4248.205128 4225.641026 4230.769231 4227.692308 4218.974359 4220.000000 4214.871795 4224.615385 4229.230769 4200.000000 4228.205128 4187.179487 4336.923077
4229.230769 4248.205128 4217.435897 4228.205128 4221.025641 4217.948718 4215.384615 4221.025641 4245.128205 4227.179487 4218.974359 4239.487179 4188.205128 4336.410256
4226.666667 4233.846154 4218.461538 4225.128205 4224.102564 4208.205128 4207.692308 4222.051282 4247.692308 4225.128205 4218.974359 4234.871795 4177.435897 4340.000000
4230.256410 4241.025641 4216.923077 4224.102564 4224.615385 4216.410256 4218.974359 4226.153846 4255.897436 4228.205128 4230.256410 4237.948718 4192.307692 4338.974359
4233.846154 4255.384615 4217.435897 4226.153846 4222.564103 4231.282051 4230.769231 4236.923077 4280.000000 4226.153846 4250.256410 4246.153846 4204.102564 4338.974359
4236.410256 4247.179487 4226.666667 4229.743590 4227.179487 4229.743590 4229.743590 4238.974359 4284.102564 4223.076923 4254.358974 4246.666667 4182.051282 4340.512821
4228.205128 4242.564103 4217.435897 4222.564103 4221.025641 4226.666667 4226.153846 4229.230769 4260.000000 4224.102564 4249.743590 4235.897436 4179.487179 4333.846154
4232.820513 4237.948718 4223.589744 4223.076923 4226.153846 4222.564103 4218.974359 4215.897436 4230.256410 4226.153846 4242.564103 4230.769231 4192.820513 4337.435897
4233.333333 4235.897436 4226.153846 4224.102564 4228.205128 4216.923077 4209.743590 4213.333333 4231.794872 4226.666667 4243.076923 4238.974359 4202.051282 4338.974359
4230.256410 4239.487179 4221.538462 4223.076923 4223.076923 4216.923077 4212.307692 4218.461538 4241.025641 4228.717949 4250.256410 4238.461538 4201.025641 4341.025641
4244.615385 4256.410256 4233.846154 4233.846154 4227.692308 4229.743590 4225.128205 4225.641026 4251.282051 4229.743590 4261.538462 4241.538462 4202.564103 4348.205128
4245.128205 4280.512821 4232.820513 4235.897436 4223.076923 4242.564103 4227.179487 4233.333333 4271.794872 4227.692308 4272.820513 4250.769231 4215.384615 4342.564103
4235.384615 4264.102564 4230.769231 4231.794872 4224.615385 4235.384615 4220.512821 4228.205128 4256.923077 4228.717949 4263.076923 4241.025641 4203.076923 4340.512821
4224.102564 4238.974359 4222.564103 4227.692308 4225.128205 4233.333333 4223.076923 4228.717949 4250.769231 4229.743590 4258.461538 4234.358974 4187.692308 4337.948718
4222.564103 4244.102564 4220.000000 4227.692308 4222.564103 4243.076923 4235.384615 4243.076923 4283.076923 4229.743590 4275.897436 4240.512821 4196.410256 4330.769231
4242.051282 4252.820513 4234.871795 4235.384615 4228.717949 4246.666667 4240.512821 4242.051282 4292.820513 4227.179487 4290.769231 4247.692308 4213.333333 4341.025641
4245.128205 4267.179487 4227.692308 4236.410256 4218.974359 4247.179487 4229.743590 4232.820513 4281.538462 4228.717949 4299.487179 4251.794872 4234.358974 4328.717949
4244.615385 4274.358974 4228.717949 4240.512821 4221.538462 4245.128205 4228.205128 4236.410256 4281.025641 4233.333333 4302.051282 4252.820513 4242.051282 4276.410256
4246.153846 4278.461538 4231.282051 4243.589744 4226.666667 4253.333333 4242.564103 4244.615385 4288.205128 4231.282051 4305.128205 4254.358974 4234.358974 4237.435897
4238.974359 4274.358974 4223.076923 4238.461538 4218.461538 4261.025641 4241.538462 4240.000000 4278.974359 4230.769231 4303.076923 4248.717949 4213.333333 4242.564103
4235.897436 4252.820513 4225.641026 4233.333333 4225.641026 4250.769231 4228.717949 4230.256410 4262.564103 4232.307692 4289.230769 4239.487179 4192.820513 4260.512821
4230.256410 4251.282051 4217.948718 4225.641026 4225.128205 4244.102564 4225.128205 4230.769231 4258.974359 4229.743590 4287.179487 4233.333333 4192.820513 4248.205128
4237.948718 4260.000000 4226.153846 4234.358974 4222.564103 4243.589744 4229.230769 4233.333333 4263.076923 4231.794872 4299.487179 4237.948718 4180.000000 4249.743590
4250.256410 4272.820513 4235.384615 4244.102564 4224.102564 4250.256410 4237.435897 4242.564103 4292.307692 4234.871795 4316.923077 4255.384615 4171.794872 4299.487179
4246.666667 4277.435897 4227.692308 4237.948718 4222.564103 4257.435897 4240.512821 4250.256410 4309.230769 4226.666667 4320.000000 4256.410256 4181.025641 4350.769231
4251.794872 4267.179487 4234.358974 4240.000000 4229.743590 4257.435897 4239.487179 4243.076923 4286.666667 4219.487179 4314.871795 4249.743590 4176.923077 4364.102564
4248.717949 4272.307692 4229.743590 4240.512821 4223.076923 4264.615385 4242.564103 4242.051282 4283.589744 4227.179487 4330.256410 4254.358974 4184.615385 4354.358974
4236.410256 4266.666667 4225.641026 4235.384615 4221.025641 4265.128205 4245.641026 4246.666667 4286.153846 4234.358974 4337.948718 4251.282051 4201.538462 4360.000000
4233.333333 4252.820513 4227.692308 4232.820513 4227.692308 4260.512821 4247.692308 4247.179487 4281.538462 4231.282051 4338.461538 4250.256410 4211.794872 4362.564103
4240.512821 4258.974359 4226.153846 4233.333333 4224.102564 4267.179487 4251.282051 4254.358974 4302.051282 4227.692308 4353.333333 4256.410256 4211.282051 4360.000000
4256.923077 4263.076923 4237.948718 4240.512821 4226.153846 4275.384615 4257.435897 4262.564103 4321.538462 4225.128205 4366.153846 4266.666667 4200.000000 4376.410256
4252.307692 4260.512821 4232.307692 4236.923077 4222.051282 4274.358974 4254.871795 4261.025641 4320.000000 4225.641026 4375.897436 4272.307692 4209.743590 4380.512821
4252.307692 4258.974359 4228.717949 4235.897436 4221.025641 4264.615385 4247.692308 4257.435897 4316.923077 4232.820513 4380.512821 4269.743590 4224.102564 4382.051282
4266.666667 4267.179487 4235.384615 4244.615385 4224.615385 4265.641026 4248.717949 4259.487179 4328.717949 4235.897436 4384.102564 4274.358974 4231.794872 4385.641026
4263.589744 4271.282051 4227.692308 4243.076923 4218.974359 4275.384615 4252.820513 4261.025641 4329.230769 4228.205128 4394.871795 4280.000000 4244.615385 4381.538462
4259.487179 4253.846154 4235.384615 4242.564103 4226.666667 4271.282051 4255.384615 4255.897436 4305.641026 4225.128205 4394.358974 4278.974359 4234.358974 4382.564103
4254.358974 4253.333333 4234.358974 4242.051282 4225.128205 4270.256410 4254.871795 4257.948718 4306.666667 4229.743590 4387.179487 4274.871795 4219.487179 4376.923077
4260.512821 4266.666667 4234.358974 4244.102564 4221.025641 4273.846154 4255.897436 4269.230769 4330.256410 4232.820513 4389.743590 4279.487179 4233.333333 4373.846154
4272.820513 4264.102564 4243.076923 4246.666667 4227.692308 4270.769231 4261.538462 4273.846154 4333.333333 4231.282051 4394.358974 4291.794872 4259.487179 4377.948718
4262.051282 4254.871795 4233.333333 4238.461538 4221.538462 4263.589744 4257.948718 4261.538462 4309.743590 4229.230769 4386.153846 4284.102564 4257.948718 4375.384615
4261.538462 4243.076923 4234.871795 4240.512821 4226.153846 4256.410256 4249.230769 4249.230769 4286.666667 4231.794872 4378.461538 4273.333333 4228.717949 4378.461538
4264.102564 4254.358974 4234.358974 4244.102564 4229.230769 4266.153846 4252.307692 4263.589744 4307.179487 4231.794872 4394.871795 4283.076923 4231.794872 4376.410256
4261.538462 4275.897436 4233.846154 4243.076923 4225.128205 4278.974359 4266.666667 4278.974359 4331.282051 4225.128205 4408.717949 4292.307692 4252.820513 4366.666667
4264.615385 4273.333333 4241.025641 4248.205128 4229.230769 4278.461538 4271.282051 4272.307692 4321.025641 4223.076923 4401.538462 4291.794872 4259.487179 4363.076923
4262.051282 4268.717949 4233.846154 4245.641026 4223.589744 4273.333333 4260.000000 4268.205128 4314.871795 4227.692308 4401.025641 4288.205128 4267.692308 4357.948718
4265.128205 4269.230769 4240.512821 4247.179487 4225.641026 4267.179487 4253.333333 4269.743590 4317.435897 4233.333333 4402.051282 4283.589744 4268.717949 4355.897436
4264.615385 4275.897436 4238.974359 4246.666667 4226.153846 4272.820513 4260.000000 4269.230769 4319.487179 4230.256410 4397.948718 4282.051282 4267.692308 4352.307692
4263.589744 4274.358974 4231.282051 4243.589744 4224.102564 4279.487179 4266.666667 4271.794872 4318.974359 4222.051282 4394.358974 4278.974359 4267.179487 4347.179487
4272.820513 4273.333333 4241.025641 4253.333333 4230.256410 4284.102564 4270.256410 4275.384615 4326.666667 4223.589744 4398.461538 4280.000000 4271.282051 4352.307692
4261.025641 4281.538462 4231.794872 4252.307692 4222.051282 4285.128205 4262.564103 4268.205128 4330.256410 4227.179487 4398.461538 4274.358974 4280.000000 4350.256410
4249.230769 4261.025641 4226.666667 4242.564103 4223.589744 4269.230769 4248.205128 4251.794872 4298.974359 4226.153846 4373.333333 4259.487179 4263.589744 4345.128205
4252.820513 4247.179487 4227.179487 4238.461538 4226.153846 4260.512821 4241.538462 4250.256410 4280.512821 4227.692308 4365.641026 4261.538462 4254.871795 4338.974359
4258.461538 4258.461538 4228.205128 4241.538462 4222.051282 4268.717949 4243.076923 4254.358974 4288.205128 4232.307692 4376.410256 4269.230769 4268.205128 4333.846154
4263.589744 4265.641026 4239.487179 4249.230769 4227.692308 4273.333333 4251.282051 4252.820513 4296.923077 4231.794872 4375.897436 4273.333333 4280.000000 4335.384615
4260.000000 4274.871795 4233.333333 4245.641026 4223.076923 4271.282051 4255.384615 4262.051282 4315.384615 4228.717949 4380.000000 4281.025641 4301.538462 4329.230769
4262.051282 4263.076923 4235.897436 4243.076923 4225.128205 4266.153846 4256.923077 4270.769231 4318.461538 4232.307692 4377.948718 4280.000000 4303.589744 4330.769231
4260.512821 4248.205128 4239.487179 4241.538462 4228.717949 4267.179487 4253.333333 4265.641026 4311.282051 4232.307692 4369.230769 4280.512821 4296.410256 4333.846154
4252.820513 4251.794872 4232.820513 4240.000000 4224.102564 4265.128205 4243.076923 4258.974359 4310.256410 4226.666667 4368.205128 4283.076923 4314.358974 4331.794872
4264.615385 4260.512821 4238.974359 4248.205128 4229.743590 4267.692308 4250.256410 4267.179487 4317.435897 4223.589744 4369.230769 4285.128205 4342.051282 4337.435897
4265.641026 4277.435897 4234.358974 4249.230769 4220.512821 4286.153846 4262.051282 4277.948718 4336.923077 4228.717949 4367.179487 4287.692308 4354.871795 4336.410256
4263.076923 4277.948718 4235.384615 4248.717949 4218.974359 4282.051282 4249.230769 4260.000000 4309.743590 4234.871795 4348.205128 4280.000000 4330.769231 4331.794872
4266.153846 4271.282051 4237.948718 4250.769231 4226.153846 4267.692308 4236.410256 4242.051282 4269.743590 4231.282051 4331.282051 4273.333333 4304.615385 4328.717949
4263.589744 4277.948718 4234.358974 4248.205128 4220.000000 4273.846154 4245.641026 4255.897436 4287.179487 4228.717949 4332.820513 4275.897436 4291.794872 4325.128205
4266.153846 4271.794872 4243.076923 4249.230769 4223.076923 4274.358974 4253.333333 4265.641026 4309.230769 4234.358974 4330.769231 4281.538462 4270.769231 4325.641026
4258.461538 4260.512821 4233.333333 4242.564103 4224.102564 4266.666667 4245.128205 4260.000000 4298.974359 4230.769231 4318.974359 4273.846154 4265.128205 4317.435897
4255.384615 4249.230769 4231.794872 4239.487179 4226.666667 4259.487179 4241.538462 4255.897436 4286.153846 4224.615385 4302.564103 4258.974359 4262.564103 4315.897436
4261.025641 4249.743590 4238.974359 4243.076923 4226.666667 4254.358974 4246.666667 4258.974359 4294.871795 4228.717949 4300.512821 4263.589744 4263.589744 4321.025641
4255.897436 4257.435897 4232.307692 4238.461538 4218.974359 4254.358974 4241.025641 4257.948718 4288.717949 4228.717949 4298.974359 4265.128205 4273.846154 4316.410256
4260.000000 4250.769231 4241.538462 4241.538462 4229.743590 4258.974359 4240.512821 4260.512821 4278.974359 4226.153846 4287.692308 4260.000000 4263.589744 4314.358974
4260.512821 4252.307692 4239.487179 4241.538462 4228.717949 4264.102564 4253.333333 4272.307692 4308.205128 4229.230769 4288.205128 4266.153846 4252.307692 4312.820513
4257.435897 4249.230769 4233.846154 4241.025641 4223.076923 4262.564103 4254.871795 4268.205128 4309.743590 4227.692308 4285.128205 4266.666667 4238.461538 4311.794872
4260.512821 4243.076923 4236.923077 4242.564103 4226.153846 4264.615385 4247.179487 4253.846154 4276.410256 4224.102564 4277.435897 4264.102564 4229.743590 4308.717949
4250.769231 4245.641026 4231.282051 4235.897436 4220.512821 4265.641026 4240.512821 4251.282051 4264.102564 4228.205128 4275.897436 4261.538462 4238.974359 4301.025641
4248.717949 4236.410256 4235.897436 4237.435897 4227.179487 4250.769231 4234.871795 4245.641026 4256.923077 4232.307692 4261.538462 4253.333333 4228.717949 4303.076923
4244.102564 4230.769231 4226.153846 4235.897436 4226.153846 4239.487179 4225.128205 4237.435897 4247.179487 4228.717949 4245.128205 4248.205128 4210.256410 4300.000000
4241.025641 4223.076923 4221.538462 4229.230769 4221.538462 4235.897436 4223.076923 4240.512821 4246.153846 4226.153846 4243.076923 4247.692308 4206.153846 4294.358974
4246.153846 4222.564103 4231.282051 4230.769231 4227.179487 4240.000000 4230.256410 4243.589744 4254.358974 4227.179487 4247.179487 4248.717949 4211.794872 4295.384615
4241.538462 4237.435897 4224.102564 4231.282051 4221.538462 4249.743590 4234.358974 4243.589744 4263.589744 4227.179487 4248.717949 4247.179487 4218.461538 4292.820513
4242.564103 4226.153846 4230.256410 4232.820513 4223.076923 4245.641026 4236.923077 4245.128205 4256.923077 4228.205128 4242.564103 4245.641026 4210.256410 4296.410256
4238.974359 4209.230769 4227.692308 4227.692308 4223.589744 4231.282051 4229.230769 4242.564103 4247.692308 4228.205128 4238.974359 4249.230769 4208.717949 4291.794872
4236.923077 4208.717949 4222.051282 4223.589744 4223.589744 4223.076923 4227.692308 4242.051282 4251.282051 4224.615385 4241.025641 4253.333333 4214.871795 4285.128205
4246.666667 4216.923077 4232.820513 4227.179487 4229.230769 4232.820513 4235.897436 4248.205128 4265.128205 4223.589744 4244.102564 4256.923077 4216.410256 4284.615385
4238.974359 4223.589744 4229.230769 4224.102564 4221.538462 4246.153846 4233.333333 4251.282051 4268.717949 4226.153846 4244.615385 4253.333333 4217.435897 4277.435897
4235.384615 4205.641026 4231.282051 4225.641026 4224.615385 4235.384615 4223.076923 4238.974359 4238.974359 4228.717949 4229.743590 4245.128205 4204.615385 4274.871795
4232.820513 4201.538462 4227.692308 4225.641026 4224.615385 4226.153846 4217.948718 4229.743590 4220.000000 4228.717949 4220.000000 4241.025641 4193.846154 4271.794872
4227.692308 4212.820513 4222.051282 4220.512821 4221.025641 4225.128205 4214.358974 4229.743590 4222.564103 4227.692308 4211.794872 4230.769231 4180.512821 4268.205128
4230.256410 4205.128205 4226.153846 4217.948718 4228.205128 4218.974359 4212.820513 4227.179487 4213.333333 4227.692308 4196.410256 4225.128205 4156.410256 4268.205128
4224.615385 4206.153846 4214.358974 4211.794872 4221.538462 4222.051282 4216.923077 4235.384615 4219.487179 4224.615385 4194.871795 4225.641026 4151.282051 4260.000000
4227.692308 4214.358974 4218.461538 4217.948718 4223.076923 4224.102564 4220.512821 4241.025641 4230.256410 4224.615385 4196.923077 4223.076923 4146.666667 4260.512821
4235.384615 4223.076923 4224.615385 4225.128205 4226.153846 4221.538462 4218.461538 4234.871795 4228.717949 4226.666667 4196.923077 4224.615385 4142.051282 4263.076923
4232.307692 4224.102564 4219.487179 4222.564103 4219.487179 4218.974359 4212.307692 4226.666667 4216.410256 4226.153846 4197.948718 4220.512821 4133.846154 4258.461538
4231.282051 4215.384615 4221.025641 4220.512821 4225.641026 4214.358974 4210.769231 4223.076923 4201.025641 4224.102564 4196.923077 4216.923077 4116.923077 4258.974359
4221.025641 4220.000000 4212.307692 4213.846154 4225.128205 4214.871795 4212.820513 4223.076923 4201.025641 4225.641026 4201.025641 4220.512821 4125.128205 4256.410256
4217.948718 4219.487179 4214.358974 4214.871795 4226.666667 4215.897436 4212.820513 4220.512821 4193.846154 4234.358974 4200.512821 4218.974359 4130.256410 4254.358974
4218.974359 4215.897436 4215.384615 4218.974359 4225.128205 4219.487179 4214.358974 4223.589744 4195.897436 4234.871795 4198.974359 4213.846154 4126.666667 4254.358974
4218.974359 4220.000000 4212.307692 4217.435897 4217.948718 4220.000000 4211.282051 4228.205128 4210.256410 4226.153846 4203.589744 4211.794872 4143.076923 4256.923077
4224.615385 4214.358974 4222.051282 4220.512821 4225.641026 4207.179487 4205.641026 4222.564103 4193.846154 4223.589744 4197.948718 4214.358974 4158.461538 4258.974359
4217.435897 4209.743590 4212.307692 4218.461538 4221.538462 4202.051282 4202.564103 4220.512821 4177.435897 4228.717949 4195.897436 4213.333333 4170.769231 4250.769231
4223.589744 4213.846154 4212.307692 4220.000000 4220.512821 4207.692308 4205.128205 4224.102564 4192.820513 4233.333333 4208.205128 4210.769231 4182.051282 4260.000000
4236.923077 4230.256410 4224.102564 4228.205128 4225.128205 4215.384615 4210.769231 4225.641026 4213.333333 4229.230769 4222.564103 4221.025641 4184.102564 4276.410256
4232.307692 4244.615385 4220.512821 4228.717949 4220.000000 4217.948718 4212.820513 4228.205128 4208.717949 4229.230769 4228.205128 4226.666667 4164.102564 4278.974359
4229.743590 4233.333333 4223.076923 4228.205128 4226.153846 4212.820513 4214.871795 4226.153846 4195.384615 4234.358974 4223.076923 4217.948718 4131.282051 4279.487179
4224.102564 4223.589744 4214.871795 4222.564103 4221.025641 4222.564103 4220.512821 4228.205128 4205.128205 4226.666667 4222.564103 4216.923077 4128.717949 4276.923077
4224.615385 4218.461538 4215.384615 4221.538462 4218.461538 4235.897436 4228.717949 4235.897436 4212.307692 4218.974359 4222.564103 4219.487179 4132.307692 4283.076923
4231.282051 4219.487179 4223.589744 4225.128205 4226.666667 4236.923077 4229.743590 4239.487179 4209.230769 4223.589744 4227.179487 4219.487179 4127.692308 4287.692308
4230.769231 4234.358974 4219.487179 4225.128205 4221.538462 4236.923077 4229.743590 4246.666667 4228.717949 4226.153846 4241.538462 4224.615385 4145.641026 4281.025641
4241.538462 4241.025641 4229.230769 4232.307692 4222.564103 4230.769231 4234.871795 4254.871795 4254.358974 4225.128205 4252.820513 4237.948718 4177.948718 4287.179487
4241.538462 4246.666667 4224.102564 4229.743590 4222.564103 4223.076923 4231.282051 4247.692308 4251.282051 4229.743590 4265.128205 4246.153846 4209.230769 4292.307692
4228.717949 4237.948718 4216.923077 4220.512821 4225.128205 4213.846154 4220.000000 4229.230769 4218.974359 4233.333333 4263.076923 4233.333333 4207.692308 4288.717949
4227.692308 4218.974359 4222.051282 4220.512821 4226.666667 4209.743590 4215.897436 4222.051282 4204.102564 4229.743590 4253.333333 4224.102564 4190.769231 4289.230769
4230.256410 4222.051282 4219.487179 4222.051282 4219.487179 4214.871795 4214.358974 4224.102564 4213.846154 4226.153846 4258.461538 4224.615385 4195.384615 4291.282051
4236.410256 4228.717949 4230.769231 4227.692308 4225.128205 4217.948718 4215.384615 4221.025641 4209.230769 4229.743590 4265.128205 4227.692308 4193.333333 4298.974359
4232.307692 4235.384615 4230.769231 4226.153846 4222.564103 4224.615385 4221.538462 4223.076923 4213.333333 4232.307692 4274.358974 4230.256410 4193.846154 4300.000000
4231.282051 4229.743590 4225.128205 4222.564103 4222.564103 4227.692308 4223.589744 4226.666667 4218.974359 4226.666667 4278.461538 4227.692308 4193.846154 4297.435897
4236.410256 4218.974359 4228.205128 4223.589744 4230.256410 4225.641026 4222.051282 4225.641026 4214.358974 4222.051282 4280.000000 4227.692308 4187.179487 4298.974359
4226.153846 4229.230769 4221.025641 4222.051282 4219.487179 4227.692308 4224.615385 4230.769231 4220.512821 4229.743590 4289.230769 4226.666667 4198.974359 4297.435897
4233.333333 4235.384615 4228.717949 4230.256410 4222.564103 4234.871795 4233.333333 4237.948718 4232.307692 4236.410256 4298.461538 4230.256410 4215.897436 4304.615385
4243.076923 4238.974359 4230.769231 4233.846154 4224.615385 4243.589744 4235.897436 4244.615385 4255.384615 4230.256410 4314.358974 4244.615385 4235.897436 4307.179487
4237.948718 4236.923077 4228.205128 4231.794872 4220.512821 4235.384615 4224.615385 4243.076923 4247.692308 4224.102564 4321.538462 4248.205128 4238.461538 4303.589744
4240.000000 4235.384615 4232.307692 4236.410256 4227.692308 4227.179487 4220.512821 4234.871795 4217.435897 4225.641026 4314.871795 4243.589744 4224.102564 4307.692308
4236.410256 4241.538462 4223.589744 4232.307692 4223.589744 4231.794872 4222.564103 4230.256410 4214.358974 4229.743590 4305.128205 4235.384615 4219.487179 4307.692308
4235.384615 4232.820513 4229.743590 4232.820513 4224.615385 4229.743590 4220.512821 4230.769231 4219.487179 4231.794872 4294.871795 4228.717949 4218.974359 4307.692308
4233.333333 4241.538462 4231.794872 4238.974359 4226.153846 4236.923077 4227.692308 4241.538462 4235.384615 4228.717949 4303.076923 4233.846154 4230.769231 4301.538462
4230.256410 4255.897436 4227.179487 4241.025641 4222.564103 4245.641026 4235.897436 4247.692308 4249.230769 4229.743590 4314.871795 4236.410256 4230.769231 4295.897436
4235.384615 4249.743590 4233.846154 4242.564103 4226.153846 4238.461538 4232.820513 4242.564103 4245.128205 4231.794872 4312.820513 4238.974359 4222.564103 4303.589744
4234.871795 4253.846154 4226.666667 4239.487179 4218.974359 4235.384615 4228.205128 4242.564103 4247.179487 4229.230769 4316.410256 4244.102564 4235.897436 4308.717949
4241.538462 4252.307692 4231.794872 4241.025641 4224.102564 4235.384615 4228.717949 4241.538462 4247.692308 4231.282051 4316.923077 4240.512821 4233.333333 4308.717949
4243.076923 4248.205128 4232.307692 4241.025641 4229.230769 4236.923077 4230.256410 4238.461538 4237.435897 4231.282051 4304.615385 4236.410256 4223.076923 4300.512821
4235.384615 4249.230769 4221.538462 4235.384615 4222.564103 4237.948718 4228.205128 4239.487179 4228.717949 4221.538462 4291.794872 4229.743590 4225.641026 4294.871795
4235.384615 4236.923077 4227.179487 4233.333333 4226.153846 4230.256410 4224.615385 4238.461538 4237.435897 4223.589744 4287.692308 4225.641026 4221.538462 4299.487179
4223.076923 4228.205128 4221.025641 4228.205128 4222.051282 4225.128205 4218.461538 4232.820513 4234.871795 4230.769231 4282.564103 4222.051282 4220.000000 4293.846154
4217.948718 4223.076923 4222.051282 4231.282051 4224.102564 4224.615385 4218.461538 4223.076923 4198.974359 4224.615385 4268.205128 4213.846154 4213.846154 4290.769231
4226.153846 4230.256410 4227.692308 4234.358974 4226.666667 4227.692308 4218.974359 4222.051282 4195.897436 4224.615385 4268.205128 4213.846154 4214.871795 4294.871795
4228.205128 4241.538462 4222.051282 4228.717949 4221.025641 4223.076923 4211.794872 4227.692308 4220.000000 4228.205128 4275.897436 4214.871795 4223.589744 4294.871795
4232.307692 4229.743590 4228.717949 4232.820513 4227.179487 4212.820513 4214.871795 4227.692308 4214.358974 4225.641026 4262.564103 4214.358974 4211.794872 4290.769231
4222.564103 4215.897436 4221.025641 4229.743590 4224.615385 4219.487179 4220.000000 4230.256410 4213.333333 4225.128205 4254.358974 4213.846154 4206.153846 4278.974359
4218.461538 4208.717949 4222.051282 4224.615385 4225.641026 4228.205128 4218.974359 4234.358974 4222.564103 4230.256410 4263.076923 4210.769231 4218.974359 4280.000000
4224.102564 4215.384615 4229.230769 4231.282051 4227.692308 4240.000000 4227.179487 4238.461538 4234.871795 4228.717949 4277.948718 4220.512821 4246.153846 4285.641026
4218.461538 4224.102564 4221.538462 4234.358974 4218.974359 4255.897436 4238.461538 4245.641026 4251.282051 4223.076923 4285.128205 4229.743590 4260.512821 4278.461538
4223.589744 4220.000000 4226.153846 4234.871795 4225.128205 4246.666667 4231.794872 4242.564103 4242.051282 4226.666667 4273.333333 4226.666667 4243.589744 4277.948718
4224.615385 4217.435897 4222.564103 4226.666667 4225.641026 4223.589744 4214.358974 4232.307692 4230.256410 4230.769231 4271.282051 4222.564103 4238.974359 4274.358974
4225.128205 4210.769231 4224.102564 4227.179487 4225.641026 4221.538462 4215.384615 4232.307692 4241.025641 4227.179487 4281.538462 4227.692308 4250.256410 4272.820513
4225.128205 4207.179487 4225.641026 4232.820513 4226.666667 4233.333333 4222.564103 4234.871795 4245.641026 4222.564103 4278.461538 4230.769231 4249.743590 4278.974359
4215.897436 4205.641026 4214.358974 4225.128205 4220.000000 4224.615385 4213.333333 4224.102564 4221.538462 4228.717949 4260.512821 4217.435897 4235.384615 4275.897436
4225.128205 4204.102564 4226.153846 4228.717949 4229.230769 4215.384615 4212.820513 4222.051282 4213.333333 4235.384615 4256.410256 4217.435897 4230.256410 4273.846154
4226.666667 4223.589744 4228.717949 4233.846154 4228.205128 4234.871795 4224.615385 4241.025641 4246.666667 4228.205128 4271.794872 4231.282051 4249.743590 4270.256410
4218.974359 4223.589744 4225.128205 4229.743590 4222.564103 4235.897436 4220.000000 4241.538462 4245.128205 4223.076923 4266.666667 4223.076923 4246.666667 4267.179487
4231.794872 4215.897436 4229.743590 4234.871795 4228.205128 4227.179487 4218.974359 4231.794872 4229.743590 4225.128205 4266.153846 4224.102564 4241.025641 4269.230769
4244.102564 4235.897436 4227.692308 4242.564103 4224.615385 4245.641026 4233.846154 4249.230769 4258.974359 4228.205128 4287.692308 4241.538462 4262.564103 4269.230769
4244.615385 4228.717949 4235.897436 4240.512821 4228.717949 4248.205128 4234.358974 4252.820513 4266.153846 4230.769231 4284.615385 4238.461538 4261.025641 4273.333333
4237.435897 4215.897436 4231.282051 4231.282051 4226.666667 4234.358974 4224.102564 4242.051282 4250.256410 4230.256410 4274.358974 4234.358974 4258.461538 4271.794872
4241.538462 4222.051282 4229.743590 4237.948718 4223.589744 4234.871795 4222.564103 4245.641026 4255.897436 4226.666667 4285.641026 4246.153846 4277.435897 4273.846154
4248.717949 4224.615385 4234.871795 4245.641026 4228.205128 4237.948718 4224.102564 4248.717949 4263.589744 4224.615385 4294.871795 4251.794872 4287.179487 4276.410256
4240.512821 4228.205128 4223.076923 4235.897436 4222.051282 4235.384615 4221.025641 4241.538462 4257.948718 4226.153846 4292.820513 4247.179487 4291.282051 4268.717949
4244.615385 4225.128205 4229.230769 4237.948718 4224.615385 4231.794872 4221.538462 4236.410256 4248.205128 4230.769231 4288.205128 4246.666667 4287.692308 4274.358974
4246.666667 4223.076923 4230.769231 4240.512821 4223.076923 4237.435897 4225.128205 4239.487179 4256.410256 4230.256410 4295.384615 4248.205128 4296.923077 4276.923077
4244.102564 4223.076923 4230.256410 4236.923077 4219.487179 4243.076923 4230.769231 4243.076923 4271.794872 4225.641026 4304.102564 4247.179487 4318.974359 4272.307692
4249.743590 4213.846154 4242.564103 4241.538462 4228.717949 4246.153846 4237.948718 4248.205128 4277.948718 4225.128205 4302.564103 4254.358974 4327.692308 4275.897436
4239.487179 4203.589744 4233.333333 4237.435897 4223.589744 4242.564103 4230.769231 4248.205128 4273.846154 4228.205128 4293.333333 4252.820513 4313.333333 4276.410256
4235.384615 4193.333333 4230.769231 4233.846154 4224.615385 4225.128205 4220.000000 4237.948718 4255.897436 4232.820513 4276.410256 4240.000000 4283.076923 4275.897436
4241.025641 4202.051282 4235.897436 4234.871795 4226.153846 4225.128205 4221.025641 4235.384615 4255.384615 4230.769231 4274.871795 4243.076923 4286.666667 4272.307692
4243.076923 4210.256410 4236.923077 4236.923077 4221.025641 4235.897436 4225.641026 4237.435897 4262.564103 4223.076923 4284.102564 4248.205128 4312.307692 4270.769231
4242.564103 4200.512821 4237.948718 4238.974359 4226.153846 4226.153846 4222.051282 4233.333333 4247.692308 4223.589744 4274.871795 4246.666667 4307.179487 4278.974359
4228.205128 4193.846154 4224.102564 4228.205128 4222.564103 4212.820513 4212.307692 4230.256410 4237.435897 4227.179487 4258.974359 4243.589744 4285.128205 4277.948718
4227.179487 4180.000000 4228.205128 4222.564103 4224.615385 4215.384615 4213.846154 4232.307692 4240.512821 4227.692308 4254.358974 4242.564103 4270.769231 4278.461538
4232.820513 4181.025641 4233.846154 4229.743590 4225.641026 4226.666667 4225.641026 4239.487179 4251.794872 4227.179487 4263.589744 4249.230769 4282.051282 4282.564103
4232.307692 4202.564103 4229.230769 4236.410256 4219.487179 4228.717949 4228.205128 4245.128205 4258.974359 4226.153846 4264.102564 4250.256410 4289.230769 4282.564103
4237.435897 4197.435897 4233.846154 4237.435897 4225.128205 4219.487179 4221.538462 4241.538462 4254.871795 4227.179487 4247.179487 4239.487179 4268.717949 4283.076923
4224.102564 4183.076923 4222.051282 4225.128205 4222.051282 4215.384615 4215.897436 4235.384615 4245.641026 4228.205128 4235.897436 4227.692308 4256.923077 4276.410256
4217.948718 4183.076923 4223.589744 4227.179487 4223.589744 4222.564103 4222.564103 4234.871795 4232.307692 4225.128205 4235.897436 4229.743590 4260.000000 4278.974359
4227.179487 4194.358974 4229.230769 4236.410256 4225.128205 4236.923077 4231.794872 4241.025641 4244.615385 4224.615385 4242.051282 4242.051282 4275.384615 4283.076923
4227.179487 4196.923077 4221.025641 4230.769231 4220.000000 4231.282051 4224.615385 4243.589744 4260.512821 4227.692308 4238.461538 4237.948718 4282.051282 4281.538462
4230.769231 4188.205128 4229.743590 4231.794872 4228.717949 4215.384615 4217.948718 4233.846154 4248.717949 4228.205128 4224.615385 4230.256410 4266.666667 4282.051282
4227.179487 4196.410256 4228.205128 4230.256410 4224.615385 4223.589744 4221.025641 4229.230769 4248.205128 4226.153846 4230.256410 4235.384615 4270.769231 4278.974359
4227.179487 4201.025641 4226.666667 4227.179487 4222.051282 4227.179487 4218.461538 4233.333333 4249.743590 4228.717949 4236.410256 4238.461538 4280.000000 4282.051282
4232.820513 4199.487179 4228.717949 4229.743590 4227.179487 4224.102564 4218.461538 4241.025641 4249.743590 4227.692308 4232.307692 4243.589744 4284.615385 4251.794872
4232.307692 4207.179487 4224.102564 4229.743590 4223.076923 4230.256410 4221.025641 4242.564103 4253.333333 4224.102564 4233.846154 4247.179487 4292.307692 4193.333333
4239.487179 4209.743590 4235.384615 4234.358974 4226.666667 4229.230769 4223.589744 4238.974359 4246.666667 4228.205128 4232.307692 4247.692308 4289.230769 4179.487179
4238.461538 4219.487179 4235.897436 4234.871795 4221.538462 4235.897436 4231.794872 4247.692308 4256.410256 4228.717949 4233.846154 4253.846154 4298.974359 4192.820513
4239.487179 4222.564103 4235.384615 4234.358974 4221.025641 4243.076923 4232.820513 4250.256410 4263.076923 4224.102564 4235.897436 4254.358974 4305.641026 4187.179487
4241.025641 4215.897436 4235.897436 4233.333333 4226.666667 4234.871795 4218.974359 4237.948718 4246.153846 4224.102564 4230.256410 4248.717949 4297.435897 4180.000000
4227.179487 4207.179487 4224.102564 4226.153846 4218.974359 4230.256410 4216.410256 4237.948718 4236.410256 4231.794872 4221.538462 4243.076923 4293.333333 4216.923077
4227.692308 4193.846154 4230.256410 4228.205128 4225.128205 4231.282051 4226.153846 4241.025641 4234.871795 4233.333333 4214.871795 4239.487179 4286.666667 4275.384615
4227.179487 4198.461538 4224.102564 4227.692308 4226.153846 4225.128205 4219.487179 4230.256410 4230.769231 4227.179487 4210.256410 4231.282051 4278.974359 4287.692308
4221.538462 4197.435897 4218.461538 4225.128205 4222.051282 4214.871795 4208.717949 4220.000000 4216.923077 4230.769231 4198.974359 4220.512821 4264.615385 4272.820513
4222.051282 4183.076923 4228.717949 4225.641026 4226.153846 4212.820513 4211.794872 4225.128205 4221.025641 4235.384615 4200.000000 4228.205128 4262.564103 4270.256410
4216.923077 4181.025641 4223.076923 4220.000000 4222.564103 4213.333333 4214.358974 4229.743590 4235.384615 4229.743590 4210.256410 4232.307692 4274.358974 4266.666667
4220.000000 4176.410256 4223.589744 4219.487179 4226.666667 4211.282051 4219.487179 4224.615385 4226.153846 4220.000000 4204.102564 4221.025641 4265.128205 4268.717949
4218.461538 4187.179487 4223.589744 4218.974359 4224.102564 4214.358974 4217.948718 4226.153846 4226.153846 4222.564103 4202.051282 4220.512821 4259.487179 4267.692308
4216.923077 4202.051282 4225.128205 4221.025641 4218.974359 4208.717949 4201.538462 4225.641026 4229.230769 4233.333333 4206.666667 4224.615385 4268.205128 4261.025641
4227.179487 4196.923077 4230.769231 4226.153846 4224.102564 4203.589744 4198.974359 4218.461538 4213.846154 4231.794872 4205.641026 4230.256410 4269.743590 4266.153846
4228.205128 4198.974359 4223.076923 4224.102564 4221.025641 4216.410256 4218.974359 4226.153846 4217.435897 4227.179487 4215.384615 4237.435897 4278.461538 4271.794872
4231.794872 4204.102564 4229.743590 4230.256410 4227.692308 4221.538462 4228.717949 4237.948718 4237.435897 4232.820513 4227.692308 4241.538462 4286.666667 4276.410256
4229.743590 4209.743590 4227.179487 4231.282051 4226.666667 4217.435897 4216.923077 4232.307692 4237.948718 4231.282051 4219.487179 4236.923077 4277.948718 4276.410256
4217.948718 4196.410256 4218.461538 4219.487179 4220.000000 4211.794872 4210.256410 4218.461538 4212.307692 4223.076923 4187.692308 4217.948718 4245.641026 4271.282051
4213.333333 4174.871795 4223.076923 4215.384615 4227.179487 4209.230769 4221.025641 4224.615385 4211.794872 4224.615385 4175.897436 4210.256410 4226.153846 4268.205128
4212.307692 4191.282051 4214.871795 4216.923077 4223.076923 4221.538462 4230.769231 4245.641026 4248.717949 4225.641026 4203.076923 4222.564103 4256.410256 4263.589744
4227.692308 4207.179487 4222.051282 4227.179487 4225.128205 4229.743590 4233.846154 4244.615385 4257.948718 4223.076923 4218.974359 4235.384615 4283.589744 4270.256410
4233.846154 4209.743590 4227.179487 4232.307692 4227.179487 4232.307692 4234.871795 4236.410256 4248.205128 4227.692308 4217.435897 4239.487179 4287.179487 4274.358974
4229.230769 4217.948718 4222.564103 4227.179487 4221.538462 4232.820513 4234.358974 4244.615385 4253.846154 4233.333333 4222.051282 4237.948718 4293.333333 4276.410256
4242.564103 4228.717949 4234.358974 4233.333333 4226.153846 4240.512821 4241.538462 4249.743590 4263.076923 4233.333333 4229.230769 4244.615385 4302.051282 4284.102564
4241.538462 4234.358974 4230.256410 4235.384615 4221.538462 4256.923077 4246.666667 4249.743590 4270.769231 4226.666667 4234.358974 4251.282051 4306.153846 4277.948718
4234.871795 4225.128205 4229.230769 4235.897436 4226.666667 4247.179487 4238.974359 4250.256410 4270.256410 4224.615385 4228.717949 4248.717949 4294.871795 4273.333333
4231.282051 4222.564103 4227.692308 4236.923077 4228.717949 4232.820513 4231.282051 4245.641026 4267.692308 4226.153846 4224.615385 4245.641026 4294.871795 4273.846154
4225.641026 4223.076923 4221.538462 4232.307692 4218.974359 4236.923077 4228.205128 4239.487179 4257.948718 4223.076923 4221.025641 4239.487179 4293.846154 4271.794872
4231.794872 4222.051282 4232.307692 4234.871795 4224.615385 4238.461538 4227.179487 4234.871795 4245.641026 4224.615385 4213.333333 4238.461538 4275.897436 4274.358974
4229.743590 4234.358974 4227.179487 4234.871795 4224.102564 4234.871795 4223.589744 4236.410256 4247.692308 4229.743590 4212.820513 4240.512821 4280.000000 4275.384615
4230.256410 4235.384615 4225.641026 4236.923077 4223.589744 4232.307692 4220.512821 4238.974359 4247.179487 4226.153846 4212.307692 4238.461538 4283.076923 4279.487179
4232.820513 4237.948718 4226.666667 4237.435897 4224.615385 4244.102564 4227.692308 4245.128205 4254.871795 4222.564103 4214.871795 4244.102564 4272.307692 4281.025641
4228.205128 4246.666667 4223.076923 4232.820513 4224.615385 4253.333333 4233.333333 4251.794872 4267.179487 4231.282051 4216.410256 4244.102564 4268.717949 4278.974359
4230.256410 4229.743590 4232.820513 4235.897436 4233.846154 4242.051282 4228.205128 4249.230769 4263.076923 4237.435897 4209.230769 4231.794872 4268.205128 4283.589744
4228.205128 4219.487179 4227.692308 4234.871795 4225.641026 4238.461538 4223.076923 4246.666667 4270.769231 4228.205128 4217.435897 4232.307692 4283.589744 4283.589744
4231.794872 4225.128205 4225.641026 4235.897436 4224.102564 4238.974359 4223.589744 4242.564103 4267.179487 4222.564103 4222.564103 4236.923077 4285.641026 4282.051282
4234.358974 4232.820513 4229.230769 4238.461538 4230.256410 4233.333333 4225.128205 4237.948718 4244.615385 4227.692308 4214.871795 4233.846154 4271.794872 4279.487179
4226.153846 4242.564103 4224.102564 4234.871795 4223.076923 4232.820513 4223.076923 4236.410256 4245.128205 4229.230769 4217.435897 4233.333333 4276.923077 4274.358974
4231.794872 4244.102564 4231.794872 4238.974359 4226.153846 4235.897436 4225.128205 4235.897436 4253.846154 4226.153846 4221.538462 4238.974359 4276.923077 4278.461538
4233.333333 4251.282051 4228.717949 4237.435897 4222.051282 4240.512821 4227.692308 4243.076923 4260.000000 4225.641026 4226.666667 4244.102564 4274.358974 4279.487179
4232.307692 4248.717949 4230.769231 4234.871795 4218.974359 4239.487179 4228.205128 4245.641026 4253.333333 4230.256410 4233.846154 4238.974359 4270.256410 4279.487179
4236.410256 4240.512821 4235.384615 4238.974359 4226.666667 4241.025641 4229.230769 4241.538462 4242.564103 4230.769231 4236.923077 4233.846154 4265.641026 4280.000000
4229.743590 4251.282051 4226.666667 4237.948718 4222.564103 4240.512821 4225.641026 4242.564103 4253.846154 4226.666667 4244.102564 4231.794872 4266.153846 4276.410256
4229.743590 4245.641026 4233.846154 4236.923077 4226.153846 4229.743590 4220.000000 4242.564103 4259.487179 4227.692308 4250.769231 4232.820513 4257.948718 4279.487179
4230.256410 4236.923077 4232.820513 4231.794872 4224.102564 4229.230769 4218.974359 4240.512821 4251.282051 4229.743590 4252.820513 4235.897436 4253.846154 4276.410256
4231.282051 4242.564103 4233.333333 4235.384615 4220.512821 4235.897436 4223.589744 4238.461538 4242.051282 4227.179487 4251.282051 4234.871795 4251.794872 4273.846154
4231.794872 4245.128205 4238.461538 4239.487179 4225.641026 4235.384615 4226.666667 4238.461538 4241.025641 4224.102564 4256.923077 4237.435897 4246.153846 4276.923077
4215.897436 4231.794872 4222.564103 4225.128205 4218.974359 4230.769231 4220.000000 4241.025641 4236.923077 4228.205128 4259.487179 4233.333333 4238.974359 4271.282051
4216.410256 4211.282051 4225.128205 4223.589744 4222.564103 4226.153846 4218.461538 4237.435897 4227.179487 4233.846154 4249.743590 4227.692308 4228.205128 4278.461538
4223.589744 4225.128205 4230.256410 4231.282051 4223.589744 4230.256410 4224.102564 4240.512821 4244.102564 4231.282051 4259.487179 4235.897436 4238.974359 4283.076923
4231.794872 4254.358974 4234.871795 4238.974359 4220.000000 4241.538462 4231.794872 4250.769231 4264.102564 4225.128205 4277.435897 4244.615385 4259.487179 4279.487179
4243.589744 4265.128205 4245.641026 4247.692308 4225.128205 4247.692308 4237.948718 4252.307692 4275.384615 4225.128205 4285.641026 4251.282051 4270.769231 4284.615385
4234.358974 4262.051282 4237.435897 4241.025641 4221.025641 4243.589744 4236.410256 4250.769231 4283.076923 4228.717949 4287.692308 4248.717949 4274.871795 4286.666667
4233.333333 4245.128205 4243.589744 4238.974359 4227.179487 4239.487179 4235.384615 4251.282051 4271.282051 4229.230769 4282.564103 4242.564103 4262.564103 4287.179487
4239.487179 4251.794872 4245.128205 4242.564103 4225.641026 4246.666667 4235.384615 4250.256410 4265.128205 4227.179487 4288.717949 4249.743590 4267.179487 4287.179487
4241.025641 4267.179487 4236.923077 4241.538462 4220.000000 4246.153846 4229.230769 4243.076923 4261.538462 4229.743590 4295.897436 4251.282051 4278.461538 4293.846154
4243.589744 4260.000000 4241.538462 4241.025641 4225.128205 4235.897436 4223.589744 4238.461538 4248.717949 4233.846154 4286.153846 4243.076923 4266.666667 4301.025641
4232.307692 4256.410256 4236.410256 4234.358974 4218.974359 4234.871795 4222.564103 4243.589744 4250.256410 4228.717949 4285.641026 4240.000000 4258.461538 4295.384615
4230.769231 4250.256410 4238.974359 4231.282051 4222.564103 4229.230769 4220.000000 4241.025641 4249.230769 4225.128205 4290.256410 4240.512821 4254.871795 4299.487179
4231.282051 4248.717949 4235.384615 4230.256410 4225.641026 4227.179487 4216.923077 4238.461538 4246.153846 4227.692308 4287.179487 4242.564103 4253.846154 4305.128205
4218.974359 4240.512821 4222.051282 4224.615385 4220.512821 4226.666667 4215.384615 4237.948718 4240.000000 4226.666667 4273.846154 4230.256410 4240.512821 4302.051282
4211.282051 4216.410256 4225.128205 4220.000000 4226.153846 4212.820513 4210.769231 4228.205128 4220.000000 4225.641026 4255.384615 4214.358974 4214.358974 4303.076923
4204.102564 4209.230769 4222.051282 4214.358974 4222.051282 4206.666667 4203.589744 4220.000000 4207.179487 4227.179487 4249.743590 4210.769231 4209.230769 4300.000000
4203.589744 4198.974359 4226.153846 4216.923077 4223.589744 4203.076923 4201.538462 4216.923077 4195.384615 4229.230769 4243.076923 4211.794872 4203.589744 4298.974359
4200.512821 4185.641026 4222.564103 4215.897436 4225.641026 4196.923077 4200.512821 4211.282051 4185.641026 4228.717949 4234.358974 4206.666667 4188.205128 4295.897436
4194.358974 4178.461538 4213.333333 4207.179487 4220.512821 4190.769231 4194.358974 4208.717949 4182.051282 4227.179487 4225.128205 4194.358974 4169.743590 4289.743590
4204.615385 4181.538462 4224.102564 4211.794872 4226.666667 4188.205128 4197.435897 4213.333333 4187.179487 4229.743590 4224.102564 4199.487179 4156.410256 4293.333333
4205.641026 4190.769231 4220.512821 4212.307692 4222.051282 4191.282051 4203.076923 4216.410256 4200.000000 4228.205128 4234.871795 4208.717949 4167.179487 4290.769231
4204.615385 4184.102564 4223.076923 4212.307692 4221.538462 4192.307692 4203.589744 4214.871795 4194.871795 4225.128205 4232.307692 4202.051282 4170.256410 4286.666667
4209.743590 4185.128205 4225.641026 4214.871795 4225.641026 4198.461538 4206.153846 4214.358974 4187.692308 4226.153846 4227.692308 4204.615385 4169.230769 4287.179487
4209.230769 4199.487179 4218.461538 4212.820513 4222.051282 4199.487179 4201.538462 4212.820513 4187.179487 4227.179487 4236.923077 4213.333333 4192.820513 4286.666667
4212.307692 4196.410256 4227.179487 4217.435897 4227.692308 4192.307692 4195.384615 4205.128205 4171.794872 4226.666667 4245.128205 4217.435897 4212.820513 4288.205128
4203.076923 4188.717949 4222.564103 4212.307692 4222.051282 4189.230769 4191.282051 4198.974359 4158.974359 4225.641026 4248.717949 4209.230769 4214.358974 4282.564103
4195.384615 4170.769231 4217.435897 4205.128205 4220.000000 4179.487179 4187.692308 4194.358974 4152.307692 4225.128205 4241.538462 4194.358974 4195.384615 4280.000000
4194.871795 4153.333333 4216.923077 4203.589744 4225.128205 4171.794872 4187.179487 4191.794872 4148.205128 4224.615385 4236.923077 4192.820513 4186.153846 4276.410256
4187.692308 4154.358974 4208.717949 4200.000000 4218.974359 4173.333333 4185.128205 4195.384615 4153.846154 4224.615385 4243.589744 4192.820513 4190.769231 4263.076923
4187.179487 4142.051282 4212.820513 4199.487179 4225.641026 4163.589744 4181.538462 4191.282051 4146.153846 4225.641026 4230.769231 4182.564103 4163.589744 4262.564103
4174.358974 4121.538462 4201.538462 4187.179487 4225.641026 4151.282051 4176.923077 4183.076923 4125.128205 4227.692308 4201.538462 4166.666667 4127.692308 4258.974359
4168.205128 4114.871795 4197.948718 4181.538462 4222.564103 4143.076923 4168.205128 4176.410256 4107.692308 4229.230769 4185.641026 4152.820513 4118.461538 4249.743590
4180.000000 4126.666667 4208.717949 4191.794872 4224.615385 4137.435897 4160.512821 4174.358974 4112.820513 4224.615385 4196.923077 4158.461538 4136.410256 4247.692308
4176.410256 4137.435897 4199.487179 4190.256410 4218.974359 4137.948718 4161.538462 4174.358974 4114.358974 4227.692308 4209.743590 4169.230769 4148.717949 4246.153846
4173.846154 4124.102564 4200.000000 4185.128205 4226.153846 4135.384615 4164.615385 4165.128205 4087.179487 4233.333333 4198.974359 4164.102564 4137.948718 4245.128205
4169.743590 4122.051282 4196.923077 4182.564103 4225.128205 4136.410256 4163.076923 4162.564103 4086.666667 4228.717949 4193.333333 4158.461538 4143.076923 4235.384615
4166.666667 4123.589744 4194.871795 4183.076923 4222.564103 4136.410256 4164.102564 4170.256410 4098.974359 4228.717949 4193.333333 4158.461538 4144.615385 4229.230769
4169.230769 4112.820513 4200.000000 4182.564103 4227.179487 4131.794872 4169.743590 4172.307692 4096.923077 4232.307692 4186.666667 4153.846154 4125.641026 4229.230769
4154.358974 4097.948718 4188.205128 4168.717949 4219.487179 4127.179487 4163.589744 4166.666667 4095.384615 4229.743590 4175.384615 4138.974359 4108.717949 4222.051282
4147.179487 4078.461538 4190.769231 4166.153846 4223.589744 4121.538462 4158.461538 4166.153846 4092.820513 4230.769231 4167.179487 4133.333333 4095.384615 4220.512821
4147.692308 4077.948718 4190.256410 4169.230769 4225.128205 4122.051282 4162.564103 4174.871795 4102.051282 4229.743590 4172.820513 4142.051282 4104.102564 4218.974359
4148.717949 4087.692308 4187.692308 4168.717949 4221.538462 4121.538462 4160.512821 4169.743590 4103.076923 4224.102564 4173.846154 4140.000000 4110.769231 4220.512821
4150.769231 4082.051282 4191.794872 4169.743590 4225.641026 4119.487179 4159.487179 4159.487179 4088.205128 4227.179487 4162.051282 4135.897436 4092.820513 4224.615385
4142.564103 4077.435897 4183.076923 4163.589744 4220.512821 4122.051282 4159.487179 4162.564103 4083.076923 4230.769231 4160.000000 4137.435897 4101.025641 4219.487179
4145.128205 4068.205128 4192.820513 4163.589744 4222.564103 4116.923077 4151.794872 4155.897436 4071.794872 4226.153846 4159.487179 4136.410256 4124.615385 4221.538462
4145.641026 4068.717949 4194.871795 4165.128205 4224.102564 4114.358974 4143.076923 4142.564103 4060.000000 4226.153846 4153.846154 4136.410256 4129.230769 4223.076923
4145.128205 4083.076923 4188.717949 4168.205128 4223.589744 4121.025641 4147.692308 4143.589744 4064.102564 4228.205128 4151.794872 4138.461538 4129.743590 4224.102564
4150.769231 4084.102564 4191.794872 4169.743590 4229.743590 4119.487179 4153.333333 4146.666667 4063.076923 4226.666667 4148.205128 4139.487179 4130.256410 4226.153846
4142.051282 4082.051282 4182.564103 4158.974359 4219.487179 4111.794872 4145.128205 4148.717949 4059.487179 4226.666667 4141.538462 4134.358974 4126.666667 4219.487179
4145.641026 4074.871795 4192.820513 4160.000000 4221.025641 4108.717949 4147.179487 4153.846154 4064.102564 4230.256410 4133.333333 4130.256410 4115.897436 4220.512821
4149.230769 4076.923077 4198.974359 4164.102564 4224.615385 4117.435897 4158.461538 4157.435897 4075.897436 4229.743590 4134.871795 4135.384615 4120.512821 4225.641026
4140.000000 4082.564103 4187.692308 4160.512821 4220.000000 4115.384615 4147.692308 4147.692308 4065.641026 4226.666667 4136.410256 4135.897436 4130.256410 4224.615385
4142.051282 4072.307692 4189.230769 4163.589744 4226.153846 4098.974359 4128.205128 4130.256410 4034.871795 4225.128205 4128.205128 4130.769231 4127.692308 4224.615385
4143.076923 4076.923077 4187.179487 4162.051282 4221.025641 4104.615385 4128.717949 4131.282051 4036.923077 4226.666667 4130.256410 4132.307692 4138.461538 4222.051282
4149.743590 4083.076923 4194.871795 4163.589744 4219.487179 4118.974359 4142.564103 4143.076923 4057.948718 4230.769231 4130.769231 4140.000000 4143.589744 4225.128205
4155.384615 4092.820513 4197.948718 4171.282051 4224.102564 4127.692308 4148.717949 4150.256410 4073.333333 4229.743590 4135.384615 4150.256410 4151.794872 4227.692308
4150.769231 4101.538462 4188.717949 4170.769231 4222.564103 4127.179487 4146.153846 4150.769231 4077.948718 4230.256410 4144.102564 4149.743590 4164.102564 4227.692308
4153.846154 4089.743590 4195.897436 4166.666667 4227.692308 4117.948718 4142.564103 4151.794872 4081.538462 4234.358974 4141.538462 4146.666667 4156.923077 4234.358974
4157.948718 4100.000000 4196.410256 4168.205128 4221.538462 4125.128205 4146.666667 4158.974359 4100.000000 4230.256410 4146.153846 4155.897436 4167.179487 4231.794872
4166.153846 4112.820513 4201.538462 4175.384615 4222.564103 4137.948718 4155.384615 4163.076923 4103.076923 4225.641026 4151.794872 4160.512821 4183.076923 4232.307692
4165.641026 4109.743590 4201.538462 4173.333333 4224.102564 4131.282051 4147.692308 4161.538462 4098.461538 4226.666667 4146.153846 4155.897436 4184.102564 4233.846154
4152.307692 4107.692308 4188.717949 4167.179487 4217.435897 4116.410256 4130.769231 4148.205128 4087.179487 4224.102564 4135.897436 4147.179487 4177.948718 4227.692308
4160.000000 4113.846154 4199.487179 4178.461538 4225.641026 4121.025641 4134.871795 4141.025641 4070.256410 4224.615385 4137.435897 4153.846154 4178.461538 4229.230769
4166.666667 4131.794872 4202.051282 4183.076923 4223.589744 4145.128205 4150.256410 4158.974359 4095.384615 4229.230769 4155.384615 4168.717949 4201.538462 4230.256410
4166.153846 4129.743590 4200.512821 4177.948718 4223.076923 4146.666667 4151.794872 4168.205128 4118.461538 4228.205128 4151.282051 4163.076923 4200.000000 4232.307692
4164.615385 4119.487179 4199.487179 4175.897436 4226.666667 4135.384615 4144.102564 4156.923077 4101.538462 4226.153846 4134.358974 4155.384615 4180.512821 4235.897436
4157.948718 4122.564103 4192.820513 4171.282051 4216.923077 4141.538462 4147.179487 4162.051282 4093.846154 4230.769231 4134.358974 4155.897436 4178.461538 4237.948718
4165.128205 4128.205128 4204.615385 4179.487179 4223.589744 4148.205128 4160.512821 4176.923077 4113.846154 4234.358974 4137.948718 4162.564103 4180.512821 4248.717949
4166.153846 4142.051282 4202.051282 4182.564103 4225.641026 4145.641026 4158.974359 4175.897436 4136.410256 4228.205128 4140.512821 4170.769231 4192.820513 4253.846154
4164.615385 4137.948718 4198.461538 4178.461538 4222.051282 4135.897436 4144.102564 4162.051282 4123.076923 4223.076923 4138.461538 4168.205128 4198.974359 4257.948718
4167.692308 4122.051282 4201.025641 4176.410256 4223.589744 4129.743590 4141.538462 4152.820513 4097.948718 4224.102564 4128.717949 4163.589744 4187.692308 4260.512821
4157.948718 4112.307692 4189.230769 4168.717949 4218.461538 4128.717949 4142.051282 4155.384615 4098.461538 4229.230769 4112.820513 4154.358974 4167.692308 4251.282051
4159.487179 4108.205128 4197.435897 4171.794872 4224.102564 4128.205128 4138.974359 4156.923077 4096.923077 4232.820513 4100.000000 4146.666667 4152.307692 4256.410256
4167.179487 4134.358974 4200.512821 4181.025641 4222.051282 4147.179487 4145.641026 4164.102564 4111.794872 4228.205128 4117.435897 4158.974359 4186.153846 4266.153846
4171.794872 4150.769231 4197.435897 4184.615385 4220.000000 4161.025641 4154.358974 4174.358974 4137.948718 4225.128205 4136.410256 4171.794872 4218.974359 4264.615385
4173.846154 4133.333333 4200.000000 4182.564103 4226.666667 4153.333333 4155.384615 4172.820513 4136.923077 4225.641026 4127.692308 4170.769231 4206.153846 4261.025641
4170.256410 4141.538462 4196.923077 4180.000000 4220.000000 4154.871795 4154.871795 4172.307692 4136.410256 4224.615385 4127.179487 4173.333333 4211.794872 4263.076923
4180.000000 4157.435897 4205.641026 4190.256410 4223.589744 4165.128205 4162.051282 4177.435897 4149.743590 4228.205128 4139.487179 4182.051282 4229.230769 4271.282051
4181.025641 4152.307692 4199.487179 4189.230769 4223.589744 4170.256410 4166.153846 4183.076923 4161.538462 4230.769231 4141.025641 4184.102564 4228.205128 4267.692308
4174.358974 4145.128205 4195.897436 4183.076923 4220.000000 4163.076923 4161.538462 4184.102564 4159.487179 4226.153846 4132.307692 4178.974359 4223.589744 4268.205128
4178.461538 4150.256410 4206.666667 4189.743590 4228.205128 4155.897436 4165.641026 4183.589744 4160.512821 4223.076923 4130.769231 4180.512821 4225.128205 4276.410256
4173.333333 4157.435897 4194.358974 4186.666667 4222.564103 4158.974359 4165.128205 4176.923077 4154.358974 4225.128205 4128.205128 4175.897436 4216.923077 4268.717949
4176.923077 4150.769231 4198.461538 4185.641026 4222.564103 4159.487179 4155.897436 4167.179487 4130.256410 4230.769231 4114.358974 4168.205128 4202.051282 4263.076923
4183.076923 4163.076923 4207.692308 4191.282051 4222.051282 4170.769231 4165.128205 4175.384615 4145.128205 4230.769231 4123.076923 4181.025641 4220.000000 4263.076923
4182.564103 4178.974359 4202.564103 4195.897436 4218.974359 4177.948718 4176.923077 4189.743590 4179.487179 4226.666667 4141.025641 4192.307692 4238.461538 4272.307692
4189.743590 4181.538462 4206.666667 4200.000000 4223.589744 4177.435897 4177.435897 4187.179487 4180.000000 4226.666667 4143.076923 4195.384615 4234.358974 4267.692308
4186.153846 4192.307692 4203.589744 4197.435897 4219.487179 4193.333333 4188.717949 4192.820513 4184.102564 4225.128205 4146.666667 4198.974359 4239.487179 4211.794872
4190.256410 4191.794872 4210.256410 4205.128205 4225.128205 4203.589744 4195.897436 4207.179487 4206.153846 4222.051282 4142.564103 4198.461538 4236.923077 4168.205128
4197.435897 4195.384615 4209.743590 4209.230769 4224.102564 4194.871795 4178.461538 4203.589744 4209.230769 4226.666667 4137.948718 4199.487179 4237.948718 4174.358974
4191.794872 4208.717949 4203.589744 4202.564103 4216.410256 4183.076923 4165.128205 4185.128205 4180.512821 4228.717949 4143.589744 4199.487179 4249.230769 4187.692308
4196.410256 4215.897436 4212.820513 4206.666667 4225.641026 4186.666667 4176.923077 4180.512821 4172.820513 4225.641026 4145.128205 4203.589744 4244.615385 4184.102564
4199.487179 4234.871795 4206.666667 4212.307692 4222.564103 4202.564103 4187.179487 4197.435897 4205.641026 4226.153846 4146.153846 4208.717949 4244.615385 4195.384615
4204.102564 4237.435897 4209.743590 4215.384615 4223.076923 4210.256410 4192.820513 4206.666667 4215.384615 4227.179487 4149.743590 4208.717949 4248.717949 4251.282051
4201.025641 4223.589744 4213.333333 4212.307692 4226.666667 4214.871795 4193.846154 4202.051282 4209.230769 4225.641026 4152.820513 4208.205128 4248.205128 4293.333333
4189.743590 4215.384615 4207.692308 4203.076923 4219.487179 4209.743590 4180.000000 4198.974359 4205.128205 4228.205128 4150.256410 4202.051282 4244.102564 4289.230769
