4242.564103 4226.153846 4250.256410 4228.205128 4225.641026 4246.666667 4234.871795 4244.615385 4234.358974 4232.820513 4242.564103 4253.333333 4224.102564 4241.025641
4245.641026 4235.897436 4255.384615 4232.820513 4223.589744 4251.282051 4239.487179 4242.564103 4239.487179 4231.282051 4248.205128 4250.256410 4228.717949 4236.923077
4241.538462 4229.230769 4253.333333 4230.769231 4224.615385 4246.153846 4232.820513 4231.794872 4229.743590 4229.743590 4242.564103 4253.846154 4221.538462 4238.974359
4246.153846 4233.846154 4254.358974 4233.846154 4221.538462 4243.589744 4237.435897 4242.051282 4235.897436 4233.333333 4248.717949 4253.846154 4225.641026 4238.974359
4246.153846 4234.871795 4248.717949 4231.282051 4222.564103 4243.589744 4237.435897 4244.102564 4237.948718 4231.794872 4248.717949 4251.282051 4224.615385 4238.461538
4237.948718 4226.666667 4241.025641 4223.076923 4226.153846 4238.974359 4227.692308 4231.282051 4223.076923 4224.615385 4238.461538 4251.282051 4212.820513 4238.974359
4239.487179 4232.307692 4248.205128 4225.641026 4223.076923 4242.564103 4237.948718 4240.512821 4231.282051 4226.666667 4245.128205 4247.692308 4218.974359 4240.512821
4231.282051 4222.051282 4238.461538 4215.384615 4225.128205 4240.512821 4236.923077 4238.974359 4230.769231 4229.743590 4237.948718 4249.743590 4203.076923 4242.051282
4227.179487 4223.076923 4235.897436 4215.897436 4222.564103 4241.025641 4234.358974 4231.794872 4223.589744 4227.692308 4231.282051 4245.641026 4192.820513 4235.384615
4228.717949 4226.153846 4248.717949 4219.487179 4220.000000 4243.076923 4227.692308 4223.589744 4217.948718 4229.230769 4235.384615 4242.564103 4196.410256 4234.358974
4220.512821 4209.230769 4256.923077 4206.666667 4224.615385 4236.923077 4214.871795 4214.358974 4210.256410 4231.282051 4229.743590 4247.692308 4189.230769 4237.435897
4221.025641 4211.794872 4264.102564 4208.205128 4224.102564 4237.948718 4222.051282 4226.666667 4220.512821 4229.743590 4230.256410 4244.102564 4191.794872 4231.282051
4223.589744 4214.871795 4262.051282 4208.717949 4226.153846 4237.435897 4222.564103 4228.205128 4217.948718 4230.256410 4232.307692 4246.666667 4191.282051 4234.358974
4227.179487 4219.487179 4270.769231 4209.230769 4223.589744 4237.948718 4225.128205 4229.230769 4222.051282 4233.333333 4236.923077 4248.717949 4196.410256 4237.435897
4227.692308 4222.564103 4273.333333 4209.743590 4222.051282 4237.948718 4226.666667 4232.307692 4226.666667 4232.307692 4236.923077 4247.179487 4193.846154 4235.384615
4228.205128 4217.435897 4264.102564 4206.666667 4227.692308 4234.871795 4216.923077 4221.025641 4210.769231 4229.230769 4234.358974 4249.230769 4181.025641 4236.410256
4237.948718 4227.179487 4276.410256 4214.871795 4224.615385 4240.000000 4224.615385 4224.615385 4215.384615 4229.230769 4247.179487 4247.692308 4197.435897 4234.358974
4232.820513 4223.076923 4276.923077 4211.282051 4225.641026 4235.897436 4222.564103 4221.025641 4215.384615 4229.230769 4244.102564 4250.256410 4200.000000 4236.410256
4229.230769 4223.589744 4270.256410 4213.333333 4226.666667 4236.923077 4223.076923 4223.589744 4220.512821 4231.282051 4239.487179 4248.717949 4192.820513 4237.435897
4231.794872 4229.230769 4269.743590 4221.538462 4224.615385 4243.589744 4234.358974 4237.948718 4234.871795 4230.256410 4242.564103 4240.000000 4194.871795 4233.846154
4225.128205 4215.384615 4260.000000 4212.820513 4227.179487 4237.435897 4228.717949 4231.794872 4226.153846 4229.743590 4232.307692 4242.564103 4185.128205 4230.769231
4229.743590 4225.641026 4262.564103 4217.948718 4223.076923 4237.435897 4232.307692 4236.410256 4229.230769 4232.307692 4236.410256 4248.205128 4192.307692 4229.230769
4233.333333 4234.871795 4264.102564 4225.128205 4222.564103 4240.000000 4237.435897 4245.641026 4235.897436 4231.794872 4245.641026 4254.358974 4198.461538 4236.410256
4233.846154 4235.897436 4268.205128 4230.769231 4225.641026 4242.564103 4244.102564 4252.307692 4244.615385 4231.794872 4253.333333 4254.358974 4204.102564 4236.923077
4242.051282 4241.538462 4278.461538 4235.897436 4224.615385 4248.205128 4252.307692 4257.948718 4257.948718 4233.846154 4258.461538 4252.820513 4214.871795 4233.846154
4247.692308 4242.051282 4277.948718 4234.358974 4226.153846 4247.179487 4245.641026 4249.230769 4252.820513 4231.282051 4251.794872 4257.435897 4210.256410 4237.435897
4254.358974 4255.897436 4287.692308 4245.641026 4225.641026 4250.256410 4252.307692 4253.846154 4257.948718 4230.256410 4256.410256 4252.820513 4217.435897 4236.410256
4250.769231 4251.282051 4287.179487 4243.076923 4228.205128 4248.205128 4250.256410 4253.333333 4254.358974 4229.743590 4256.923077 4253.846154 4216.410256 4235.897436
4248.717949 4240.000000 4278.974359 4236.923077 4227.179487 4243.589744 4240.000000 4244.615385 4243.076923 4225.641026 4254.358974 4257.435897 4213.333333 4236.410256
4258.461538 4253.846154 4285.641026 4246.153846 4222.051282 4245.128205 4243.589744 4248.717949 4251.282051 4226.153846 4264.102564 4251.794872 4227.179487 4239.487179
4260.512821 4257.435897 4287.692308 4245.128205 4226.666667 4243.589744 4238.974359 4244.102564 4250.769231 4232.307692 4263.589744 4256.923077 4223.589744 4246.666667
4262.564103 4258.974359 4292.307692 4244.102564 4228.717949 4246.153846 4242.564103 4243.589744 4247.692308 4233.333333 4265.641026 4258.461538 4225.128205 4242.051282
4254.871795 4250.769231 4285.128205 4238.461538 4227.179487 4242.564103 4242.051282 4240.512821 4240.512821 4229.230769 4260.512821 4254.871795 4220.000000 4236.923077
4247.692308 4244.615385 4274.358974 4236.410256 4226.666667 4239.487179 4240.512821 4241.538462 4241.538462 4229.230769 4255.384615 4255.384615 4210.256410 4236.923077
4251.282051 4251.282051 4274.871795 4243.076923 4224.615385 4244.615385 4247.692308 4250.256410 4252.307692 4230.256410 4259.487179 4250.769231 4215.384615 4232.820513
4243.076923 4239.487179 4266.666667 4232.307692 4227.692308 4241.025641 4241.025641 4240.512821 4237.948718 4230.256410 4249.743590 4250.769231 4209.230769 4231.282051
4242.564103 4240.512821 4270.769231 4232.307692 4223.589744 4243.589744 4247.179487 4246.666667 4241.025641 4233.333333 4253.333333 4251.282051 4218.461538 4232.307692
4245.641026 4245.128205 4271.794872 4236.923077 4224.102564 4244.615385 4248.717949 4246.153846 4246.153846 4231.282051 4258.974359 4253.333333 4227.692308 4237.948718
4240.000000 4241.025641 4263.076923 4231.282051 4228.717949 4240.000000 4238.974359 4229.743590 4231.794872 4227.179487 4247.179487 4253.846154 4224.102564 4236.923077
4241.025641 4249.230769 4267.179487 4234.358974 4224.615385 4242.564103 4245.641026 4239.487179 4235.897436 4228.205128 4248.717949 4249.230769 4234.871795 4231.794872
4240.512821 4240.000000 4265.128205 4229.743590 4227.179487 4237.435897 4236.410256 4240.512821 4233.333333 4231.794872 4249.230769 4255.384615 4237.948718 4240.512821
4249.230769 4242.564103 4269.230769 4230.769231 4228.205128 4231.282051 4230.256410 4232.307692 4229.743590 4232.307692 4248.717949 4256.410256 4252.820513 4242.051282
4259.487179 4254.358974 4274.871795 4239.487179 4226.153846 4230.769231 4232.307692 4228.205128 4224.615385 4230.769231 4253.333333 4255.384615 4269.230769 4240.000000
4265.128205 4253.846154 4279.487179 4246.666667 4228.717949 4233.846154 4230.256410 4227.692308 4223.076923 4232.820513 4261.025641 4264.102564 4273.846154 4245.641026
4272.307692 4266.666667 4290.769231 4259.487179 4226.666667 4240.512821 4241.538462 4239.487179 4242.051282 4233.333333 4275.384615 4264.102564 4290.256410 4243.076923
4264.102564 4263.076923 4280.000000 4253.333333 4225.641026 4238.974359 4242.564103 4236.923077 4236.923077 4230.256410 4267.179487 4264.102564 4287.692308 4240.000000
4257.948718 4256.923077 4275.384615 4248.205128 4223.076923 4242.564103 4246.153846 4241.538462 4232.307692 4230.769231 4262.051282 4262.051282 4282.564103 4237.435897
4262.564103 4258.461538 4280.512821 4252.820513 4222.051282 4243.076923 4248.717949 4249.743590 4243.589744 4232.820513 4268.717949 4258.461538 4286.153846 4235.897436
4263.076923 4252.820513 4275.897436 4249.230769 4228.717949 4236.410256 4237.435897 4238.974359 4242.051282 4228.205128 4260.512821 4263.076923 4277.435897 4234.871795
4263.589744 4260.000000 4278.461538 4251.282051 4226.666667 4240.512821 4239.487179 4236.410256 4241.538462 4225.128205 4254.871795 4257.435897 4275.897436 4229.230769
4251.282051 4249.743590 4271.282051 4243.076923 4226.153846 4238.974359 4231.794872 4228.205128 4229.230769 4228.205128 4248.717949 4254.871795 4260.512821 4232.820513
4247.692308 4240.512821 4266.666667 4237.948718 4228.205128 4236.410256 4228.717949 4228.717949 4229.230769 4228.717949 4248.717949 4257.435897 4252.307692 4235.897436
4255.384615 4243.589744 4268.717949 4240.000000 4227.179487 4240.512821 4235.897436 4239.487179 4243.589744 4227.692308 4252.307692 4257.435897 4257.948718 4232.307692
4250.256410 4232.820513 4260.512821 4233.846154 4227.179487 4236.410256 4231.282051 4231.794872 4234.358974 4230.256410 4247.179487 4260.512821 4251.282051 4232.820513
4251.282051 4237.435897 4263.589744 4236.923077 4222.564103 4237.435897 4235.897436 4231.282051 4233.846154 4232.820513 4252.307692 4256.923077 4261.025641 4231.794872
4249.743590 4234.358974 4258.461538 4231.282051 4224.615385 4236.923077 4234.358974 4230.256410 4237.435897 4229.743590 4248.717949 4258.461538 4260.000000 4232.307692
4246.153846 4228.205128 4253.333333 4228.205128 4224.615385 4235.897436 4232.820513 4234.871795 4241.025641 4230.769231 4244.615385 4262.051282 4253.333333 4232.820513
4250.256410 4234.358974 4263.076923 4236.410256 4223.076923 4239.487179 4239.487179 4242.051282 4247.179487 4235.384615 4252.307692 4260.000000 4263.076923 4233.333333
4247.692308 4228.717949 4261.025641 4233.333333 4228.205128 4238.974359 4234.358974 4230.256410 4236.923077 4231.794872 4250.256410 4261.025641 4256.923077 4232.307692
4245.641026 4231.794872 4256.410256 4234.358974 4223.589744 4241.025641 4238.461538 4238.974359 4240.512821 4225.641026 4248.205128 4254.871795 4250.769231 4222.051282
4237.948718 4222.564103 4245.641026 4224.102564 4221.538462 4234.871795 4232.820513 4239.487179 4236.410256 4227.692308 4237.948718 4255.897436 4241.538462 4225.641026
4234.871795 4210.256410 4241.538462 4213.846154 4225.128205 4228.205128 4225.641026 4225.128205 4222.564103 4233.846154 4232.820513 4260.512821 4241.538462 4232.307692
4239.487179 4215.384615 4247.179487 4221.025641 4221.538462 4231.794872 4230.256410 4230.769231 4228.205128 4231.794872 4241.025641 4256.410256 4259.487179 4228.205128
4234.358974 4211.794872 4240.000000 4216.923077 4226.666667 4228.717949 4224.615385 4232.307692 4229.230769 4231.282051 4236.923077 4260.000000 4259.487179 4228.717949
4233.333333 4218.461538 4243.076923 4218.974359 4226.666667 4229.743590 4230.769231 4234.871795 4237.948718 4233.846154 4235.897436 4259.487179 4262.051282 4227.692308
4231.794872 4219.487179 4245.641026 4224.102564 4223.076923 4232.820513 4230.256410 4234.871795 4235.897436 4230.769231 4236.923077 4258.461538 4266.153846 4228.205128
4235.384615 4216.923077 4248.717949 4227.692308 4226.666667 4234.871795 4224.615385 4229.230769 4224.102564 4231.282051 4238.974359 4258.974359 4273.333333 4230.769231
4246.666667 4226.153846 4257.948718 4235.897436 4227.179487 4237.435897 4233.846154 4230.256410 4229.743590 4234.358974 4248.717949 4253.846154 4288.717949 4229.230769
4242.564103 4220.000000 4250.769231 4230.256410 4226.153846 4231.282051 4228.717949 4223.589744 4226.153846 4232.307692 4243.076923 4260.000000 4284.615385 4231.282051
4243.076923 4227.692308 4251.794872 4233.333333 4223.076923 4232.820513 4230.256410 4230.256410 4230.256410 4231.282051 4246.153846 4263.589744 4295.897436 4230.256410
4242.564103 4227.692308 4248.205128 4231.794872 4223.589744 4231.794872 4227.692308 4232.307692 4230.769231 4232.307692 4248.717949 4259.487179 4303.589744 4227.692308
4234.871795 4213.333333 4238.974359 4221.538462 4226.153846 4223.589744 4215.897436 4223.076923 4222.564103 4231.282051 4236.410256 4256.410256 4288.717949 4227.692308
4239.487179 4226.153846 4249.230769 4228.717949 4224.102564 4228.717949 4226.153846 4233.333333 4236.410256 4232.820513 4239.487179 4253.846154 4295.897436 4230.256410
4242.564103 4231.282051 4250.256410 4229.230769 4224.615385 4230.769231 4230.256410 4239.487179 4238.974359 4232.307692 4241.538462 4263.076923 4298.974359 4235.384615
4242.564103 4233.333333 4249.230769 4228.717949 4221.025641 4231.282051 4231.282051 4242.051282 4237.435897 4230.769231 4242.051282 4261.538462 4301.025641 4230.769231
4235.384615 4231.282051 4247.179487 4227.179487 4221.538462 4230.256410 4231.282051 4237.435897 4232.820513 4232.820513 4237.948718 4253.846154 4295.384615 4226.666667
4222.564103 4214.358974 4234.871795 4218.461538 4228.205128 4223.589744 4221.538462 4224.615385 4218.974359 4229.230769 4226.666667 4255.384615 4275.897436 4226.666667
4223.589744 4211.282051 4231.794872 4217.435897 4223.589744 4227.179487 4223.076923 4228.717949 4220.000000 4226.153846 4230.256410 4252.307692 4276.923077 4224.102564
4217.948718 4194.871795 4225.128205 4207.692308 4225.641026 4227.179487 4222.051282 4226.666667 4217.948718 4228.717949 4226.666667 4256.923077 4269.230769 4228.205128
4215.897436 4188.717949 4225.128205 4207.692308 4227.692308 4224.102564 4228.205128 4229.230769 4222.564103 4230.256410 4226.666667 4260.000000 4266.153846 4224.615385
4221.538462 4203.076923 4229.230769 4215.384615 4223.589744 4224.615385 4229.230769 4232.820513 4225.641026 4227.179487 4233.846154 4254.871795 4269.230769 4221.538462
4225.128205 4209.230769 4226.666667 4214.871795 4225.641026 4223.076923 4215.897436 4221.025641 4215.384615 4228.717949 4229.230769 4255.384615 4262.564103 4226.153846
4235.384615 4222.051282 4233.333333 4221.538462 4224.102564 4224.615385 4224.102564 4226.153846 4223.076923 4233.846154 4232.307692 4252.820513 4270.256410 4222.564103
4232.307692 4215.897436 4227.179487 4214.358974 4223.589744 4220.000000 4220.512821 4222.564103 4216.923077 4229.743590 4230.256410 4253.333333 4262.564103 4223.589744
4225.128205 4209.230769 4224.102564 4208.717949 4222.564103 4221.538462 4215.384615 4216.410256 4211.282051 4225.128205 4229.743590 4254.358974 4253.333333 4226.666667
4227.692308 4213.333333 4233.846154 4215.897436 4222.051282 4225.128205 4222.564103 4224.615385 4227.179487 4230.256410 4236.410256 4254.871795 4260.000000 4224.615385
4227.692308 4211.794872 4235.384615 4214.871795 4227.692308 4218.974359 4216.410256 4218.974359 4223.589744 4231.794872 4233.333333 4259.487179 4256.923077 4225.128205
4231.282051 4223.589744 4238.974359 4218.461538 4223.589744 4221.538462 4215.897436 4216.410256 4219.487179 4226.666667 4235.897436 4256.410256 4260.000000 4225.641026
4229.230769 4222.051282 4231.794872 4216.923077 4223.589744 4220.000000 4212.307692 4211.282051 4209.230769 4227.179487 4231.794872 4260.512821 4253.846154 4228.205128
4229.743590 4218.461538 4230.256410 4218.974359 4226.153846 4217.435897 4217.435897 4213.846154 4204.615385 4233.846154 4231.794872 4264.102564 4252.307692 4224.102564
4235.384615 4225.641026 4238.461538 4227.692308 4223.589744 4222.051282 4227.179487 4222.564103 4217.435897 4233.846154 4237.435897 4257.948718 4260.000000 4220.512821
4228.717949 4215.384615 4229.743590 4220.512821 4224.615385 4221.025641 4216.923077 4213.333333 4213.846154 4227.692308 4228.717949 4261.538462 4248.717949 4226.153846
4225.128205 4216.410256 4227.692308 4220.512821 4221.538462 4223.076923 4225.641026 4220.000000 4222.051282 4226.666667 4232.820513 4258.461538 4256.410256 4223.589744
4221.538462 4212.307692 4221.025641 4213.846154 4222.564103 4221.025641 4227.692308 4222.051282 4224.615385 4228.205128 4231.282051 4251.794872 4255.897436 4220.000000
4215.384615 4205.641026 4212.307692 4204.615385 4224.102564 4217.948718 4214.358974 4215.384615 4214.358974 4231.282051 4222.564103 4252.820513 4245.641026 4220.000000
4215.897436 4214.358974 4217.948718 4209.743590 4219.487179 4219.487179 4215.897436 4216.923077 4216.410256 4233.333333 4228.717949 4254.871795 4257.435897 4220.512821
4217.948718 4208.205128 4216.923077 4205.128205 4223.589744 4212.307692 4211.794872 4207.692308 4210.769231 4230.256410 4227.179487 4257.435897 4255.897436 4224.615385
4227.179487 4212.820513 4221.025641 4207.179487 4225.128205 4211.794872 4212.820513 4212.820513 4214.871795 4226.666667 4228.205128 4252.820513 4254.358974 4222.051282
4221.025641 4211.794872 4216.923077 4203.589744 4225.641026 4212.307692 4210.769231 4212.820513 4211.282051 4227.179487 4229.230769 4251.794872 4253.333333 4218.461538
4209.230769 4200.000000 4208.205128 4192.307692 4226.666667 4209.230769 4206.153846 4204.102564 4205.641026 4232.307692 4228.717949 4253.333333 4253.846154 4217.948718
4217.435897 4207.179487 4213.846154 4195.384615 4225.128205 4214.358974 4214.871795 4212.820513 4218.461538 4233.846154 4231.282051 4250.256410 4262.051282 4220.512821
4221.025641 4206.153846 4214.358974 4194.871795 4229.743590 4214.871795 4212.820513 4211.282051 4213.846154 4231.794872 4226.666667 4256.410256 4253.333333 4227.692308
4222.564103 4216.923077 4223.589744 4205.641026 4227.692308 4218.461538 4218.974359 4214.358974 4218.974359 4231.282051 4234.871795 4257.435897 4257.948718 4224.615385
4222.051282 4225.128205 4225.128205 4211.794872 4225.128205 4221.538462 4225.641026 4218.974359 4227.179487 4231.794872 4238.461538 4254.871795 4261.025641 4224.102564
4222.051282 4214.358974 4220.000000 4200.512821 4227.179487 4218.461538 4225.128205 4215.897436 4218.974359 4232.820513 4231.282051 4255.897436 4254.871795 4227.692308
4231.794872 4217.948718 4233.333333 4205.128205 4223.589744 4223.076923 4233.846154 4226.153846 4224.102564 4231.794872 4244.102564 4255.897436 4269.743590 4223.076923
4230.769231 4217.435897 4231.794872 4208.205128 4226.666667 4219.487179 4227.179487 4221.538462 4220.000000 4230.769231 4245.128205 4262.051282 4266.153846 4222.564103
4233.846154 4232.820513 4232.820513 4215.384615 4226.153846 4221.538462 4229.743590 4219.487179 4222.051282 4233.333333 4240.000000 4263.076923 4266.666667 4224.615385
4241.025641 4247.179487 4243.076923 4226.153846 4222.564103 4226.666667 4235.384615 4225.641026 4228.205128 4233.846154 4246.666667 4260.000000 4282.051282 4228.205128
4237.948718 4232.307692 4238.461538 4221.025641 4226.666667 4215.897436 4220.000000 4210.769231 4211.794872 4228.205128 4242.051282 4259.487179 4273.846154 4225.641026
4241.538462 4236.410256 4238.974359 4220.512821 4222.564103 4209.743590 4218.461538 4205.641026 4206.666667 4229.743590 4236.923077 4255.384615 4268.205128 4216.923077
4233.333333 4241.538462 4233.846154 4216.923077 4221.025641 4207.692308 4215.384615 4204.615385 4198.974359 4230.256410 4228.205128 4255.897436 4253.846154 4218.461538
4220.000000 4229.230769 4218.974359 4208.205128 4222.564103 4201.538462 4204.102564 4193.846154 4187.179487 4222.564103 4220.000000 4249.230769 4240.512821 4214.358974
4213.333333 4207.692308 4202.564103 4191.794872 4221.538462 4190.769231 4187.692308 4175.384615 4178.461538 4223.076923 4213.846154 4239.487179 4231.282051 4208.717949
4208.717949 4197.435897 4193.846154 4181.025641 4224.615385 4185.128205 4171.794872 4164.615385 4167.179487 4228.205128 4200.512821 4243.589744 4204.615385 4213.846154
4212.820513 4212.307692 4206.666667 4192.307692 4221.025641 4197.435897 4186.666667 4183.589744 4179.487179 4229.230769 4198.974359 4240.000000 4198.461538 4214.358974
4202.051282 4195.384615 4197.435897 4184.615385 4221.538462 4196.923077 4184.102564 4174.358974 4170.256410 4227.179487 4191.794872 4236.410256 4189.743590 4210.769231
4193.333333 4179.487179 4187.692308 4176.410256 4225.641026 4189.230769 4169.743590 4152.820513 4150.256410 4225.641026 4189.743590 4238.461538 4176.923077 4208.717949
4198.461538 4194.358974 4198.974359 4186.666667 4224.102564 4193.333333 4171.794872 4158.974359 4156.410256 4227.692308 4195.384615 4235.897436 4178.461538 4209.743590
4190.769231 4191.794872 4192.307692 4181.025641 4223.589744 4191.794872 4168.205128 4158.974359 4157.435897 4230.769231 4183.589744 4232.307692 4165.641026 4206.666667
4184.615385 4192.820513 4187.692308 4178.974359 4223.076923 4191.794872 4173.846154 4166.666667 4167.179487 4231.282051 4178.974359 4229.743590 4154.871795 4200.000000
4185.641026 4196.923077 4190.256410 4183.076923 4227.179487 4191.794872 4177.948718 4175.897436 4175.897436 4229.230769 4184.102564 4241.025641 4152.307692 4211.282051
4188.205128 4198.461538 4194.358974 4184.102564 4226.153846 4190.769231 4183.076923 4179.487179 4177.948718 4231.282051 4189.743590 4244.615385 4163.589744 4212.820513
4184.615385 4191.794872 4189.230769 4176.923077 4223.076923 4187.692308 4180.512821 4171.794872 4171.282051 4227.692308 4178.974359 4228.717949 4145.641026 4197.948718
4171.282051 4164.615385 4169.230769 4160.000000 4228.205128 4179.487179 4155.897436 4148.717949 4146.153846 4221.538462 4152.820513 4228.717949 4094.871795 4200.512821
4179.487179 4172.820513 4178.461538 4173.333333 4223.076923 4184.102564 4164.615385 4160.512821 4157.948718 4227.692308 4163.589744 4236.410256 4109.230769 4209.230769
4187.692308 4182.564103 4190.256410 4182.564103 4221.025641 4188.205128 4181.025641 4171.794872 4169.230769 4231.282051 4178.461538 4236.923077 4137.948718 4211.282051
4183.076923 4169.230769 4186.666667 4177.948718 4226.666667 4189.230769 4180.000000 4162.051282 4156.410256 4227.179487 4171.794872 4232.820513 4125.641026 4207.179487
4184.615385 4171.282051 4189.743590 4186.666667 4225.641026 4194.871795 4183.589744 4174.358974 4168.205128 4229.230769 4178.974359 4231.794872 4124.102564 4205.641026
4180.512821 4164.102564 4182.051282 4175.897436 4225.128205 4188.717949 4178.461538 4179.487179 4174.358974 4229.743590 4179.487179 4234.871795 4121.538462 4207.692308
4174.871795 4155.897436 4175.897436 4162.051282 4220.000000 4186.153846 4176.923077 4175.384615 4171.282051 4225.128205 4174.358974 4227.179487 4117.435897 4202.051282
4162.051282 4145.128205 4168.717949 4156.410256 4221.025641 4182.051282 4168.205128 4166.153846 4156.923077 4225.128205 4164.102564 4224.615385 4104.615385 4199.487179
4157.948718 4140.512821 4164.102564 4157.435897 4227.179487 4180.000000 4165.128205 4164.102564 4148.205128 4232.307692 4155.897436 4231.282051 4092.820513 4202.564103
4176.923077 4156.410256 4180.000000 4169.743590 4223.076923 4189.743590 4183.589744 4180.512821 4172.307692 4234.871795 4174.871795 4234.871795 4113.333333 4206.666667
4178.461538 4152.307692 4185.641026 4168.717949 4224.615385 4184.102564 4179.487179 4176.410256 4175.384615 4229.230769 4185.128205 4240.000000 4125.128205 4211.282051
4172.307692 4147.692308 4184.102564 4169.743590 4224.615385 4182.051282 4177.435897 4170.769231 4167.692308 4227.179487 4185.128205 4230.769231 4127.692308 4205.641026
4173.846154 4152.307692 4180.000000 4172.307692 4221.538462 4191.282051 4185.128205 4171.794872 4167.692308 4231.794872 4181.025641 4226.153846 4126.666667 4204.615385
4176.923077 4160.512821 4180.000000 4180.000000 4225.128205 4193.846154 4181.538462 4166.666667 4170.256410 4235.384615 4170.256410 4232.820513 4120.000000 4209.230769
4183.076923 4177.435897 4192.820513 4189.743590 4222.564103 4194.871795 4182.051282 4170.256410 4180.000000 4230.769231 4178.974359 4227.692308 4138.461538 4207.179487
4178.974359 4169.743590 4189.743590 4177.948718 4223.589744 4191.282051 4175.384615 4164.615385 4168.717949 4229.230769 4183.076923 4228.205128 4152.820513 4209.743590
4183.076923 4171.282051 4193.333333 4181.025641 4227.179487 4194.358974 4181.538462 4172.307692 4172.820513 4233.333333 4180.512821 4230.769231 4159.487179 4211.282051
4188.717949 4175.897436 4198.461538 4193.333333 4227.692308 4197.948718 4190.769231 4179.487179 4188.717949 4232.820513 4176.923077 4229.230769 4155.897436 4210.769231
4185.128205 4164.615385 4193.333333 4186.666667 4225.128205 4195.384615 4184.102564 4167.179487 4184.102564 4230.256410 4173.333333 4231.282051 4148.717949 4209.743590
4191.282051 4184.615385 4205.128205 4194.358974 4221.538462 4198.974359 4192.820513 4174.358974 4186.666667 4229.743590 4186.666667 4229.230769 4170.769231 4207.692308
4193.333333 4189.743590 4206.666667 4197.948718 4227.692308 4201.538462 4198.461538 4182.051282 4188.717949 4230.769231 4189.743590 4231.282051 4171.282051 4213.846154
4190.769231 4180.512821 4203.076923 4193.333333 4226.153846 4208.717949 4207.692308 4190.256410 4203.589744 4233.333333 4187.692308 4230.769231 4171.794872 4214.358974
4184.102564 4182.051282 4200.000000 4192.307692 4220.512821 4212.307692 4210.769231 4194.871795 4208.717949 4230.769231 4183.589744 4222.564103 4183.589744 4209.230769
4175.897436 4172.307692 4190.256410 4187.179487 4225.641026 4205.128205 4197.435897 4184.615385 4186.153846 4229.230769 4176.410256 4222.564103 4178.461538 4209.743590
4187.692308 4173.846154 4202.051282 4189.230769 4223.589744 4207.179487 4201.538462 4190.256410 4195.897436 4231.794872 4193.333333 4223.589744 4199.487179 4210.769231
4190.256410 4177.435897 4205.128205 4187.692308 4224.102564 4204.615385 4197.948718 4188.205128 4205.641026 4230.769231 4199.487179 4227.179487 4208.205128 4213.333333
4188.205128 4186.153846 4202.051282 4195.897436 4224.102564 4202.051282 4193.333333 4187.692308 4203.076923 4231.282051 4193.846154 4227.692308 4200.512821 4213.333333
4200.000000 4191.794872 4208.205128 4203.076923 4221.025641 4208.717949 4204.615385 4199.487179 4206.153846 4232.820513 4192.307692 4223.589744 4202.051282 4214.871795
4206.666667 4188.205128 4207.179487 4194.358974 4226.666667 4210.256410 4205.641026 4197.948718 4203.076923 4230.256410 4185.641026 4225.641026 4210.256410 4218.974359
4212.307692 4200.000000 4218.461538 4206.153846 4225.128205 4216.410256 4213.846154 4208.717949 4217.435897 4232.307692 4206.666667 4228.205128 4247.179487 4216.923077
4209.230769 4195.384615 4223.589744 4209.230769 4224.615385 4217.948718 4216.923077 4213.846154 4223.589744 4233.333333 4220.512821 4233.846154 4250.769231 4218.461538
4209.743590 4203.076923 4225.641026 4212.820513 4225.641026 4218.461538 4219.487179 4214.358974 4222.051282 4231.282051 4207.179487 4232.307692 4235.897436 4220.512821
4215.384615 4226.153846 4232.307692 4230.769231 4223.589744 4224.102564 4230.769231 4226.153846 4234.358974 4236.410256 4205.641026 4226.666667 4261.538462 4220.000000
4208.205128 4207.179487 4221.538462 4212.307692 4227.179487 4222.564103 4226.666667 4222.051282 4230.769231 4234.358974 4211.794872 4232.820513 4280.512821 4222.051282
4206.153846 4201.538462 4214.871795 4192.307692 4223.589744 4224.615385 4226.666667 4220.512821 4233.333333 4226.153846 4215.384615 4227.692308 4282.564103 4214.871795
4203.076923 4216.923077 4211.794872 4202.564103 4222.051282 4220.512821 4217.435897 4216.410256 4228.717949 4228.205128 4203.589744 4222.051282 4295.384615 4214.871795
4201.025641 4214.358974 4216.410256 4221.025641 4224.102564 4218.461538 4212.820513 4213.333333 4216.923077 4234.358974 4200.512821 4228.717949 4324.102564 4220.512821
4202.564103 4210.769231 4217.435897 4211.282051 4221.025641 4226.666667 4226.153846 4223.589744 4221.538462 4231.282051 4210.256410 4226.153846 4337.435897 4216.923077
4200.512821 4206.153846 4205.128205 4202.564103 4227.692308 4218.461538 4222.051282 4217.435897 4218.461538 4230.256410 4212.820513 4227.179487 4339.487179 4221.025641
4216.923077 4221.538462 4228.717949 4247.692308 4228.205128 4219.487179 4232.820513 4224.615385 4228.717949 4237.948718 4231.794872 4234.871795 4371.282051 4230.256410
4220.512821 4228.205128 4238.461538 4234.358974 4224.102564 4230.256410 4243.076923 4234.358974 4236.923077 4233.846154 4224.102564 4235.384615 4381.538462 4227.692308
4207.179487 4211.282051 4217.948718 4188.717949 4225.641026 4223.589744 4232.307692 4221.538462 4225.128205 4222.564103 4205.128205 4228.205128 4390.256410 4221.538462
4218.974359 4216.410256 4232.820513 4243.076923 4225.128205 4215.897436 4232.820513 4223.076923 4228.205128 4228.717949 4235.897436 4229.230769 4431.282051 4226.153846
4224.615385 4228.717949 4241.538462 4265.128205 4226.666667 4217.435897 4235.897436 4229.743590 4232.820513 4234.358974 4234.871795 4234.358974 4428.717949 4231.794872
4209.230769 4238.974359 4219.487179 4190.256410 4223.589744 4221.025641 4239.487179 4229.743590 4237.948718 4225.641026 4205.128205 4221.025641 4424.102564 4221.538462
4194.871795 4206.666667 4203.076923 4186.666667 4222.051282 4211.794872 4222.564103 4210.769231 4221.025641 4223.589744 4209.230769 4218.461538 4443.076923 4219.487179
4194.871795 4186.153846 4206.666667 4238.974359 4225.641026 4202.564103 4204.102564 4196.410256 4197.948718 4230.256410 4212.307692 4229.743590 4454.358974 4225.128205
4198.461538 4239.487179 4208.205128 4203.076923 4223.076923 4209.743590 4217.948718 4213.333333 4215.897436 4230.256410 4200.512821 4224.615385 4497.948718 4223.076923
4182.564103 4253.846154 4190.256410 4151.794872 4226.153846 4208.205128 4217.948718 4215.384615 4218.974359 4227.692308 4188.717949 4224.615385 4537.435897 4223.589744
4185.128205 4237.948718 4196.923077 4189.743590 4226.666667 4206.666667 4219.487179 4215.384615 4215.897436 4233.333333 4193.846154 4231.794872 4570.256410 4224.102564
4202.564103 4263.076923 4213.333333 4216.410256 4224.615385 4212.820513 4230.769231 4216.410256 4227.179487 4237.948718 4192.307692 4231.794872 4625.128205 4229.743590
4203.589744 4292.820513 4213.846154 4211.794872 4227.179487 4218.974359 4227.179487 4211.282051 4230.256410 4238.461538 4202.051282 4236.923077 4673.333333 4238.461538
4206.666667 4309.230769 4226.666667 4234.358974 4224.102564 4206.666667 4239.487179 4231.794872 4247.692308 4237.435897 4234.358974 4241.538462 4715.384615 4234.358974
4210.256410 4306.153846 4229.743590 4241.025641 4225.128205 4150.769231 4242.051282 4235.897436 4249.743590 4231.794872 4230.769231 4244.102564 4753.846154 4233.333333
4214.358974 4319.487179 4229.230769 4231.282051 4225.641026 4107.692308 4237.435897 4228.717949 4246.153846 4228.717949 4215.384615 4241.538462 4797.435897 4230.769231
4212.820513 4346.666667 4227.179487 4219.487179 4223.589744 4103.076923 4236.923077 4231.794872 4248.205128 4228.717949 4213.333333 4236.410256 4817.948718 4226.666667
4206.666667 4358.974359 4215.897436 4208.717949 4226.153846 4098.461538 4232.820513 4226.153846 4240.512821 4231.282051 4214.871795 4244.102564 4824.102564 4229.743590
4220.512821 4370.256410 4232.307692 4252.307692 4224.102564 4099.487179 4246.153846 4235.897436 4254.871795 4234.871795 4229.743590 4250.256410 4872.307692 4233.846154
4228.205128 4375.384615 4245.641026 4267.692308 4227.692308 4108.205128 4251.794872 4245.128205 4263.076923 4233.333333 4236.923077 4253.846154 4903.076923 4237.435897
4222.051282 4391.794872 4238.974359 4226.666667 4226.666667 4114.358974 4250.769231 4241.538462 4255.897436 4226.153846 4225.641026 4249.230769 4907.179487 4231.794872
4221.538462 4401.025641 4239.487179 4243.076923 4220.000000 4113.846154 4250.769231 4231.794872 4249.230769 4227.692308 4214.358974 4245.128205 4930.256410 4227.692308
4227.692308 4391.794872 4248.717949 4278.974359 4224.102564 4111.282051 4245.128205 4228.717949 4244.102564 4237.948718 4237.435897 4258.974359 4953.846154 4234.871795
4238.974359 4412.820513 4260.000000 4260.512821 4225.128205 4120.000000 4256.410256 4246.666667 4261.025641 4237.435897 4269.230769 4263.589744 4990.256410 4234.358974
4233.846154 4420.512821 4250.769231 4233.846154 4227.179487 4120.000000 4253.333333 4242.051282 4262.051282 4228.717949 4247.692308 4261.025641 5020.512821 4231.794872
4227.179487 4409.230769 4246.153846 4268.717949 4228.205128 4114.871795 4245.128205 4233.846154 4254.871795 4228.205128 4221.025641 4258.974359 5038.974359 4231.794872
4234.358974 4416.410256 4251.282051 4286.153846 4224.615385 4122.051282 4249.743590 4245.641026 4261.538462 4231.282051 4233.333333 4256.923077 5050.256410 4227.179487
4227.692308 4422.051282 4239.487179 4230.256410 4229.230769 4123.589744 4239.487179 4232.820513 4248.205128 4231.794872 4241.025641 4262.051282 5037.435897 4225.641026
4224.615385 4431.282051 4241.025641 4208.205128 4226.666667 4124.102564 4239.487179 4226.666667 4243.589744 4230.256410 4245.128205 4257.435897 5044.615385 4226.666667
4223.589744 4415.897436 4240.512821 4231.282051 4222.051282 4123.076923 4240.000000 4231.282051 4242.051282 4228.717949 4232.307692 4254.358974 5046.666667 4230.769231
4226.153846 4407.179487 4238.461538 4254.358974 4225.641026 4122.564103 4235.384615 4231.282051 4236.923077 4231.794872 4224.102564 4263.589744 5034.871795 4231.282051
4233.333333 4439.487179 4248.205128 4250.769231 4226.666667 4127.692308 4236.410256 4233.846154 4246.153846 4232.820513 4246.153846 4266.153846 5057.948718 4230.769231
4228.205128 4430.256410 4245.641026 4249.230769 4228.717949 4127.692308 4228.717949 4225.128205 4242.051282 4230.256410 4248.205128 4270.256410 5073.333333 4234.871795
4231.794872 4425.128205 4252.820513 4267.692308 4226.666667 4136.923077 4242.051282 4237.948718 4254.871795 4233.333333 4231.282051 4270.769231 5069.230769 4231.282051
4231.282051 4452.820513 4248.717949 4241.025641 4227.179487 4142.051282 4247.692308 4244.102564 4258.461538 4231.794872 4222.051282 4267.692308 5066.153846 4231.282051
4222.564103 4464.102564 4235.897436 4222.564103 4227.179487 4137.435897 4236.923077 4229.230769 4244.102564 4230.256410 4219.487179 4269.743590 5076.923077 4234.358974
4224.102564 4468.717949 4244.102564 4250.256410 4221.538462 4144.615385 4251.282051 4240.512821 4254.871795 4232.820513 4227.179487 4267.179487 5082.564103 4229.230769
4226.666667 4452.307692 4249.230769 4266.666667 4226.666667 4147.692308 4248.205128 4240.000000 4250.256410 4232.820513 4237.948718 4270.256410 5063.589744 4230.256410
4235.897436 4451.794872 4260.512821 4276.410256 4227.692308 4149.743590 4244.615385 4232.307692 4245.128205 4231.794872 4255.384615 4271.794872 5076.410256 4233.333333
4228.717949 4469.743590 4254.871795 4256.410256 4223.076923 4154.871795 4248.717949 4232.307692 4244.615385 4231.282051 4242.564103 4267.179487 5076.923077 4229.743590
4206.666667 4473.333333 4230.256410 4220.512821 4227.179487 4163.076923 4238.974359 4226.153846 4232.307692 4228.717949 4204.615385 4265.641026 5066.153846 4227.179487
4208.205128 4464.615385 4231.794872 4234.358974 4228.205128 4185.128205 4242.564103 4235.384615 4245.128205 4231.282051 4214.358974 4268.717949 5116.410256 4232.307692
4216.923077 4440.000000 4235.897436 4258.461538 4228.717949 4206.666667 4243.589744 4237.948718 4253.333333 4232.820513 4244.615385 4279.487179 5129.230769 4239.487179
4215.897436 4448.717949 4230.769231 4243.589744 4224.615385 4221.538462 4243.076923 4233.846154 4251.282051 4226.153846 4243.076923 4275.897436 5093.846154 4228.717949
4200.000000 4453.846154 4214.358974 4207.179487 4223.076923 4218.461538 4231.282051 4221.538462 4242.051282 4223.076923 4210.256410 4265.128205 5083.076923 4215.897436
4181.538462 4425.641026 4198.974359 4197.435897 4228.205128 4209.230769 4210.256410 4196.923077 4212.820513 4224.615385 4189.743590 4267.179487 5069.230769 4220.512821
4185.641026 4431.794872 4210.256410 4238.461538 4224.615385 4216.410256 4211.282051 4191.794872 4201.025641 4229.743590 4207.692308 4268.717949 5050.769231 4224.102564
4185.641026 4435.384615 4207.692308 4241.538462 4224.615385 4215.897436 4203.589744 4184.615385 4195.897436 4228.717949 4203.589744 4269.230769 5037.435897 4226.666667
4182.051282 4423.076923 4199.487179 4213.333333 4224.615385 4210.769231 4196.410256 4180.000000 4193.333333 4222.564103 4194.871795 4267.179487 5031.282051 4224.102564
4185.641026 4426.153846 4205.128205 4228.205128 4224.102564 4209.743590 4197.435897 4185.128205 4192.307692 4224.102564 4203.589744 4265.128205 5001.025641 4221.025641
4183.589744 4437.948718 4202.051282 4217.948718 4230.769231 4207.692308 4195.384615 4191.282051 4195.897436 4229.743590 4195.897436 4272.820513 4968.717949 4224.102564
4190.769231 4442.051282 4208.205128 4200.000000 4229.230769 4215.897436 4206.666667 4207.692308 4218.461538 4230.769231 4213.333333 4278.461538 4988.205128 4224.102564
4198.974359 4433.846154 4214.358974 4228.717949 4229.743590 4215.897436 4202.564103 4202.564103 4213.333333 4229.230769 4234.871795 4283.589744 4986.153846 4227.692308
4205.641026 4453.333333 4217.435897 4246.153846 4229.743590 4217.435897 4200.512821 4203.589744 4212.820513 4232.820513 4225.128205 4283.076923 4968.205128 4229.230769
4212.307692 4464.102564 4224.615385 4222.564103 4226.153846 4227.692308 4211.282051 4215.897436 4228.717949 4234.358974 4213.846154 4279.487179 4983.589744 4227.179487
4211.794872 4438.461538 4223.076923 4208.717949 4229.743590 4224.102564 4207.179487 4202.564103 4216.410256 4230.256410 4212.307692 4286.666667 4988.205128 4231.282051
4222.564103 4468.717949 4230.769231 4223.589744 4226.153846 4223.589744 4209.743590 4202.051282 4218.974359 4227.692308 4233.846154 4287.179487 4986.666667 4233.846154
4230.256410 4500.000000 4235.384615 4229.743590 4225.128205 4227.692308 4206.153846 4205.641026 4222.051282 4229.230769 4244.102564 4289.230769 4973.846154 4238.461538
4234.871795 4472.307692 4246.153846 4263.589744 4230.256410 4226.153846 4206.666667 4208.205128 4218.461538 4234.871795 4236.410256 4291.794872 4967.692308 4240.512821
4243.589744 4470.769231 4260.000000 4287.179487 4230.769231 4223.076923 4220.000000 4219.487179 4233.333333 4233.333333 4238.974359 4288.205128 4970.256410 4238.974359
4244.102564 4518.461538 4258.461538 4237.435897 4230.769231 4222.564103 4220.000000 4216.923077 4238.974359 4231.794872 4267.692308 4298.461538 4947.179487 4245.128205
4254.871795 4531.282051 4271.282051 4237.435897 4226.666667 4234.871795 4230.256410 4227.179487 4244.615385 4233.846154 4285.641026 4301.025641 4943.076923 4244.615385
4257.435897 4486.666667 4273.846154 4277.435897 4229.230769 4240.512821 4234.358974 4230.769231 4243.589744 4231.794872 4249.743590 4296.410256 4940.000000 4240.000000
4250.256410 4486.666667 4266.153846 4255.897436 4231.282051 4240.512821 4232.307692 4222.051282 4238.461538 4230.256410 4238.974359 4301.538462 4915.897436 4241.025641
4256.410256 4522.564103 4273.846154 4233.333333 4227.179487 4242.051282 4238.974359 4228.205128 4242.051282 4232.307692 4271.794872 4304.102564 4893.846154 4245.128205
4264.102564 4521.025641 4280.000000 4249.230769 4230.769231 4240.512821 4236.410256 4235.384615 4241.538462 4233.846154 4262.564103 4311.282051 4873.846154 4250.256410
4271.794872 4514.358974 4290.256410 4253.333333 4229.230769 4248.205128 4248.717949 4248.205128 4256.410256 4232.820513 4267.179487 4314.871795 4880.512821 4242.564103
4273.846154 4495.384615 4297.948718 4277.948718 4228.717949 4248.205128 4249.743590 4251.282051 4258.974359 4232.307692 4301.538462 4315.384615 4871.282051 4243.076923
4277.948718 4510.256410 4302.051282 4312.307692 4230.769231 4245.128205 4243.589744 4252.307692 4253.846154 4234.358974 4287.179487 4320.512821 4858.974359 4251.794872
4288.717949 4564.615385 4310.769231 4285.128205 4226.666667 4256.923077 4263.076923 4267.179487 4276.923077 4234.358974 4269.230769 4320.000000 4880.000000 4248.205128
4288.717949 4548.717949 4308.717949 4265.641026 4230.256410 4255.897436 4267.179487 4267.692308 4282.051282 4229.743590 4286.153846 4326.153846 4860.512821 4248.205128
4292.307692 4500.000000 4318.974359 4316.923077 4230.256410 4257.435897 4269.230769 4276.923077 4286.153846 4230.769231 4303.589744 4329.230769 4833.846154 4249.743590
4290.769231 4500.512821 4318.461538 4310.769231 4226.153846 4263.076923 4271.282051 4281.025641 4290.256410 4233.333333 4295.384615 4326.666667 4821.025641 4246.666667
4273.333333 4500.512821 4293.846154 4243.076923 4228.205128 4252.820513 4257.948718 4263.589744 4270.769231 4225.128205 4284.102564 4321.538462 4782.564103 4237.948718
4257.435897 4485.641026 4281.538462 4235.384615 4228.205128 4247.179487 4252.307692 4260.000000 4263.589744 4221.538462 4278.461538 4311.282051 4753.333333 4229.743590
4246.153846 4465.128205 4275.384615 4264.102564 4231.282051 4244.615385 4241.538462 4248.205128 4254.871795 4226.666667 4257.435897 4314.871795 4725.128205 4238.461538
4255.384615 4464.615385 4285.641026 4281.025641 4229.743590 4243.589744 4243.076923 4250.769231 4261.538462 4230.769231 4267.692308 4324.102564 4716.923077 4244.615385
4255.897436 4477.948718 4286.153846 4247.692308 4227.179487 4246.153846 4245.641026 4262.564103 4268.205128 4229.230769 4273.333333 4320.512821 4718.461538 4238.461538
4243.076923 4490.769231 4269.743590 4216.923077 4230.769231 4243.589744 4231.282051 4242.051282 4242.564103 4226.666667 4242.564103 4314.871795 4685.128205 4236.923077
4259.487179 4516.410256 4283.076923 4262.051282 4227.692308 4246.153846 4241.025641 4240.512821 4244.615385 4229.230769 4246.666667 4315.384615 4665.641026 4239.487179
4264.102564 4489.230769 4288.205128 4282.051282 4227.692308 4246.666667 4249.743590 4253.846154 4253.333333 4232.820513 4264.102564 4325.128205 4660.000000 4241.025641
4253.333333 4455.384615 4281.025641 4266.153846 4230.256410 4249.743590 4247.179487 4258.461538 4253.333333 4232.820513 4263.589744 4327.179487 4656.410256 4237.948718
4254.871795 4472.820513 4280.000000 4257.435897 4229.743590 4255.897436 4253.333333 4266.666667 4265.641026 4231.794872 4266.666667 4324.102564 4639.487179 4238.974359
4250.769231 4482.564103 4268.717949 4239.487179 4232.307692 4255.384615 4252.820513 4268.205128 4268.205128 4229.230769 4263.076923 4325.128205 4606.666667 4240.512821
4250.769231 4482.564103 4268.205128 4244.615385 4228.717949 4255.384615 4253.846154 4267.179487 4263.076923 4225.128205 4253.846154 4320.000000 4588.717949 4230.769231
4251.794872 4464.102564 4267.692308 4255.897436 4227.692308 4248.205128 4243.076923 4249.743590 4244.615385 4226.666667 4246.153846 4321.538462 4558.461538 4227.179487
4251.282051 4464.615385 4265.128205 4249.743590 4229.743590 4244.615385 4240.512821 4246.153846 4242.564103 4233.333333 4251.794872 4326.153846 4531.282051 4231.794872
4252.307692 4475.384615 4271.282051 4251.794872 4229.230769 4248.717949 4249.230769 4257.435897 4260.512821 4233.333333 4262.564103 4323.076923 4515.897436 4236.410256
4249.230769 4451.282051 4269.230769 4248.717949 4230.256410 4249.743590 4244.102564 4254.358974 4258.461538 4228.717949 4264.102564 4328.717949 4491.282051 4240.000000
4253.846154 4456.410256 4274.358974 4238.974359 4226.153846 4257.435897 4251.794872 4261.538462 4262.564103 4230.256410 4270.769231 4329.230769 4484.615385 4233.846154
4255.897436 4455.897436 4275.897436 4245.128205 4230.769231 4256.923077 4250.256410 4257.948718 4261.538462 4231.282051 4267.692308 4327.692308 4464.615385 4233.846154
4255.897436 4430.769231 4275.384615 4267.179487 4234.358974 4253.333333 4245.128205 4251.794872 4254.358974 4226.153846 4268.205128 4330.256410 4419.487179 4238.461538
4261.025641 4454.871795 4280.000000 4266.666667 4227.692308 4256.410256 4258.461538 4265.128205 4258.974359 4226.666667 4284.102564 4330.769231 4374.358974 4240.000000
4257.435897 4476.923077 4274.871795 4235.897436 4229.743590 4254.358974 4259.487179 4266.153846 4256.410256 4227.179487 4284.615385 4336.410256 4320.000000 4241.538462
4257.948718 4462.564103 4280.512821 4245.641026 4229.230769 4253.846154 4260.000000 4262.564103 4260.000000 4226.153846 4280.512821 4331.282051 4261.538462 4232.820513
4256.923077 4443.589744 4281.538462 4263.589744 4229.230769 4252.820513 4261.025641 4262.564103 4256.923077 4227.179487 4273.333333 4330.256410 4172.820513 4230.769231
4252.820513 4436.410256 4274.358974 4252.307692 4229.230769 4252.307692 4265.641026 4272.307692 4258.974359 4225.128205 4270.769231 4335.897436 4082.051282 4233.846154
4252.820513 4436.410256 4274.871795 4262.564103 4226.153846 4253.333333 4269.230769 4276.923077 4271.794872 4223.076923 4275.897436 4329.230769 4034.358974 4229.230769
4245.641026 4420.512821 4265.128205 4272.820513 4233.333333 4249.230769 4252.820513 4269.743590 4254.871795 4226.666667 4263.589744 4330.769231 3986.666667 4232.307692
4245.128205 4407.692308 4263.589744 4261.025641 4232.820513 4256.923077 4257.948718 4305.128205 4254.358974 4229.230769 4257.948718 4330.769231 3945.641026 4235.897436
4243.076923 4390.769231 4262.051282 4246.153846 4229.743590 4261.025641 4265.128205 4340.000000 4269.230769 4227.692308 4256.923077 4331.794872 3920.512821 4235.897436
4243.076923 4386.153846 4261.538462 4255.384615 4232.307692 4254.358974 4257.435897 4334.358974 4270.256410 4233.333333 4253.846154 4337.435897 3908.717949 4238.974359
4253.333333 4398.461538 4271.794872 4273.333333 4227.692308 4256.923077 4262.051282 4334.358974 4274.871795 4233.846154 4260.512821 4330.769231 3900.000000 4235.897436
4245.128205 4376.923077 4256.923077 4252.820513 4229.230769 4253.846154 4251.282051 4327.179487 4256.410256 4225.641026 4250.256410 4328.205128 3862.051282 4232.820513
4243.076923 4356.923077 4253.846154 4258.461538 4231.282051 4251.794872 4246.666667 4320.512821 4248.205128 4230.256410 4248.205128 4329.230769 3846.666667 4228.717949
4250.769231 4347.692308 4264.102564 4270.256410 4229.743590 4252.307692 4251.794872 4322.051282 4259.487179 4233.333333 4258.461538 4329.743590 3853.333333 4229.230769
4242.051282 4342.051282 4259.487179 4248.205128 4232.307692 4248.205128 4243.589744 4316.410256 4256.410256 4224.615385 4250.769231 4333.333333 3837.435897 4230.256410
4241.025641 4349.230769 4264.102564 4266.666667 4230.256410 4254.358974 4244.615385 4321.538462 4257.948718 4225.128205 4254.871795 4332.307692 3828.717949 4225.128205
4242.051282 4328.717949 4260.000000 4276.923077 4229.743590 4256.410256 4242.564103 4317.948718 4252.307692 4229.743590 4252.820513 4330.769231 3808.205128 4226.666667
4239.487179 4333.846154 4253.846154 4242.051282 4230.256410 4255.897436 4244.102564 4316.923077 4255.384615 4228.205128 4242.051282 4327.692308 3792.307692 4224.102564
4236.410256 4363.589744 4253.846154 4229.743590 4230.256410 4255.897436 4242.051282 4323.076923 4263.076923 4227.179487 4240.512821 4328.205128 3800.512821 4223.076923
4231.282051 4347.692308 4245.641026 4253.846154 4231.282051 4250.769231 4228.205128 4311.282051 4244.615385 4224.615385 4243.076923 4331.282051 3791.282051 4226.153846
4231.794872 4327.692308 4247.692308 4255.897436 4226.666667 4254.871795 4234.358974 4309.230769 4240.512821 4224.615385 4252.307692 4324.615385 3787.692308 4221.538462
4230.769231 4308.205128 4249.230769 4250.256410 4228.717949 4254.871795 4233.846154 4307.179487 4239.487179 4229.743590 4242.051282 4327.692308 3795.384615 4222.051282
4237.435897 4301.538462 4252.820513 4263.076923 4231.282051 4255.384615 4232.820513 4306.153846 4238.974359 4231.282051 4235.897436 4330.769231 3814.871795 4221.025641
4242.564103 4316.923077 4255.897436 4241.025641 4230.769231 4256.923077 4237.435897 4307.179487 4242.564103 4226.153846 4247.179487 4324.615385 3823.076923 4218.974359
4239.487179 4323.076923 4252.307692 4222.051282 4233.333333 4252.307692 4230.256410 4296.923077 4234.358974 4228.205128 4247.692308 4331.794872 3809.230769 4225.128205
4250.256410 4328.717949 4262.564103 4245.128205 4228.717949 4258.974359 4241.025641 4309.230769 4249.230769 4235.897436 4253.846154 4334.358974 3825.641026 4227.692308
4249.230769 4314.358974 4256.923077 4240.512821 4229.743590 4263.076923 4245.641026 4314.358974 4255.897436 4231.794872 4251.794872 4328.717949 3838.461538 4229.230769
4242.051282 4301.025641 4249.230769 4234.871795 4232.820513 4258.974359 4238.461538 4306.666667 4249.743590 4224.615385 4251.282051 4326.153846 3840.000000 4228.205128
4242.051282 4305.128205 4251.794872 4241.025641 4228.205128 4255.384615 4235.897436 4302.564103 4247.692308 4226.153846 4252.820513 4323.589744 3841.025641 4225.128205
4236.410256 4305.128205 4245.641026 4219.487179 4229.743590 4249.230769 4226.153846 4287.692308 4235.897436 4230.769231 4234.871795 4326.666667 3829.743590 4228.205128
4240.000000 4311.282051 4253.333333 4222.564103 4230.769231 4252.307692 4228.717949 4289.743590 4237.435897 4231.282051 4232.307692 4324.102564 3847.179487 4226.153846
4241.025641 4304.615385 4254.358974 4241.025641 4231.794872 4246.153846 4223.076923 4291.794872 4233.846154 4229.743590 4242.051282 4326.153846 3853.846154 4226.666667
4238.461538 4302.051282 4246.666667 4230.769231 4230.769231 4232.307692 4217.435897 4287.692308 4230.769231 4228.717949 4246.666667 4329.230769 3844.615385 4228.717949
4238.974359 4298.461538 4247.179487 4226.153846 4229.743590 4229.743590 4225.641026 4291.794872 4237.948718 4227.692308 4245.128205 4321.025641 3849.230769 4225.641026
4230.256410 4268.205128 4242.051282 4223.589744 4232.820513 4226.666667 4219.487179 4283.076923 4226.153846 4228.205128 4235.897436 4320.000000 3842.564103 4224.615385
4234.358974 4278.461538 4247.179487 4225.128205 4226.666667 4230.256410 4226.153846 4291.282051 4237.948718 4231.282051 4244.102564 4323.076923 3853.846154 4223.589744
4242.564103 4301.025641 4250.769231 4228.717949 4225.128205 4233.333333 4233.846154 4300.000000 4252.307692 4234.358974 4256.410256 4329.230769 3872.307692 4229.230769
4246.666667 4300.512821 4255.384615 4237.435897 4231.794872 4233.333333 4235.897436 4295.384615 4247.179487 4236.923077 4261.025641 4331.794872 3881.538462 4233.333333
4257.948718 4313.333333 4270.769231 4254.871795 4232.307692 4239.487179 4248.205128 4304.615385 4255.897436 4233.846154 4267.692308 4326.666667 3897.435897 4229.743590
4256.923077 4307.692308 4267.692308 4249.230769 4233.846154 4240.512821 4243.076923 4301.538462 4249.743590 4230.256410 4264.102564 4331.282051 3896.410256 4231.794872
4252.307692 4297.435897 4263.076923 4244.615385 4230.256410 4240.512821 4242.051282 4295.897436 4247.692308 4233.846154 4266.666667 4330.256410 3898.461538 4226.666667
4248.717949 4290.769231 4257.948718 4246.666667 4227.692308 4236.923077 4240.512821 4291.282051 4248.717949 4231.794872 4264.102564 4326.666667 3893.333333 4220.512821
4242.564103 4277.435897 4249.743590 4240.512821 4229.743590 4231.794872 4230.769231 4283.076923 4237.435897 4225.128205 4250.256410 4329.743590 3881.025641 4220.512821
4244.102564 4275.384615 4251.794872 4240.000000 4227.179487 4232.307692 4230.769231 4289.743590 4242.051282 4226.666667 4255.897436 4327.692308 3896.410256 4220.512821
4238.461538 4254.358974 4245.128205 4237.435897 4229.230769 4225.641026 4216.923077 4280.512821 4238.461538 4230.769231 4262.051282 4332.307692 3904.102564 4226.153846
4240.512821 4240.512821 4249.230769 4242.051282 4229.230769 4226.666667 4216.410256 4276.923077 4235.384615 4229.743590 4264.102564 4332.307692 3909.230769 4226.153846
4246.666667 4241.538462 4253.846154 4245.128205 4229.743590 4228.717949 4224.102564 4284.102564 4238.974359 4228.717949 4263.076923 4326.666667 3914.358974 4225.641026
4246.666667 4234.358974 4248.205128 4243.589744 4233.333333 4222.051282 4215.384615 4279.487179 4234.871795 4232.307692 4261.538462 4329.743590 3914.871795 4230.256410
4253.846154 4230.769231 4256.923077 4255.897436 4228.717949 4230.769231 4224.102564 4285.641026 4244.102564 4233.846154 4272.307692 4331.282051 3931.282051 4228.717949
4249.230769 4206.666667 4258.974359 4249.230769 4228.717949 4236.923077 4229.743590 4289.743590 4245.641026 4230.256410 4267.179487 4334.871795 3926.153846 4230.769231
4248.717949 4201.025641 4264.102564 4246.666667 4227.692308 4238.974359 4234.358974 4297.435897 4252.820513 4232.820513 4265.641026 4333.846154 3927.179487 4230.256410
4254.871795 4208.717949 4270.256410 4261.025641 4225.641026 4242.051282 4242.051282 4300.512821 4260.512821 4234.871795 4275.384615 4331.282051 3944.615385 4226.153846
4250.256410 4181.025641 4262.051282 4257.435897 4231.282051 4240.512821 4237.948718 4290.256410 4250.769231 4227.692308 4271.282051 4333.846154 3937.948718 4227.692308
4251.282051 4173.333333 4268.717949 4256.923077 4228.717949 4247.179487 4242.564103 4297.948718 4254.871795 4226.153846 4271.794872 4330.256410 3936.923077 4228.205128
4253.333333 4176.923077 4271.794872 4257.948718 4228.205128 4246.666667 4238.461538 4296.410256 4253.333333 4230.256410 4268.717949 4333.333333 3934.871795 4228.205128
4251.794872 4161.025641 4267.692308 4253.846154 4229.230769 4244.615385 4235.897436 4288.717949 4252.307692 4226.666667 4265.641026 4332.820513 3925.128205 4224.102564
4247.179487 4139.487179 4263.589744 4245.128205 4226.666667 4247.179487 4240.000000 4288.717949 4255.384615 4225.128205 4269.230769 4325.128205 3914.871795 4222.564103
4244.102564 4118.461538 4257.948718 4248.717949 4229.230769 4245.128205 4233.846154 4283.076923 4243.589744 4230.769231 4263.589744 4332.307692 3906.153846 4226.153846
4254.358974 4123.076923 4267.692308 4266.666667 4229.743590 4248.205128 4237.948718 4291.794872 4250.769231 4231.794872 4272.820513 4335.897436 3920.000000 4222.564103
4249.743590 4128.717949 4263.589744 4246.666667 4230.256410 4248.205128 4235.384615 4288.205128 4254.358974 4228.205128 4278.461538 4330.769231 3914.358974 4224.615385
4241.538462 4125.641026 4254.358974 4239.487179 4229.743590 4247.692308 4234.871795 4280.000000 4250.256410 4230.769231 4269.743590 4327.179487 3902.051282 4226.153846
4247.692308 4115.384615 4261.025641 4264.102564 4227.179487 4248.717949 4238.974359 4287.179487 4255.897436 4234.871795 4265.641026 4327.179487 3911.282051 4223.589744
4244.615385 4094.871795 4256.923077 4248.717949 4228.717949 4246.153846 4228.205128 4280.512821 4246.153846 4229.743590 4262.051282 4328.717949 3908.205128 4226.666667
4241.538462 4097.948718 4252.820513 4229.230769 4226.153846 4246.153846 4229.230769 4275.897436 4243.589744 4223.589744 4263.076923 4319.487179 3910.769231 4224.615385
4235.384615 4091.282051 4246.153846 4234.871795 4228.717949 4238.974359 4226.153846 4267.179487 4237.435897 4225.128205 4251.794872 4319.487179 3907.179487 4221.538462
4232.307692 4087.692308 4243.076923 4237.948718 4230.256410 4236.410256 4221.538462 4264.615385 4233.846154 4233.333333 4246.666667 4328.717949 3905.641026 4223.589744
4240.512821 4102.051282 4250.256410 4237.948718 4227.179487 4244.615385 4226.666667 4276.923077 4247.179487 4234.871795 4259.487179 4328.205128 3923.076923 4226.666667
4237.948718 4086.666667 4247.692308 4233.846154 4230.769231 4238.974359 4214.871795 4267.179487 4236.923077 4229.230769 4257.435897 4327.179487 3918.461538 4227.179487
4236.410256 4077.948718 4250.256410 4231.794872 4228.717949 4237.948718 4215.384615 4262.051282 4232.307692 4227.692308 4261.025641 4323.076923 3921.025641 4219.487179
4237.948718 4087.692308 4247.179487 4236.410256 4226.666667 4242.051282 4216.923077 4263.076923 4232.820513 4230.256410 4263.076923 4324.615385 3924.102564 4221.538462
4242.564103 4102.051282 4244.102564 4254.871795 4230.769231 4240.000000 4211.282051 4258.974359 4229.230769 4230.256410 4258.461538 4328.205128 3921.025641 4228.205128
4249.743590 4109.230769 4251.794872 4260.000000 4226.153846 4242.051282 4223.589744 4263.589744 4241.025641 4228.717949 4269.230769 4320.000000 3940.000000 4224.615385
4239.487179 4088.717949 4241.538462 4229.230769 4226.153846 4241.538462 4220.000000 4259.487179 4237.435897 4230.769231 4269.743590 4322.564103 3942.564103 4221.025641
4236.923077 4086.153846 4237.948718 4222.564103 4228.205128 4243.589744 4221.538462 4264.102564 4243.076923 4234.358974 4267.179487 4327.179487 3940.512821 4214.871795
4244.615385 4090.256410 4245.641026 4240.000000 4228.205128 4245.128205 4231.282051 4271.794872 4256.410256 4233.333333 4266.666667 4327.179487 3942.051282 4218.974359
4244.615385 4084.615385 4249.230769 4236.410256 4228.205128 4242.564103 4227.692308 4267.692308 4250.769231 4230.256410 4265.641026 4329.230769 3946.666667 4227.179487
4246.153846 4096.410256 4254.358974 4228.205128 4225.128205 4242.564103 4226.153846 4269.743590 4249.230769 4229.743590 4273.333333 4323.589744 3963.589744 4221.025641
4243.076923 4093.333333 4244.102564 4223.589744 4229.230769 4237.435897 4215.897436 4263.076923 4244.615385 4229.230769 4268.205128 4325.128205 3956.923077 4218.461538
4248.205128 4096.923077 4245.128205 4229.743590 4228.717949 4242.051282 4221.025641 4266.666667 4249.743590 4228.205128 4269.743590 4323.589744 3954.871795 4217.948718
4252.307692 4107.179487 4252.820513 4231.282051 4224.102564 4245.641026 4229.230769 4270.769231 4249.743590 4228.717949 4273.333333 4318.974359 3965.641026 4217.435897
4251.282051 4095.384615 4251.794872 4237.435897 4227.179487 4239.487179 4221.538462 4260.512821 4235.384615 4232.307692 4267.179487 4323.589744 3962.564103 4221.538462
4260.512821 4099.487179 4262.564103 4258.461538 4225.641026 4246.153846 4229.230769 4268.717949 4242.564103 4233.846154 4272.820513 4323.589744 3967.692308 4221.538462
4254.871795 4106.153846 4258.974359 4242.051282 4228.717949 4249.230769 4234.358974 4271.794872 4243.076923 4231.794872 4270.256410 4326.153846 3960.000000 4222.051282
4250.769231 4110.769231 4253.333333 4228.717949 4228.205128 4249.743590 4241.025641 4274.358974 4248.717949 4233.333333 4265.641026 4325.641026 3954.871795 4220.000000
4256.923077 4107.692308 4258.461538 4241.538462 4224.102564 4255.897436 4248.205128 4282.051282 4261.538462 4233.333333 4267.179487 4322.051282 3957.435897 4219.487179
4254.871795 4093.846154 4256.923077 4244.102564 4227.179487 4252.820513 4242.051282 4275.897436 4250.769231 4229.230769 4265.128205 4327.179487 3948.205128 4221.538462
4261.025641 4105.128205 4264.102564 4252.820513 4226.153846 4248.205128 4245.641026 4281.025641 4252.820513 4226.153846 4272.307692 4326.666667 3954.358974 4218.461538
4257.948718 4102.564103 4255.897436 4248.205128 4227.692308 4242.564103 4241.538462 4280.000000 4254.871795 4227.692308 4267.692308 4325.128205 3953.846154 4221.025641
4251.282051 4096.410256 4246.153846 4230.256410 4227.179487 4244.102564 4240.512821 4278.974359 4256.923077 4232.307692 4261.538462 4321.025641 3953.333333 4220.512821
4253.333333 4104.615385 4249.230769 4229.743590 4224.615385 4247.179487 4244.102564 4281.025641 4262.051282 4233.333333 4263.076923 4317.435897 3954.871795 4217.435897
4249.743590 4101.025641 4243.589744 4234.871795 4225.128205 4241.025641 4230.256410 4258.974359 4241.025641 4228.717949 4251.282051 4321.025641 3933.846154 4217.435897
4251.282051 4104.615385 4246.153846 4240.000000 4223.076923 4245.128205 4234.871795 4258.974359 4236.923077 4226.153846 4251.794872 4317.948718 3934.358974 4212.820513
4252.307692 4094.358974 4247.179487 4232.307692 4228.205128 4246.666667 4237.948718 4266.153846 4243.076923 4230.256410 4254.871795 4318.461538 3941.025641 4218.974359
4253.333333 4091.794872 4250.769231 4232.820513 4231.794872 4244.615385 4233.333333 4261.538462 4245.128205 4233.333333 4253.846154 4322.564103 3942.564103 4224.102564
4256.923077 4112.307692 4258.974359 4243.076923 4226.153846 4247.179487 4240.000000 4262.564103 4247.179487 4231.282051 4257.948718 4318.974359 3942.564103 4218.974359
4252.820513 4107.179487 4252.307692 4234.358974 4225.641026 4240.512821 4236.410256 4260.512821 4233.333333 4231.794872 4254.358974 4318.461538 3929.743590 4220.000000
4252.307692 4109.743590 4253.846154 4237.435897 4224.615385 4241.025641 4242.051282 4268.717949 4240.000000 4234.358974 4260.512821 4317.948718 3936.923077 4222.051282
4246.666667 4113.846154 4251.794872 4242.564103 4226.666667 4244.102564 4245.128205 4266.153846 4244.102564 4231.282051 4263.589744 4320.512821 3933.846154 4223.076923
4243.589744 4107.179487 4245.641026 4235.897436 4230.256410 4241.025641 4238.974359 4256.410256 4236.923077 4230.256410 4257.948718 4320.000000 3919.487179 4222.051282
4251.794872 4111.794872 4251.794872 4241.538462 4224.102564 4241.025641 4239.487179 4264.102564 4246.666667 4232.820513 4262.051282 4315.897436 3927.179487 4221.538462
4250.256410 4114.358974 4247.179487 4247.179487 4223.589744 4241.025641 4235.384615 4264.615385 4241.538462 4229.230769 4259.487179 4322.564103 3918.974359 4226.153846
4248.205128 4118.974359 4251.794872 4252.820513 4224.615385 4246.666667 4245.641026 4269.743590 4244.102564 4225.641026 4261.025641 4319.487179 3909.230769 4222.051282
4244.102564 4109.230769 4249.743590 4243.589744 4225.641026 4247.179487 4247.179487 4266.153846 4246.153846 4228.205128 4260.512821 4312.820513 3902.564103 4221.025641
4241.538462 4100.000000 4236.923077 4231.282051 4227.692308 4242.564103 4235.897436 4255.897436 4237.948718 4230.769231 4254.358974 4315.897436 3900.512821 4224.102564
4246.666667 4109.743590 4241.025641 4241.538462 4223.076923 4243.076923 4236.923077 4261.025641 4241.025641 4230.769231 4259.487179 4310.256410 3907.179487 4218.974359
4238.461538 4101.538462 4239.487179 4241.025641 4226.153846 4235.897436 4224.102564 4250.769231 4230.256410 4228.205128 4250.769231 4310.769231 3888.717949 4215.897436
4234.871795 4101.025641 4240.512821 4237.948718 4227.179487 4233.846154 4220.000000 4246.153846 4227.692308 4229.743590 4247.179487 4313.333333 3885.641026 4214.871795
4236.410256 4105.128205 4239.487179 4231.282051 4224.102564 4232.820513 4221.538462 4248.717949 4230.256410 4231.282051 4250.256410 4309.230769 3893.333333 4217.948718
4231.794872 4097.435897 4231.794872 4225.128205 4226.666667 4226.666667 4215.384615 4245.128205 4223.589744 4224.615385 4243.076923 4307.179487 3880.000000 4218.974359
4232.307692 4100.512821 4234.358974 4234.358974 4226.666667 4231.794872 4223.589744 4251.282051 4231.794872 4222.051282 4244.615385 4303.076923 3875.384615 4212.307692
4227.179487 4091.282051 4224.615385 4225.641026 4228.205128 4229.743590 4217.435897 4243.076923 4226.666667 4227.692308 4244.102564 4304.615385 3870.769231 4213.333333
4227.179487 4095.897436 4223.076923 4217.948718 4224.615385 4228.205128 4213.846154 4239.487179 4223.076923 4232.307692 4247.692308 4304.615385 3874.358974 4214.358974
4232.820513 4104.615385 4228.717949 4225.128205 4221.538462 4230.256410 4217.948718 4245.641026 4229.230769 4231.282051 4247.692308 4305.641026 3876.923077 4216.410256
4231.794872 4094.358974 4227.179487 4227.692308 4226.666667 4228.717949 4220.000000 4245.641026 4232.820513 4231.282051 4241.025641 4312.307692 3871.794872 4220.512821
4240.000000 4115.384615 4240.512821 4237.948718 4225.641026 4236.923077 4235.384615 4257.435897 4243.076923 4232.820513 4253.846154 4309.230769 3887.179487 4218.974359
4244.102564 4123.076923 4245.641026 4242.051282 4226.153846 4236.923077 4231.282051 4250.769231 4232.820513 4229.230769 4258.974359 4310.256410 3887.179487 4223.076923
4245.128205 4105.641026 4244.615385 4239.487179 4225.641026 4234.358974 4227.179487 4243.589744 4229.230769 4227.692308 4257.435897 4310.769231 3885.641026 4223.076923
4246.153846 4110.769231 4245.128205 4240.512821 4225.128205 4238.461538 4233.846154 4248.717949 4241.538462 4231.282051 4260.512821 4308.205128 3898.974359 4221.025641
4246.666667 4124.615385 4244.615385 4244.102564 4229.230769 4237.948718 4230.769231 4250.256410 4241.538462 4230.256410 4258.974359 4313.333333 3895.384615 4225.128205
4257.435897 4137.948718 4258.461538 4253.846154 4224.615385 4237.435897 4235.384615 4264.615385 4252.820513 4228.205128 4267.692308 4312.820513 3903.076923 4222.051282
4255.897436 4130.769231 4256.410256 4247.692308 4224.102564 4234.358974 4230.256410 4257.435897 4246.153846 4230.256410 4263.076923 4310.769231 3907.692308 4220.512821
4251.282051 4125.641026 4248.205128 4241.538462 4225.641026 4236.923077 4227.692308 4243.076923 4235.897436 4227.179487 4253.333333 4307.692308 3905.128205 4220.512821
4253.846154 4118.974359 4248.717949 4241.538462 4222.564103 4238.461538 4230.256410 4250.769231 4250.769231 4222.564103 4254.871795 4305.128205 3898.974359 4218.974359
4249.230769 4104.615385 4243.076923 4236.410256 4227.179487 4229.230769 4216.410256 4250.769231 4250.256410 4230.256410 4251.794872 4310.769231 3887.179487 4220.000000
4255.384615 4129.230769 4249.743590 4251.282051 4225.641026 4235.384615 4224.615385 4254.871795 4251.282051 4234.871795 4257.435897 4306.666667 3901.538462 4218.461538
4255.384615 4136.410256 4248.205128 4248.205128 4222.051282 4238.974359 4235.897436 4261.538462 4254.358974 4228.717949 4256.923077 4305.128205 3900.512821 4220.000000
4249.230769 4117.435897 4243.589744 4233.846154 4223.076923 4235.897436 4234.871795 4267.179487 4259.487179 4229.743590 4259.487179 4310.256410 3898.974359 4221.538462
4253.333333 4122.564103 4248.717949 4242.564103 4222.564103 4240.000000 4239.487179 4271.794872 4271.794872 4234.871795 4274.871795 4308.205128 3919.487179 4219.487179
4248.205128 4129.230769 4238.461538 4244.102564 4224.615385 4237.435897 4232.820513 4263.076923 4264.102564 4227.692308 4267.692308 4306.153846 3910.256410 4218.461538
4242.051282 4127.179487 4234.358974 4246.666667 4222.564103 4235.897436 4234.358974 4263.589744 4258.974359 4224.102564 4256.410256 4300.000000 3902.051282 4213.846154
4237.948718 4113.333333 4232.820513 4240.000000 4225.128205 4236.410256 4231.794872 4255.384615 4250.256410 4228.717949 4252.820513 4300.000000 3904.102564 4217.435897
4239.487179 4117.948718 4232.307692 4234.871795 4226.666667 4237.948718 4228.205128 4243.589744 4243.589744 4227.692308 4255.897436 4304.615385 3906.666667 4224.102564
4245.128205 4133.333333 4238.974359 4241.025641 4222.051282 4240.512821 4235.897436 4248.205128 4252.307692 4225.641026 4261.025641 4296.923077 3914.358974 4222.051282
4236.923077 4120.512821 4230.769231 4231.282051 4225.128205 4232.820513 4225.128205 4240.512821 4243.076923 4230.256410 4246.666667 4295.897436 3902.051282 4221.538462
4238.461538 4122.051282 4230.256410 4232.307692 4223.076923 4238.461538 4223.076923 4248.205128 4249.230769 4233.333333 4249.743590 4299.487179 3908.717949 4218.974359
4243.076923 4129.230769 4233.333333 4236.923077 4223.076923 4247.692308 4228.205128 4255.897436 4260.512821 4230.769231 4261.538462 4301.538462 3922.564103 4222.564103
4242.564103 4124.102564 4231.794872 4232.307692 4227.692308 4243.589744 4228.205128 4246.666667 4251.794872 4231.282051 4259.487179 4300.512821 3920.000000 4227.179487
4249.743590 4136.410256 4239.487179 4238.974359 4224.615385 4241.538462 4236.410256 4253.333333 4254.871795 4232.307692 4262.051282 4296.410256 3925.128205 4221.538462
4248.717949 4138.974359 4235.897436 4244.102564 4228.205128 4240.000000 4227.179487 4251.282051 4249.743590 4229.743590 4256.923077 4303.076923 3922.051282 4220.000000
4246.666667 4144.102564 4234.871795 4251.794872 4228.205128 4245.641026 4226.666667 4248.205128 4250.769231 4229.743590 4255.384615 4302.051282 3928.205128 4221.538462
4246.153846 4140.512821 4236.410256 4247.692308 4224.102564 4250.769231 4233.333333 4252.307692 4257.948718 4231.282051 4260.000000 4299.487179 3934.358974 4225.641026
4243.589744 4126.666667 4235.384615 4234.871795 4226.666667 4246.666667 4228.717949 4249.230769 4254.871795 4232.820513 4259.487179 4306.153846 3926.153846 4227.692308
4247.179487 4144.102564 4241.025641 4246.153846 4226.153846 4244.615385 4229.743590 4247.692308 4261.025641 4232.307692 4260.512821 4300.512821 3930.769231 4220.512821
4243.589744 4149.743590 4232.820513 4249.230769 4228.205128 4239.487179 4222.051282 4237.435897 4250.769231 4230.256410 4251.794872 4298.974359 3926.666667 4221.025641
4244.102564 4146.153846 4232.820513 4245.128205 4226.666667 4241.025641 4224.102564 4237.948718 4243.589744 4231.282051 4248.717949 4299.487179 3927.179487 4221.538462
4243.589744 4144.102564 4235.897436 4245.128205 4225.128205 4242.564103 4227.692308 4237.435897 4245.128205 4231.794872 4248.717949 4291.794872 3931.794872 4220.000000
4236.410256 4131.794872 4228.205128 4240.000000 4226.666667 4237.435897 4220.000000 4227.179487 4237.435897 4228.717949 4242.051282 4291.282051 3925.641026 4222.564103
4238.974359 4136.410256 4233.333333 4239.487179 4220.512821 4240.512821 4227.692308 4237.435897 4245.641026 4229.230769 4250.256410 4293.333333 3939.487179 4220.000000
4232.820513 4131.794872 4227.179487 4232.820513 4221.538462 4236.923077 4225.641026 4236.923077 4240.000000 4231.794872 4247.692308 4294.871795 3940.512821 4222.051282
4231.794872 4127.692308 4224.615385 4234.871795 4225.128205 4236.923077 4224.615385 4236.923077 4237.435897 4232.307692 4246.666667 4292.307692 3940.000000 4224.615385
4242.564103 4133.333333 4234.871795 4236.923077 4221.538462 4238.974359 4227.692308 4242.051282 4245.641026 4232.820513 4254.358974 4294.358974 3951.794872 4227.179487
4238.974359 4132.820513 4232.820513 4226.666667 4223.076923 4234.358974 4219.487179 4232.820513 4235.897436 4231.794872 4248.205128 4297.435897 3944.615385 4229.743590
4239.487179 4141.538462 4234.871795 4234.358974 4223.076923 4240.000000 4229.230769 4242.051282 4239.487179 4231.282051 4250.256410 4290.256410 3948.717949 4225.128205
4241.025641 4132.820513 4231.794872 4233.333333 4225.128205 4240.000000 4233.333333 4246.666667 4243.076923 4230.769231 4250.256410 4292.820513 3954.358974 4229.230769
4239.487179 4127.692308 4232.307692 4228.205128 4225.641026 4237.948718 4230.256410 4240.512821 4241.025641 4231.282051 4250.256410 4298.974359 3959.487179 4230.769231
4238.974359 4137.435897 4235.384615 4233.333333 4222.564103 4243.589744 4230.769231 4245.128205 4245.128205 4232.307692 4258.974359 4292.307692 3970.769231 4224.615385
4233.333333 4128.717949 4225.128205 4227.179487 4227.179487 4241.025641 4218.974359 4241.025641 4242.051282 4230.769231 4256.410256 4290.769231 3971.282051 4228.205128
4237.948718 4131.282051 4228.717949 4225.641026 4225.641026 4238.461538 4220.512821 4241.025641 4247.692308 4227.692308 4255.897436 4288.205128 3985.128205 4231.794872
4239.487179 4137.948718 4232.820513 4227.692308 4224.615385 4236.410256 4220.000000 4235.897436 4242.564103 4228.717949 4254.871795 4291.282051 3990.769231 4234.871795
4241.538462 4140.512821 4235.897436 4230.769231 4225.641026 4240.000000 4217.435897 4229.743590 4235.384615 4231.794872 4257.435897 4296.410256 3995.897436 4234.871795
4248.205128 4148.205128 4241.538462 4233.333333 4223.589744 4248.717949 4223.589744 4235.897436 4240.000000 4231.282051 4259.487179 4292.307692 4010.769231 4231.794872
4243.076923 4143.076923 4233.846154 4230.769231 4226.666667 4244.102564 4220.000000 4228.205128 4231.282051 4230.769231 4251.282051 4294.871795 4005.641026 4232.820513
4243.589744 4150.769231 4235.384615 4240.512821 4222.564103 4238.974359 4226.153846 4230.256410 4239.487179 4233.846154 4256.410256 4294.871795 4014.358974 4230.769231
4241.538462 4152.307692 4235.384615 4236.410256 4223.076923 4238.461538 4224.102564 4233.846154 4241.025641 4232.307692 4252.820513 4292.820513 4018.974359 4230.256410
4240.000000 4145.128205 4232.307692 4226.666667 4225.641026 4237.948718 4221.025641 4233.333333 4233.333333 4229.230769 4244.102564 4293.846154 4012.307692 4229.743590
4247.179487 4156.923077 4238.974359 4235.897436 4221.025641 4240.000000 4234.358974 4241.538462 4243.589744 4232.307692 4255.897436 4291.282051 4022.564103 4231.794872
4240.000000 4152.820513 4232.307692 4234.871795 4224.615385 4235.384615 4227.692308 4230.769231 4230.769231 4231.282051 4252.307692 4293.333333 4018.974359 4237.435897
4235.897436 4153.333333 4235.384615 4234.358974 4225.128205 4235.897436 4225.128205 4227.179487 4222.564103 4227.179487 4246.666667 4288.717949 4022.051282 4230.256410
4234.358974 4152.307692 4235.384615 4233.846154 4222.564103 4235.897436 4227.179487 4229.230769 4227.179487 4228.205128 4248.205128 4286.153846 4030.769231 4227.692308
4229.230769 4142.564103 4222.051282 4229.743590 4223.076923 4233.846154 4225.128205 4228.205128 4225.641026 4231.794872 4244.615385 4289.743590 4031.282051 4235.897436
4232.820513 4151.282051 4227.179487 4236.410256 4221.025641 4241.025641 4234.358974 4237.435897 4237.435897 4232.307692 4248.205128 4287.692308 4041.538462 4232.820513
4231.794872 4147.179487 4229.230769 4231.794872 4225.641026 4240.000000 4227.179487 4232.307692 4239.487179 4229.743590 4246.153846 4292.820513 4037.435897 4230.256410
4235.897436 4148.717949 4230.256410 4233.333333 4225.641026 4237.948718 4226.153846 4235.897436 4243.589744 4230.256410 4248.717949 4293.333333 4043.076923 4232.307692
4235.897436 4149.743590 4228.205128 4234.358974 4224.615385 4234.871795 4231.794872 4239.487179 4240.512821 4232.307692 4251.282051 4287.179487 4051.282051 4232.820513
4223.076923 4136.410256 4219.487179 4221.538462 4228.205128 4229.230769 4221.538462 4227.692308 4223.076923 4226.666667 4245.128205 4286.153846 4040.512821 4227.692308
4222.051282 4141.538462 4222.051282 4219.487179 4223.589744 4233.333333 4221.025641 4231.282051 4227.179487 4222.051282 4244.102564 4284.102564 4045.641026 4224.615385
4225.128205 4141.025641 4217.948718 4220.000000 4223.589744 4232.820513 4218.974359 4227.692308 4225.641026 4228.205128 4237.948718 4291.794872 4045.128205 4234.358974
4232.307692 4146.153846 4223.589744 4229.230769 4224.615385 4233.333333 4224.615385 4228.717949 4228.205128 4234.871795 4241.025641 4292.307692 4047.692308 4231.282051
4231.794872 4149.743590 4228.717949 4232.820513 4222.564103 4236.923077 4231.282051 4239.487179 4239.487179 4231.282051 4245.128205 4283.076923 4052.820513 4223.589744
4224.615385 4138.461538 4219.487179 4221.538462 4223.589744 4232.307692 4228.717949 4240.512821 4234.871795 4230.256410 4238.974359 4287.692308 4046.666667 4229.230769
4230.769231 4147.692308 4225.641026 4228.717949 4220.512821 4236.923077 4237.435897 4245.641026 4241.538462 4233.333333 4245.128205 4288.205128 4058.461538 4230.769231
4230.769231 4148.205128 4227.692308 4230.256410 4222.564103 4241.025641 4227.179487 4235.897436 4239.487179 4231.282051 4243.589744 4285.641026 4059.487179 4230.769231
4230.769231 4146.666667 4230.256410 4226.666667 4223.589744 4241.025641 4221.025641 4229.230769 4233.846154 4230.769231 4243.076923 4284.615385 4062.564103 4230.769231
4234.358974 4153.333333 4232.820513 4229.743590 4221.538462 4242.564103 4229.743590 4232.307692 4235.384615 4231.794872 4249.230769 4284.615385 4076.923077 4232.820513
4228.205128 4145.128205 4222.051282 4221.538462 4226.153846 4238.461538 4224.615385 4223.589744 4228.717949 4230.769231 4246.153846 4287.692308 4073.846154 4234.358974
4233.846154 4148.205128 4227.179487 4220.512821 4223.589744 4235.897436 4230.256410 4232.307692 4241.025641 4230.256410 4252.820513 4284.615385 4083.076923 4231.282051
4238.461538 4146.153846 4231.282051 4220.512821 4221.025641 4230.769231 4229.743590 4236.410256 4243.076923 4230.256410 4254.358974 4287.692308 4086.666667 4237.948718
4237.435897 4150.769231 4232.307692 4226.153846 4221.538462 4233.333333 4228.205128 4233.333333 4236.410256 4231.282051 4252.307692 4290.256410 4085.641026 4241.538462
4239.487179 4164.102564 4234.358974 4233.846154 4220.512821 4231.794872 4235.897436 4241.025641 4242.564103 4231.282051 4255.897436 4284.615385 4090.769231 4232.307692
4236.923077 4152.307692 4227.179487 4224.102564 4223.589744 4210.256410 4227.179487 4237.435897 4238.461538 4229.743590 4247.692308 4286.666667 4085.128205 4230.769231
4242.051282 4153.846154 4232.820513 4225.128205 4222.564103 4207.179487 4231.282051 4242.564103 4246.153846 4230.769231 4249.743590 4286.666667 4092.820513 4235.897436
4242.564103 4157.948718 4231.282051 4224.615385 4222.564103 4213.846154 4235.384615 4245.128205 4246.666667 4231.282051 4249.230769 4287.692308 4087.179487 4237.435897
4241.025641 4155.897436 4228.205128 4223.076923 4223.589744 4209.743590 4233.333333 4245.641026 4241.025641 4228.717949 4246.666667 4287.692308 4080.000000 4234.358974
4246.666667 4158.974359 4235.897436 4225.641026 4221.025641 4207.179487 4238.974359 4249.230769 4249.230769 4228.205128 4253.846154 4283.589744 4094.358974 4236.923077
4244.102564 4149.743590 4232.307692 4218.461538 4223.076923 4206.153846 4233.846154 4235.897436 4243.076923 4230.256410 4253.846154 4287.692308 4090.769231 4243.076923
4245.641026 4157.435897 4237.948718 4227.179487 4221.538462 4209.743590 4237.435897 4236.923077 4251.794872 4233.846154 4260.512821 4286.153846 4090.256410 4237.948718
4247.692308 4162.564103 4243.076923 4235.897436 4223.589744 4207.179487 4237.435897 4242.564103 4260.000000 4232.307692 4258.974359 4284.102564 4088.205128 4237.948718
4247.179487 4156.923077 4238.974359 4231.794872 4224.615385 4204.615385 4232.820513 4236.410256 4250.256410 4226.666667 4248.717949 4284.615385 4081.538462 4240.000000
4243.589744 4159.487179 4237.948718 4231.794872 4219.487179 4211.794872 4234.871795 4232.820513 4246.153846 4229.230769 4250.769231 4278.974359 4086.153846 4237.435897
4230.769231 4144.615385 4226.666667 4224.615385 4222.564103 4212.307692 4223.076923 4225.641026 4237.435897 4231.794872 4246.666667 4284.102564 4071.794872 4240.512821
4230.256410 4143.076923 4225.128205 4225.641026 4221.025641 4208.717949 4222.564103 4230.256410 4242.051282 4227.179487 4243.589744 4282.051282 4065.641026 4234.871795
4230.256410 4147.692308 4223.589744 4224.615385 4222.051282 4198.461538 4220.000000 4227.179487 4240.000000 4224.615385 4240.000000 4277.435897 4065.128205 4233.846154
4229.230769 4142.051282 4219.487179 4221.538462 4226.153846 4195.384615 4212.307692 4218.461538 4227.179487 4230.769231 4237.948718 4284.102564 4062.051282 4242.564103
4238.974359 4149.743590 4229.743590 4235.384615 4221.025641 4202.564103 4222.564103 4228.717949 4236.410256 4233.846154 4248.205128 4284.102564 4072.820513 4241.538462
4235.897436 4147.692308 4224.615385 4231.282051 4223.589744 4186.153846 4219.487179 4224.615385 4233.333333 4228.205128 4242.564103 4282.051282 4068.717949 4241.538462
4233.333333 4152.307692 4218.974359 4225.128205 4224.615385 4169.743590 4219.487179 4220.512821 4231.282051 4229.230769 4241.538462 4280.000000 4073.846154 4243.076923
4233.333333 4152.820513 4220.000000 4228.717949 4222.051282 4182.051282 4224.615385 4226.666667 4234.358974 4232.820513 4249.743590 4281.025641 4081.025641 4243.076923
4229.743590 4141.025641 4216.410256 4228.205128 4225.128205 4207.179487 4217.435897 4222.564103 4225.641026 4230.256410 4245.641026 4281.538462 4070.769231 4241.025641
4237.435897 4149.743590 4221.538462 4231.794872 4220.512821 4228.717949 4221.538462 4226.666667 4235.897436 4229.230769 4248.205128 4274.871795 4076.923077 4236.923077
4230.256410 4141.025641 4212.307692 4218.461538 4221.025641 4225.128205 4216.923077 4220.000000 4235.897436 4230.256410 4245.128205 4278.461538 4072.820513 4238.974359
4218.974359 4134.358974 4205.641026 4210.769231 4224.615385 4220.512821 4212.820513 4216.923077 4233.846154 4228.717949 4241.538462 4281.538462 4067.179487 4237.435897
4224.615385 4146.153846 4209.230769 4215.897436 4223.076923 4226.153846 4213.333333 4220.000000 4240.000000 4228.205128 4243.589744 4275.384615 4071.794872 4234.871795
4229.230769 4145.641026 4208.717949 4213.333333 4223.076923 4225.128205 4207.179487 4213.333333 4232.820513 4232.820513 4244.102564 4277.435897 4068.205128 4237.948718
4234.358974 4149.743590 4219.487179 4220.512821 4220.512821 4228.205128 4214.871795 4226.666667 4239.487179 4233.333333 4249.230769 4278.461538 4073.333333 4236.923077
4234.358974 4148.717949 4224.102564 4225.641026 4222.051282 4226.666667 4218.461538 4234.871795 4242.564103 4229.743590 4242.564103 4278.974359 4070.256410 4237.435897
4240.000000 4156.410256 4229.230769 4230.256410 4222.051282 4229.230769 4224.102564 4228.205128 4241.025641 4231.282051 4241.025641 4278.461538 4072.820513 4236.410256
4244.102564 4168.717949 4233.846154 4235.384615 4220.512821 4234.358974 4226.153846 4223.589744 4240.000000 4233.333333 4246.153846 4276.410256 4077.948718 4236.923077
4233.846154 4158.974359 4225.128205 4231.282051 4223.589744 4227.179487 4217.435897 4220.512821 4232.820513 4229.230769 4235.897436 4281.025641 4062.051282 4238.974359
4234.871795 4162.051282 4226.666667 4233.846154 4222.051282 4227.692308 4227.692308 4231.794872 4243.076923 4228.205128 4242.564103 4277.435897 4067.179487 4230.769231
4235.897436 4161.025641 4222.564103 4230.769231 4223.589744 4230.256410 4223.589744 4224.615385 4240.000000 4230.256410 4250.256410 4278.461538 4073.333333 4230.769231
4235.384615 4156.410256 4221.025641 4229.230769 4224.615385 4230.769231 4216.923077 4217.435897 4237.948718 4231.794872 4251.282051 4282.564103 4070.256410 4235.384615
4240.512821 4159.487179 4224.615385 4229.230769 4219.487179 4231.282051 4223.076923 4227.179487 4247.179487 4231.282051 4249.230769 4276.410256 4073.333333 4232.307692
4234.871795 4148.205128 4215.897436 4215.384615 4221.025641 4221.025641 4211.794872 4218.974359 4228.717949 4224.615385 4235.384615 4275.384615 4059.487179 4228.717949
4231.794872 4150.256410 4218.974359 4216.923077 4222.564103 4220.512821 4212.820513 4220.000000 4224.102564 4224.102564 4239.487179 4272.820513 4063.589744 4223.589744
4226.666667 4146.153846 4213.333333 4216.923077 4224.615385 4225.128205 4218.974359 4221.538462 4228.717949 4229.230769 4241.538462 4272.307692 4066.153846 4226.153846
4217.948718 4135.384615 4197.435897 4208.717949 4223.589744 4226.153846 4216.923077 4215.897436 4225.128205 4226.666667 4227.179487 4269.743590 4052.820513 4224.615385
4216.923077 4140.000000 4203.076923 4211.794872 4220.512821 4227.692308 4221.025641 4223.076923 4229.743590 4225.128205 4226.153846 4267.692308 4058.461538 4221.025641
4220.512821 4138.974359 4215.384615 4212.307692 4224.102564 4230.256410 4216.923077 4224.615385 4229.743590 4233.333333 4230.769231 4278.974359 4062.564103 4231.282051
4229.743590 4146.666667 4223.076923 4217.435897 4220.512821 4238.974359 4223.589744 4229.743590 4237.435897 4234.871795 4238.974359 4275.897436 4068.205128 4231.794872
4226.666667 4146.153846 4212.820513 4216.410256 4221.025641 4240.000000 4223.589744 4227.179487 4232.307692 4229.743590 4236.410256 4268.717949 4066.666667 4226.666667
4222.051282 4144.102564 4212.307692 4216.410256 4227.179487 4238.974359 4220.000000 4223.589744 4223.076923 4232.820513 4232.307692 4276.923077 4063.589744 4228.717949
4231.794872 4161.538462 4234.871795 4227.179487 4222.051282 4245.641026 4237.948718 4238.974359 4240.512821 4233.846154 4245.641026 4280.512821 4077.435897 4228.717949
4234.358974 4157.948718 4233.846154 4219.487179 4223.589744 4242.051282 4235.897436 4235.384615 4238.974359 4229.743590 4249.743590 4282.564103 4076.923077 4228.717949
4236.410256 4157.435897 4231.794872 4220.512821 4225.128205 4238.974359 4230.256410 4230.769231 4234.358974 4230.769231 4246.666667 4281.025641 4079.487179 4224.102564
4234.871795 4160.000000 4233.333333 4227.179487 4223.076923 4240.000000 4233.333333 4231.794872 4237.435897 4232.307692 4241.538462 4276.923077 4076.410256 4224.102564
4231.282051 4153.846154 4229.230769 4223.589744 4226.666667 4238.974359 4229.743590 4227.179487 4233.846154 4231.282051 4240.000000 4275.384615 4072.307692 4226.153846
4241.025641 4158.461538 4236.410256 4228.205128 4224.615385 4242.051282 4227.179487 4230.769231 4235.897436 4230.769231 4251.282051 4274.871795 4093.333333 4225.128205
4238.974359 4150.769231 4233.333333 4224.102564 4223.589744 4236.923077 4221.538462 4223.589744 4227.179487 4231.282051 4250.256410 4280.512821 4092.820513 4226.666667
4235.384615 4153.846154 4232.307692 4223.076923 4222.564103 4237.435897 4229.743590 4226.153846 4233.846154 4231.794872 4247.179487 4278.461538 4087.692308 4222.051282
4230.769231 4155.897436 4230.256410 4222.564103 4222.051282 4240.512821 4229.743590 4232.820513 4240.512821 4231.794872 4245.128205 4275.384615 4083.589744 4220.000000
4221.025641 4138.974359 4217.948718 4213.333333 4223.589744 4234.358974 4217.948718 4225.128205 4224.615385 4230.256410 4238.974359 4279.487179 4069.230769 4225.128205
4223.589744 4143.076923 4222.564103 4213.333333 4221.538462 4233.846154 4228.717949 4229.230769 4231.794872 4227.692308 4243.589744 4270.256410 4075.384615 4221.538462
4221.538462 4140.512821 4220.512821 4206.666667 4224.615385 4228.717949 4225.128205 4222.051282 4231.794872 4227.179487 4234.871795 4267.179487 4068.205128 4220.512821
4228.205128 4136.923077 4218.974359 4210.256410 4222.564103 4227.179487 4222.564103 4222.051282 4231.794872 4231.794872 4232.820513 4272.820513 4068.717949 4224.102564
4243.076923 4141.538462 4228.205128 4220.512821 4220.000000 4233.333333 4234.358974 4238.461538 4244.615385 4234.358974 4247.179487 4275.897436 4088.205128 4230.256410
4243.076923 4140.512821 4233.333333 4219.487179 4223.589744 4232.307692 4233.333333 4234.871795 4241.025641 4230.769231 4248.205128 4280.512821 4090.769231 4233.333333
4246.153846 4156.923077 4240.000000 4228.205128 4219.487179 4231.794872 4236.923077 4235.384615 4244.102564 4230.769231 4254.358974 4280.000000 4099.487179 4228.717949
4248.205128 4157.435897 4235.384615 4226.666667 4222.051282 4226.153846 4233.846154 4233.333333 4238.974359 4231.282051 4252.820513 4282.564103 4096.923077 4227.692308
4248.205128 4156.410256 4232.307692 4221.025641 4225.641026 4220.512821 4228.205128 4227.692308 4230.256410 4230.769231 4243.589744 4280.000000 4090.256410 4225.128205
4244.615385 4167.692308 4233.846154 4221.538462 4220.512821 4217.948718 4221.025641 4224.615385 4230.256410 4231.794872 4242.564103 4271.794872 4091.282051 4221.538462
4233.333333 4152.307692 4220.512821 4208.205128 4222.564103 4210.256410 4201.025641 4207.692308 4213.846154 4228.205128 4232.307692 4271.794872 4077.948718 4222.051282
4229.230769 4142.051282 4213.846154 4203.589744 4222.564103 4208.717949 4202.051282 4203.076923 4207.692308 4228.205128 4224.102564 4264.615385 4068.717949 4213.846154
4216.923077 4131.794872 4199.487179 4199.487179 4223.589744 4203.076923 4197.435897 4195.384615 4202.564103 4229.230769 4209.743590 4260.512821 4048.717949 4209.743590
4207.179487 4125.128205 4187.692308 4195.384615 4226.153846 4201.025641 4191.282051 4190.256410 4201.538462 4226.153846 4202.564103 4260.512821 4033.333333 4210.256410
4208.205128 4132.307692 4189.743590 4200.512821 4222.051282 4210.769231 4198.974359 4195.897436 4209.230769 4226.666667 4207.179487 4256.410256 4035.384615 4211.794872
4196.923077 4120.512821 4178.974359 4192.307692 4222.564103 4203.589744 4184.615385 4179.487179 4193.846154 4226.153846 4196.410256 4256.923077 4022.564103 4211.794872
4194.871795 4122.564103 4181.025641 4193.846154 4222.564103 4184.102564 4181.538462 4178.461538 4194.871795 4224.615385 4197.948718 4253.333333 4026.153846 4207.692308
