4222.051282 4206.666667 4211.282051 4187.179487 4216.410256 4208.205128 4208.205128 4185.128205 4188.717949 4217.435897 4230.769231 4206.153846 4204.102564 4187.179487
4216.923077 4205.641026 4208.717949 4185.641026 4212.820513 4209.230769 4210.256410 4186.666667 4194.358974 4216.410256 4225.641026 4200.512821 4203.076923 4181.538462
4211.794872 4207.692308 4208.205128 4183.589744 4215.897436 4211.282051 4212.307692 4187.692308 4195.384615 4217.435897 4213.333333 4204.102564 4200.000000 4175.897436
4213.846154 4209.230769 4211.282051 4184.615385 4213.333333 4215.384615 4216.923077 4193.333333 4197.948718 4217.435897 4220.000000 4205.128205 4208.717949 4176.410256
4207.692308 4197.435897 4205.128205 4180.000000 4219.487179 4212.307692 4217.435897 4196.923077 4195.897436 4216.410256 4211.794872 4207.179487 4204.615385 4180.512821
4202.564103 4194.871795 4193.846154 4177.948718 4220.512821 4209.743590 4213.846154 4190.769231 4192.820513 4216.923077 4186.666667 4204.102564 4200.512821 4172.820513
4215.897436 4201.025641 4198.974359 4182.564103 4214.358974 4217.435897 4217.435897 4191.282051 4201.025641 4217.948718 4184.615385 4206.153846 4214.871795 4171.794872
4228.717949 4202.051282 4214.871795 4188.205128 4216.923077 4222.051282 4222.564103 4200.000000 4208.205128 4217.435897 4199.487179 4214.358974 4222.564103 4186.153846
4216.410256 4205.128205 4206.666667 4182.051282 4212.307692 4214.871795 4213.846154 4192.820513 4196.923077 4216.923077 4205.128205 4207.692308 4209.743590 4186.153846
4200.512821 4205.128205 4191.794872 4169.743590 4213.846154 4208.205128 4205.128205 4181.025641 4185.128205 4217.435897 4213.846154 4203.076923 4193.333333 4180.512821
4202.051282 4194.358974 4191.794872 4169.743590 4215.897436 4208.205128 4208.717949 4180.000000 4179.487179 4217.435897 4227.692308 4203.589744 4183.076923 4176.923077
4203.076923 4185.128205 4193.846154 4169.743590 4213.846154 4211.794872 4213.333333 4186.666667 4169.743590 4216.410256 4232.307692 4208.205128 4168.717949 4177.948718
4187.179487 4179.487179 4183.589744 4154.871795 4223.076923 4212.307692 4213.333333 4191.794872 4171.282051 4217.435897 4219.487179 4211.282051 4156.410256 4179.487179
4180.000000 4180.000000 4172.820513 4150.769231 4217.435897 4211.282051 4216.923077 4191.794872 4184.102564 4216.923077 4193.333333 4207.179487 4164.615385 4169.230769
4205.128205 4193.846154 4190.256410 4172.307692 4212.307692 4217.948718 4225.128205 4195.897436 4195.384615 4216.923077 4175.384615 4214.358974 4190.256410 4174.871795
4231.282051 4212.307692 4212.820513 4192.307692 4216.923077 4223.589744 4227.179487 4202.051282 4202.564103 4217.435897 4179.487179 4222.051282 4209.230769 4185.128205
4227.179487 4219.487179 4212.307692 4196.410256 4215.897436 4220.000000 4221.025641 4206.153846 4210.769231 4217.435897 4198.461538 4221.538462 4222.564103 4177.948718
4222.564103 4220.512821 4210.769231 4199.487179 4216.923077 4224.102564 4223.076923 4211.794872 4221.538462 4216.923077 4232.307692 4221.025641 4229.743590 4173.333333
4232.820513 4222.564103 4213.333333 4202.051282 4212.307692 4229.230769 4229.743590 4213.333333 4218.974359 4217.435897 4253.846154 4217.435897 4222.564103 4174.871795
4234.871795 4215.384615 4214.871795 4191.794872 4215.384615 4223.589744 4223.589744 4211.794872 4209.743590 4217.435897 4235.384615 4223.076923 4222.564103 4184.102564
4217.435897 4200.512821 4205.641026 4175.384615 4218.461538 4216.410256 4213.333333 4203.589744 4207.179487 4217.435897 4208.205128 4220.000000 4231.282051 4179.487179
4202.051282 4195.384615 4192.820513 4165.641026 4212.307692 4216.923077 4213.333333 4190.769231 4205.641026 4216.410256 4200.000000 4209.743590 4227.179487 4166.153846
4212.307692 4197.948718 4202.564103 4170.769231 4218.974359 4223.076923 4218.461538 4193.846154 4203.076923 4216.923077 4209.743590 4219.487179 4227.692308 4177.948718
4229.230769 4200.000000 4215.384615 4180.000000 4215.384615 4226.153846 4220.000000 4207.179487 4208.205128 4216.923077 4233.333333 4224.615385 4237.435897 4188.717949
4229.743590 4206.153846 4219.487179 4183.076923 4211.282051 4223.589744 4220.000000 4210.256410 4214.871795 4216.923077 4245.641026 4220.000000 4230.769231 4189.230769
4224.615385 4211.794872 4219.487179 4182.051282 4218.461538 4222.051282 4217.435897 4204.102564 4214.358974 4216.410256 4225.641026 4218.461538 4225.641026 4190.256410
4237.435897 4214.871795 4225.641026 4193.333333 4214.871795 4229.230769 4222.051282 4208.205128 4222.051282 4217.435897 4216.923077 4221.538462 4245.128205 4194.358974
4255.897436 4224.102564 4243.589744 4209.743590 4216.923077 4244.102564 4242.051282 4229.230769 4240.512821 4217.948718 4236.410256 4229.743590 4261.538462 4207.692308
4254.871795 4235.384615 4246.153846 4213.333333 4216.923077 4255.384615 4257.435897 4244.615385 4251.794872 4215.897436 4242.564103 4227.692308 4262.564103 4212.820513
4254.871795 4246.666667 4247.179487 4222.564103 4216.923077 4263.589744 4263.589744 4252.307692 4260.000000 4215.897436 4241.025641 4231.282051 4269.743590 4216.410256
4274.871795 4266.666667 4266.153846 4245.128205 4218.974359 4276.923077 4276.410256 4263.589744 4274.871795 4216.410256 4254.358974 4239.487179 4286.666667 4226.666667
4289.743590 4280.512821 4277.435897 4261.025641 4211.282051 4286.153846 4291.282051 4275.384615 4289.230769 4217.435897 4267.692308 4235.897436 4299.487179 4231.282051
4287.692308 4278.974359 4282.051282 4264.615385 4215.384615 4291.282051 4301.538462 4290.256410 4306.666667 4217.948718 4273.846154 4236.410256 4303.589744 4237.948718
4285.641026 4279.487179 4284.615385 4262.564103 4217.948718 4298.974359 4306.153846 4302.051282 4322.564103 4217.948718 4284.102564 4237.948718 4310.769231 4234.871795
4298.974359 4285.128205 4290.256410 4265.641026 4217.435897 4302.564103 4306.153846 4303.589744 4329.743590 4217.435897 4294.358974 4240.512821 4326.153846 4238.974359
4323.076923 4295.897436 4307.179487 4274.871795 4217.948718 4298.974359 4305.128205 4304.102564 4332.307692 4217.948718 4306.666667 4245.128205 4337.948718 4257.435897
4334.358974 4307.692308 4318.974359 4280.512821 4211.794872 4301.538462 4306.666667 4306.153846 4330.769231 4218.461538 4314.871795 4242.051282 4341.025641 4260.000000
4322.051282 4303.589744 4313.333333 4277.435897 4216.410256 4311.282051 4313.333333 4306.153846 4325.128205 4217.435897 4301.025641 4241.025641 4336.923077 4255.384615
4305.641026 4292.307692 4296.923077 4274.358974 4215.384615 4312.820513 4315.384615 4306.666667 4321.538462 4217.435897 4296.923077 4239.487179 4333.333333 4249.743590
4310.256410 4296.410256 4301.025641 4276.410256 4211.794872 4306.666667 4312.820513 4310.769231 4319.487179 4217.435897 4333.846154 4242.051282 4335.384615 4253.333333
4322.564103 4308.717949 4315.897436 4282.564103 4218.974359 4308.717949 4315.384615 4312.307692 4322.564103 4217.435897 4361.025641 4244.615385 4335.384615 4265.128205
4314.358974 4305.641026 4306.153846 4277.435897 4212.820513 4314.871795 4320.512821 4306.153846 4320.000000 4216.923077 4343.076923 4233.333333 4331.282051 4258.461538
4301.025641 4294.871795 4295.897436 4268.717949 4214.358974 4317.435897 4316.923077 4306.666667 4312.820513 4217.435897 4320.000000 4232.307692 4323.076923 4256.923077
4301.538462 4291.794872 4298.974359 4269.743590 4221.025641 4310.769231 4303.589744 4305.641026 4309.230769 4217.948718 4319.487179 4233.333333 4315.897436 4262.051282
4298.974359 4289.743590 4296.410256 4267.179487 4215.384615 4303.589744 4294.358974 4294.358974 4305.641026 4217.948718 4309.743590 4228.717949 4312.307692 4263.589744
4289.230769 4288.205128 4289.230769 4263.589744 4215.897436 4309.230769 4294.358974 4288.717949 4300.512821 4217.435897 4276.923077 4230.769231 4304.102564 4262.051282
4283.589744 4289.743590 4283.076923 4271.282051 4214.358974 4311.794872 4294.358974 4285.641026 4295.384615 4216.410256 4276.923077 4228.717949 4293.333333 4255.897436
4290.256410 4285.641026 4289.230769 4272.307692 4215.384615 4307.692308 4292.307692 4289.230769 4299.487179 4216.923077 4323.589744 4234.358974 4300.000000 4265.641026
4292.307692 4277.948718 4293.333333 4262.564103 4218.974359 4305.128205 4291.794872 4294.358974 4307.692308 4217.948718 4339.487179 4235.897436 4317.435897 4270.769231
4282.564103 4278.461538 4283.076923 4260.512821 4215.384615 4299.487179 4288.717949 4290.769231 4306.666667 4216.923077 4298.461538 4228.717949 4311.794872 4262.051282
4287.179487 4282.564103 4280.512821 4266.153846 4217.435897 4291.794872 4283.589744 4290.256410 4300.000000 4215.384615 4264.615385 4230.769231 4294.871795 4261.025641
4294.871795 4280.512821 4285.128205 4262.564103 4214.358974 4289.743590 4281.538462 4287.179487 4295.384615 4216.923077 4263.589744 4231.282051 4295.897436 4258.974359
4280.512821 4275.384615 4284.102564 4253.846154 4216.923077 4287.179487 4273.333333 4275.384615 4291.282051 4217.948718 4273.846154 4228.717949 4291.282051 4253.846154
4267.179487 4266.666667 4273.846154 4246.153846 4218.974359 4277.435897 4261.025641 4266.153846 4282.051282 4216.410256 4282.564103 4222.564103 4278.974359 4245.641026
4278.461538 4262.564103 4270.256410 4247.692308 4211.282051 4275.897436 4256.923077 4262.564103 4272.307692 4216.410256 4276.410256 4218.461538 4283.589744 4241.538462
4287.692308 4266.666667 4284.615385 4252.820513 4218.974359 4280.512821 4258.974359 4265.128205 4273.846154 4218.974359 4262.564103 4225.641026 4289.230769 4248.205128
4271.282051 4263.589744 4275.897436 4244.615385 4217.435897 4274.358974 4255.897436 4264.615385 4275.897436 4218.461538 4257.435897 4221.025641 4278.974359 4238.974359
4260.000000 4260.512821 4261.025641 4245.641026 4211.282051 4276.923077 4260.000000 4261.538462 4276.410256 4216.410256 4266.666667 4216.410256 4273.333333 4227.179487
4269.230769 4266.666667 4269.230769 4260.000000 4215.897436 4288.205128 4265.641026 4264.102564 4275.897436 4216.923077 4278.974359 4217.948718 4274.871795 4227.179487
4268.717949 4263.589744 4269.743590 4253.846154 4214.871795 4280.000000 4261.025641 4265.641026 4270.256410 4216.923077 4273.846154 4210.256410 4265.128205 4220.000000
4256.923077 4252.307692 4260.000000 4241.025641 4220.000000 4271.794872 4262.051282 4266.153846 4267.692308 4215.897436 4262.564103 4209.230769 4258.461538 4215.897436
4252.307692 4249.743590 4252.307692 4241.538462 4216.923077 4279.487179 4267.179487 4268.717949 4272.307692 4216.410256 4263.076923 4209.743590 4264.102564 4212.820513
4256.410256 4248.205128 4255.897436 4240.000000 4212.820513 4281.025641 4263.589744 4270.769231 4275.384615 4217.948718 4258.974359 4209.230769 4267.179487 4213.333333
4264.102564 4248.205128 4261.538462 4239.487179 4219.487179 4272.307692 4260.000000 4266.153846 4269.743590 4218.461538 4246.666667 4208.717949 4262.051282 4215.384615
4268.717949 4258.461538 4260.000000 4246.666667 4215.897436 4272.307692 4266.153846 4260.512821 4265.641026 4218.974359 4240.512821 4207.692308 4263.076923 4208.717949
4269.230769 4261.538462 4260.512821 4248.717949 4217.435897 4277.435897 4268.717949 4259.487179 4267.692308 4217.948718 4247.179487 4213.846154 4269.743590 4208.717949
4271.794872 4254.871795 4261.538462 4242.051282 4216.923077 4270.769231 4261.538462 4255.384615 4264.615385 4215.384615 4270.256410 4212.820513 4274.358974 4206.153846
4275.897436 4255.384615 4263.589744 4242.564103 4217.435897 4268.205128 4256.410256 4255.897436 4260.512821 4215.897436 4282.564103 4216.410256 4275.384615 4204.102564
4265.128205 4254.871795 4258.461538 4242.051282 4222.564103 4269.743590 4258.461538 4258.461538 4258.974359 4217.435897 4252.820513 4221.538462 4269.743590 4202.051282
4252.820513 4248.205128 4247.692308 4237.435897 4212.820513 4265.641026 4257.435897 4247.692308 4256.410256 4216.410256 4219.487179 4213.846154 4260.000000 4189.230769
4258.974359 4245.641026 4252.820513 4236.410256 4213.333333 4268.205128 4256.410256 4246.153846 4256.410256 4215.384615 4233.846154 4217.948718 4262.051282 4194.358974
4258.461538 4244.102564 4253.846154 4232.307692 4218.974359 4270.256410 4256.410256 4250.256410 4255.897436 4216.410256 4255.897436 4224.615385 4264.615385 4199.487179
4251.794872 4247.692308 4247.692308 4231.282051 4215.384615 4261.538462 4251.794872 4246.666667 4258.461538 4216.923077 4264.615385 4222.051282 4261.025641 4195.384615
4260.000000 4258.461538 4252.307692 4238.974359 4214.871795 4256.410256 4251.282051 4251.282051 4267.179487 4216.410256 4294.871795 4223.589744 4270.769231 4201.538462
4264.615385 4252.820513 4253.333333 4243.589744 4213.846154 4258.461538 4255.384615 4255.384615 4269.743590 4216.410256 4315.897436 4223.076923 4281.025641 4202.051282
4248.717949 4237.435897 4247.179487 4231.794872 4216.923077 4258.461538 4254.358974 4250.256410 4261.538462 4217.435897 4296.410256 4226.153846 4262.564103 4197.948718
4229.230769 4229.230769 4231.794872 4216.923077 4213.846154 4252.307692 4246.666667 4244.102564 4246.666667 4217.948718 4271.794872 4218.974359 4235.384615 4187.179487
4225.641026 4223.589744 4215.897436 4211.794872 4210.769231 4244.615385 4238.974359 4236.923077 4234.358974 4216.923077 4268.717949 4212.307692 4230.256410 4181.538462
4224.102564 4212.820513 4213.846154 4204.615385 4220.000000 4241.025641 4234.358974 4229.230769 4233.333333 4217.948718 4274.871795 4221.025641 4232.820513 4189.743590
4212.307692 4205.128205 4210.256410 4198.974359 4217.435897 4242.051282 4231.794872 4228.717949 4233.846154 4218.461538 4280.512821 4218.461538 4220.000000 4182.051282
4212.307692 4204.615385 4205.641026 4200.000000 4216.923077 4241.538462 4229.230769 4229.230769 4225.128205 4216.410256 4278.461538 4213.846154 4207.179487 4173.846154
4224.615385 4208.205128 4206.153846 4197.948718 4217.435897 4238.461538 4225.128205 4219.487179 4215.897436 4216.410256 4259.487179 4216.410256 4216.410256 4177.948718
4227.692308 4215.384615 4208.717949 4198.974359 4212.307692 4238.974359 4225.128205 4213.846154 4212.820513 4217.435897 4238.461538 4219.487179 4226.666667 4183.589744
4220.512821 4217.948718 4208.717949 4204.615385 4219.487179 4239.487179 4221.538462 4216.923077 4209.743590 4217.435897 4223.589744 4221.025641 4215.384615 4187.692308
4217.435897 4209.230769 4200.512821 4196.410256 4214.358974 4234.871795 4213.846154 4211.282051 4203.589744 4217.435897 4210.256410 4215.384615 4213.333333 4185.641026
4223.076923 4202.564103 4203.076923 4190.769231 4210.769231 4236.410256 4217.435897 4209.230769 4205.641026 4216.923077 4209.230769 4222.564103 4230.769231 4197.435897
4225.128205 4203.589744 4210.256410 4198.974359 4218.461538 4240.512821 4221.538462 4214.358974 4212.307692 4216.923077 4230.769231 4226.666667 4233.333333 4206.153846
4207.692308 4202.564103 4197.435897 4196.410256 4214.871795 4235.384615 4211.282051 4212.307692 4210.256410 4216.923077 4255.384615 4215.897436 4215.897436 4195.384615
4196.410256 4197.435897 4187.179487 4183.076923 4217.435897 4228.717949 4206.666667 4209.230769 4207.692308 4217.435897 4261.025641 4215.384615 4212.307692 4196.923077
4208.205128 4196.923077 4190.769231 4182.051282 4215.384615 4226.153846 4208.717949 4207.179487 4203.589744 4217.435897 4266.153846 4216.923077 4220.000000 4199.487179
4203.589744 4194.871795 4189.230769 4188.717949 4213.846154 4225.128205 4203.076923 4206.666667 4196.410256 4216.923077 4273.333333 4215.384615 4208.205128 4193.846154
4181.025641 4193.333333 4178.461538 4186.153846 4221.025641 4226.153846 4201.538462 4209.743590 4192.820513 4216.923077 4265.641026 4210.769231 4192.820513 4188.717949
4188.717949 4200.000000 4178.461538 4183.589744 4217.435897 4227.692308 4208.717949 4206.666667 4194.871795 4217.948718 4265.128205 4206.153846 4200.512821 4188.205128
4213.846154 4199.487179 4192.820513 4187.692308 4216.923077 4230.256410 4212.820513 4206.153846 4201.025641 4217.948718 4274.871795 4212.820513 4205.128205 4197.948718
4197.435897 4185.641026 4182.051282 4181.538462 4213.846154 4226.153846 4205.128205 4208.205128 4194.871795 4216.923077 4265.641026 4210.769231 4190.256410 4193.846154
4172.307692 4177.435897 4164.102564 4171.282051 4212.307692 4216.410256 4197.948718 4205.641026 4189.230769 4217.435897 4248.205128 4206.666667 4187.692308 4186.153846
4189.743590 4182.051282 4176.410256 4171.794872 4218.974359 4212.820513 4199.487179 4200.512821 4196.923077 4215.897436 4250.256410 4209.743590 4203.076923 4191.794872
4205.641026 4179.487179 4183.589744 4175.384615 4213.846154 4212.820513 4193.333333 4193.333333 4189.743590 4213.333333 4252.820513 4206.153846 4207.179487 4190.256410
4182.564103 4167.692308 4167.692308 4170.256410 4215.897436 4209.230769 4184.102564 4191.282051 4173.333333 4214.358974 4231.794872 4203.589744 4187.179487 4181.025641
4171.282051 4172.820513 4159.487179 4166.666667 4216.923077 4203.589744 4181.538462 4186.666667 4172.820513 4216.410256 4213.846154 4197.948718 4167.179487 4164.102564
4202.051282 4191.282051 4176.923077 4172.820513 4215.384615 4202.051282 4183.076923 4180.000000 4173.846154 4217.435897 4224.615385 4196.923077 4179.487179 4167.179487
4211.794872 4188.717949 4186.153846 4175.897436 4218.974359 4200.000000 4181.025641 4180.512821 4162.564103 4218.461538 4230.256410 4201.538462 4190.256410 4178.461538
4166.666667 4164.102564 4159.487179 4163.076923 4214.358974 4192.820513 4177.948718 4177.948718 4150.256410 4216.923077 4201.025641 4191.794872 4153.846154 4153.846154
4141.025641 4149.743590 4141.538462 4144.102564 4217.435897 4193.846154 4182.564103 4176.410256 4143.589744 4214.871795 4178.974359 4187.179487 4124.102564 4137.435897
4165.128205 4151.282051 4153.333333 4143.076923 4214.871795 4200.512821 4193.333333 4180.512821 4147.692308 4215.897436 4193.333333 4191.794872 4153.846154 4147.692308
4173.846154 4152.820513 4166.153846 4154.358974 4209.230769 4202.051282 4199.487179 4186.666667 4160.512821 4218.461538 4207.692308 4194.871795 4180.000000 4150.256410
4156.410256 4160.512821 4165.641026 4160.512821 4215.384615 4198.461538 4194.871795 4188.205128 4167.179487 4217.948718 4202.564103 4191.794872 4169.743590 4139.487179
4161.025641 4171.794872 4163.076923 4162.051282 4212.820513 4192.307692 4186.153846 4180.000000 4163.589744 4216.923077 4209.230769 4187.179487 4170.769231 4132.820513
4185.128205 4173.333333 4176.923077 4164.615385 4214.358974 4193.846154 4186.666667 4177.435897 4163.589744 4218.461538 4240.512821 4196.923077 4189.230769 4145.128205
4182.051282 4167.692308 4177.948718 4164.615385 4218.461538 4196.923077 4193.333333 4180.000000 4163.076923 4218.974359 4256.410256 4192.307692 4184.102564 4141.538462
4159.487179 4165.128205 4163.076923 4157.948718 4214.871795 4191.794872 4192.307692 4177.435897 4161.025641 4216.410256 4233.846154 4181.538462 4166.666667 4124.102564
4169.743590 4171.794872 4171.282051 4162.564103 4218.461538 4189.743590 4191.282051 4179.487179 4165.128205 4216.923077 4215.384615 4192.307692 4173.846154 4129.743590
4196.410256 4182.564103 4188.205128 4180.512821 4215.897436 4194.871795 4200.000000 4182.564103 4164.615385 4217.948718 4243.076923 4196.410256 4190.256410 4140.512821
4200.000000 4187.692308 4192.820513 4190.256410 4215.384615 4198.461538 4205.641026 4182.564103 4163.076923 4217.435897 4273.333333 4195.897436 4185.641026 4147.692308
4189.743590 4185.641026 4187.692308 4183.076923 4216.923077 4195.897436 4203.589744 4189.230769 4170.769231 4215.897436 4260.000000 4194.358974 4176.923077 4147.692308
4188.205128 4183.589744 4182.051282 4172.307692 4213.333333 4193.846154 4203.589744 4197.435897 4179.487179 4216.923077 4241.025641 4192.307692 4187.179487 4148.205128
4192.307692 4184.102564 4189.743590 4173.333333 4216.410256 4192.820513 4206.666667 4197.435897 4184.102564 4217.948718 4252.307692 4200.000000 4198.974359 4161.025641
4192.307692 4189.230769 4193.333333 4176.923077 4212.820513 4192.820513 4203.076923 4193.846154 4184.615385 4217.435897 4274.358974 4198.461538 4201.538462 4164.102564
4200.000000 4198.461538 4196.410256 4185.128205 4214.358974 4197.948718 4203.076923 4203.076923 4189.230769 4216.923077 4281.025641 4195.384615 4205.128205 4165.128205
4219.487179 4215.384615 4215.384615 4203.076923 4220.000000 4207.692308 4221.025641 4216.410256 4203.589744 4217.435897 4279.487179 4200.000000 4214.871795 4171.282051
4234.358974 4231.282051 4233.333333 4219.487179 4214.871795 4225.128205 4249.230769 4228.205128 4225.641026 4216.923077 4285.128205 4207.179487 4233.846154 4181.025641
4238.974359 4234.871795 4239.487179 4224.102564 4220.512821 4243.076923 4265.641026 4244.615385 4243.589744 4216.923077 4298.974359 4211.794872 4251.282051 4196.410256
4241.538462 4238.974359 4236.923077 4225.641026 4218.461538 4246.153846 4265.641026 4245.128205 4246.666667 4217.948718 4289.743590 4203.076923 4260.000000 4194.871795
4256.410256 4254.358974 4248.205128 4236.410256 4214.358974 4249.230769 4270.256410 4238.461538 4248.717949 4216.410256 4271.282051 4204.102564 4265.641026 4196.410256
4269.743590 4266.153846 4264.615385 4248.717949 4218.461538 4258.974359 4281.025641 4247.179487 4260.000000 4215.384615 4295.384615 4211.282051 4276.410256 4208.717949
4265.128205 4263.076923 4262.564103 4253.333333 4215.384615 4260.512821 4280.512821 4257.435897 4264.615385 4217.948718 4325.128205 4204.615385 4281.025641 4203.589744
4265.128205 4264.615385 4263.589744 4255.384615 4218.461538 4257.948718 4278.974359 4261.025641 4264.615385 4218.974359 4314.358974 4201.025641 4276.923077 4198.974359
4276.923077 4276.923077 4270.769231 4258.974359 4215.384615 4259.487179 4282.564103 4261.025641 4268.205128 4216.410256 4301.538462 4201.538462 4276.923077 4199.487179
4278.974359 4280.512821 4274.358974 4260.000000 4211.282051 4264.615385 4284.615385 4261.538462 4272.307692 4214.358974 4303.076923 4204.615385 4280.512821 4198.974359
4275.897436 4276.410256 4276.923077 4260.000000 4218.974359 4266.153846 4281.025641 4266.153846 4272.820513 4217.435897 4289.230769 4207.179487 4279.487179 4197.948718
4284.102564 4287.692308 4280.512821 4266.666667 4217.435897 4263.076923 4279.487179 4266.153846 4274.871795 4218.974359 4266.153846 4202.564103 4277.948718 4194.358974
4292.307692 4298.461538 4287.692308 4274.358974 4215.384615 4267.692308 4282.564103 4264.102564 4283.589744 4217.435897 4255.897436 4206.153846 4278.974359 4202.564103
4284.102564 4288.205128 4283.076923 4271.794872 4214.358974 4270.256410 4281.025641 4262.051282 4283.589744 4216.923077 4264.102564 4205.641026 4281.538462 4203.076923
4273.846154 4275.897436 4275.897436 4267.179487 4214.358974 4265.128205 4277.948718 4260.512821 4274.358974 4217.435897 4286.666667 4203.589744 4281.538462 4203.589744
4277.948718 4282.564103 4282.564103 4267.179487 4221.538462 4267.692308 4282.051282 4263.076923 4274.871795 4217.948718 4288.205128 4208.205128 4280.512821 4215.897436
4277.435897 4281.538462 4277.948718 4261.025641 4215.897436 4270.769231 4282.564103 4257.435897 4277.435897 4217.435897 4260.000000 4201.025641 4280.000000 4211.282051
4263.589744 4264.615385 4268.717949 4253.333333 4215.384615 4265.128205 4275.897436 4253.333333 4272.307692 4217.435897 4246.153846 4200.000000 4285.128205 4207.692308
4253.333333 4264.615385 4265.641026 4253.333333 4218.461538 4258.974359 4273.846154 4252.307692 4265.641026 4216.923077 4249.743590 4201.025641 4281.025641 4210.769231
4261.025641 4276.923077 4267.692308 4253.333333 4214.871795 4260.000000 4275.384615 4249.230769 4266.666667 4215.897436 4236.923077 4195.384615 4266.666667 4208.205128
4271.794872 4277.948718 4273.846154 4256.410256 4218.974359 4264.615385 4275.897436 4250.256410 4271.282051 4216.923077 4224.615385 4199.487179 4269.230769 4212.307692
4265.128205 4277.435897 4273.333333 4263.076923 4216.410256 4263.589744 4277.435897 4256.410256 4273.846154 4217.435897 4240.000000 4203.589744 4279.487179 4210.769231
4255.897436 4280.000000 4272.307692 4261.025641 4217.435897 4258.974359 4275.897436 4257.948718 4274.871795 4216.923077 4254.871795 4201.538462 4272.820513 4209.230769
4248.717949 4270.256410 4263.589744 4249.230769 4217.435897 4255.384615 4267.179487 4247.692308 4268.205128 4216.923077 4251.794872 4190.256410 4263.589744 4208.717949
4237.435897 4259.487179 4250.769231 4241.025641 4213.333333 4250.256410 4254.871795 4239.487179 4257.948718 4217.948718 4244.102564 4187.692308 4263.076923 4212.820513
4236.410256 4258.974359 4255.897436 4241.025641 4221.538462 4245.641026 4254.358974 4239.487179 4252.820513 4217.948718 4237.948718 4201.025641 4252.820513 4224.615385
4239.487179 4254.358974 4257.435897 4238.461538 4216.410256 4241.025641 4254.358974 4229.230769 4246.153846 4216.410256 4239.487179 4196.923077 4241.025641 4222.051282
4234.871795 4244.615385 4248.717949 4234.871795 4213.846154 4235.384615 4245.128205 4217.948718 4239.487179 4216.410256 4260.512821 4196.923077 4242.564103 4225.641026
4224.615385 4234.358974 4238.461538 4229.743590 4220.000000 4227.179487 4235.384615 4217.948718 4232.820513 4217.435897 4272.307692 4206.666667 4240.512821 4231.282051
4221.025641 4236.410256 4235.384615 4224.102564 4215.897436 4226.153846 4239.487179 4221.025641 4232.307692 4216.923077 4255.384615 4205.641026 4231.794872 4227.692308
4228.717949 4243.076923 4245.641026 4226.666667 4219.487179 4234.871795 4247.692308 4229.743590 4241.538462 4216.923077 4232.307692 4205.641026 4232.307692 4235.897436
4227.179487 4236.410256 4242.051282 4228.205128 4217.435897 4233.846154 4245.128205 4233.846154 4241.025641 4216.410256 4216.923077 4205.128205 4234.871795 4235.897436
4216.410256 4226.666667 4232.307692 4218.974359 4213.846154 4229.743590 4246.666667 4231.282051 4233.333333 4216.410256 4208.205128 4210.256410 4231.794872 4235.897436
4222.051282 4238.974359 4239.487179 4217.948718 4217.435897 4231.282051 4251.794872 4232.820513 4237.435897 4215.897436 4211.794872 4210.769231 4231.794872 4241.538462
4235.384615 4250.256410 4245.641026 4228.717949 4213.846154 4228.205128 4247.179487 4232.307692 4242.051282 4214.871795 4223.589744 4204.615385 4236.923077 4241.025641
4229.743590 4237.435897 4242.564103 4225.641026 4217.435897 4224.615385 4247.179487 4230.769231 4236.410256 4216.410256 4231.282051 4212.307692 4239.487179 4244.615385
4222.051282 4229.230769 4238.461538 4216.410256 4216.410256 4224.615385 4252.307692 4231.794872 4236.410256 4218.974359 4226.666667 4214.871795 4243.589744 4247.692308
4232.820513 4241.025641 4246.153846 4222.051282 4213.846154 4222.564103 4248.717949 4232.307692 4239.487179 4218.461538 4215.384615 4210.256410 4246.153846 4254.358974
4234.871795 4248.717949 4249.230769 4227.692308 4217.435897 4220.512821 4241.538462 4228.717949 4232.820513 4215.897436 4208.717949 4209.230769 4238.461538 4254.871795
4224.615385 4247.179487 4237.948718 4221.538462 4213.846154 4221.538462 4239.487179 4228.205128 4226.666667 4215.897436 4198.461538 4209.743590 4229.743590 4248.205128
4235.897436 4248.717949 4245.128205 4221.538462 4218.461538 4222.564103 4240.000000 4236.410256 4235.897436 4216.923077 4201.025641 4216.923077 4233.846154 4260.512821
4249.230769 4250.769231 4257.435897 4225.128205 4218.461538 4222.051282 4241.025641 4236.923077 4243.076923 4216.923077 4228.205128 4214.871795 4240.000000 4265.128205
4236.923077 4245.128205 4248.717949 4224.102564 4215.384615 4222.051282 4242.564103 4230.256410 4235.897436 4218.974359 4232.307692 4210.769231 4232.307692 4256.923077
4229.230769 4245.128205 4242.051282 4226.153846 4220.512821 4223.589744 4245.641026 4231.794872 4235.384615 4219.487179 4211.794872 4214.871795 4230.769231 4258.461538
4243.589744 4250.769231 4247.179487 4229.743590 4213.846154 4225.641026 4245.641026 4234.871795 4243.589744 4217.435897 4217.948718 4216.410256 4243.076923 4257.435897
4247.179487 4247.692308 4249.743590 4225.641026 4216.410256 4225.128205 4242.051282 4233.846154 4242.564103 4216.410256 4230.769231 4219.487179 4240.512821 4257.435897
4226.666667 4233.846154 4234.358974 4213.846154 4218.974359 4222.564103 4242.051282 4231.282051 4235.897436 4216.410256 4220.000000 4215.897436 4228.205128 4253.846154
4220.512821 4227.692308 4229.230769 4209.230769 4213.846154 4225.128205 4246.153846 4232.307692 4234.871795 4216.410256 4216.410256 4212.307692 4233.333333 4250.769231
4235.384615 4227.179487 4237.948718 4209.230769 4218.461538 4223.589744 4242.051282 4230.769231 4231.794872 4216.410256 4208.205128 4214.871795 4234.871795 4252.820513
4226.153846 4220.000000 4227.179487 4202.051282 4218.461538 4211.794872 4230.256410 4220.512821 4218.974359 4216.923077 4178.974359 4211.282051 4215.897436 4245.128205
4204.615385 4212.307692 4214.358974 4192.307692 4218.461538 4208.205128 4226.153846 4217.948718 4213.333333 4217.948718 4164.102564 4213.846154 4204.615385 4241.025641
4210.769231 4212.307692 4216.410256 4190.256410 4214.871795 4208.717949 4223.589744 4215.897436 4211.282051 4217.435897 4164.102564 4215.384615 4206.666667 4234.871795
4225.641026 4218.974359 4224.615385 4203.589744 4208.205128 4204.615385 4217.435897 4205.128205 4203.076923 4217.435897 4171.794872 4213.333333 4206.666667 4227.692308
4214.358974 4217.435897 4223.076923 4203.589744 4216.923077 4200.512821 4215.384615 4203.076923 4197.948718 4217.948718 4184.102564 4214.871795 4203.589744 4229.743590
4190.769231 4200.512821 4203.589744 4182.564103 4217.948718 4195.384615 4209.743590 4201.538462 4193.846154 4217.435897 4181.538462 4207.692308 4196.923077 4217.948718
4189.743590 4192.820513 4200.000000 4176.410256 4217.435897 4193.846154 4203.589744 4202.051282 4192.307692 4216.410256 4196.923077 4210.256410 4194.358974 4212.307692
4196.410256 4202.564103 4208.205128 4186.666667 4217.435897 4195.384615 4209.230769 4206.666667 4195.384615 4216.923077 4228.205128 4212.307692 4195.384615 4215.384615
4187.179487 4201.025641 4197.948718 4185.128205 4213.333333 4195.384615 4213.333333 4205.641026 4195.897436 4216.923077 4207.179487 4204.615385 4193.846154 4211.282051
4180.000000 4188.205128 4189.743590 4174.358974 4220.000000 4198.461538 4211.282051 4201.538462 4190.769231 4216.410256 4169.743590 4210.256410 4188.205128 4208.205128
4175.897436 4179.487179 4189.743590 4168.717949 4216.923077 4195.897436 4205.128205 4199.487179 4182.051282 4217.435897 4176.923077 4211.282051 4181.025641 4201.025641
4163.589744 4173.846154 4185.641026 4159.487179 4214.358974 4190.769231 4205.641026 4198.461538 4177.435897 4217.948718 4187.179487 4209.230769 4172.307692 4201.538462
4156.410256 4169.230769 4176.923077 4150.769231 4217.948718 4189.230769 4207.692308 4190.769231 4175.897436 4217.435897 4191.282051 4210.256410 4167.692308 4207.179487
4161.538462 4168.717949 4177.948718 4157.435897 4214.358974 4190.256410 4203.076923 4188.205128 4174.871795 4216.923077 4211.794872 4212.307692 4171.282051 4208.717949
4172.820513 4178.461538 4196.923077 4170.256410 4217.948718 4195.384615 4204.102564 4200.000000 4183.589744 4217.948718 4222.051282 4221.538462 4180.000000 4220.512821
4178.974359 4188.717949 4203.589744 4171.282051 4214.871795 4195.897436 4208.717949 4202.564103 4193.846154 4217.948718 4218.974359 4220.000000 4186.666667 4228.717949
4175.384615 4183.589744 4194.358974 4167.692308 4215.897436 4185.641026 4201.538462 4192.307692 4188.717949 4217.435897 4227.692308 4216.410256 4183.589744 4232.820513
4171.282051 4179.487179 4193.846154 4168.717949 4224.615385 4178.461538 4193.333333 4188.717949 4176.410256 4217.435897 4244.102564 4218.974359 4181.025641 4235.897436
4181.025641 4191.282051 4200.000000 4171.282051 4215.384615 4181.025641 4194.871795 4188.717949 4175.384615 4217.948718 4253.846154 4219.487179 4187.692308 4236.410256
4186.666667 4193.846154 4205.128205 4174.358974 4214.358974 4181.025641 4193.846154 4184.615385 4176.410256 4216.923077 4239.487179 4222.564103 4186.666667 4244.615385
4179.487179 4186.153846 4201.025641 4176.410256 4216.923077 4177.435897 4190.256410 4186.153846 4169.230769 4216.410256 4215.897436 4219.487179 4180.512821 4243.589744
4183.076923 4184.615385 4200.000000 4174.871795 4216.923077 4177.435897 4196.923077 4191.794872 4172.820513 4217.948718 4216.923077 4223.589744 4186.153846 4241.538462
4184.615385 4177.435897 4197.435897 4170.256410 4220.000000 4174.358974 4196.923077 4185.641026 4177.435897 4217.948718 4209.743590 4227.179487 4188.205128 4238.461538
4160.000000 4165.128205 4186.153846 4162.051282 4212.820513 4165.128205 4184.102564 4169.743590 4163.076923 4217.435897 4171.794872 4215.384615 4168.717949 4218.974359
4144.102564 4165.128205 4191.282051 4156.410256 4215.897436 4164.102564 4181.538462 4168.205128 4155.384615 4217.948718 4150.769231 4216.923077 4153.333333 4215.897436
4153.846154 4171.794872 4204.615385 4154.358974 4216.923077 4171.282051 4185.128205 4172.820513 4163.589744 4217.435897 4164.615385 4223.076923 4164.615385 4223.589744
4154.358974 4169.743590 4206.666667 4154.358974 4214.358974 4174.358974 4183.076923 4170.256410 4164.102564 4216.410256 4171.794872 4220.000000 4177.948718 4225.641026
4138.461538 4157.948718 4197.948718 4154.871795 4217.435897 4169.743590 4181.538462 4166.153846 4150.256410 4217.435897 4153.333333 4219.487179 4162.564103 4223.076923
4127.179487 4144.102564 4182.564103 4141.025641 4213.333333 4161.025641 4178.461538 4156.923077 4131.794872 4217.948718 4127.692308 4217.435897 4136.410256 4214.358974
4122.051282 4131.794872 4175.897436 4121.025641 4216.410256 4157.948718 4173.333333 4148.717949 4120.000000 4216.410256 4113.846154 4218.461538 4127.692308 4213.846154
4119.487179 4132.307692 4174.871795 4125.128205 4214.358974 4159.487179 4172.820513 4149.230769 4122.051282 4216.923077 4118.461538 4213.846154 4132.307692 4206.666667
4130.769231 4155.897436 4185.128205 4150.769231 4208.205128 4164.615385 4177.435897 4153.846154 4134.358974 4217.948718 4139.487179 4217.948718 4144.102564 4203.589744
4153.846154 4174.871795 4206.666667 4166.153846 4217.948718 4166.153846 4177.435897 4156.923077 4145.128205 4217.435897 4155.897436 4230.769231 4164.102564 4217.435897
4160.512821 4170.769231 4208.205128 4164.102564 4217.948718 4161.538462 4171.794872 4153.846154 4149.743590 4216.923077 4153.846154 4224.102564 4176.410256 4212.820513
4157.948718 4174.871795 4206.666667 4168.205128 4216.410256 4166.666667 4175.897436 4157.435897 4156.923077 4217.435897 4149.743590 4221.025641 4172.820513 4202.564103
4168.717949 4192.307692 4216.923077 4183.589744 4215.897436 4170.256410 4184.615385 4167.692308 4166.153846 4218.974359 4154.871795 4227.692308 4170.769231 4206.153846
4184.102564 4192.307692 4220.000000 4185.128205 4214.358974 4163.589744 4184.102564 4170.769231 4167.179487 4219.487179 4154.871795 4228.205128 4181.025641 4210.769231
4176.923077 4183.076923 4215.384615 4178.461538 4218.974359 4167.179487 4181.025641 4171.282051 4166.153846 4217.948718 4145.128205 4227.692308 4187.179487 4205.641026
4158.974359 4183.589744 4207.692308 4178.974359 4213.333333 4177.435897 4189.743590 4172.820513 4167.692308 4216.410256 4155.897436 4224.102564 4183.589744 4192.820513
4165.128205 4185.128205 4210.769231 4178.974359 4212.820513 4178.974359 4202.564103 4179.487179 4170.769231 4217.435897 4190.769231 4226.153846 4179.487179 4198.461538
4172.820513 4178.461538 4212.820513 4173.333333 4218.974359 4174.871795 4197.948718 4176.410256 4171.282051 4217.435897 4192.307692 4223.076923 4175.897436 4199.487179
4154.358974 4168.717949 4196.923077 4170.769231 4215.384615 4169.230769 4182.051282 4159.487179 4156.923077 4217.435897 4142.564103 4217.435897 4163.076923 4183.589744
4148.717949 4169.230769 4188.717949 4169.230769 4216.923077 4164.615385 4178.974359 4149.743590 4144.615385 4217.948718 4120.512821 4223.076923 4154.358974 4184.102564
4166.153846 4180.512821 4195.384615 4173.333333 4214.358974 4169.230769 4187.179487 4149.230769 4151.282051 4216.923077 4154.871795 4223.589744 4168.717949 4189.230769
4177.435897 4189.230769 4206.153846 4189.743590 4215.897436 4183.076923 4195.384615 4160.512821 4167.179487 4216.410256 4184.102564 4226.666667 4184.102564 4193.846154
4183.076923 4199.487179 4218.461538 4205.128205 4218.974359 4190.769231 4205.128205 4183.589744 4181.025641 4217.948718 4193.333333 4234.358974 4191.794872 4197.435897
4204.102564 4220.512821 4234.871795 4218.461538 4210.769231 4196.410256 4223.589744 4203.589744 4199.487179 4217.948718 4209.743590 4236.923077 4212.307692 4201.025641
4231.282051 4242.051282 4258.974359 4243.076923 4215.897436 4212.307692 4238.974359 4220.512821 4226.153846 4216.923077 4224.102564 4242.051282 4240.000000 4218.974359
4238.461538 4248.205128 4265.641026 4257.948718 4215.897436 4224.102564 4240.512821 4230.256410 4234.871795 4216.410256 4216.410256 4240.512821 4246.666667 4223.076923
4235.384615 4248.717949 4264.102564 4255.384615 4212.820513 4231.794872 4248.717949 4234.871795 4238.461538 4216.410256 4207.179487 4242.564103 4243.076923 4218.461538
4242.564103 4257.948718 4272.307692 4256.410256 4218.461538 4241.025641 4261.538462 4239.487179 4253.846154 4216.923077 4214.358974 4248.205128 4255.384615 4225.641026
4252.820513 4266.153846 4277.435897 4264.615385 4214.871795 4244.615385 4265.128205 4238.974359 4255.897436 4217.948718 4235.897436 4245.128205 4276.410256 4232.307692
4252.307692 4265.641026 4279.487179 4269.230769 4217.435897 4246.666667 4265.641026 4234.358974 4251.282051 4217.435897 4263.589744 4247.179487 4278.461538 4238.974359
4249.230769 4270.769231 4275.897436 4270.256410 4215.384615 4248.717949 4263.076923 4228.717949 4253.333333 4216.923077 4274.358974 4241.025641 4265.641026 4234.871795
4260.512821 4286.153846 4283.076923 4280.512821 4212.307692 4253.333333 4263.076923 4234.358974 4257.948718 4217.948718 4267.179487 4237.435897 4270.256410 4231.794872
4266.666667 4290.256410 4296.410256 4286.153846 4219.487179 4261.538462 4273.846154 4248.717949 4266.153846 4217.948718 4257.435897 4245.128205 4279.487179 4239.487179
4246.153846 4274.871795 4284.102564 4265.128205 4214.871795 4260.000000 4274.871795 4250.256410 4268.205128 4216.410256 4252.307692 4239.487179 4268.717949 4236.923077
4233.333333 4258.461538 4268.717949 4247.179487 4215.384615 4249.743590 4263.589744 4244.615385 4260.000000 4216.923077 4244.102564 4236.410256 4255.897436 4237.948718
4252.307692 4263.076923 4274.871795 4256.923077 4216.923077 4247.179487 4261.025641 4247.692308 4257.435897 4216.923077 4243.589744 4242.051282 4261.538462 4245.128205
4266.153846 4278.461538 4291.282051 4270.256410 4215.384615 4252.820513 4266.666667 4254.358974 4267.179487 4215.897436 4254.358974 4246.153846 4269.230769 4251.794872
4254.358974 4278.461538 4293.846154 4264.102564 4218.974359 4253.846154 4268.205128 4247.179487 4266.153846 4217.435897 4255.384615 4242.564103 4264.615385 4253.333333
4249.230769 4273.333333 4284.102564 4260.512821 4212.307692 4249.230769 4265.641026 4234.358974 4254.871795 4217.948718 4243.076923 4232.820513 4263.589744 4245.641026
4269.230769 4280.000000 4295.384615 4270.256410 4214.871795 4252.307692 4270.256410 4236.923077 4255.384615 4216.410256 4247.692308 4242.564103 4273.846154 4256.410256
4282.564103 4282.564103 4308.717949 4272.820513 4220.512821 4256.923077 4272.820513 4236.923077 4256.923077 4216.923077 4272.307692 4248.205128 4282.564103 4266.666667
4273.333333 4278.974359 4300.512821 4267.692308 4215.897436 4249.230769 4259.487179 4222.564103 4250.256410 4218.461538 4271.794872 4234.871795 4280.000000 4259.487179
4260.000000 4278.461538 4290.769231 4266.153846 4217.948718 4240.512821 4248.205128 4220.512821 4250.769231 4217.435897 4265.128205 4230.769231 4274.871795 4256.923077
4255.384615 4272.820513 4282.051282 4261.025641 4215.897436 4242.051282 4258.461538 4234.871795 4260.512821 4215.897436 4286.153846 4232.820513 4278.974359 4259.487179
4255.384615 4262.051282 4279.487179 4249.230769 4217.948718 4245.641026 4273.333333 4249.230769 4273.846154 4216.923077 4292.820513 4238.461538 4277.948718 4266.666667
4246.666667 4261.025641 4283.589744 4245.641026 4218.974359 4244.102564 4270.256410 4253.846154 4275.897436 4218.974359 4281.025641 4234.358974 4266.666667 4262.051282
4241.025641 4270.769231 4283.076923 4251.282051 4213.333333 4243.076923 4262.051282 4251.794872 4263.076923 4217.948718 4291.282051 4224.102564 4256.923077 4253.846154
4254.871795 4280.000000 4288.717949 4251.794872 4217.948718 4245.641026 4265.128205 4247.692308 4257.948718 4216.923077 4301.025641 4227.692308 4262.564103 4265.128205
4261.025641 4276.410256 4288.717949 4251.794872 4216.923077 4243.076923 4263.076923 4236.923077 4256.410256 4217.948718 4276.923077 4226.666667 4264.615385 4266.666667
4243.076923 4262.051282 4274.871795 4247.179487 4220.512821 4232.820513 4249.743590 4226.153846 4243.589744 4217.948718 4257.435897 4223.589744 4250.769231 4257.948718
4235.897436 4258.974359 4264.615385 4235.384615 4220.512821 4224.615385 4241.025641 4218.974359 4234.358974 4217.435897 4261.538462 4220.512821 4249.230769 4252.307692
4247.692308 4263.589744 4269.743590 4230.769231 4209.743590 4222.564103 4237.948718 4208.717949 4232.820513 4217.435897 4260.000000 4218.974359 4257.948718 4253.846154
4246.666667 4252.820513 4274.871795 4234.871795 4216.923077 4223.589744 4232.820513 4203.589744 4224.615385 4216.923077 4254.358974 4224.615385 4247.692308 4259.487179
4229.743590 4244.615385 4259.487179 4231.794872 4217.948718 4220.000000 4232.307692 4209.230769 4217.435897 4217.435897 4253.846154 4217.948718 4232.820513 4246.666667
4227.179487 4256.410256 4253.846154 4228.717949 4213.846154 4224.102564 4246.153846 4221.025641 4230.256410 4217.435897 4262.564103 4216.410256 4236.923077 4243.076923
4244.615385 4261.538462 4270.769231 4237.435897 4215.897436 4235.384615 4255.897436 4229.743590 4243.076923 4217.435897 4276.923077 4224.615385 4246.153846 4252.307692
4248.205128 4251.794872 4271.282051 4236.923077 4213.333333 4236.410256 4251.282051 4235.384615 4243.076923 4216.923077 4273.333333 4224.102564 4243.076923 4249.230769
4227.692308 4243.076923 4255.384615 4221.025641 4219.487179 4230.769231 4250.256410 4242.051282 4244.102564 4217.435897 4249.743590 4222.051282 4243.589744 4249.230769
4220.000000 4240.512821 4247.692308 4215.384615 4218.461538 4229.230769 4250.256410 4237.948718 4243.589744 4217.948718 4243.589744 4217.435897 4257.435897 4246.666667
4246.666667 4249.230769 4265.641026 4232.820513 4214.871795 4233.333333 4244.102564 4229.230769 4238.974359 4217.435897 4262.564103 4222.051282 4265.128205 4247.179487
4263.076923 4266.153846 4280.512821 4246.153846 4221.025641 4237.948718 4242.564103 4227.692308 4233.333333 4217.435897 4267.179487 4227.179487 4253.333333 4253.333333
4242.051282 4265.128205 4262.051282 4234.871795 4216.923077 4236.923077 4246.153846 4216.410256 4223.589744 4217.435897 4250.256410 4213.846154 4242.564103 4246.153846
4228.717949 4249.230769 4251.282051 4225.128205 4217.435897 4231.794872 4243.589744 4206.153846 4219.487179 4217.948718 4243.076923 4212.307692 4243.589744 4242.051282
4246.666667 4246.153846 4267.179487 4231.282051 4216.923077 4227.179487 4243.589744 4212.820513 4227.692308 4217.435897 4252.307692 4222.051282 4248.205128 4245.641026
4254.871795 4247.179487 4276.410256 4232.307692 4214.358974 4231.282051 4253.333333 4227.179487 4237.948718 4216.923077 4258.974359 4227.179487 4248.205128 4251.794872
4233.333333 4240.512821 4262.051282 4223.589744 4218.974359 4231.282051 4257.435897 4235.897436 4244.102564 4217.435897 4250.769231 4221.538462 4248.717949 4252.307692
4226.666667 4247.179487 4252.820513 4225.641026 4214.358974 4224.615385 4249.743590 4237.435897 4248.205128 4216.410256 4248.717949 4216.410256 4257.948718 4247.179487
4254.871795 4266.666667 4275.384615 4240.512821 4217.948718 4231.794872 4251.794872 4244.615385 4256.923077 4216.923077 4265.128205 4227.179487 4264.102564 4262.564103
4260.512821 4262.051282 4277.948718 4237.948718 4221.025641 4239.487179 4262.564103 4245.641026 4261.025641 4217.435897 4266.153846 4223.076923 4253.846154 4268.717949
4228.717949 4235.897436 4244.615385 4219.487179 4215.384615 4230.769231 4257.435897 4236.410256 4249.743590 4216.410256 4242.051282 4209.230769 4244.102564 4253.846154
4216.410256 4229.743590 4236.410256 4219.487179 4218.461538 4226.153846 4248.205128 4230.769231 4236.923077 4216.923077 4242.051282 4212.307692 4242.564103 4253.333333
4235.384615 4241.025641 4255.897436 4230.256410 4214.871795 4230.769231 4251.282051 4229.230769 4235.897436 4217.948718 4265.128205 4213.333333 4240.512821 4261.025641
4246.153846 4240.000000 4266.666667 4227.692308 4216.923077 4230.769231 4254.871795 4228.205128 4240.000000 4217.435897 4248.717949 4214.871795 4240.512821 4269.230769
4231.794872 4230.769231 4252.307692 4220.512821 4218.461538 4227.179487 4247.179487 4224.615385 4235.897436 4216.923077 4209.230769 4209.230769 4244.102564 4263.589744
4221.538462 4230.769231 4241.538462 4222.051282 4215.897436 4224.102564 4237.948718 4220.512821 4228.717949 4216.410256 4210.769231 4202.564103 4245.128205 4255.897436
4234.358974 4232.307692 4256.410256 4221.025641 4224.102564 4220.512821 4239.487179 4220.512821 4232.820513 4217.435897 4222.051282 4210.256410 4245.641026 4264.615385
4234.871795 4222.564103 4257.948718 4214.358974 4218.461538 4220.512821 4241.538462 4221.025641 4235.897436 4217.948718 4212.307692 4208.205128 4241.025641 4257.948718
4213.333333 4211.794872 4243.076923 4212.307692 4215.384615 4224.102564 4240.512821 4226.153846 4228.205128 4217.948718 4233.333333 4204.615385 4234.871795 4246.666667
4210.769231 4214.358974 4240.000000 4210.256410 4220.512821 4217.435897 4238.974359 4225.128205 4221.538462 4216.923077 4271.794872 4206.666667 4234.358974 4246.153846
4230.769231 4216.410256 4249.743590 4206.666667 4216.923077 4210.769231 4241.025641 4215.897436 4223.589744 4216.923077 4275.384615 4204.102564 4235.384615 4248.205128
4231.282051 4205.128205 4245.641026 4203.076923 4217.948718 4214.871795 4237.435897 4217.435897 4223.589744 4217.948718 4264.615385 4204.102564 4228.205128 4244.102564
4203.589744 4198.974359 4224.102564 4198.461538 4215.384615 4211.282051 4228.205128 4218.461538 4214.871795 4217.435897 4265.641026 4200.512821 4220.512821 4227.179487
4198.461538 4206.666667 4224.102564 4199.487179 4216.410256 4206.153846 4233.846154 4214.871795 4216.923077 4217.435897 4270.769231 4202.564103 4221.538462 4228.717949
4216.923077 4207.692308 4234.358974 4202.051282 4220.512821 4210.769231 4240.512821 4215.897436 4226.153846 4218.461538 4266.153846 4202.051282 4223.589744 4234.358974
4203.076923 4193.333333 4221.025641 4192.307692 4214.358974 4206.153846 4227.179487 4212.820513 4216.923077 4218.461538 4252.820513 4196.923077 4215.897436 4221.025641
4180.000000 4190.256410 4210.256410 4182.051282 4216.410256 4198.974359 4218.974359 4209.743590 4209.743590 4216.923077 4248.205128 4200.512821 4210.769231 4219.487179
4191.794872 4206.666667 4214.871795 4191.282051 4214.358974 4202.564103 4227.692308 4206.153846 4218.461538 4216.923077 4260.512821 4196.410256 4217.948718 4222.564103
4214.358974 4212.307692 4226.153846 4203.589744 4214.871795 4208.205128 4231.282051 4203.076923 4224.102564 4218.461538 4269.230769 4197.435897 4224.102564 4222.564103
4208.717949 4203.589744 4231.282051 4201.025641 4221.025641 4209.743590 4226.666667 4206.666667 4221.538462 4217.948718 4265.128205 4205.128205 4226.666667 4224.615385
4194.358974 4207.179487 4223.076923 4193.846154 4215.897436 4208.205128 4230.256410 4210.256410 4220.000000 4216.923077 4253.846154 4203.076923 4231.794872 4223.589744
4205.128205 4216.410256 4226.666667 4196.410256 4217.435897 4211.282051 4236.410256 4212.820513 4221.025641 4217.948718 4234.358974 4204.615385 4236.410256 4231.794872
4212.820513 4206.666667 4233.333333 4195.384615 4218.461538 4217.435897 4237.948718 4211.794872 4215.384615 4217.435897 4216.923077 4204.615385 4229.743590 4234.358974
4196.923077 4193.846154 4227.692308 4187.692308 4218.461538 4217.948718 4234.871795 4211.794872 4214.871795 4215.897436 4214.358974 4208.205128 4218.461538 4232.307692
4195.384615 4204.615385 4224.615385 4190.769231 4219.487179 4215.384615 4235.384615 4218.974359 4225.641026 4216.410256 4221.538462 4211.794872 4224.102564 4237.435897
4222.051282 4221.025641 4229.743590 4204.615385 4212.307692 4217.948718 4239.487179 4219.487179 4228.717949 4217.435897 4230.256410 4207.179487 4238.461538 4239.487179
4233.846154 4221.538462 4236.410256 4207.179487 4219.487179 4217.435897 4238.974359 4216.923077 4225.128205 4216.410256 4234.358974 4212.820513 4237.435897 4244.102564
4213.333333 4214.871795 4226.153846 4195.897436 4222.564103 4210.256410 4234.871795 4218.974359 4224.102564 4215.384615 4228.205128 4211.794872 4228.717949 4241.025641
4194.358974 4210.769231 4210.256410 4185.641026 4217.435897 4209.743590 4232.307692 4215.897436 4218.974359 4217.435897 4213.846154 4204.102564 4221.538462 4236.923077
4186.153846 4197.435897 4204.102564 4174.871795 4221.025641 4211.282051 4228.205128 4202.051282 4199.487179 4218.461538 4191.794872 4202.051282 4199.487179 4233.333333
4181.025641 4181.538462 4202.564103 4165.641026 4217.435897 4207.179487 4221.025641 4195.384615 4182.051282 4216.923077 4169.230769 4202.051282 4172.307692 4219.487179
4182.564103 4180.512821 4205.641026 4166.153846 4216.410256 4210.769231 4228.717949 4206.153846 4186.666667 4216.410256 4165.641026 4208.205128 4175.384615 4220.512821
4190.256410 4193.333333 4207.692308 4175.897436 4216.410256 4218.461538 4239.487179 4214.871795 4204.615385 4216.410256 4182.051282 4209.743590 4205.641026 4222.564103
4209.230769 4211.794872 4220.512821 4196.410256 4213.846154 4221.538462 4237.948718 4218.461538 4218.461538 4216.410256 4205.128205 4210.256410 4229.743590 4218.974359
4226.666667 4222.051282 4241.025641 4207.179487 4217.435897 4221.025641 4235.897436 4220.512821 4218.974359 4217.435897 4211.282051 4215.384615 4229.743590 4220.512821
4214.871795 4220.000000 4229.230769 4198.461538 4213.333333 4213.846154 4233.333333 4215.384615 4210.256410 4216.923077 4199.487179 4210.769231 4225.641026 4210.769231
4197.435897 4213.846154 4210.256410 4191.282051 4217.435897 4208.717949 4226.666667 4211.282051 4208.717949 4216.410256 4208.717949 4211.282051 4229.230769 4204.102564
4208.205128 4210.256410 4219.487179 4196.923077 4223.589744 4207.692308 4222.564103 4210.256410 4210.769231 4218.461538 4232.820513 4209.743590 4229.230769 4201.025641
4224.102564 4214.871795 4233.846154 4202.051282 4217.948718 4212.820513 4229.230769 4215.384615 4213.846154 4220.000000 4224.102564 4205.128205 4227.692308 4198.461538
4220.000000 4215.384615 4229.743590 4202.051282 4219.487179 4218.461538 4229.743590 4222.564103 4219.487179 4217.948718 4195.384615 4208.717949 4228.717949 4202.051282
4206.153846 4203.589744 4214.358974 4197.435897 4214.871795 4210.256410 4217.435897 4211.282051 4211.794872 4215.897436 4192.307692 4205.641026 4224.102564 4193.846154
4208.205128 4203.076923 4217.948718 4197.435897 4218.461538 4202.564103 4213.846154 4201.538462 4196.923077 4216.923077 4201.538462 4207.179487 4212.820513 4188.717949
4220.000000 4214.871795 4230.256410 4206.153846 4223.589744 4206.153846 4216.923077 4208.205128 4193.333333 4216.410256 4198.974359 4211.282051 4206.666667 4188.717949
4214.871795 4207.692308 4225.128205 4203.589744 4213.333333 4204.615385 4214.871795 4207.179487 4194.871795 4216.923077 4193.846154 4208.205128 4208.717949 4180.512821
4205.641026 4200.000000 4221.538462 4200.512821 4217.435897 4203.076923 4216.923077 4204.615385 4195.384615 4217.435897 4197.435897 4211.282051 4217.435897 4184.615385
4217.948718 4221.538462 4228.205128 4216.410256 4222.051282 4215.384615 4226.666667 4209.230769 4202.051282 4217.435897 4207.692308 4207.179487 4226.153846 4190.769231
4243.076923 4243.589744 4241.538462 4233.846154 4223.076923 4231.282051 4237.435897 4221.025641 4215.897436 4218.974359 4213.846154 4205.641026 4229.743590 4192.307692
4250.769231 4248.205128 4250.256410 4241.025641 4223.076923 4238.461538 4250.256410 4235.384615 4230.256410 4217.948718 4217.948718 4211.282051 4237.435897 4191.282051
4250.769231 4255.384615 4254.871795 4250.769231 4212.307692 4244.615385 4261.025641 4243.589744 4243.076923 4215.384615 4229.743590 4212.820513 4254.871795 4194.358974
4270.769231 4271.282051 4272.820513 4264.102564 4216.410256 4253.333333 4262.051282 4249.743590 4261.025641 4215.897436 4244.102564 4216.923077 4272.820513 4207.179487
4287.692308 4280.000000 4281.538462 4273.333333 4219.487179 4260.512821 4267.179487 4257.435897 4268.205128 4217.435897 4255.384615 4214.871795 4281.025641 4202.051282
4277.948718 4279.487179 4278.461538 4282.051282 4215.897436 4268.205128 4281.538462 4270.256410 4268.717949 4216.410256 4268.205128 4215.384615 4281.025641 4197.435897
4269.230769 4282.051282 4280.000000 4283.589744 4216.923077 4269.743590 4286.153846 4276.410256 4276.410256 4217.435897 4292.820513 4218.974359 4281.538462 4204.102564
4280.000000 4282.564103 4277.435897 4276.410256 4215.384615 4265.641026 4277.435897 4264.615385 4280.000000 4218.461538 4316.923077 4213.846154 4282.564103 4201.538462
4286.666667 4277.948718 4275.897436 4274.871795 4221.025641 4270.769231 4280.000000 4261.025641 4279.487179 4216.923077 4323.076923 4214.358974 4277.435897 4201.025641
4284.615385 4285.128205 4276.410256 4278.974359 4217.435897 4275.897436 4288.205128 4271.282051 4287.692308 4216.923077 4326.153846 4214.871795 4276.923077 4200.512821
4291.282051 4295.384615 4280.512821 4280.512821 4214.871795 4271.282051 4287.692308 4273.333333 4296.410256 4217.948718 4342.564103 4218.974359 4290.769231 4209.230769
4295.897436 4285.128205 4281.538462 4279.487179 4222.564103 4269.230769 4282.051282 4269.743590 4292.307692 4216.410256 4349.743590 4219.487179 4300.000000 4218.461538
4285.641026 4275.384615 4271.794872 4277.435897 4216.923077 4266.666667 4276.923077 4270.769231 4286.666667 4216.410256 4335.897436 4209.743590 4290.769231 4209.230769
4281.025641 4279.487179 4270.769231 4270.256410 4218.461538 4264.102564 4276.923077 4271.282051 4287.692308 4217.948718 4313.846154 4214.871795 4280.512821 4210.769231
4287.692308 4273.846154 4272.820513 4262.051282 4219.487179 4268.717949 4284.615385 4266.666667 4286.153846 4216.410256 4296.923077 4217.948718 4283.589744 4218.974359
4287.692308 4260.512821 4268.205128 4260.512821 4215.897436 4271.794872 4286.153846 4267.692308 4281.538462 4215.384615 4288.205128 4213.846154 4280.000000 4214.358974
4284.102564 4266.666667 4267.179487 4265.128205 4219.487179 4266.666667 4281.538462 4274.358974 4288.205128 4216.923077 4290.256410 4216.923077 4272.820513 4213.846154
4286.153846 4276.923077 4269.743590 4269.743590 4213.846154 4265.128205 4284.615385 4275.384615 4298.974359 4217.435897 4297.435897 4216.410256 4285.128205 4220.000000
4290.769231 4270.769231 4273.333333 4268.717949 4214.358974 4265.128205 4285.641026 4274.358974 4297.435897 4217.435897 4296.410256 4217.948718 4294.358974 4228.717949
4286.666667 4259.487179 4266.153846 4262.564103 4215.897436 4259.487179 4274.358974 4270.256410 4287.692308 4217.948718 4283.076923 4213.846154 4281.025641 4222.051282
4276.923077 4261.538462 4260.512821 4260.000000 4214.358974 4259.487179 4271.282051 4265.128205 4282.051282 4217.435897 4271.282051 4208.205128 4270.256410 4214.358974
4283.076923 4276.410256 4273.846154 4269.743590 4218.461538 4267.692308 4285.128205 4267.179487 4286.153846 4216.923077 4284.102564 4212.307692 4281.025641 4221.538462
4294.871795 4281.025641 4279.487179 4276.923077 4212.820513 4266.153846 4287.179487 4264.615385 4283.076923 4217.948718 4301.538462 4211.282051 4283.076923 4222.051282
4287.179487 4267.692308 4269.743590 4269.743590 4214.871795 4257.948718 4274.871795 4258.461538 4271.794872 4216.410256 4289.230769 4210.256410 4267.692308 4221.025641
4270.769231 4255.897436 4257.948718 4256.923077 4220.512821 4253.333333 4272.307692 4255.384615 4268.717949 4215.384615 4270.769231 4208.205128 4264.102564 4215.897436
4276.410256 4261.025641 4257.948718 4260.000000 4214.358974 4249.230769 4272.307692 4251.282051 4272.307692 4217.948718 4275.384615 4207.692308 4281.025641 4210.256410
4292.307692 4266.153846 4270.769231 4271.282051 4216.923077 4245.641026 4266.666667 4250.769231 4272.307692 4218.974359 4288.205128 4214.871795 4287.179487 4220.000000
4281.025641 4253.333333 4263.076923 4262.051282 4217.948718 4241.538462 4258.461538 4247.179487 4267.692308 4216.410256 4278.461538 4210.256410 4270.256410 4214.871795
4265.128205 4242.564103 4248.717949 4245.128205 4216.923077 4238.461538 4253.333333 4242.051282 4265.128205 4215.897436 4261.538462 4209.743590 4259.487179 4204.615385
4272.820513 4245.641026 4248.717949 4246.666667 4215.897436 4240.512821 4257.948718 4245.641026 4261.538462 4216.923077 4260.512821 4215.897436 4264.102564 4209.230769
4275.384615 4241.025641 4246.666667 4247.692308 4214.358974 4241.538462 4266.153846 4248.717949 4261.025641 4216.923077 4260.512821 4213.333333 4261.538462 4215.897436
4263.589744 4229.230769 4238.974359 4234.871795 4223.589744 4244.615385 4269.230769 4247.179487 4265.128205 4216.923077 4249.230769 4212.307692 4248.205128 4218.974359
4250.769231 4228.205128 4224.615385 4229.230769 4217.948718 4244.615385 4266.666667 4244.615385 4260.512821 4216.923077 4237.948718 4208.717949 4243.589744 4213.333333
4243.076923 4228.205128 4216.923077 4233.333333 4213.333333 4242.564103 4267.179487 4246.666667 4254.871795 4216.410256 4240.512821 4210.769231 4249.230769 4216.923077
4241.538462 4224.102564 4215.384615 4231.282051 4223.076923 4238.461538 4261.538462 4242.051282 4249.743590 4217.435897 4231.794872 4212.307692 4241.538462 4221.025641
4245.641026 4225.128205 4211.282051 4229.230769 4220.000000 4229.743590 4246.153846 4225.128205 4236.410256 4218.461538 4213.333333 4205.641026 4227.179487 4212.820513
4253.846154 4229.743590 4218.974359 4239.487179 4217.435897 4226.153846 4240.512821 4223.589744 4232.820513 4217.435897 4231.282051 4210.769231 4228.717949 4220.000000
4258.974359 4242.051282 4225.128205 4248.717949 4212.307692 4229.230769 4244.102564 4232.307692 4244.615385 4217.435897 4265.128205 4214.358974 4242.564103 4229.230769
4265.128205 4249.230769 4225.641026 4250.256410 4214.358974 4231.282051 4248.205128 4235.384615 4250.769231 4216.923077 4264.102564 4216.410256 4250.256410 4234.358974
4269.743590 4240.000000 4229.743590 4249.230769 4223.076923 4230.256410 4250.256410 4234.871795 4244.102564 4216.410256 4242.564103 4218.974359 4245.641026 4236.923077
4261.025641 4232.307692 4226.153846 4244.102564 4214.871795 4230.256410 4250.256410 4233.333333 4237.948718 4215.897436 4235.384615 4215.897436 4234.871795 4231.794872
4244.102564 4228.717949 4214.358974 4234.358974 4215.384615 4232.820513 4252.307692 4236.410256 4240.000000 4216.923077 4228.205128 4215.897436 4227.692308 4230.769231
4230.256410 4220.000000 4200.512821 4228.205128 4217.948718 4233.333333 4252.820513 4235.897436 4237.435897 4217.435897 4225.128205 4210.769231 4227.179487 4223.076923
4234.358974 4222.051282 4205.641026 4232.307692 4215.897436 4236.923077 4251.794872 4239.487179 4236.923077 4217.948718 4255.897436 4214.358974 4231.282051 4224.102564
4245.128205 4229.230769 4217.948718 4234.358974 4218.461538 4235.384615 4251.282051 4245.128205 4247.179487 4217.948718 4278.974359 4221.025641 4232.820513 4236.410256
4239.487179 4223.076923 4208.205128 4229.230769 4211.282051 4228.205128 4247.692308 4234.871795 4247.179487 4216.923077 4265.128205 4212.820513 4228.205128 4226.666667
4234.358974 4222.051282 4204.615385 4230.256410 4215.384615 4231.794872 4250.256410 4233.333333 4239.487179 4217.435897 4265.128205 4216.410256 4228.717949 4220.000000
4244.615385 4230.256410 4217.435897 4233.846154 4218.974359 4238.461538 4257.435897 4242.051282 4239.487179 4217.435897 4275.897436 4221.538462 4235.897436 4223.589744
4254.358974 4230.769231 4222.564103 4232.307692 4212.820513 4236.923077 4255.897436 4235.897436 4237.948718 4215.897436 4245.641026 4216.923077 4233.333333 4224.102564
4253.846154 4226.153846 4219.487179 4231.282051 4214.358974 4232.307692 4247.179487 4225.128205 4234.358974 4216.923077 4221.025641 4218.461538 4224.102564 4219.487179
4251.282051 4228.205128 4216.923077 4231.282051 4212.307692 4229.743590 4245.641026 4230.256410 4234.871795 4218.461538 4248.717949 4218.974359 4229.743590 4205.128205
4257.948718 4233.846154 4228.717949 4231.282051 4214.871795 4233.333333 4252.307692 4242.564103 4242.051282 4218.461538 4267.692308 4228.717949 4244.102564 4206.666667
4262.051282 4230.256410 4232.820513 4230.769231 4215.384615 4237.435897 4253.333333 4243.589744 4250.769231 4215.384615 4244.102564 4230.769231 4242.564103 4206.666667
4253.846154 4220.512821 4222.051282 4228.717949 4208.205128 4237.435897 4251.282051 4240.512821 4252.307692 4215.384615 4227.179487 4221.538462 4226.666667 4186.153846
4249.743590 4226.153846 4222.051282 4230.256410 4214.358974 4235.897436 4251.282051 4240.000000 4243.589744 4217.948718 4233.846154 4221.538462 4225.128205 4174.871795
4249.230769 4232.820513 4217.948718 4227.179487 4214.871795 4226.666667 4240.000000 4226.153846 4223.589744 4217.948718 4229.230769 4217.948718 4231.794872 4168.205128
4243.589744 4219.487179 4211.794872 4217.435897 4215.384615 4220.512821 4229.743590 4212.307692 4207.179487 4216.410256 4209.743590 4214.358974 4217.948718 4159.487179
4242.051282 4212.307692 4217.435897 4221.025641 4216.923077 4226.666667 4234.871795 4216.923077 4204.615385 4217.435897 4203.076923 4214.871795 4201.538462 4147.179487
4248.205128 4228.205128 4218.974359 4229.230769 4212.307692 4228.717949 4238.974359 4221.538462 4212.820513 4218.461538 4213.846154 4216.410256 4213.333333 4138.461538
4249.230769 4230.769231 4211.282051 4220.000000 4216.923077 4225.641026 4232.307692 4216.410256 4221.025641 4217.435897 4236.923077 4220.000000 4234.358974 4135.897436
4240.000000 4216.410256 4205.128205 4210.769231 4213.333333 4221.025641 4224.102564 4213.846154 4220.512821 4216.923077 4258.974359 4215.897436 4234.358974 4121.538462
4235.897436 4214.358974 4210.769231 4215.384615 4212.820513 4220.512821 4224.102564 4221.538462 4221.025641 4217.948718 4249.743590 4218.461538 4222.564103 4115.897436
4246.666667 4225.641026 4216.410256 4218.974359 4217.435897 4223.076923 4227.692308 4225.128205 4226.153846 4217.435897 4231.282051 4221.538462 4228.717949 4116.410256
4267.692308 4240.000000 4221.025641 4226.153846 4211.794872 4222.564103 4226.666667 4220.512821 4230.256410 4216.923077 4264.102564 4221.025641 4253.846154 4114.871795
4288.205128 4258.461538 4239.487179 4243.076923 4216.410256 4223.589744 4229.230769 4224.102564 4227.179487 4217.948718 4306.153846 4229.230769 4269.743590 4125.128205
4295.897436 4275.897436 4250.769231 4251.282051 4216.410256 4229.743590 4235.384615 4220.512821 4218.461538 4217.435897 4291.282051 4227.692308 4265.128205 4123.589744
4298.974359 4277.435897 4253.333333 4248.205128 4212.820513 4230.769231 4232.820513 4211.794872 4218.461538 4215.897436 4273.846154 4225.128205 4262.564103 4117.435897
4305.641026 4279.487179 4259.487179 4253.846154 4217.435897 4225.641026 4227.179487 4212.307692 4224.615385 4217.435897 4288.717949 4231.282051 4276.923077 4122.564103
4314.358974 4293.333333 4265.128205 4266.666667 4213.846154 4223.589744 4227.692308 4212.820513 4221.025641 4218.974359 4295.897436 4235.897436 4290.256410 4127.692308
4316.410256 4289.743590 4267.179487 4260.000000 4216.923077 4227.692308 4228.205128 4211.794872 4213.846154 4218.461538 4277.948718 4238.974359 4278.461538 4129.230769
4291.282051 4261.538462 4251.794872 4234.871795 4217.948718 4225.128205 4222.564103 4211.794872 4208.717949 4216.923077 4254.358974 4231.794872 4252.820513 4114.358974
4263.076923 4246.153846 4234.871795 4223.076923 4214.871795 4224.615385 4217.948718 4212.820513 4206.153846 4216.923077 4242.564103 4228.205128 4240.000000 4105.641026
4261.538462 4247.692308 4229.743590 4218.974359 4216.923077 4227.692308 4216.410256 4208.205128 4202.051282 4217.948718 4234.358974 4228.717949 4238.461538 4112.307692
4255.384615 4227.692308 4215.897436 4201.538462 4212.820513 4221.025641 4209.230769 4193.333333 4186.666667 4217.948718 4213.333333 4220.512821 4221.025641 4107.179487
4221.538462 4193.333333 4197.435897 4183.076923 4217.948718 4211.282051 4202.051282 4184.615385 4167.692308 4216.923077 4200.512821 4222.051282 4183.589744 4098.974359
4196.410256 4185.641026 4186.666667 4177.435897 4217.435897 4209.743590 4206.666667 4191.794872 4168.205128 4217.435897 4210.256410 4222.564103 4164.615385 4089.743590
4211.282051 4205.128205 4194.358974 4184.615385 4213.333333 4217.948718 4216.923077 4203.076923 4186.666667 4217.435897 4217.435897 4218.974359 4185.128205 4086.666667
4233.333333 4217.435897 4209.743590 4197.435897 4218.974359 4221.025641 4210.256410 4197.435897 4191.282051 4216.410256 4218.974359 4220.000000 4205.641026 4094.871795
4229.230769 4211.794872 4210.256410 4196.923077 4214.358974 4212.820513 4195.897436 4187.692308 4180.512821 4216.923077 4236.410256 4219.487179 4201.538462 4093.333333
4215.384615 4204.102564 4208.717949 4186.666667 4215.384615 4208.717949 4201.538462 4192.307692 4185.128205 4216.923077 4234.871795 4224.102564 4196.410256 4089.230769
4208.717949 4198.461538 4204.615385 4182.051282 4217.435897 4210.256410 4209.743590 4193.333333 4191.794872 4216.410256 4197.948718 4220.000000 4201.025641 4081.538462
4215.384615 4195.897436 4204.615385 4183.589744 4214.871795 4210.256410 4203.076923 4189.230769 4187.179487 4217.948718 4177.948718 4214.358974 4202.051282 4078.461538
4223.589744 4199.487179 4216.410256 4187.179487 4220.000000 4210.769231 4204.615385 4199.487179 4190.769231 4217.948718 4181.538462 4218.461538 4195.897436 4081.538462
4214.358974 4202.051282 4213.846154 4192.307692 4213.846154 4215.384615 4210.769231 4198.461538 4193.333333 4216.923077 4171.282051 4208.717949 4186.153846 4070.256410
4205.128205 4198.974359 4210.256410 4192.820513 4214.871795 4218.974359 4206.666667 4190.769231 4186.666667 4217.435897 4158.974359 4206.153846 4182.564103 4069.743590
4208.717949 4196.410256 4218.974359 4189.230769 4218.974359 4223.076923 4211.282051 4204.102564 4190.769231 4217.435897 4167.179487 4210.769231 4187.179487 4076.923077
4204.615385 4190.256410 4216.410256 4182.051282 4214.358974 4226.666667 4223.589744 4217.948718 4200.512821 4216.923077 4170.256410 4205.641026 4185.128205 4071.282051
4196.923077 4181.538462 4207.692308 4174.871795 4219.487179 4228.717949 4222.051282 4213.846154 4206.153846 4217.948718 4163.589744 4200.512821 4181.025641 4071.282051
4200.512821 4186.153846 4207.692308 4177.435897 4218.461538 4231.794872 4220.512821 4212.820513 4209.230769 4216.923077 4171.794872 4194.358974 4183.076923 4072.820513
4208.205128 4200.512821 4218.461538 4186.666667 4216.923077 4238.461538 4232.820513 4225.641026 4211.282051 4215.384615 4180.000000 4196.923077 4184.102564 4080.512821
4218.461538 4206.153846 4227.179487 4193.846154 4217.948718 4240.000000 4239.487179 4230.256410 4215.384615 4215.897436 4184.102564 4199.487179 4189.230769 4091.282051
4220.000000 4201.538462 4230.769231 4201.025641 4211.794872 4242.051282 4240.512821 4231.282051 4226.666667 4216.923077 4210.769231 4197.948718 4201.025641 4095.384615
4207.692308 4204.102564 4234.871795 4207.179487 4216.923077 4256.410256 4254.871795 4248.717949 4243.076923 4217.948718 4240.512821 4203.589744 4208.717949 4107.179487
4209.743590 4218.974359 4234.871795 4211.282051 4216.923077 4270.769231 4271.794872 4264.102564 4261.025641 4216.410256 4233.333333 4204.102564 4219.487179 4115.384615
4235.897436 4228.717949 4243.076923 4222.564103 4214.871795 4271.282051 4272.307692 4264.102564 4269.743590 4215.384615 4219.487179 4210.256410 4234.871795 4125.128205
4249.743590 4227.692308 4253.846154 4233.333333 4216.923077 4266.666667 4264.615385 4261.538462 4264.615385 4216.923077 4226.153846 4216.410256 4238.461538 4132.307692
4242.051282 4231.794872 4253.333333 4235.384615 4214.358974 4269.743590 4267.692308 4261.025641 4262.564103 4217.435897 4231.282051 4209.743590 4232.307692 4131.282051
4246.153846 4239.487179 4257.948718 4234.871795 4220.000000 4277.948718 4275.897436 4263.589744 4270.769231 4215.897436 4232.307692 4209.743590 4231.794872 4137.435897
4255.897436 4238.974359 4255.384615 4236.410256 4216.923077 4273.846154 4272.820513 4259.487179 4269.230769 4215.897436 4231.282051 4207.692308 4237.435897 4138.461538
4249.743590 4229.743590 4247.692308 4232.820513 4214.358974 4266.666667 4265.641026 4252.307692 4257.435897 4217.435897 4218.461538 4206.666667 4231.282051 4143.589744
4237.435897 4222.564103 4243.589744 4223.589744 4221.538462 4264.102564 4263.589744 4246.666667 4248.717949 4216.923077 4208.717949 4209.743590 4217.435897 4150.256410
4231.282051 4217.435897 4229.743590 4211.794872 4216.410256 4255.897436 4255.384615 4239.487179 4242.051282 4215.897436 4211.282051 4207.179487 4216.410256 4142.564103
4236.923077 4211.282051 4228.205128 4205.641026 4215.384615 4251.794872 4248.205128 4242.564103 4244.615385 4216.410256 4214.358974 4209.743590 4219.487179 4146.666667
4244.102564 4214.871795 4241.538462 4210.256410 4216.410256 4255.897436 4253.333333 4248.717949 4255.384615 4216.923077 4216.923077 4214.358974 4219.487179 4155.384615
4238.974359 4215.384615 4242.564103 4210.256410 4216.923077 4256.410256 4257.435897 4244.615385 4256.410256 4216.410256 4213.846154 4217.435897 4223.589744 4160.000000
4226.153846 4203.076923 4231.794872 4207.179487 4220.512821 4255.384615 4258.461538 4244.615385 4251.794872 4216.410256 4211.794872 4218.974359 4226.153846 4163.589744
4216.923077 4198.461538 4222.564103 4209.230769 4212.820513 4254.871795 4254.871795 4248.717949 4249.230769 4216.923077 4226.666667 4215.897436 4216.923077 4161.025641
4224.615385 4212.820513 4226.153846 4213.846154 4217.435897 4253.333333 4250.256410 4248.205128 4251.794872 4216.923077 4234.358974 4220.512821 4212.307692 4168.717949
4239.487179 4228.717949 4231.794872 4221.538462 4220.512821 4255.384615 4251.794872 4245.641026 4254.358974 4217.435897 4232.820513 4217.435897 4218.974359 4171.794872
4240.512821 4232.307692 4235.897436 4233.333333 4213.333333 4262.564103 4258.974359 4247.692308 4251.282051 4217.948718 4252.307692 4216.923077 4221.538462 4167.692308
4230.256410 4232.820513 4238.974359 4233.333333 4216.923077 4264.615385 4262.051282 4249.743590 4248.205128 4217.435897 4263.589744 4225.128205 4216.410256 4169.743590
4224.615385 4228.205128 4229.230769 4218.974359 4215.897436 4258.461538 4257.435897 4243.589744 4248.205128 4216.410256 4243.076923 4220.000000 4212.307692 4167.179487
4228.717949 4218.974359 4223.589744 4212.820513 4217.435897 4254.871795 4250.769231 4241.538462 4247.692308 4215.897436 4245.641026 4217.948718 4215.384615 4173.846154
4226.666667 4213.846154 4222.564103 4208.717949 4217.435897 4252.307692 4248.205128 4243.589744 4244.102564 4215.384615 4270.769231 4218.461538 4220.000000 4183.589744
4224.102564 4213.333333 4222.564103 4204.102564 4213.333333 4250.256410 4248.717949 4241.025641 4242.564103 4215.897436 4264.615385 4217.948718 4217.435897 4188.205128
4232.820513 4214.871795 4229.230769 4210.256410 4217.948718 4251.794872 4242.051282 4232.820513 4238.461538 4217.948718 4252.307692 4221.025641 4213.333333 4192.820513
4228.205128 4213.333333 4222.564103 4212.307692 4212.307692 4247.179487 4232.307692 4223.076923 4225.641026 4217.435897 4246.666667 4216.410256 4206.666667 4188.205128
4208.717949 4207.692308 4210.769231 4206.153846 4214.358974 4241.025641 4232.307692 4224.102564 4224.615385 4216.410256 4223.589744 4215.384615 4203.589744 4189.230769
4200.512821 4200.000000 4206.153846 4198.461538 4220.512821 4240.000000 4233.333333 4226.666667 4229.230769 4217.435897 4207.692308 4213.333333 4202.564103 4188.717949
4213.333333 4197.948718 4208.717949 4194.358974 4215.897436 4236.410256 4225.128205 4218.461538 4218.461538 4217.948718 4217.948718 4210.769231 4196.410256 4183.589744
4227.692308 4201.025641 4220.512821 4195.897436 4216.923077 4231.794872 4222.051282 4215.897436 4214.358974 4216.923077 4221.538462 4220.000000 4201.025641 4191.282051
4225.641026 4201.538462 4221.025641 4198.974359 4211.794872 4234.871795 4225.128205 4217.948718 4224.102564 4216.923077 4207.692308 4219.487179 4215.897436 4191.794872
4216.410256 4201.025641 4213.333333 4199.487179 4212.820513 4239.487179 4226.666667 4220.000000 4222.051282 4217.948718 4195.384615 4214.871795 4206.153846 4187.692308
4200.000000 4197.435897 4206.666667 4196.923077 4221.025641 4233.333333 4225.641026 4219.487179 4206.153846 4216.923077 4183.076923 4212.307692 4176.410256 4180.512821
4193.846154 4192.307692 4208.717949 4195.384615 4215.897436 4228.205128 4223.076923 4218.461538 4207.179487 4215.897436 4185.641026 4215.384615 4179.487179 4177.435897
4211.794872 4196.410256 4225.128205 4200.512821 4218.974359 4234.871795 4224.615385 4224.102564 4226.153846 4216.410256 4206.153846 4226.666667 4213.846154 4193.333333
4229.743590 4210.256410 4236.410256 4209.743590 4217.435897 4239.487179 4228.205128 4224.615385 4225.128205 4217.948718 4196.923077 4220.000000 4217.948718 4192.820513
4229.230769 4216.923077 4236.923077 4215.384615 4213.333333 4237.435897 4226.153846 4216.923077 4209.230769 4216.923077 4157.435897 4214.358974 4186.666667 4187.692308
4217.435897 4209.743590 4224.102564 4212.307692 4217.948718 4232.307692 4219.487179 4208.717949 4205.641026 4215.897436 4143.589744 4217.948718 4177.948718 4192.820513
4203.589744 4200.512821 4207.179487 4205.641026 4217.435897 4230.769231 4216.410256 4205.641026 4207.692308 4216.410256 4163.589744 4215.384615 4196.410256 4185.128205
4196.410256 4201.538462 4210.769231 4204.615385 4217.948718 4235.384615 4221.538462 4213.333333 4207.179487 4217.948718 4170.256410 4219.487179 4196.923077 4177.435897
4201.538462 4210.256410 4215.384615 4208.205128 4214.871795 4232.307692 4223.076923 4215.384615 4202.564103 4217.435897 4163.076923 4218.461538 4183.589744 4172.820513
4213.846154 4208.717949 4213.846154 4203.076923 4216.923077 4223.076923 4221.538462 4208.205128 4198.974359 4216.410256 4177.948718 4216.410256 4181.538462 4170.256410
4220.000000 4199.487179 4217.948718 4194.358974 4221.538462 4223.076923 4215.897436 4204.102564 4198.461538 4215.897436 4192.820513 4218.461538 4185.128205 4164.102564
4204.615385 4196.923077 4216.923077 4195.897436 4216.410256 4222.564103 4213.333333 4202.051282 4193.846154 4217.435897 4177.435897 4216.923077 4187.179487 4160.000000
4192.820513 4198.974359 4212.307692 4201.025641 4223.076923 4223.589744 4218.974359 4204.615385 4195.384615 4217.435897 4166.153846 4222.564103 4189.743590 4171.794872
4201.025641 4196.923077 4211.282051 4199.487179 4220.512821 4226.153846 4218.461538 4208.717949 4202.051282 4215.384615 4175.384615 4223.589744 4189.743590 4171.794872
4206.153846 4195.384615 4218.461538 4201.025641 4212.820513 4225.641026 4212.820513 4211.282051 4201.025641 4215.897436 4163.076923 4222.051282 4186.666667 4160.512821
4205.128205 4201.025641 4224.615385 4204.102564 4218.974359 4226.153846 4214.871795 4211.794872 4194.358974 4217.948718 4135.384615 4225.128205 4183.589744 4160.000000
4213.333333 4204.615385 4216.923077 4201.025641 4214.871795 4225.128205 4215.897436 4201.538462 4191.794872 4216.923077 4131.794872 4222.051282 4185.128205 4159.487179
4221.538462 4196.410256 4217.435897 4201.538462 4216.410256 4222.564103 4209.743590 4194.871795 4192.820513 4216.410256 4141.538462 4224.615385 4190.769231 4165.641026
4207.179487 4185.641026 4214.871795 4197.948718 4218.461538 4217.435897 4208.717949 4198.974359 4189.230769 4216.410256 4137.435897 4223.589744 4188.717949 4162.564103
4184.615385 4185.641026 4197.435897 4189.230769 4211.794872 4214.871795 4211.282051 4201.538462 4187.692308 4215.384615 4122.564103 4216.923077 4174.871795 4153.846154
4176.410256 4182.051282 4190.769231 4185.641026 4217.948718 4213.846154 4206.666667 4197.948718 4189.230769 4215.384615 4116.923077 4217.435897 4168.205128 4153.846154
4176.923077 4169.743590 4192.307692 4183.589744 4219.487179 4207.692308 4195.384615 4191.794872 4183.589744 4217.435897 4124.615385 4217.948718 4171.282051 4149.743590
4177.435897 4167.692308 4192.820513 4181.025641 4219.487179 4205.128205 4190.256410 4191.282051 4176.923077 4218.461538 4120.512821 4222.564103 4167.692308 4154.358974
4176.923077 4173.846154 4189.230769 4182.564103 4216.923077 4207.179487 4193.846154 4186.153846 4174.358974 4216.923077 4104.615385 4218.461538 4157.948718 4153.846154
4178.461538 4171.282051 4189.743590 4183.076923 4212.307692 4206.153846 4193.846154 4179.487179 4169.230769 4216.410256 4121.538462 4212.820513 4149.230769 4144.615385
4174.358974 4160.000000 4191.794872 4176.410256 4219.487179 4200.512821 4188.205128 4181.025641 4163.076923 4216.923077 4155.384615 4218.461538 4142.051282 4145.128205
4157.435897 4146.666667 4176.923077 4164.102564 4216.410256 4193.333333 4181.025641 4179.487179 4158.461538 4216.923077 4149.230769 4216.410256 4140.000000 4142.051282
4143.589744 4128.717949 4161.025641 4148.717949 4215.897436 4191.794872 4177.435897 4174.871795 4158.974359 4216.923077 4109.743590 4216.923077 4138.974359 4138.974359
4140.512821 4117.435897 4155.897436 4136.923077 4218.461538 4189.230769 4174.358974 4172.307692 4154.871795 4216.923077 4081.025641 4218.461538 4130.769231 4132.820513
4148.205128 4126.666667 4161.538462 4142.564103 4213.333333 4182.564103 4172.307692 4176.923077 4151.794872 4216.923077 4090.769231 4217.435897 4130.256410 4130.256410
4162.564103 4142.564103 4173.846154 4154.358974 4217.948718 4182.564103 4174.871795 4182.051282 4163.076923 4217.948718 4126.153846 4221.538462 4149.230769 4140.512821
4160.000000 4138.974359 4165.641026 4153.333333 4216.410256 4181.025641 4169.743590 4176.410256 4164.615385 4217.435897 4142.564103 4215.384615 4153.333333 4135.897436
4149.743590 4132.820513 4158.974359 4149.743590 4215.897436 4176.410256 4167.179487 4173.846154 4151.794872 4216.923077 4142.564103 4214.358974 4136.410256 4127.179487
4160.512821 4148.717949 4174.871795 4162.564103 4222.051282 4181.538462 4179.487179 4178.461538 4156.410256 4217.948718 4172.820513 4219.487179 4135.384615 4133.333333
4168.717949 4160.000000 4177.948718 4168.717949 4216.923077 4187.179487 4180.000000 4171.794872 4162.564103 4217.435897 4202.564103 4216.410256 4146.153846 4133.333333
4155.384615 4150.769231 4166.153846 4157.435897 4218.461538 4178.974359 4165.641026 4161.025641 4143.589744 4216.923077 4193.846154 4215.897436 4132.820513 4129.743590
4150.769231 4150.769231 4162.051282 4152.307692 4217.435897 4169.743590 4158.974359 4157.948718 4129.230769 4217.435897 4187.179487 4211.794872 4117.435897 4126.666667
4162.564103 4156.410256 4172.820513 4153.333333 4216.410256 4173.846154 4162.564103 4158.461538 4138.461538 4216.923077 4208.205128 4212.820513 4123.076923 4131.282051
4158.461538 4145.128205 4170.769231 4147.692308 4217.948718 4178.461538 4163.589744 4157.948718 4145.641026 4215.384615 4213.846154 4215.384615 4126.666667 4132.307692
4143.076923 4134.358974 4156.410256 4144.615385 4209.743590 4176.410256 4158.461538 4157.948718 4143.076923 4215.384615 4193.333333 4212.820513 4128.717949 4127.692308
4146.666667 4143.076923 4163.076923 4151.794872 4216.410256 4176.410256 4159.487179 4163.589744 4148.205128 4215.897436 4184.102564 4216.923077 4135.384615 4140.512821
4151.282051 4145.641026 4167.692308 4150.256410 4219.487179 4171.282051 4158.974359 4160.512821 4144.615385 4216.923077 4185.641026 4210.769231 4127.179487 4140.512821
4135.897436 4133.333333 4151.794872 4141.025641 4213.333333 4161.538462 4149.743590 4144.615385 4117.948718 4216.410256 4155.897436 4205.128205 4099.487179 4130.769231
4113.846154 4113.846154 4132.307692 4123.076923 4216.923077 4149.743590 4142.051282 4134.358974 4091.282051 4216.923077 4094.871795 4206.153846 4071.282051 4133.333333
4103.589744 4098.974359 4121.538462 4102.564103 4214.358974 4148.205128 4144.102564 4133.846154 4086.153846 4216.923077 4061.538462 4201.538462 4063.076923 4135.897436
4116.923077 4106.153846 4137.435897 4108.205128 4214.871795 4157.435897 4148.205128 4143.076923 4100.512821 4215.897436 4067.692308 4211.794872 4077.948718 4146.153846
4133.333333 4123.589744 4156.410256 4127.692308 4212.820513 4156.410256 4145.641026 4150.256410 4111.794872 4215.897436 4066.153846 4218.461538 4095.897436 4152.820513
4132.307692 4126.153846 4157.948718 4129.230769 4212.820513 4150.256410 4145.128205 4151.282051 4116.923077 4217.948718 4057.948718 4213.846154 4106.666667 4157.948718
4134.358974 4122.051282 4158.461538 4126.666667 4219.487179 4155.897436 4145.128205 4151.794872 4120.512821 4217.948718 4069.743590 4214.358974 4118.461538 4167.692308
4144.102564 4127.179487 4161.025641 4136.923077 4214.871795 4161.025641 4143.076923 4146.153846 4120.512821 4216.923077 4080.512821 4215.897436 4127.179487 4165.128205
4137.435897 4130.256410 4158.974359 4138.461538 4215.897436 4156.410256 4144.102564 4144.615385 4122.564103 4217.435897 4076.923077 4221.025641 4122.051282 4166.153846
4123.589744 4125.128205 4149.230769 4130.769231 4215.384615 4149.743590 4139.487179 4142.564103 4119.487179 4217.435897 4094.871795 4218.461538 4110.256410 4168.717949
4136.923077 4123.589744 4151.282051 4132.307692 4211.794872 4147.692308 4130.769231 4135.897436 4113.333333 4217.948718 4128.205128 4214.871795 4107.692308 4169.230769
4146.153846 4123.589744 4158.974359 4129.230769 4217.435897 4150.256410 4131.794872 4137.948718 4114.358974 4218.461538 4135.384615 4221.025641 4108.205128 4173.846154
4126.666667 4121.538462 4146.153846 4118.974359 4211.282051 4147.692308 4132.820513 4137.435897 4113.846154 4216.923077 4125.641026 4216.923077 4102.051282 4171.282051
4119.487179 4118.461538 4141.025641 4117.948718 4212.820513 4145.128205 4127.179487 4129.230769 4106.666667 4216.410256 4119.487179 4215.384615 4099.487179 4173.846154
4131.794872 4118.461538 4151.282051 4125.641026 4218.974359 4148.205128 4126.153846 4126.153846 4100.512821 4216.923077 4125.128205 4216.410256 4105.641026 4176.410256
4134.871795 4126.666667 4153.846154 4131.794872 4212.820513 4149.230769 4132.820513 4130.256410 4098.974359 4217.435897 4140.512821 4214.871795 4104.615385 4173.846154
4140.512821 4140.000000 4159.487179 4137.948718 4215.384615 4156.410256 4140.512821 4136.410256 4106.666667 4217.435897 4147.692308 4218.461538 4106.153846 4181.025641
4156.410256 4150.769231 4172.820513 4150.769231 4213.333333 4168.717949 4145.128205 4144.102564 4122.564103 4217.435897 4138.974359 4221.025641 4125.128205 4184.102564
4165.641026 4162.564103 4187.692308 4168.205128 4212.307692 4177.948718 4155.384615 4160.000000 4137.948718 4217.435897 4135.897436 4228.205128 4142.564103 4187.179487
4168.717949 4176.923077 4192.820513 4182.051282 4215.897436 4185.641026 4172.307692 4176.923077 4153.333333 4217.435897 4145.128205 4231.794872 4152.307692 4189.743590
4180.000000 4187.179487 4197.435897 4190.256410 4214.358974 4198.974359 4185.128205 4184.615385 4171.794872 4217.435897 4157.435897 4229.743590 4172.820513 4188.205128
4202.564103 4197.435897 4217.948718 4206.666667 4218.974359 4210.256410 4188.717949 4192.307692 4187.692308 4217.948718 4180.000000 4235.384615 4192.820513 4194.871795
4213.333333 4206.666667 4226.666667 4217.435897 4217.435897 4214.871795 4187.179487 4201.025641 4194.871795 4217.435897 4188.717949 4232.820513 4191.794872 4189.230769
4206.666667 4206.666667 4220.000000 4211.794872 4216.410256 4220.000000 4190.256410 4205.128205 4203.076923 4217.435897 4159.487179 4231.282051 4182.564103 4178.974359
4211.282051 4207.692308 4221.025641 4209.230769 4215.384615 4225.128205 4195.897436 4206.666667 4209.230769 4217.948718 4140.512821 4233.333333 4189.230769 4175.897436
4225.128205 4213.846154 4227.179487 4215.897436 4210.256410 4224.615385 4195.384615 4209.743590 4205.641026 4217.435897 4157.948718 4231.794872 4203.589744 4174.871795
4227.692308 4214.358974 4232.307692 4215.384615 4218.461538 4225.641026 4194.871795 4213.846154 4207.692308 4217.435897 4166.153846 4231.794872 4204.102564 4178.974359
4220.512821 4212.307692 4227.179487 4210.769231 4216.410256 4227.692308 4193.846154 4212.307692 4211.282051 4217.948718 4152.307692 4223.076923 4196.923077 4172.307692
4224.102564 4215.897436 4225.641026 4214.871795 4211.794872 4228.205128 4191.794872 4210.256410 4208.717949 4216.410256 4148.205128 4222.564103 4197.948718 4176.410256
4237.948718 4218.461538 4236.410256 4218.461538 4219.487179 4227.692308 4195.384615 4211.282051 4209.743590 4216.410256 4160.000000 4232.307692 4206.153846 4190.256410
4243.589744 4215.384615 4240.512821 4212.820513 4216.410256 4225.641026 4197.948718 4207.692308 4212.820513 4217.435897 4183.589744 4226.666667 4211.282051 4189.230769
4240.512821 4220.512821 4240.512821 4216.923077 4215.897436 4224.102564 4192.820513 4206.153846 4209.743590 4216.923077 4204.615385 4224.615385 4214.358974 4193.333333
4242.051282 4234.358974 4243.076923 4230.769231 4214.871795 4221.025641 4188.205128 4204.102564 4206.666667 4216.923077 4209.230769 4226.153846 4219.487179 4198.974359
4247.692308 4237.435897 4250.769231 4227.692308 4214.871795 4222.564103 4191.794872 4201.538462 4214.358974 4217.435897 4214.871795 4227.179487 4222.564103 4206.666667
4248.205128 4231.794872 4251.794872 4216.410256 4221.538462 4228.205128 4195.897436 4202.051282 4224.102564 4216.410256 4225.641026 4228.717949 4221.025641 4216.410256
4244.102564 4232.307692 4244.102564 4222.564103 4214.871795 4225.128205 4191.794872 4204.615385 4221.025641 4216.923077 4222.051282 4225.641026 4217.948718 4211.794872
4244.615385 4236.410256 4249.230769 4227.692308 4215.897436 4221.025641 4191.282051 4210.256410 4214.871795 4217.435897 4213.333333 4228.717949 4214.358974 4218.974359
4241.025641 4234.871795 4247.692308 4216.923077 4219.487179 4219.487179 4193.333333 4206.666667 4214.358974 4216.923077 4211.794872 4224.615385 4214.871795 4228.205128
4230.769231 4227.692308 4235.384615 4211.794872 4216.410256 4218.461538 4190.769231 4200.000000 4210.256410 4216.923077 4193.846154 4221.538462 4213.846154 4227.179487
4222.564103 4216.923077 4233.333333 4213.846154 4220.000000 4215.897436 4186.153846 4200.000000 4202.051282 4218.461538 4170.256410 4224.615385 4202.564103 4229.743590
4221.025641 4215.384615 4229.230769 4212.307692 4215.384615 4210.256410 4187.692308 4194.871795 4201.538462 4217.435897 4174.358974 4218.461538 4196.410256 4232.307692
