4222.051282 4183.076923 4271.282051 4210.256410 4228.717949 4238.461538 4228.205128 4251.794872 4246.666667 4231.282051 4272.307692 4232.820513 4201.538462 4246.153846
4227.179487 4193.846154 4271.794872 4215.897436 4230.769231 4246.666667 4227.692308 4257.435897 4258.974359 4231.794872 4281.538462 4230.256410 4203.589744 4242.564103
4228.205128 4203.589744 4276.410256 4223.589744 4229.230769 4255.384615 4230.769231 4254.871795 4255.897436 4231.794872 4285.128205 4231.282051 4204.102564 4240.512821
4220.512821 4192.307692 4268.717949 4216.410256 4226.666667 4243.076923 4230.769231 4245.641026 4241.538462 4231.794872 4271.282051 4227.692308 4192.307692 4243.076923
4218.974359 4181.538462 4260.512821 4209.230769 4227.692308 4227.692308 4222.051282 4241.538462 4231.794872 4232.307692 4265.641026 4228.205128 4186.666667 4244.615385
4221.025641 4175.384615 4264.102564 4209.743590 4230.256410 4228.717949 4217.435897 4245.641026 4233.333333 4232.820513 4272.820513 4233.333333 4189.230769 4247.692308
4211.794872 4168.717949 4260.000000 4201.538462 4227.179487 4236.410256 4217.948718 4245.641026 4235.897436 4232.307692 4270.256410 4227.692308 4186.153846 4249.230769
4204.102564 4163.589744 4253.333333 4187.692308 4226.153846 4231.794872 4211.282051 4241.025641 4234.871795 4232.820513 4259.487179 4222.564103 4180.000000 4248.205128
4202.564103 4164.102564 4251.794872 4188.205128 4227.179487 4223.589744 4206.666667 4245.128205 4236.923077 4232.820513 4261.025641 4224.615385 4182.564103 4244.102564
4192.307692 4154.358974 4247.179487 4182.564103 4229.230769 4221.025641 4206.666667 4248.205128 4230.256410 4231.794872 4253.333333 4223.076923 4171.794872 4238.461538
4183.589744 4146.153846 4240.512821 4170.256410 4229.743590 4222.051282 4203.589744 4238.461538 4218.974359 4231.794872 4234.871795 4216.923077 4153.846154 4236.923077
4184.615385 4151.794872 4235.897436 4171.794872 4226.666667 4220.512821 4201.025641 4231.282051 4216.410256 4232.820513 4232.307692 4212.820513 4153.846154 4240.000000
4186.153846 4147.179487 4238.974359 4171.282051 4228.717949 4212.307692 4198.974359 4234.871795 4215.897436 4231.794872 4234.871795 4215.897436 4155.897436 4243.076923
4187.692308 4142.051282 4238.974359 4170.256410 4226.153846 4209.230769 4200.512821 4237.435897 4216.410256 4231.282051 4235.384615 4217.435897 4156.923077 4243.076923
4190.256410 4144.615385 4237.948718 4173.333333 4223.589744 4215.897436 4201.538462 4234.871795 4218.461538 4232.820513 4236.410256 4218.974359 4161.025641 4240.000000
4188.205128 4149.230769 4243.589744 4174.358974 4227.179487 4220.000000 4197.948718 4230.769231 4219.487179 4232.820513 4242.564103 4224.615385 4171.282051 4234.358974
4180.512821 4148.205128 4240.512821 4171.282051 4225.641026 4217.948718 4194.871795 4228.717949 4220.512821 4231.794872 4248.205128 4222.564103 4172.820513 4232.820513
4176.923077 4136.410256 4234.871795 4163.076923 4225.641026 4213.846154 4192.820513 4226.153846 4211.794872 4231.794872 4232.820513 4217.948718 4150.256410 4234.871795
4175.897436 4132.820513 4230.256410 4158.461538 4227.692308 4213.333333 4190.769231 4218.974359 4198.461538 4232.307692 4216.923077 4214.358974 4137.435897 4232.820513
4174.871795 4137.435897 4228.205128 4159.487179 4226.666667 4205.641026 4186.666667 4216.410256 4197.435897 4233.333333 4224.615385 4214.871795 4150.769231 4232.307692
4184.615385 4145.641026 4236.923077 4169.230769 4229.230769 4202.051282 4187.179487 4218.461538 4203.076923 4233.333333 4239.487179 4220.512821 4163.589744 4238.461538
4193.333333 4162.051282 4242.564103 4185.128205 4228.205128 4213.846154 4196.923077 4220.512821 4209.230769 4232.307692 4245.641026 4222.564103 4170.256410 4243.076923
4193.846154 4161.538462 4242.564103 4181.538462 4225.641026 4217.948718 4202.564103 4223.076923 4208.205128 4233.333333 4243.076923 4224.102564 4171.794872 4238.974359
4190.256410 4151.282051 4240.000000 4173.333333 4226.153846 4213.846154 4202.051282 4223.589744 4204.615385 4233.846154 4238.974359 4223.076923 4165.128205 4234.358974
4185.128205 4152.820513 4234.358974 4176.410256 4226.153846 4214.358974 4198.461538 4224.615385 4206.666667 4232.307692 4234.358974 4217.948718 4155.384615 4237.435897
4185.641026 4149.743590 4235.384615 4173.333333 4228.205128 4215.384615 4196.410256 4225.128205 4203.076923 4232.307692 4230.769231 4217.948718 4154.871795 4237.435897
4187.692308 4145.641026 4233.333333 4170.256410 4225.641026 4214.358974 4195.384615 4225.128205 4203.076923 4233.333333 4234.871795 4220.000000 4168.205128 4227.692308
4185.128205 4150.769231 4232.820513 4173.333333 4225.641026 4213.846154 4191.794872 4226.153846 4213.333333 4231.794872 4243.076923 4220.000000 4173.846154 4226.666667
4184.615385 4152.307692 4236.410256 4174.871795 4227.692308 4212.307692 4186.666667 4221.025641 4210.256410 4230.769231 4244.615385 4218.974359 4171.794872 4231.794872
4179.487179 4140.512821 4228.717949 4165.641026 4223.589744 4205.641026 4176.410256 4207.692308 4186.666667 4231.794872 4230.769231 4212.820513 4161.538462 4226.153846
4168.717949 4126.666667 4221.025641 4151.282051 4224.102564 4193.333333 4164.102564 4201.025641 4176.410256 4232.307692 4211.794872 4210.769231 4143.589744 4224.102564
4164.615385 4136.923077 4220.000000 4153.846154 4226.153846 4189.230769 4168.205128 4209.230769 4193.846154 4232.820513 4212.820513 4211.794872 4146.153846 4229.743590
4169.230769 4146.153846 4220.512821 4159.487179 4226.666667 4196.923077 4176.923077 4211.282051 4194.358974 4230.769231 4216.923077 4208.717949 4154.871795 4231.794872
4163.589744 4128.205128 4216.923077 4146.666667 4224.102564 4202.564103 4173.846154 4205.128205 4179.487179 4229.743590 4208.205128 4204.102564 4144.615385 4227.692308
4149.230769 4113.333333 4208.205128 4136.410256 4223.589744 4197.435897 4167.692308 4205.641026 4178.974359 4233.846154 4200.512821 4202.051282 4134.871795 4223.076923
4148.205128 4111.282051 4205.128205 4134.871795 4228.717949 4195.384615 4165.641026 4205.641026 4182.051282 4233.333333 4194.358974 4202.564103 4131.794872 4223.589744
4149.743590 4115.384615 4205.641026 4132.307692 4226.153846 4216.923077 4169.230769 4202.564103 4183.589744 4228.717949 4190.769231 4198.461538 4130.769231 4224.615385
4146.153846 4118.461538 4206.153846 4130.769231 4223.589744 4227.692308 4164.102564 4200.512821 4181.025641 4230.256410 4193.846154 4198.461538 4132.820513 4223.076923
4148.717949 4118.461538 4207.692308 4131.794872 4227.692308 4214.871795 4155.384615 4198.461538 4176.923077 4233.846154 4194.358974 4203.589744 4133.333333 4223.589744
4149.743590 4112.820513 4202.564103 4127.692308 4227.692308 4223.076923 4164.615385 4201.025641 4181.538462 4231.282051 4191.794872 4200.000000 4128.717949 4224.615385
4142.051282 4108.205128 4200.000000 4116.923077 4226.153846 4233.846154 4170.769231 4201.025641 4176.410256 4229.743590 4184.102564 4197.948718 4116.410256 4224.615385
4132.307692 4105.128205 4195.897436 4112.307692 4226.153846 4222.051282 4163.076923 4195.897436 4161.538462 4232.307692 4175.384615 4198.974359 4110.256410 4221.538462
4130.769231 4097.948718 4190.769231 4109.743590 4224.615385 4210.256410 4154.358974 4190.769231 4158.974359 4233.333333 4173.846154 4197.948718 4112.307692 4219.487179
4134.358974 4099.487179 4194.871795 4108.717949 4225.128205 4207.179487 4150.256410 4189.743590 4163.076923 4233.333333 4178.974359 4198.461538 4112.307692 4221.538462
4133.333333 4104.102564 4193.333333 4113.333333 4224.615385 4203.076923 4147.179487 4189.743590 4158.974359 4232.820513 4177.435897 4195.897436 4111.282051 4222.564103
4129.743590 4096.923077 4188.205128 4111.794872 4225.641026 4195.897436 4142.051282 4189.230769 4153.846154 4231.794872 4166.666667 4196.923077 4110.769231 4220.512821
4129.743590 4094.358974 4189.743590 4109.743590 4225.128205 4193.846154 4139.487179 4190.256410 4159.487179 4232.307692 4170.256410 4198.974359 4116.923077 4218.974359
4132.820513 4098.974359 4190.256410 4111.282051 4224.102564 4194.358974 4139.487179 4185.641026 4162.564103 4233.333333 4181.025641 4195.897436 4121.025641 4222.564103
4135.384615 4101.025641 4189.230769 4109.230769 4226.153846 4191.794872 4139.487179 4183.589744 4160.512821 4231.794872 4180.000000 4195.384615 4116.923077 4224.615385
4132.307692 4103.589744 4183.076923 4106.666667 4223.589744 4184.615385 4140.000000 4189.743590 4160.512821 4231.282051 4171.794872 4193.846154 4113.846154 4221.025641
4127.692308 4097.435897 4182.564103 4101.538462 4225.641026 4181.025641 4139.487179 4183.589744 4147.692308 4231.794872 4161.025641 4191.282051 4107.179487 4221.025641
4127.692308 4091.794872 4180.512821 4100.512821 4228.717949 4185.641026 4138.461538 4172.820513 4136.923077 4231.282051 4160.000000 4189.230769 4104.102564 4225.641026
4132.307692 4098.461538 4178.461538 4107.692308 4225.128205 4187.179487 4138.461538 4178.461538 4150.256410 4232.307692 4168.717949 4190.256410 4112.307692 4226.153846
4135.384615 4102.564103 4184.102564 4110.256410 4225.641026 4193.333333 4143.076923 4184.102564 4162.051282 4234.358974 4172.820513 4194.871795 4117.948718 4224.102564
4130.769231 4100.000000 4175.384615 4107.179487 4225.641026 4201.538462 4145.128205 4177.948718 4150.769231 4232.307692 4171.794872 4192.307692 4115.384615 4225.128205
4126.153846 4097.948718 4168.205128 4101.538462 4226.153846 4191.282051 4137.435897 4176.923077 4141.025641 4231.282051 4166.666667 4188.205128 4111.794872 4230.256410
4125.128205 4099.487179 4176.410256 4098.461538 4227.179487 4180.000000 4129.743590 4175.897436 4149.743590 4232.820513 4164.102564 4188.717949 4114.871795 4229.230769
4115.897436 4090.769231 4170.256410 4088.717949 4224.615385 4174.358974 4120.000000 4164.102564 4143.076923 4232.820513 4158.974359 4185.128205 4108.205128 4221.025641
4110.769231 4079.487179 4158.461538 4081.025641 4224.615385 4164.102564 4108.717949 4154.358974 4120.000000 4232.820513 4148.205128 4182.564103 4092.307692 4220.000000
4122.051282 4093.333333 4164.102564 4093.846154 4225.641026 4170.769231 4115.897436 4160.000000 4130.256410 4233.333333 4149.743590 4184.102564 4102.051282 4225.641026
4129.230769 4102.051282 4176.410256 4102.564103 4226.153846 4183.076923 4128.717949 4168.205128 4152.307692 4232.307692 4159.487179 4188.205128 4115.897436 4226.153846
4122.564103 4092.820513 4172.820513 4098.974359 4226.666667 4181.025641 4127.179487 4162.051282 4141.538462 4231.282051 4160.512821 4187.692308 4110.256410 4222.564103
4108.717949 4087.179487 4160.512821 4093.333333 4224.615385 4174.358974 4123.076923 4153.846154 4122.564103 4231.282051 4149.743590 4180.512821 4100.000000 4224.102564
4102.051282 4078.461538 4157.948718 4080.512821 4226.666667 4173.333333 4123.589744 4158.461538 4128.205128 4232.307692 4136.410256 4177.948718 4089.743590 4227.179487
4106.153846 4081.538462 4157.948718 4080.000000 4226.153846 4177.435897 4125.128205 4167.692308 4143.589744 4231.794872 4139.487179 4179.487179 4093.333333 4225.128205
4108.717949 4094.358974 4157.948718 4092.820513 4222.564103 4169.743590 4116.923077 4163.076923 4138.974359 4232.307692 4151.282051 4182.564103 4105.128205 4224.615385
4113.846154 4098.974359 4161.538462 4096.410256 4224.615385 4162.051282 4113.846154 4154.358974 4125.641026 4232.820513 4151.794872 4184.615385 4105.128205 4225.128205
4125.641026 4115.384615 4164.102564 4105.641026 4227.179487 4171.282051 4127.179487 4158.974359 4131.794872 4232.820513 4156.923077 4183.589744 4108.717949 4223.589744
4132.307692 4127.179487 4168.205128 4112.307692 4226.666667 4171.282051 4129.230769 4166.153846 4144.102564 4232.307692 4165.641026 4189.230769 4119.487179 4225.641026
4121.025641 4114.358974 4164.615385 4103.589744 4225.128205 4156.410256 4113.333333 4163.076923 4142.051282 4231.794872 4157.948718 4188.205128 4116.410256 4225.641026
4110.256410 4102.564103 4152.307692 4092.820513 4225.128205 4149.230769 4108.205128 4153.846154 4129.743590 4230.769231 4144.102564 4182.564103 4102.564103 4220.512821
4116.410256 4107.179487 4154.358974 4096.923077 4225.128205 4150.256410 4115.384615 4147.692308 4124.102564 4231.794872 4146.153846 4183.589744 4103.076923 4220.512821
4121.025641 4115.897436 4158.974359 4107.179487 4222.564103 4153.333333 4120.000000 4153.333333 4133.333333 4233.846154 4158.974359 4183.589744 4118.974359 4225.128205
4116.410256 4109.230769 4158.461538 4101.025641 4225.128205 4155.384615 4116.923077 4156.923077 4133.846154 4231.794872 4152.820513 4182.564103 4111.794872 4225.641026
4113.846154 4108.205128 4160.000000 4097.435897 4226.153846 4151.282051 4112.820513 4154.358974 4131.794872 4231.282051 4142.564103 4183.076923 4095.897436 4221.025641
4120.512821 4123.589744 4163.076923 4106.153846 4224.102564 4145.128205 4110.256410 4152.307692 4135.384615 4233.333333 4150.769231 4185.128205 4102.564103 4221.538462
4119.487179 4121.538462 4161.025641 4102.051282 4226.153846 4141.025641 4104.615385 4142.564103 4119.487179 4232.307692 4151.794872 4186.666667 4106.153846 4222.564103
4109.230769 4107.692308 4151.794872 4092.307692 4226.153846 4139.487179 4103.076923 4134.871795 4106.153846 4230.769231 4136.923077 4181.025641 4094.358974 4221.025641
4110.256410 4109.230769 4154.358974 4092.820513 4224.102564 4142.051282 4108.205128 4139.487179 4109.230769 4231.282051 4129.230769 4177.948718 4091.282051 4220.000000
4112.307692 4114.871795 4153.846154 4095.384615 4223.589744 4144.102564 4106.666667 4143.589744 4113.846154 4231.794872 4136.923077 4177.948718 4098.461538 4220.512821
4102.051282 4103.076923 4142.051282 4089.743590 4223.589744 4140.000000 4098.461538 4137.948718 4110.769231 4231.282051 4133.333333 4175.384615 4092.307692 4222.051282
4094.871795 4092.820513 4140.512821 4082.051282 4226.153846 4138.974359 4096.923077 4132.307692 4103.076923 4232.307692 4123.076923 4172.820513 4085.128205 4219.487179
4092.307692 4094.358974 4138.974359 4079.487179 4226.153846 4143.076923 4101.025641 4136.410256 4101.538462 4232.820513 4123.589744 4168.717949 4086.153846 4213.333333
4088.205128 4089.230769 4133.333333 4075.384615 4225.641026 4137.948718 4092.820513 4136.410256 4100.000000 4232.820513 4118.974359 4165.128205 4076.923077 4214.358974
4086.666667 4090.769231 4132.307692 4076.410256 4224.102564 4131.282051 4087.179487 4129.743590 4099.487179 4232.820513 4112.820513 4164.102564 4072.820513 4220.512821
4086.153846 4096.410256 4131.794872 4075.384615 4221.538462 4130.256410 4091.282051 4130.769231 4103.589744 4232.307692 4111.794872 4164.102564 4077.948718 4225.128205
4085.128205 4091.794872 4130.769231 4068.205128 4225.128205 4122.564103 4083.076923 4134.871795 4100.512821 4231.794872 4099.487179 4162.051282 4067.692308 4218.461538
4080.512821 4090.769231 4122.564103 4068.717949 4223.589744 4117.948718 4075.384615 4127.179487 4092.307692 4232.820513 4086.153846 4154.871795 4050.256410 4214.358974
4074.871795 4082.051282 4114.358974 4060.000000 4222.051282 4108.717949 4071.282051 4108.717949 4076.410256 4233.333333 4077.435897 4152.307692 4037.948718 4218.461538
4076.923077 4083.589744 4116.923077 4056.410256 4225.128205 4101.025641 4065.641026 4100.000000 4060.000000 4232.307692 4071.282051 4155.897436 4033.846154 4216.923077
4076.923077 4099.487179 4116.923077 4065.641026 4224.615385 4110.769231 4070.256410 4106.666667 4052.307692 4232.307692 4068.205128 4152.307692 4034.358974 4214.358974
4067.692308 4087.692308 4112.307692 4056.923077 4224.615385 4117.948718 4077.435897 4110.256410 4057.435897 4232.820513 4061.538462 4149.230769 4028.205128 4217.435897
4061.538462 4070.256410 4105.641026 4045.641026 4221.538462 4116.410256 4073.846154 4106.666667 4068.717949 4232.307692 4058.974359 4149.230769 4023.589744 4215.384615
4061.538462 4075.897436 4106.666667 4050.256410 4222.564103 4118.974359 4071.282051 4105.128205 4069.743590 4231.794872 4060.512821 4149.230769 4017.948718 4210.256410
4055.897436 4075.384615 4106.666667 4049.743590 4226.666667 4121.538462 4077.435897 4109.230769 4068.717949 4231.794872 4051.282051 4145.128205 4005.128205 4208.205128
4043.076923 4063.589744 4091.282051 4041.025641 4223.076923 4120.000000 4070.256410 4104.615385 4059.487179 4232.307692 4034.871795 4137.948718 3993.333333 4204.615385
4040.000000 4061.538462 4088.717949 4037.948718 4223.589744 4116.410256 4053.333333 4087.692308 4035.384615 4232.307692 4025.641026 4138.974359 3981.538462 4203.589744
4041.538462 4068.717949 4095.384615 4041.538462 4225.128205 4115.384615 4051.794872 4083.076923 4031.794872 4231.282051 4030.769231 4138.974359 3980.512821 4203.589744
4040.000000 4066.666667 4089.743590 4038.974359 4222.564103 4112.820513 4051.794872 4088.717949 4040.512821 4231.282051 4028.205128 4135.897436 3984.615385 4201.538462
4044.102564 4065.128205 4090.769231 4038.974359 4223.589744 4111.282051 4046.153846 4090.256410 4035.897436 4232.307692 4022.051282 4141.025641 3985.641026 4207.179487
4053.333333 4078.461538 4098.461538 4053.846154 4223.589744 4120.512821 4061.025641 4102.051282 4054.871795 4233.846154 4043.589744 4147.179487 4002.564103 4211.794872
4065.641026 4094.358974 4106.666667 4065.641026 4222.051282 4129.743590 4080.000000 4120.512821 4089.743590 4233.846154 4070.256410 4150.769231 4025.641026 4212.820513
4072.307692 4104.102564 4114.358974 4071.794872 4222.051282 4127.179487 4077.435897 4116.923077 4087.692308 4232.820513 4073.846154 4152.307692 4036.410256 4212.307692
4067.692308 4095.384615 4111.794872 4067.692308 4222.564103 4116.410256 4067.692308 4101.538462 4065.641026 4231.282051 4062.564103 4148.205128 4032.307692 4210.256410
4062.564103 4075.384615 4105.128205 4053.333333 4225.641026 4111.282051 4067.179487 4101.538462 4062.564103 4232.820513 4057.435897 4146.666667 4024.615385 4210.769231
4068.205128 4082.051282 4108.205128 4058.461538 4225.128205 4116.923077 4068.717949 4106.153846 4073.333333 4233.846154 4067.692308 4147.692308 4033.846154 4211.794872
4072.307692 4098.461538 4113.333333 4069.743590 4224.102564 4117.435897 4067.692308 4100.512821 4068.717949 4231.794872 4067.179487 4145.128205 4038.461538 4212.820513
4064.615385 4095.384615 4101.538462 4065.641026 4224.102564 4119.487179 4075.384615 4097.435897 4054.871795 4230.769231 4048.205128 4138.974359 4021.025641 4210.256410
4063.076923 4090.256410 4094.871795 4064.102564 4223.076923 4120.000000 4081.025641 4098.461538 4054.358974 4232.820513 4039.487179 4137.435897 4010.256410 4206.153846
4068.717949 4093.333333 4106.666667 4070.256410 4225.128205 4112.307692 4071.282051 4093.333333 4057.948718 4232.820513 4045.128205 4142.051282 4018.461538 4206.666667
4068.717949 4097.948718 4107.692308 4074.358974 4224.102564 4110.256410 4068.717949 4092.820513 4054.358974 4231.794872 4049.230769 4141.538462 4027.692308 4206.666667
4073.846154 4102.051282 4108.717949 4079.487179 4222.564103 4117.435897 4086.153846 4107.179487 4062.564103 4231.794872 4053.333333 4144.102564 4032.820513 4207.179487
4078.461538 4098.461538 4112.307692 4081.538462 4221.538462 4127.692308 4097.435897 4114.358974 4076.923077 4232.307692 4055.384615 4143.589744 4032.307692 4206.153846
4069.230769 4091.282051 4105.641026 4070.769231 4221.538462 4122.564103 4082.564103 4106.153846 4068.717949 4232.307692 4049.230769 4138.974359 4026.666667 4206.666667
4067.179487 4088.205128 4108.717949 4063.076923 4224.102564 4115.897436 4072.820513 4105.128205 4066.666667 4232.820513 4052.307692 4140.000000 4032.820513 4210.256410
4073.333333 4091.794872 4114.358974 4070.769231 4221.025641 4126.666667 4089.743590 4115.384615 4083.076923 4232.307692 4063.076923 4139.487179 4044.102564 4210.769231
4072.820513 4088.205128 4111.282051 4069.230769 4222.051282 4126.666667 4094.358974 4113.333333 4078.974359 4232.307692 4058.974359 4140.512821 4032.307692 4212.307692
4072.307692 4088.717949 4111.282051 4066.153846 4226.153846 4113.846154 4080.000000 4106.153846 4071.282051 4231.794872 4055.897436 4143.076923 4027.692308 4212.307692
4078.461538 4104.102564 4113.333333 4079.487179 4222.564103 4112.820513 4082.564103 4108.205128 4082.564103 4231.794872 4065.128205 4140.512821 4047.692308 4207.179487
4086.153846 4110.769231 4115.897436 4086.666667 4223.076923 4115.897436 4090.256410 4108.717949 4082.564103 4232.820513 4069.230769 4145.128205 4052.307692 4204.615385
4087.692308 4110.256410 4116.923077 4087.179487 4224.102564 4120.000000 4091.794872 4108.717949 4081.538462 4232.307692 4071.282051 4150.769231 4052.307692 4209.230769
4089.230769 4114.358974 4122.564103 4093.846154 4222.564103 4125.128205 4094.871795 4112.820513 4095.897436 4231.794872 4076.410256 4150.769231 4063.076923 4212.307692
4090.769231 4116.923077 4123.589744 4096.923077 4223.589744 4120.000000 4094.358974 4115.897436 4100.000000 4233.333333 4077.435897 4150.256410 4062.564103 4209.230769
4083.076923 4113.333333 4108.717949 4090.256410 4222.051282 4114.358974 4091.794872 4113.333333 4089.230769 4234.358974 4071.794872 4144.615385 4053.846154 4206.153846
4078.974359 4113.846154 4105.128205 4090.256410 4223.589744 4117.435897 4089.743590 4106.153846 4078.974359 4233.333333 4065.641026 4143.589744 4049.230769 4208.205128
4089.743590 4130.256410 4115.384615 4107.179487 4224.615385 4123.589744 4095.384615 4109.230769 4087.692308 4231.794872 4073.846154 4147.179487 4056.410256 4211.794872
4097.435897 4128.717949 4116.410256 4108.205128 4222.564103 4128.717949 4102.051282 4117.435897 4096.923077 4231.794872 4083.589744 4150.256410 4064.615385 4210.769231
4100.000000 4117.435897 4118.461538 4096.923077 4223.076923 4128.717949 4101.538462 4117.948718 4093.846154 4233.333333 4084.615385 4154.871795 4070.769231 4208.717949
4108.205128 4133.333333 4125.641026 4108.205128 4225.128205 4127.692308 4108.205128 4124.615385 4107.692308 4233.333333 4096.410256 4156.410256 4085.128205 4209.743590
4113.846154 4146.153846 4133.333333 4118.974359 4226.666667 4125.641026 4119.487179 4131.794872 4113.846154 4230.769231 4109.230769 4156.923077 4096.410256 4212.307692
4109.230769 4141.538462 4130.256410 4114.871795 4222.564103 4116.923077 4117.435897 4127.692308 4105.128205 4229.743590 4106.666667 4154.358974 4094.358974 4211.282051
4104.102564 4132.820513 4121.025641 4111.282051 4219.487179 4112.307692 4107.179487 4122.564103 4109.743590 4232.307692 4096.923077 4148.205128 4081.025641 4209.230769
4103.589744 4126.153846 4117.948718 4108.717949 4221.538462 4115.384615 4106.666667 4118.974359 4111.282051 4232.820513 4092.307692 4145.641026 4072.307692 4210.256410
4098.974359 4129.743590 4111.794872 4105.641026 4220.512821 4112.820513 4105.128205 4115.384615 4102.051282 4231.794872 4090.256410 4145.128205 4074.358974 4210.769231
4094.871795 4125.641026 4107.692308 4098.461538 4222.051282 4102.051282 4092.307692 4113.846154 4094.871795 4232.820513 4080.000000 4143.589744 4067.179487 4206.666667
4096.923077 4119.487179 4109.743590 4096.410256 4223.589744 4098.974359 4087.692308 4111.794872 4093.333333 4233.333333 4073.333333 4140.512821 4064.102564 4202.564103
4101.025641 4125.128205 4108.717949 4100.000000 4220.000000 4103.589744 4092.820513 4111.282051 4088.205128 4231.282051 4078.461538 4140.000000 4076.923077 4205.641026
4102.564103 4127.692308 4110.256410 4097.435897 4222.051282 4108.205128 4096.410256 4112.307692 4084.615385 4231.282051 4076.923077 4143.589744 4075.384615 4202.564103
4100.512821 4125.128205 4114.358974 4098.974359 4223.076923 4112.820513 4105.641026 4114.871795 4089.230769 4232.820513 4070.256410 4143.589744 4065.128205 4200.000000
4104.615385 4125.641026 4120.512821 4102.564103 4224.102564 4108.717949 4115.897436 4121.025641 4095.384615 4233.846154 4070.769231 4143.076923 4064.102564 4204.615385
4109.743590 4135.384615 4119.487179 4105.641026 4225.128205 4104.615385 4118.461538 4126.153846 4102.564103 4232.307692 4076.410256 4144.102564 4066.666667 4202.051282
4109.743590 4137.948718 4115.384615 4109.230769 4221.025641 4106.666667 4114.358974 4120.512821 4098.974359 4230.769231 4075.384615 4144.102564 4065.641026 4200.000000
4115.384615 4136.923077 4125.641026 4116.410256 4220.000000 4106.666667 4110.256410 4115.384615 4096.923077 4232.307692 4074.358974 4148.205128 4071.282051 4201.538462
4117.435897 4152.307692 4127.692308 4124.615385 4221.538462 4101.538462 4103.076923 4114.358974 4100.000000 4233.846154 4081.538462 4147.179487 4081.538462 4200.000000
4109.743590 4157.435897 4121.025641 4122.564103 4222.564103 4090.769231 4094.871795 4110.769231 4089.230769 4231.794872 4077.948718 4144.102564 4074.358974 4202.564103
4109.743590 4141.025641 4123.076923 4115.897436 4222.051282 4099.487179 4103.076923 4115.897436 4091.794872 4231.794872 4069.230769 4142.051282 4066.153846 4202.051282
4109.230769 4133.333333 4120.000000 4115.384615 4220.000000 4116.410256 4115.897436 4122.564103 4103.589744 4233.846154 4072.307692 4139.487179 4073.846154 4196.923077
4105.128205 4143.589744 4117.435897 4117.435897 4222.564103 4103.589744 4109.743590 4114.871795 4090.769231 4231.794872 4084.102564 4142.564103 4083.076923 4205.641026
4112.820513 4156.923077 4123.589744 4128.717949 4222.564103 4089.743590 4109.743590 4116.923077 4091.794872 4229.743590 4098.974359 4147.179487 4101.025641 4213.333333
4126.666667 4161.538462 4129.743590 4136.923077 4223.076923 4100.512821 4125.641026 4132.820513 4122.051282 4231.282051 4108.717949 4152.307692 4115.384615 4205.641026
4124.102564 4154.358974 4130.256410 4130.256410 4226.153846 4103.076923 4130.769231 4132.820513 4125.641026 4232.820513 4109.230769 4153.333333 4110.256410 4205.128205
4116.410256 4153.333333 4127.692308 4127.692308 4223.076923 4091.794872 4125.128205 4125.128205 4110.769231 4232.820513 4110.769231 4148.205128 4109.743590 4209.230769
4120.000000 4158.974359 4129.230769 4126.153846 4222.564103 4095.897436 4126.153846 4128.717949 4116.923077 4232.820513 4110.769231 4148.717949 4115.384615 4208.717949
4117.948718 4158.461538 4124.102564 4122.564103 4223.589744 4110.256410 4132.307692 4132.307692 4124.102564 4232.307692 4106.153846 4150.769231 4111.282051 4207.179487
4112.820513 4155.384615 4121.025641 4125.128205 4221.025641 4105.641026 4127.692308 4129.230769 4117.435897 4231.794872 4104.102564 4149.230769 4108.205128 4206.153846
4119.487179 4162.564103 4128.717949 4133.333333 4221.538462 4100.512821 4122.564103 4129.743590 4120.512821 4231.794872 4109.230769 4149.743590 4118.461538 4206.666667
4120.512821 4168.205128 4126.153846 4136.410256 4221.025641 4109.230769 4132.307692 4133.333333 4128.205128 4231.794872 4115.897436 4149.743590 4125.641026 4206.153846
4114.871795 4153.846154 4120.000000 4126.153846 4222.051282 4106.153846 4135.897436 4127.692308 4121.538462 4232.820513 4105.641026 4146.666667 4116.923077 4204.102564
4122.051282 4155.897436 4121.538462 4128.205128 4222.564103 4097.948718 4130.769231 4127.692308 4127.179487 4232.820513 4100.512821 4145.128205 4115.384615 4204.102564
4131.282051 4171.282051 4127.179487 4143.589744 4220.512821 4102.051282 4133.846154 4135.897436 4135.897436 4232.307692 4117.435897 4150.256410 4126.666667 4207.179487
4133.846154 4173.333333 4136.410256 4149.743590 4223.076923 4109.743590 4138.974359 4132.307692 4123.076923 4231.794872 4124.615385 4156.410256 4132.820513 4209.230769
4137.948718 4182.564103 4140.000000 4155.384615 4222.564103 4113.333333 4137.948718 4129.230769 4121.538462 4232.307692 4119.487179 4152.307692 4132.820513 4209.743590
4142.051282 4187.179487 4138.461538 4154.358974 4221.025641 4105.641026 4132.820513 4134.871795 4134.358974 4233.846154 4116.923077 4150.256410 4130.256410 4210.256410
4137.948718 4176.923077 4136.410256 4150.256410 4222.564103 4106.666667 4130.769231 4133.846154 4135.384615 4232.307692 4120.512821 4154.871795 4131.794872 4210.769231
4131.794872 4168.205128 4131.794872 4147.692308 4223.589744 4118.974359 4134.871795 4128.717949 4129.230769 4231.794872 4117.948718 4151.794872 4132.307692 4210.256410
4130.256410 4166.153846 4130.256410 4140.512821 4224.102564 4120.512821 4141.025641 4130.769231 4127.179487 4232.820513 4110.769231 4148.205128 4127.179487 4206.153846
4130.256410 4173.846154 4127.692308 4146.153846 4224.102564 4118.974359 4140.000000 4133.846154 4130.769231 4233.333333 4110.256410 4147.692308 4127.179487 4203.076923
4127.179487 4173.333333 4126.666667 4151.282051 4225.641026 4110.256410 4128.205128 4127.179487 4125.128205 4233.333333 4105.641026 4148.717949 4120.000000 4204.102564
4124.102564 4163.076923 4125.641026 4139.487179 4224.615385 4095.897436 4123.589744 4120.000000 4109.743590 4232.820513 4100.000000 4147.692308 4115.384615 4203.076923
4125.128205 4160.000000 4121.025641 4133.846154 4222.564103 4091.282051 4130.769231 4123.589744 4113.846154 4230.769231 4103.589744 4145.641026 4123.076923 4201.538462
4131.282051 4173.846154 4126.153846 4143.589744 4226.153846 4091.794872 4130.769231 4127.692308 4124.102564 4230.769231 4106.666667 4150.256410 4125.641026 4206.666667
4137.948718 4193.333333 4137.435897 4157.948718 4225.128205 4093.846154 4128.717949 4129.230769 4122.564103 4232.307692 4115.384615 4152.820513 4133.846154 4208.717949
4143.589744 4192.307692 4144.102564 4161.538462 4223.076923 4100.512821 4135.897436 4134.871795 4124.615385 4232.307692 4126.666667 4153.333333 4148.717949 4207.179487
4148.717949 4181.025641 4147.692308 4158.974359 4226.153846 4104.102564 4140.000000 4141.025641 4138.974359 4233.333333 4132.307692 4154.358974 4151.794872 4206.666667
4146.666667 4180.000000 4146.666667 4157.435897 4224.615385 4100.512821 4137.435897 4137.948718 4137.948718 4233.846154 4131.794872 4153.846154 4147.692308 4206.153846
4144.102564 4180.000000 4146.153846 4155.897436 4224.615385 4100.512821 4141.538462 4131.794872 4123.076923 4232.820513 4128.717949 4156.410256 4144.102564 4205.128205
4145.128205 4185.128205 4145.128205 4162.564103 4224.102564 4104.615385 4148.205128 4136.410256 4134.871795 4231.794872 4130.256410 4156.410256 4144.102564 4206.666667
4146.666667 4192.307692 4147.179487 4168.205128 4223.589744 4100.512821 4143.076923 4142.564103 4152.307692 4232.307692 4136.923077 4155.384615 4150.256410 4207.692308
4147.692308 4185.641026 4147.179487 4161.025641 4224.615385 4105.641026 4144.102564 4139.487179 4142.564103 4232.820513 4135.897436 4154.871795 4151.282051 4201.538462
4143.076923 4172.820513 4139.487179 4154.871795 4222.564103 4116.410256 4152.820513 4140.512821 4138.974359 4231.282051 4129.230769 4154.871795 4143.076923 4200.000000
4144.102564 4178.461538 4144.102564 4157.948718 4226.153846 4108.205128 4144.615385 4145.128205 4146.666667 4231.794872 4131.794872 4157.948718 4143.076923 4201.538462
4152.307692 4197.435897 4151.282051 4167.692308 4226.666667 4102.051282 4140.512821 4145.641026 4147.179487 4232.307692 4142.564103 4159.487179 4156.410256 4200.000000
4154.358974 4197.435897 4149.230769 4169.743590 4223.076923 4113.333333 4151.794872 4145.641026 4146.666667 4231.282051 4143.076923 4159.487179 4157.435897 4202.051282
4147.692308 4176.410256 4145.128205 4154.871795 4222.564103 4112.820513 4149.230769 4142.051282 4137.435897 4231.794872 4131.794872 4157.948718 4141.025641 4203.076923
4140.000000 4167.179487 4136.410256 4146.666667 4222.564103 4099.487179 4141.538462 4136.410256 4127.179487 4233.846154 4124.615385 4152.307692 4135.384615 4200.512821
4144.102564 4173.846154 4138.974359 4155.384615 4225.128205 4101.538462 4149.743590 4138.974359 4133.333333 4233.846154 4128.205128 4154.871795 4140.512821 4200.000000
4149.230769 4187.179487 4145.128205 4168.205128 4225.641026 4108.717949 4154.358974 4141.538462 4145.641026 4232.820513 4141.538462 4157.435897 4150.769231 4201.538462
4148.717949 4195.897436 4139.487179 4167.179487 4223.589744 4093.846154 4143.589744 4138.974359 4145.128205 4232.820513 4143.076923 4154.358974 4149.743590 4204.615385
4149.743590 4191.282051 4138.974359 4160.512821 4221.538462 4078.974359 4138.974359 4143.589744 4149.743590 4232.820513 4134.358974 4155.384615 4141.538462 4209.743590
4146.666667 4188.205128 4138.461538 4161.025641 4220.000000 4084.615385 4146.153846 4148.717949 4156.923077 4232.307692 4131.794872 4153.333333 4140.512821 4206.666667
4144.102564 4192.307692 4139.487179 4162.051282 4224.615385 4089.743590 4147.692308 4138.974359 4142.564103 4232.307692 4124.615385 4153.333333 4135.897436 4201.538462
4147.179487 4190.256410 4142.051282 4165.128205 4226.666667 4095.384615 4147.179487 4136.923077 4140.000000 4232.307692 4123.076923 4154.358974 4140.512821 4205.128205
4142.051282 4176.923077 4137.435897 4159.487179 4219.487179 4101.025641 4146.666667 4143.076923 4152.820513 4232.307692 4127.179487 4148.205128 4145.641026 4207.692308
4133.333333 4168.717949 4131.282051 4146.666667 4222.051282 4095.384615 4138.974359 4135.384615 4141.538462 4232.307692 4117.948718 4146.153846 4131.794872 4204.615385
4134.358974 4175.384615 4128.205128 4147.692308 4225.641026 4091.794872 4136.923077 4130.256410 4127.179487 4232.307692 4109.743590 4147.179487 4124.615385 4200.512821
4140.512821 4176.410256 4132.820513 4150.256410 4225.128205 4091.794872 4132.307692 4131.282051 4126.153846 4233.333333 4110.769231 4144.615385 4130.769231 4202.564103
4144.102564 4183.076923 4138.461538 4157.948718 4225.128205 4092.307692 4129.230769 4127.179487 4126.153846 4233.846154 4118.461538 4145.128205 4140.000000 4206.153846
4146.153846 4198.974359 4138.974359 4171.282051 4223.589744 4093.333333 4138.461538 4128.717949 4132.820513 4232.820513 4129.743590 4148.717949 4148.205128 4204.615385
4151.282051 4202.051282 4143.589744 4170.256410 4224.102564 4091.794872 4142.051282 4133.333333 4136.923077 4232.307692 4133.333333 4154.358974 4151.282051 4204.615385
4158.974359 4212.307692 4148.717949 4176.410256 4223.589744 4097.435897 4144.615385 4135.897436 4144.615385 4232.307692 4139.487179 4157.948718 4157.435897 4208.717949
4164.615385 4217.435897 4150.769231 4190.769231 4224.102564 4108.717949 4155.897436 4143.589744 4157.948718 4231.794872 4150.769231 4158.974359 4166.666667 4210.256410
4164.102564 4206.153846 4152.820513 4190.256410 4225.128205 4113.846154 4165.641026 4151.282051 4158.974359 4232.307692 4151.794872 4156.923077 4169.743590 4208.205128
4158.974359 4200.000000 4148.205128 4180.512821 4222.051282 4108.717949 4160.512821 4146.153846 4147.692308 4231.794872 4150.256410 4154.871795 4170.769231 4205.641026
4159.487179 4197.435897 4146.153846 4173.333333 4222.564103 4104.615385 4153.333333 4141.538462 4144.615385 4231.282051 4152.307692 4158.461538 4170.769231 4205.641026
4161.538462 4196.923077 4146.666667 4174.358974 4223.589744 4110.256410 4155.897436 4143.589744 4151.794872 4232.307692 4151.794872 4156.410256 4169.743590 4204.615385
4160.512821 4201.538462 4144.102564 4176.923077 4223.589744 4111.282051 4153.333333 4143.076923 4152.820513 4232.307692 4141.538462 4152.307692 4163.076923 4205.641026
4159.487179 4203.589744 4145.128205 4176.410256 4224.615385 4111.794872 4148.717949 4142.051282 4152.820513 4231.794872 4138.461538 4157.435897 4158.461538 4205.128205
4163.076923 4206.153846 4148.205128 4181.538462 4223.589744 4117.948718 4156.923077 4145.641026 4154.358974 4232.820513 4146.666667 4161.025641 4167.692308 4201.538462
4173.333333 4214.358974 4155.384615 4189.230769 4225.128205 4113.846154 4162.051282 4148.717949 4151.794872 4232.820513 4153.846154 4162.564103 4175.384615 4207.692308
4176.923077 4212.307692 4154.358974 4187.179487 4225.128205 4103.076923 4153.846154 4147.179487 4150.256410 4231.794872 4158.974359 4164.102564 4177.948718 4212.307692
4170.769231 4193.333333 4148.717949 4171.794872 4223.589744 4103.076923 4150.256410 4140.512821 4142.051282 4232.307692 4155.384615 4162.051282 4175.897436 4207.692308
4162.051282 4183.589744 4146.153846 4161.025641 4223.589744 4105.641026 4152.820513 4136.410256 4137.948718 4232.307692 4144.615385 4155.897436 4164.615385 4204.615385
4159.487179 4191.282051 4144.102564 4166.666667 4223.589744 4096.410256 4150.256410 4137.948718 4142.051282 4231.282051 4137.948718 4153.333333 4157.948718 4206.153846
4164.615385 4188.205128 4149.230769 4170.256410 4225.641026 4089.743590 4147.692308 4137.435897 4138.461538 4232.307692 4135.384615 4156.923077 4161.538462 4204.615385
4166.153846 4190.256410 4149.230769 4171.282051 4224.615385 4098.461538 4151.282051 4138.974359 4138.974359 4232.820513 4135.897436 4156.923077 4165.641026 4203.589744
4158.461538 4194.358974 4138.974359 4168.205128 4222.564103 4103.076923 4147.692308 4137.948718 4140.000000 4232.820513 4127.692308 4155.897436 4153.333333 4204.615385
4154.358974 4182.051282 4137.435897 4157.948718 4223.589744 4101.538462 4141.538462 4131.282051 4131.794872 4231.794872 4117.435897 4155.384615 4141.538462 4206.153846
4161.538462 4191.282051 4138.974359 4165.641026 4222.051282 4106.153846 4142.564103 4137.435897 4138.974359 4231.282051 4124.615385 4151.282051 4155.897436 4208.205128
4169.230769 4212.307692 4143.076923 4180.512821 4224.102564 4103.589744 4140.000000 4144.102564 4150.256410 4232.820513 4138.461538 4156.923077 4172.820513 4207.179487
4174.871795 4212.307692 4151.282051 4184.615385 4225.128205 4104.615385 4144.102564 4143.076923 4146.666667 4233.333333 4146.153846 4160.000000 4180.000000 4206.153846
4176.410256 4203.589744 4155.384615 4181.025641 4220.000000 4113.333333 4148.205128 4142.564103 4141.538462 4232.307692 4145.641026 4154.871795 4184.615385 4206.153846
4175.897436 4200.512821 4154.871795 4177.435897 4222.051282 4110.769231 4143.076923 4140.000000 4133.846154 4232.307692 4134.871795 4156.410256 4173.846154 4207.692308
4176.410256 4205.641026 4150.769231 4183.076923 4225.128205 4106.666667 4150.256410 4143.589744 4142.051282 4231.794872 4130.256410 4157.435897 4163.589744 4207.179487
4182.051282 4213.333333 4154.871795 4190.256410 4226.666667 4108.205128 4156.923077 4150.769231 4158.974359 4229.743590 4138.974359 4155.897436 4169.743590 4208.205128
4187.179487 4215.384615 4158.461538 4190.769231 4226.666667 4113.333333 4150.769231 4144.615385 4149.230769 4230.769231 4146.153846 4161.025641 4180.512821 4207.179487
4189.743590 4213.846154 4153.846154 4191.282051 4222.564103 4119.487179 4153.846154 4137.435897 4133.846154 4233.333333 4146.666667 4165.128205 4188.717949 4206.666667
4205.128205 4231.282051 4164.615385 4204.102564 4222.051282 4109.743590 4161.025641 4143.076923 4145.641026 4233.333333 4159.487179 4168.717949 4212.820513 4210.769231
4216.410256 4249.230769 4171.794872 4217.948718 4221.538462 4095.384615 4154.358974 4145.641026 4161.025641 4232.820513 4180.000000 4168.205128 4241.025641 4213.846154
4218.974359 4247.692308 4170.256410 4215.897436 4222.051282 4097.948718 4150.256410 4144.615385 4162.051282 4233.846154 4182.564103 4169.743590 4244.102564 4219.487179
4234.358974 4261.538462 4181.025641 4220.512821 4224.102564 4104.615385 4161.538462 4152.307692 4165.641026 4233.333333 4187.179487 4177.948718 4248.717949 4223.076923
4245.128205 4277.948718 4189.230769 4235.897436 4222.564103 4105.128205 4173.333333 4153.333333 4167.179487 4232.307692 4206.153846 4178.461538 4273.333333 4223.589744
4243.589744 4264.615385 4190.256410 4234.358974 4225.641026 4108.717949 4172.820513 4148.205128 4158.974359 4232.307692 4210.769231 4175.897436 4284.615385 4227.179487
4249.743590 4265.128205 4194.358974 4233.846154 4226.666667 4117.948718 4170.256410 4154.871795 4166.153846 4231.282051 4214.871795 4180.000000 4294.358974 4226.153846
4261.025641 4288.205128 4203.589744 4245.128205 4224.102564 4118.974359 4171.794872 4157.948718 4170.769231 4232.307692 4233.846154 4185.128205 4313.846154 4222.051282
4265.128205 4294.358974 4208.717949 4250.256410 4225.128205 4117.435897 4178.461538 4154.358974 4172.307692 4232.820513 4246.153846 4185.128205 4324.615385 4223.589744
4267.692308 4291.282051 4206.666667 4255.384615 4222.564103 4123.589744 4184.102564 4162.051282 4186.153846 4231.282051 4247.179487 4185.641026 4328.717949 4228.205128
4276.410256 4297.948718 4211.794872 4262.564103 4223.589744 4123.076923 4180.512821 4165.641026 4186.153846 4231.282051 4246.153846 4191.282051 4329.743590 4228.205128
4274.358974 4305.128205 4213.846154 4264.615385 4227.179487 4117.435897 4178.974359 4157.948718 4173.846154 4232.820513 4245.128205 4190.769231 4331.794872 4225.641026
4263.076923 4289.230769 4205.128205 4251.282051 4226.153846 4118.461538 4184.102564 4157.435897 4180.512821 4232.307692 4245.641026 4186.666667 4333.846154 4226.666667
4258.461538 4266.153846 4201.025641 4235.897436 4226.153846 4120.512821 4184.615385 4161.025641 4190.256410 4232.307692 4237.948718 4185.641026 4322.051282 4228.205128
4254.871795 4267.179487 4199.487179 4236.923077 4225.641026 4116.923077 4186.153846 4165.641026 4192.820513 4232.820513 4224.615385 4180.512821 4308.205128 4227.179487
4251.282051 4270.769231 4200.512821 4241.538462 4226.153846 4113.846154 4183.589744 4168.717949 4192.820513 4232.820513 4223.589744 4178.974359 4306.666667 4224.615385
4247.179487 4263.076923 4201.538462 4238.974359 4225.641026 4117.948718 4176.923077 4163.589744 4186.153846 4232.820513 4230.256410 4182.051282 4305.641026 4222.564103
4239.487179 4250.256410 4194.358974 4228.717949 4225.641026 4114.871795 4173.846154 4160.000000 4180.000000 4231.794872 4223.589744 4178.974359 4290.769231 4224.102564
4234.871795 4243.589744 4190.256410 4218.461538 4228.717949 4108.205128 4173.846154 4161.025641 4181.538462 4231.794872 4213.846154 4177.435897 4280.000000 4223.589744
4234.358974 4246.666667 4188.717949 4222.564103 4225.641026 4108.717949 4172.307692 4157.948718 4182.051282 4232.820513 4213.333333 4179.487179 4285.641026 4220.000000
4236.410256 4250.769231 4190.769231 4228.717949 4224.615385 4104.615385 4171.794872 4156.410256 4180.000000 4231.794872 4206.153846 4181.025641 4280.000000 4217.948718
4235.897436 4253.333333 4190.256410 4229.743590 4225.641026 4104.102564 4180.000000 4163.589744 4186.666667 4230.256410 4200.000000 4177.948718 4270.769231 4216.410256
4230.256410 4248.205128 4184.615385 4224.615385 4226.153846 4108.205128 4183.076923 4161.538462 4184.615385 4231.282051 4195.897436 4172.820513 4268.717949 4212.307692
4221.538462 4235.897436 4181.025641 4214.358974 4227.692308 4100.512821 4172.307692 4149.230769 4166.666667 4231.794872 4183.076923 4174.871795 4258.974359 4206.666667
4216.923077 4234.358974 4174.871795 4211.282051 4224.615385 4094.358974 4165.128205 4153.846154 4170.256410 4232.307692 4180.512821 4173.333333 4251.794872 4209.230769
4224.615385 4238.461538 4178.461538 4214.871795 4225.128205 4100.512821 4165.128205 4164.615385 4183.076923 4233.333333 4193.333333 4175.384615 4260.000000 4219.487179
4231.794872 4239.487179 4186.153846 4219.487179 4226.153846 4111.282051 4172.307692 4161.025641 4177.948718 4232.820513 4200.000000 4180.512821 4265.641026 4218.974359
4227.692308 4240.000000 4182.051282 4219.487179 4223.076923 4113.333333 4174.871795 4153.333333 4169.743590 4232.307692 4196.410256 4177.435897 4255.897436 4211.282051
4227.179487 4236.410256 4185.128205 4217.435897 4225.128205 4111.282051 4171.282051 4153.846154 4169.743590 4233.333333 4195.897436 4177.948718 4254.871795 4209.743590
4235.897436 4243.589744 4192.307692 4228.717949 4224.615385 4114.358974 4177.435897 4158.974359 4175.384615 4233.846154 4207.692308 4182.564103 4269.230769 4213.846154
4237.948718 4254.871795 4194.871795 4235.384615 4223.589744 4117.435897 4187.692308 4162.051282 4183.589744 4232.307692 4213.846154 4185.128205 4268.717949 4218.461538
4232.820513 4247.179487 4194.871795 4228.205128 4226.153846 4124.615385 4191.282051 4163.076923 4190.256410 4231.282051 4208.717949 4183.589744 4262.051282 4215.897436
4229.743590 4235.897436 4189.743590 4223.076923 4225.641026 4134.358974 4193.846154 4160.512821 4187.692308 4231.282051 4206.153846 4176.923077 4263.076923 4206.666667
4226.666667 4229.230769 4187.179487 4215.384615 4225.128205 4123.589744 4192.820513 4162.564103 4185.641026 4232.307692 4201.025641 4176.410256 4252.820513 4206.666667
4222.051282 4228.205128 4181.538462 4211.282051 4226.153846 4108.205128 4188.205128 4171.794872 4193.846154 4233.333333 4195.384615 4176.923077 4245.128205 4209.743590
4220.512821 4226.666667 4177.435897 4210.769231 4226.153846 4111.282051 4185.128205 4173.846154 4187.692308 4232.307692 4194.871795 4173.846154 4246.666667 4209.230769
4215.897436 4222.564103 4178.461538 4205.128205 4227.179487 4121.538462 4184.615385 4167.179487 4174.871795 4231.794872 4191.282051 4171.794872 4234.871795 4208.717949
4206.666667 4212.820513 4170.769231 4196.923077 4224.615385 4126.153846 4183.076923 4166.153846 4179.487179 4231.794872 4179.487179 4169.230769 4216.923077 4207.692308
4201.538462 4201.025641 4166.153846 4190.769231 4223.589744 4118.461538 4176.410256 4164.615385 4181.025641 4232.820513 4167.179487 4167.692308 4211.794872 4207.692308
4204.102564 4217.948718 4172.820513 4201.538462 4223.589744 4109.743590 4175.897436 4165.128205 4179.487179 4233.333333 4173.333333 4168.717949 4219.487179 4208.205128
4210.256410 4237.948718 4181.025641 4217.435897 4226.153846 4112.820513 4183.589744 4170.256410 4185.641026 4231.794872 4187.179487 4172.307692 4227.692308 4207.179487
4214.358974 4224.615385 4180.512821 4213.333333 4229.743590 4115.897436 4183.589744 4170.256410 4186.666667 4231.794872 4186.153846 4173.333333 4229.743590 4206.666667
4210.256410 4209.230769 4171.794872 4201.538462 4225.641026 4107.692308 4176.410256 4168.717949 4178.974359 4233.333333 4176.923077 4169.743590 4228.205128 4206.666667
4207.692308 4209.743590 4170.256410 4196.410256 4223.589744 4099.487179 4166.153846 4163.589744 4165.641026 4232.820513 4170.256410 4170.256410 4217.948718 4207.179487
4205.641026 4213.333333 4169.230769 4196.923077 4224.615385 4107.179487 4164.615385 4157.435897 4166.153846 4232.307692 4173.333333 4169.230769 4218.461538 4205.641026
4204.615385 4216.923077 4167.179487 4198.461538 4226.153846 4113.333333 4170.769231 4159.487179 4174.871795 4233.333333 4176.410256 4166.153846 4226.666667 4206.666667
4207.692308 4218.974359 4173.333333 4202.051282 4229.743590 4116.923077 4176.410256 4164.615385 4174.358974 4233.846154 4171.794872 4168.717949 4220.512821 4209.230769
4207.692308 4215.897436 4175.897436 4204.102564 4227.692308 4124.615385 4178.461538 4165.128205 4178.974359 4232.820513 4174.871795 4170.769231 4221.025641 4211.282051
4212.307692 4217.435897 4180.000000 4204.615385 4226.153846 4127.692308 4182.051282 4167.692308 4189.743590 4233.333333 4188.205128 4173.846154 4237.435897 4214.358974
4220.512821 4233.846154 4187.179487 4216.410256 4228.205128 4131.794872 4187.692308 4174.358974 4193.846154 4232.307692 4196.923077 4177.435897 4244.615385 4215.897436
4221.538462 4236.410256 4186.153846 4220.512821 4226.666667 4134.358974 4187.179487 4173.333333 4187.179487 4231.282051 4192.820513 4174.358974 4238.461538 4213.333333
4224.102564 4227.179487 4188.205128 4214.871795 4227.179487 4130.769231 4184.102564 4170.256410 4185.128205 4232.307692 4195.384615 4175.384615 4243.076923 4209.743590
4228.717949 4236.410256 4194.358974 4224.615385 4226.153846 4134.358974 4189.230769 4178.974359 4197.948718 4232.820513 4208.717949 4179.487179 4256.410256 4213.333333
4225.641026 4242.564103 4196.410256 4228.717949 4225.641026 4136.410256 4190.256410 4184.615385 4197.435897 4231.282051 4207.179487 4180.000000 4253.846154 4218.974359
4225.128205 4237.948718 4194.358974 4221.025641 4224.615385 4131.282051 4182.051282 4177.948718 4185.641026 4232.820513 4201.025641 4178.461538 4249.743590 4214.358974
4229.743590 4242.564103 4192.307692 4224.102564 4222.051282 4127.179487 4179.487179 4178.461538 4193.333333 4234.358974 4203.076923 4176.923077 4247.692308 4214.871795
4231.282051 4241.538462 4194.871795 4228.717949 4224.102564 4127.179487 4181.538462 4181.538462 4198.974359 4232.307692 4202.051282 4174.358974 4239.487179 4218.461538
4230.769231 4238.974359 4188.717949 4226.153846 4221.025641 4130.769231 4181.025641 4175.897436 4189.230769 4230.256410 4200.512821 4172.307692 4240.512821 4216.410256
4234.358974 4251.282051 4189.743590 4229.230769 4219.487179 4132.307692 4181.025641 4174.358974 4189.230769 4232.307692 4201.025641 4178.461538 4244.102564 4218.461538
4241.538462 4257.435897 4202.051282 4235.897436 4226.153846 4129.743590 4191.282051 4179.487179 4198.974359 4233.846154 4205.641026 4182.564103 4247.692308 4223.589744
4242.051282 4242.564103 4201.538462 4234.358974 4226.153846 4127.692308 4197.435897 4181.538462 4196.923077 4232.820513 4207.692308 4177.435897 4250.256410 4222.051282
4235.897436 4232.820513 4196.923077 4228.205128 4224.102564 4130.769231 4191.282051 4177.435897 4188.205128 4232.307692 4200.512821 4177.948718 4241.025641 4214.871795
4230.769231 4242.564103 4193.846154 4229.743590 4225.128205 4140.000000 4193.846154 4181.538462 4193.846154 4232.820513 4197.948718 4175.384615 4232.820513 4213.846154
4234.358974 4245.128205 4192.820513 4227.692308 4228.205128 4140.512821 4198.974359 4187.179487 4199.487179 4232.820513 4203.589744 4173.333333 4234.871795 4217.948718
4237.948718 4241.538462 4197.948718 4226.153846 4228.205128 4132.820513 4195.897436 4186.666667 4198.461538 4232.307692 4211.282051 4179.487179 4242.564103 4216.923077
4230.769231 4242.051282 4197.435897 4230.256410 4224.102564 4135.897436 4192.820513 4185.128205 4200.512821 4232.307692 4216.923077 4178.974359 4245.641026 4216.923077
4225.641026 4233.333333 4193.846154 4221.025641 4225.641026 4142.051282 4190.256410 4182.564103 4203.076923 4233.846154 4208.205128 4174.358974 4236.410256 4219.487179
4225.128205 4234.358974 4191.794872 4215.897436 4225.641026 4141.025641 4187.179487 4178.461538 4202.051282 4233.846154 4196.923077 4170.256410 4231.794872 4216.410256
4223.076923 4241.538462 4190.769231 4219.487179 4222.564103 4135.384615 4180.000000 4168.205128 4188.205128 4232.307692 4196.410256 4169.230769 4234.358974 4214.358974
4224.615385 4231.794872 4192.307692 4215.384615 4225.641026 4133.333333 4171.794872 4162.564103 4180.512821 4232.307692 4198.974359 4170.256410 4232.307692 4218.974359
4223.589744 4222.051282 4189.743590 4209.230769 4225.128205 4138.974359 4171.794872 4171.794872 4193.333333 4233.333333 4198.974359 4169.743590 4231.794872 4214.871795
4217.948718 4216.410256 4189.230769 4203.076923 4224.615385 4134.871795 4173.846154 4177.435897 4195.897436 4231.282051 4193.333333 4170.256410 4228.205128 4209.230769
4218.974359 4221.538462 4189.743590 4204.102564 4225.641026 4123.589744 4171.794872 4170.256410 4187.692308 4230.769231 4193.846154 4168.717949 4225.128205 4213.333333
4224.102564 4231.282051 4188.717949 4210.769231 4225.128205 4126.666667 4174.358974 4168.205128 4190.256410 4233.333333 4201.025641 4169.743590 4231.282051 4213.333333
4225.641026 4227.692308 4191.794872 4211.794872 4227.179487 4138.461538 4181.538462 4176.923077 4192.307692 4233.333333 4201.538462 4172.820513 4233.333333 4210.256410
4221.538462 4216.410256 4187.179487 4205.641026 4227.179487 4140.000000 4181.025641 4177.435897 4188.205128 4231.282051 4193.846154 4168.205128 4227.692308 4213.333333
4220.000000 4215.897436 4187.179487 4201.538462 4226.153846 4129.743590 4173.846154 4170.769231 4186.153846 4231.794872 4187.179487 4166.666667 4223.076923 4215.897436
4223.076923 4231.282051 4194.358974 4211.794872 4224.615385 4133.846154 4176.410256 4170.256410 4187.692308 4233.333333 4191.282051 4173.333333 4223.589744 4214.871795
4226.153846 4239.487179 4196.410256 4223.076923 4224.102564 4146.666667 4186.153846 4175.897436 4193.333333 4233.333333 4202.051282 4174.871795 4231.282051 4217.948718
4229.743590 4231.794872 4202.051282 4218.974359 4226.666667 4148.205128 4190.769231 4182.051282 4202.564103 4232.820513 4212.820513 4178.974359 4244.615385 4217.948718
4233.846154 4233.846154 4206.153846 4221.538462 4226.666667 4148.205128 4196.410256 4189.230769 4209.230769 4232.820513 4222.564103 4182.564103 4255.897436 4214.358974
4239.487179 4246.153846 4207.692308 4234.871795 4228.205128 4154.871795 4203.076923 4190.769231 4207.692308 4232.307692 4221.025641 4181.538462 4251.282051 4218.461538
4242.564103 4252.307692 4211.282051 4239.487179 4228.717949 4162.051282 4206.153846 4192.820513 4213.333333 4232.307692 4219.487179 4183.589744 4246.666667 4220.000000
4241.025641 4251.794872 4212.820513 4237.948718 4226.666667 4161.025641 4206.153846 4199.487179 4225.128205 4232.307692 4224.615385 4182.564103 4249.743590 4213.333333
4237.435897 4244.102564 4208.717949 4232.307692 4228.205128 4149.743590 4195.384615 4190.256410 4213.846154 4232.307692 4217.948718 4177.948718 4242.051282 4209.743590
4233.846154 4239.487179 4201.538462 4227.692308 4227.179487 4151.282051 4191.794872 4177.948718 4197.948718 4232.307692 4210.769231 4176.923077 4233.846154 4213.333333
4233.846154 4247.179487 4203.076923 4227.692308 4223.589744 4153.846154 4196.410256 4183.589744 4197.948718 4232.307692 4213.333333 4177.948718 4233.333333 4217.435897
4229.743590 4242.564103 4200.000000 4220.512821 4224.102564 4137.948718 4187.179487 4181.538462 4192.820513 4231.794872 4206.153846 4172.820513 4227.692308 4217.435897
4221.538462 4223.589744 4187.692308 4208.205128 4225.128205 4128.717949 4177.948718 4170.256410 4184.102564 4232.307692 4195.384615 4168.205128 4222.564103 4212.820513
4223.589744 4216.923077 4190.256410 4205.641026 4226.666667 4138.974359 4180.512821 4170.769231 4185.641026 4233.846154 4195.384615 4174.358974 4223.076923 4212.307692
4228.717949 4230.256410 4194.871795 4216.410256 4224.615385 4148.717949 4186.153846 4181.025641 4195.897436 4232.820513 4195.897436 4174.871795 4224.615385 4214.358974
4226.666667 4235.384615 4191.282051 4217.435897 4223.589744 4148.205128 4184.102564 4180.000000 4194.871795 4233.333333 4186.666667 4169.743590 4217.948718 4209.743590
4225.128205 4231.282051 4194.871795 4212.820513 4227.179487 4150.769231 4181.025641 4171.794872 4188.717949 4233.333333 4181.538462 4170.769231 4216.410256 4207.692308
4224.102564 4232.820513 4196.923077 4216.410256 4224.615385 4156.410256 4185.641026 4177.435897 4200.000000 4232.820513 4188.717949 4172.307692 4228.205128 4214.871795
4223.589744 4227.692308 4196.923077 4214.358974 4224.615385 4151.794872 4190.769231 4181.538462 4206.153846 4233.333333 4190.769231 4174.358974 4227.692308 4220.000000
4224.615385 4236.923077 4196.923077 4217.948718 4227.179487 4146.153846 4191.794872 4174.871795 4195.384615 4233.333333 4192.820513 4173.333333 4225.128205 4214.871795
4224.615385 4252.820513 4197.435897 4226.666667 4227.179487 4142.051282 4186.153846 4175.897436 4193.333333 4233.333333 4199.487179 4173.333333 4233.333333 4210.256410
4230.769231 4245.641026 4203.076923 4225.641026 4224.615385 4143.589744 4190.256410 4187.692308 4210.769231 4232.307692 4202.564103 4179.487179 4240.000000 4212.307692
4236.410256 4241.025641 4203.076923 4227.692308 4221.025641 4151.794872 4198.974359 4187.179487 4213.846154 4232.307692 4205.641026 4177.948718 4245.128205 4215.897436
4230.256410 4243.589744 4201.538462 4226.666667 4223.589744 4151.794872 4192.307692 4173.333333 4197.435897 4232.307692 4203.076923 4173.846154 4243.076923 4217.435897
4225.641026 4241.538462 4199.487179 4223.589744 4228.205128 4151.794872 4187.692308 4175.384615 4201.025641 4232.307692 4201.538462 4176.923077 4242.051282 4214.358974
4230.256410 4238.461538 4195.384615 4223.076923 4227.692308 4155.384615 4192.307692 4183.589744 4211.794872 4232.820513 4204.102564 4177.948718 4245.641026 4212.307692
4229.230769 4234.871795 4197.435897 4218.461538 4226.666667 4154.358974 4194.358974 4181.025641 4210.256410 4232.820513 4200.512821 4177.948718 4242.051282 4213.846154
4222.564103 4234.871795 4196.410256 4218.461538 4224.615385 4157.435897 4196.410256 4180.512821 4214.358974 4232.820513 4194.871795 4177.435897 4232.820513 4213.846154
4232.307692 4244.615385 4202.051282 4232.307692 4226.666667 4167.179487 4202.564103 4187.692308 4217.948718 4231.794872 4198.461538 4181.538462 4235.384615 4215.897436
4248.717949 4258.461538 4213.846154 4247.692308 4226.153846 4169.743590 4209.230769 4193.846154 4221.538462 4231.282051 4215.384615 4184.615385 4258.974359 4216.923077
4244.615385 4255.384615 4211.794872 4242.564103 4222.564103 4158.974359 4207.179487 4193.333333 4223.589744 4233.333333 4220.000000 4180.512821 4265.128205 4212.820513
4240.512821 4250.769231 4210.256410 4234.871795 4227.179487 4155.897436 4205.641026 4192.820513 4220.000000 4234.871795 4213.846154 4182.051282 4247.692308 4213.333333
4251.794872 4264.615385 4218.974359 4251.282051 4227.179487 4170.256410 4213.846154 4198.461538 4232.307692 4232.820513 4225.128205 4187.179487 4255.897436 4221.538462
4258.461538 4268.717949 4223.076923 4257.435897 4223.589744 4173.333333 4212.307692 4198.461538 4240.000000 4231.794872 4234.871795 4190.256410 4267.179487 4223.076923
4249.230769 4256.923077 4217.435897 4240.000000 4225.128205 4164.102564 4202.564103 4193.333333 4223.589744 4232.820513 4223.076923 4186.666667 4247.692308 4215.384615
4242.051282 4252.307692 4212.307692 4233.333333 4225.641026 4164.615385 4204.615385 4193.846154 4213.333333 4230.769231 4212.820513 4181.538462 4232.820513 4213.846154
4249.743590 4256.923077 4215.897436 4242.564103 4227.179487 4164.102564 4202.051282 4188.717949 4212.820513 4231.282051 4211.794872 4183.589744 4236.923077 4223.589744
4252.307692 4260.512821 4213.333333 4245.641026 4226.153846 4158.461538 4194.358974 4179.487179 4207.179487 4233.333333 4210.256410 4181.538462 4234.871795 4226.153846
4244.102564 4252.820513 4209.230769 4236.410256 4226.153846 4153.846154 4197.948718 4177.948718 4202.564103 4231.794872 4208.717949 4182.051282 4229.230769 4220.000000
4242.564103 4252.307692 4212.307692 4234.871795 4227.179487 4151.282051 4200.000000 4180.000000 4204.615385 4231.282051 4210.769231 4184.102564 4234.358974 4216.923077
4240.000000 4250.769231 4207.179487 4233.846154 4224.102564 4155.897436 4195.897436 4182.564103 4205.641026 4232.820513 4206.153846 4177.948718 4228.717949 4215.897436
4234.358974 4234.871795 4203.589744 4224.102564 4224.615385 4160.512821 4193.846154 4187.179487 4207.692308 4232.820513 4200.000000 4176.410256 4216.923077 4216.923077
4232.307692 4233.846154 4206.153846 4227.692308 4225.128205 4165.128205 4202.051282 4188.717949 4218.974359 4231.282051 4206.153846 4177.948718 4226.666667 4219.487179
4236.410256 4245.641026 4210.256410 4235.384615 4224.102564 4166.666667 4210.256410 4188.717949 4226.153846 4231.282051 4211.794872 4177.435897 4233.333333 4221.538462
4243.076923 4248.717949 4214.871795 4236.410256 4223.589744 4168.717949 4216.410256 4197.948718 4231.794872 4232.820513 4212.307692 4179.487179 4231.282051 4222.564103
4240.000000 4244.102564 4209.743590 4235.897436 4225.128205 4172.820513 4217.435897 4196.923077 4229.230769 4232.307692 4205.128205 4177.435897 4230.256410 4220.512821
4229.743590 4229.230769 4203.076923 4222.564103 4229.230769 4165.641026 4203.076923 4177.948718 4205.641026 4231.794872 4187.692308 4173.333333 4214.871795 4214.871795
4226.153846 4222.051282 4197.948718 4215.897436 4227.692308 4155.384615 4194.871795 4175.384615 4195.897436 4232.307692 4184.615385 4169.743590 4208.717949 4211.282051
4234.871795 4237.435897 4203.076923 4227.692308 4224.615385 4154.871795 4200.000000 4186.153846 4211.794872 4232.307692 4192.820513 4171.794872 4221.025641 4218.461538
4242.051282 4249.743590 4212.820513 4236.410256 4225.128205 4162.564103 4201.025641 4190.256410 4220.000000 4232.307692 4194.358974 4177.948718 4221.025641 4222.564103
4240.512821 4249.230769 4211.794872 4235.384615 4225.128205 4161.025641 4200.000000 4187.692308 4217.435897 4233.333333 4196.923077 4178.461538 4217.948718 4218.461538
4243.589744 4243.076923 4212.307692 4231.282051 4229.743590 4153.846154 4201.025641 4183.076923 4214.358974 4233.333333 4201.025641 4179.487179 4224.102564 4217.948718
4246.153846 4242.564103 4214.358974 4234.358974 4228.205128 4161.538462 4201.538462 4182.564103 4212.820513 4231.794872 4203.589744 4180.000000 4228.205128 4220.000000
4244.102564 4243.589744 4215.384615 4239.487179 4221.538462 4168.717949 4198.461538 4188.717949 4216.410256 4231.282051 4205.641026 4182.564103 4227.179487 4220.000000
4250.769231 4248.205128 4222.564103 4243.076923 4225.128205 4169.743590 4201.025641 4196.923077 4226.666667 4232.820513 4208.205128 4187.179487 4230.769231 4217.435897
4259.487179 4259.487179 4224.615385 4252.307692 4227.692308 4176.410256 4206.666667 4198.461538 4230.769231 4233.846154 4214.358974 4183.589744 4238.974359 4216.410256
4257.435897 4254.871795 4221.025641 4250.256410 4224.615385 4171.794872 4202.564103 4193.846154 4221.538462 4232.307692 4214.871795 4180.000000 4231.282051 4218.974359
4252.307692 4244.102564 4217.948718 4239.487179 4224.615385 4163.589744 4204.615385 4190.256410 4213.333333 4231.794872 4210.769231 4181.538462 4220.000000 4220.000000
4253.333333 4251.794872 4217.435897 4245.128205 4227.179487 4167.692308 4212.307692 4192.307692 4221.538462 4232.820513 4211.794872 4182.564103 4222.051282 4217.948718
4252.820513 4254.358974 4222.564103 4246.666667 4230.256410 4169.230769 4211.794872 4195.384615 4230.769231 4232.307692 4211.282051 4185.128205 4218.461538 4217.948718
4241.538462 4237.435897 4216.410256 4231.282051 4227.179487 4171.794872 4213.333333 4196.923077 4229.230769 4231.282051 4206.153846 4180.512821 4208.205128 4218.974359
4237.948718 4228.205128 4209.743590 4225.128205 4225.641026 4178.974359 4217.435897 4199.487179 4225.128205 4231.282051 4207.179487 4178.461538 4211.282051 4218.974359
4249.743590 4236.410256 4215.897436 4232.820513 4227.692308 4175.897436 4212.820513 4198.461538 4226.153846 4230.256410 4211.794872 4182.564103 4221.538462 4216.410256
4252.307692 4240.000000 4214.871795 4234.871795 4225.641026 4167.179487 4206.666667 4198.461538 4230.256410 4230.256410 4210.256410 4178.974359 4220.000000 4209.743590
4247.179487 4234.871795 4214.358974 4231.794872 4226.153846 4170.769231 4209.743590 4198.461538 4228.205128 4232.307692 4204.615385 4178.461538 4215.897436 4211.282051
4246.666667 4236.410256 4215.384615 4232.307692 4228.205128 4176.410256 4213.846154 4195.384615 4226.666667 4232.820513 4204.615385 4182.051282 4216.410256 4212.820513
4246.666667 4234.358974 4215.897436 4228.717949 4228.717949 4166.666667 4207.179487 4191.794872 4221.538462 4231.794872 4204.102564 4178.461538 4214.871795 4209.743590
4248.717949 4235.384615 4218.461538 4230.769231 4225.641026 4162.051282 4204.102564 4191.794872 4218.974359 4231.794872 4203.589744 4177.435897 4218.974359 4209.230769
4252.307692 4248.205128 4218.974359 4244.102564 4224.102564 4167.692308 4216.923077 4204.615385 4233.846154 4233.333333 4205.641026 4179.487179 4224.615385 4209.230769
4251.282051 4244.615385 4221.025641 4241.538462 4229.230769 4163.076923 4221.538462 4210.256410 4234.871795 4233.333333 4197.948718 4177.948718 4215.897436 4208.205128
4244.102564 4232.307692 4218.461538 4232.820513 4226.666667 4158.974359 4209.230769 4196.410256 4221.538462 4232.820513 4192.820513 4173.846154 4213.846154 4207.692308
4242.051282 4229.230769 4215.897436 4228.717949 4222.564103 4162.564103 4203.589744 4191.794872 4220.000000 4232.307692 4196.410256 4174.871795 4215.897436 4207.179487
4240.512821 4229.230769 4215.384615 4221.538462 4227.179487 4164.102564 4208.717949 4204.615385 4223.589744 4232.307692 4188.717949 4173.333333 4204.615385 4200.512821
4240.000000 4229.743590 4213.846154 4223.076923 4226.666667 4164.615385 4208.717949 4202.564103 4218.974359 4232.307692 4180.512821 4169.743590 4201.538462 4198.461538
4247.179487 4236.410256 4217.948718 4232.820513 4226.153846 4170.256410 4206.153846 4189.743590 4214.871795 4232.820513 4187.179487 4176.410256 4211.282051 4210.256410
4247.692308 4245.128205 4218.974359 4240.000000 4227.179487 4176.923077 4211.794872 4200.000000 4228.205128 4232.820513 4195.897436 4179.487179 4216.410256 4212.820513
4244.102564 4240.512821 4216.923077 4234.358974 4226.153846 4173.333333 4214.358974 4212.820513 4241.025641 4232.307692 4198.974359 4177.435897 4221.025641 4204.102564
4248.205128 4238.974359 4218.461538 4232.820513 4226.666667 4165.128205 4207.692308 4205.641026 4241.025641 4232.307692 4202.564103 4181.025641 4226.153846 4201.025641
4247.692308 4249.230769 4213.846154 4240.512821 4226.666667 4165.641026 4202.564103 4198.974359 4235.897436 4232.307692 4201.538462 4175.897436 4227.179487 4205.641026
4242.051282 4243.589744 4210.769231 4235.384615 4227.179487 4165.641026 4200.000000 4201.025641 4228.717949 4232.307692 4197.948718 4172.820513 4227.179487 4204.102564
4239.487179 4231.794872 4209.230769 4225.641026 4226.153846 4164.102564 4202.564103 4201.025641 4226.153846 4231.794872 4202.564103 4178.461538 4231.282051 4198.974359
4236.923077 4229.743590 4204.615385 4222.051282 4224.615385 4166.153846 4203.076923 4195.897436 4223.589744 4232.307692 4194.871795 4178.461538 4222.051282 4198.461538
4237.435897 4224.102564 4207.692308 4220.000000 4227.179487 4165.641026 4197.435897 4192.820513 4218.461538 4232.820513 4180.512821 4175.384615 4211.794872 4195.897436
4240.000000 4223.589744 4209.230769 4223.589744 4226.666667 4158.974359 4195.897436 4194.871795 4215.897436 4232.820513 4185.641026 4173.846154 4220.000000 4198.974359
4239.487179 4227.179487 4206.666667 4224.102564 4227.179487 4153.846154 4195.897436 4187.692308 4211.282051 4232.307692 4186.153846 4174.871795 4217.435897 4204.102564
4237.948718 4224.615385 4205.128205 4217.435897 4227.692308 4155.897436 4195.897436 4180.000000 4211.794872 4231.794872 4175.897436 4173.333333 4209.230769 4200.000000
4240.000000 4222.051282 4203.589744 4214.358974 4225.641026 4156.410256 4197.948718 4198.974359 4223.076923 4232.820513 4179.487179 4174.358974 4216.923077 4197.948718
4245.128205 4226.666667 4210.256410 4217.948718 4225.128205 4160.000000 4200.512821 4193.333333 4231.282051 4232.820513 4187.692308 4177.948718 4220.000000 4200.512821
4242.564103 4229.743590 4209.230769 4221.025641 4222.051282 4166.666667 4198.974359 4194.358974 4227.692308 4232.307692 4186.153846 4172.307692 4215.897436 4200.512821
4238.974359 4215.897436 4204.615385 4210.769231 4224.615385 4155.384615 4188.205128 4316.410256 4211.282051 4232.307692 4182.051282 4170.256410 4215.384615 4201.025641
4240.512821 4208.717949 4206.666667 4204.102564 4228.717949 4148.205128 4185.641026 4460.512821 4210.769231 4232.820513 4183.589744 4174.871795 4220.000000 4201.025641
4239.487179 4222.051282 4205.641026 4215.897436 4225.641026 4160.000000 4195.384615 4466.666667 4221.538462 4232.820513 4181.538462 4173.846154 4218.974359 4200.000000
4237.435897 4225.641026 4205.641026 4220.512821 4224.615385 4162.051282 4196.410256 4423.076923 4218.974359 4232.307692 4175.897436 4173.333333 4215.897436 4202.051282
4237.948718 4222.564103 4206.153846 4216.923077 4225.641026 4154.871795 4191.282051 4435.897436 4214.358974 4231.794872 4179.487179 4171.794872 4224.102564 4202.051282
4240.512821 4226.153846 4211.282051 4220.000000 4226.666667 4154.871795 4190.256410 4438.461538 4212.820513 4232.820513 4178.461538 4170.769231 4222.051282 4201.025641
4242.564103 4231.794872 4216.410256 4227.692308 4227.179487 4153.846154 4194.871795 4418.461538 4212.307692 4231.794872 4176.923077 4172.820513 4215.897436 4201.538462
4240.000000 4227.179487 4212.307692 4224.102564 4224.615385 4148.205128 4194.871795 4416.410256 4212.820513 4230.256410 4182.564103 4172.307692 4224.615385 4197.948718
4237.948718 4222.564103 4214.358974 4217.435897 4228.205128 4154.871795 4190.769231 4414.871795 4212.820513 4232.820513 4180.512821 4173.846154 4229.230769 4196.410256
4238.461538 4234.871795 4217.948718 4224.615385 4229.230769 4169.230769 4196.923077 4418.461538 4220.000000 4234.871795 4181.538462 4174.871795 4231.282051 4197.435897
4234.358974 4234.358974 4214.358974 4222.051282 4226.666667 4166.666667 4203.589744 4418.461538 4226.153846 4232.307692 4184.102564 4173.333333 4234.871795 4191.794872
4229.743590 4214.358974 4211.282051 4209.743590 4228.717949 4154.358974 4195.897436 4411.282051 4223.076923 4231.282051 4178.974359 4172.820513 4233.333333 4191.282051
4230.256410 4216.410256 4211.282051 4214.871795 4227.179487 4153.846154 4195.897436 4410.769231 4224.102564 4232.820513 4181.538462 4173.333333 4232.820513 4194.871795
4234.871795 4229.743590 4216.410256 4221.538462 4225.128205 4157.948718 4204.615385 4410.256410 4223.076923 4232.820513 4189.230769 4175.384615 4235.897436 4196.410256
4229.743590 4224.615385 4214.871795 4216.923077 4224.615385 4160.000000 4198.461538 4404.102564 4215.384615 4232.307692 4187.692308 4173.333333 4237.435897 4194.358974
4222.051282 4217.948718 4210.256410 4212.820513 4225.128205 4163.076923 4188.717949 4401.538462 4215.897436 4232.307692 4183.076923 4170.769231 4233.846154 4192.307692
4229.230769 4225.641026 4214.358974 4218.461538 4226.666667 4160.512821 4194.871795 4397.435897 4217.948718 4231.794872 4180.000000 4173.846154 4228.205128 4194.871795
4234.871795 4228.205128 4211.794872 4223.076923 4224.615385 4159.487179 4198.974359 4393.333333 4217.435897 4231.282051 4178.974359 4175.384615 4229.743590 4195.384615
4230.769231 4219.487179 4208.205128 4217.948718 4224.615385 4164.102564 4195.384615 4397.948718 4220.512821 4231.794872 4180.000000 4175.384615 4229.230769 4195.897436
4230.769231 4229.230769 4209.230769 4222.564103 4226.666667 4167.179487 4198.461538 4397.435897 4220.000000 4231.794872 4178.974359 4172.820513 4225.128205 4195.897436
4238.461538 4246.153846 4212.307692 4233.333333 4226.153846 4162.051282 4196.410256 4386.153846 4209.230769 4231.282051 4177.948718 4173.333333 4225.641026 4194.871795
4241.025641 4239.487179 4215.897436 4229.743590 4227.179487 4154.358974 4186.153846 4378.974359 4205.641026 4231.282051 4181.025641 4174.358974 4226.666667 4194.871795
4237.948718 4235.384615 4212.307692 4228.205128 4226.666667 4156.923077 4188.205128 4381.025641 4220.000000 4231.282051 4181.025641 4169.743590 4225.128205 4196.410256
4237.948718 4239.487179 4211.282051 4229.230769 4227.692308 4158.461538 4193.333333 4375.897436 4218.974359 4230.769231 4172.820513 4170.256410 4216.923077 4200.000000
4231.282051 4231.282051 4209.230769 4222.564103 4227.179487 4153.846154 4190.769231 4367.692308 4205.128205 4230.256410 4164.102564 4170.769231 4206.666667 4194.358974
4223.589744 4221.538462 4200.512821 4215.384615 4225.641026 4151.282051 4191.282051 4370.769231 4207.179487 4232.307692 4156.923077 4164.615385 4197.948718 4187.179487
4223.076923 4221.025641 4200.512821 4212.820513 4229.230769 4157.435897 4195.897436 4374.871795 4214.358974 4232.820513 4157.948718 4163.589744 4196.410256 4192.307692
4221.538462 4220.512821 4200.000000 4216.410256 4226.153846 4161.538462 4192.307692 4365.641026 4205.128205 4232.820513 4165.128205 4162.564103 4208.205128 4197.435897
4220.000000 4219.487179 4200.512821 4218.461538 4223.076923 4155.897436 4183.589744 4352.307692 4190.769231 4233.846154 4159.487179 4163.589744 4209.230769 4194.358974
4225.128205 4232.307692 4208.205128 4223.076923 4227.692308 4163.589744 4188.717949 4356.410256 4204.615385 4233.333333 4160.000000 4169.743590 4209.743590 4192.820513
4223.076923 4230.769231 4207.692308 4221.538462 4229.743590 4175.384615 4195.897436 4361.538462 4220.000000 4231.794872 4173.333333 4170.256410 4219.487179 4193.846154
4215.384615 4206.153846 4201.538462 4207.179487 4226.666667 4173.333333 4192.307692 4353.333333 4207.692308 4232.820513 4171.282051 4167.692308 4220.000000 4192.307692
4216.410256 4209.743590 4198.974359 4207.692308 4224.615385 4170.769231 4192.820513 4348.205128 4204.615385 4233.846154 4169.743590 4167.179487 4220.000000 4190.769231
4224.102564 4226.153846 4206.666667 4217.435897 4229.230769 4168.717949 4191.282051 4348.717949 4216.923077 4231.794872 4179.487179 4170.256410 4228.205128 4193.333333
4226.153846 4221.538462 4215.384615 4217.435897 4231.282051 4170.256410 4190.769231 4361.025641 4227.179487 4231.282051 4184.615385 4171.282051 4237.435897 4190.256410
4227.692308 4223.076923 4212.820513 4221.025641 4226.153846 4177.435897 4203.076923 4378.974359 4234.358974 4232.820513 4189.230769 4168.717949 4246.666667 4189.230769
4235.897436 4235.897436 4214.358974 4227.692308 4227.179487 4173.846154 4206.666667 4376.923077 4231.282051 4232.820513 4191.282051 4173.333333 4245.641026 4194.871795
4234.358974 4231.794872 4216.410256 4226.666667 4227.692308 4168.717949 4201.538462 4363.076923 4225.641026 4231.794872 4183.076923 4173.333333 4234.871795 4197.435897
4224.102564 4215.384615 4208.717949 4218.461538 4226.666667 4171.794872 4201.538462 4356.410256 4224.102564 4230.769231 4172.307692 4165.641026 4225.641026 4198.974359
4224.615385 4218.461538 4204.615385 4217.435897 4228.205128 4168.205128 4196.410256 4350.256410 4216.923077 4231.282051 4169.743590 4167.179487 4223.076923 4198.974359
4228.717949 4235.384615 4207.692308 4226.153846 4226.153846 4167.179487 4197.435897 4346.153846 4214.871795 4232.307692 4177.435897 4172.820513 4230.769231 4194.358974
4229.230769 4231.282051 4214.358974 4228.205128 4225.641026 4169.743590 4203.589744 4342.051282 4216.410256 4232.307692 4182.564103 4174.871795 4236.410256 4194.871795
4225.641026 4216.410256 4210.769231 4222.564103 4226.153846 4160.000000 4193.846154 4333.846154 4216.410256 4231.282051 4181.538462 4173.333333 4235.384615 4197.435897
4222.564103 4215.897436 4203.076923 4216.410256 4225.128205 4151.794872 4183.589744 4332.307692 4219.487179 4231.282051 4177.435897 4172.820513 4231.282051 4193.846154
4226.666667 4224.102564 4209.743590 4218.461538 4227.179487 4156.410256 4191.794872 4332.307692 4217.435897 4232.307692 4179.487179 4172.820513 4228.205128 4192.307692
4225.641026 4223.076923 4211.282051 4223.589744 4225.128205 4157.948718 4193.846154 4325.641026 4208.717949 4231.282051 4183.076923 4168.717949 4230.256410 4194.871795
4217.435897 4210.256410 4203.589744 4212.820513 4225.128205 4148.205128 4179.487179 4316.410256 4195.897436 4231.282051 4173.333333 4167.692308 4224.102564 4194.871795
4216.923077 4206.153846 4196.410256 4206.153846 4227.179487 4150.769231 4181.538462 4313.846154 4191.794872 4232.307692 4167.692308 4170.256410 4213.846154 4193.333333
4217.948718 4211.282051 4194.358974 4210.769231 4225.128205 4162.051282 4190.256410 4315.384615 4197.948718 4233.333333 4170.769231 4170.256410 4208.205128 4191.282051
4209.743590 4210.256410 4195.384615 4208.717949 4226.153846 4165.128205 4190.256410 4314.871795 4201.538462 4231.282051 4168.205128 4169.230769 4205.128205 4189.743590
4204.615385 4209.230769 4191.794872 4208.717949 4227.179487 4172.820513 4195.384615 4316.923077 4206.153846 4231.282051 4164.615385 4165.641026 4203.076923 4190.769231
4208.717949 4205.641026 4194.871795 4211.794872 4225.128205 4171.282051 4193.846154 4317.948718 4208.717949 4232.820513 4162.564103 4166.153846 4198.461538 4191.794872
4209.230769 4201.538462 4198.974359 4207.692308 4224.615385 4163.076923 4186.153846 4312.307692 4206.666667 4232.820513 4162.564103 4168.717949 4201.025641 4189.743590
4209.230769 4204.102564 4197.948718 4207.692308 4228.205128 4166.153846 4188.717949 4310.256410 4206.153846 4231.282051 4167.692308 4168.205128 4204.615385 4190.769231
4213.846154 4203.589744 4200.000000 4210.256410 4228.717949 4165.641026 4190.256410 4314.358974 4208.205128 4231.794872 4167.692308 4166.666667 4200.000000 4194.358974
4213.846154 4206.153846 4197.435897 4209.743590 4223.076923 4158.461538 4189.743590 4311.794872 4206.153846 4232.820513 4162.564103 4164.102564 4197.948718 4194.871795
4211.794872 4209.743590 4197.435897 4207.692308 4225.641026 4156.923077 4189.230769 4299.487179 4197.435897 4231.794872 4161.538462 4166.153846 4199.487179 4194.358974
4208.717949 4204.102564 4200.000000 4205.641026 4228.205128 4156.410256 4183.589744 4296.923077 4197.948718 4231.282051 4166.666667 4168.205128 4202.564103 4195.384615
4210.769231 4203.589744 4200.000000 4205.641026 4225.641026 4155.897436 4180.000000 4302.051282 4205.641026 4232.820513 4172.820513 4166.666667 4207.692308 4202.051282
4223.076923 4215.384615 4204.102564 4209.230769 4227.179487 4164.615385 4188.205128 4301.538462 4208.205128 4233.846154 4175.384615 4168.717949 4211.794872 4202.564103
4223.076923 4214.871795 4202.564103 4210.769231 4225.128205 4168.205128 4188.717949 4300.000000 4209.230769 4233.333333 4173.846154 4167.179487 4211.282051 4197.948718
4210.769231 4197.435897 4201.538462 4205.641026 4223.076923 4155.384615 4181.025641 4296.410256 4204.615385 4231.794872 4166.666667 4166.153846 4203.589744 4201.538462
4213.333333 4198.461538 4209.230769 4209.230769 4226.666667 4155.384615 4189.230769 4291.282051 4208.205128 4231.282051 4168.717949 4170.769231 4208.717949 4202.564103
4217.435897 4208.717949 4208.205128 4217.948718 4225.641026 4164.102564 4196.923077 4293.846154 4220.000000 4231.794872 4180.000000 4173.846154 4222.564103 4199.487179
4211.794872 4201.025641 4204.102564 4209.743590 4225.128205 4157.435897 4189.743590 4295.897436 4215.384615 4233.333333 4182.051282 4173.333333 4222.051282 4202.564103
4213.846154 4202.051282 4205.128205 4207.692308 4225.641026 4151.282051 4191.282051 4298.461538 4218.974359 4232.820513 4187.692308 4170.256410 4226.666667 4205.641026
4218.974359 4210.769231 4210.256410 4213.846154 4225.641026 4154.358974 4197.948718 4304.102564 4240.512821 4232.820513 4196.410256 4172.307692 4236.410256 4204.615385
4221.538462 4208.205128 4216.410256 4216.410256 4228.205128 4158.974359 4199.487179 4302.051282 4238.461538 4234.358974 4194.871795 4174.871795 4232.820513 4206.153846
4221.025641 4210.256410 4214.358974 4219.487179 4226.153846 4164.615385 4199.487179 4292.820513 4218.974359 4233.333333 4188.717949 4168.205128 4228.717949 4204.615385
4220.512821 4211.794872 4212.307692 4217.435897 4226.153846 4170.769231 4192.307692 4288.717949 4214.358974 4231.794872 4184.102564 4167.692308 4221.538462 4204.615385
4216.923077 4206.153846 4210.256410 4217.435897 4226.153846 4178.461538 4192.307692 4290.769231 4217.948718 4231.794872 4183.589744 4168.717949 4210.256410 4208.205128
4212.820513 4199.487179 4206.666667 4216.923077 4223.589744 4181.538462 4198.974359 4287.179487 4211.794872 4232.820513 4182.564103 4166.666667 4209.230769 4206.153846
4216.923077 4202.051282 4212.820513 4215.897436 4224.615385 4175.384615 4198.461538 4280.512821 4211.282051 4231.282051 4186.666667 4171.282051 4217.435897 4205.128205
4225.128205 4214.871795 4217.948718 4224.102564 4225.128205 4175.384615 4201.538462 4288.717949 4225.128205 4231.282051 4196.923077 4174.871795 4225.641026 4207.179487
4228.205128 4213.846154 4219.487179 4226.153846 4226.153846 4183.076923 4205.128205 4297.435897 4222.564103 4233.333333 4194.358974 4174.358974 4223.076923 4210.769231
4223.589744 4206.666667 4218.974359 4220.000000 4227.692308 4184.102564 4203.076923 4293.333333 4217.435897 4232.820513 4190.769231 4171.282051 4220.000000 4209.230769
4221.538462 4208.205128 4213.846154 4218.974359 4227.179487 4173.333333 4203.589744 4291.282051 4228.205128 4231.282051 4194.871795 4168.717949 4223.076923 4205.128205
4225.128205 4207.692308 4213.846154 4218.461538 4226.666667 4172.307692 4209.743590 4295.384615 4231.794872 4231.794872 4193.846154 4171.282051 4221.025641 4207.692308
4223.589744 4209.230769 4214.871795 4222.564103 4224.615385 4185.128205 4213.333333 4294.358974 4231.794872 4232.307692 4192.820513 4169.230769 4218.461538 4209.230769
4223.589744 4218.974359 4216.923077 4226.153846 4225.641026 4181.025641 4209.743590 4288.205128 4233.333333 4231.794872 4191.794872 4166.666667 4216.410256 4205.128205
4226.666667 4225.641026 4217.948718 4225.641026 4225.641026 4176.923077 4210.256410 4291.282051 4235.384615 4232.307692 4192.307692 4167.179487 4215.897436 4204.102564
4227.179487 4214.871795 4215.384615 4226.153846 4223.076923 4189.743590 4215.897436 4296.410256 4234.358974 4232.307692 4197.435897 4169.230769 4221.025641 4207.692308
4230.769231 4205.641026 4220.512821 4225.128205 4225.128205 4192.820513 4212.307692 4289.230769 4231.794872 4230.769231 4200.512821 4173.846154 4225.128205 4210.256410
4238.461538 4222.051282 4227.692308 4230.769231 4225.641026 4186.666667 4211.282051 4285.128205 4235.384615 4232.307692 4207.179487 4174.871795 4235.384615 4211.794872
4245.641026 4231.794872 4233.846154 4238.461538 4225.641026 4187.692308 4215.897436 4286.666667 4235.897436 4232.820513 4215.384615 4174.871795 4245.128205 4215.384615
4244.102564 4226.666667 4235.384615 4239.487179 4225.641026 4185.641026 4211.282051 4283.076923 4232.307692 4232.820513 4212.307692 4178.461538 4244.615385 4212.307692
4236.923077 4225.128205 4231.794872 4235.384615 4224.615385 4174.871795 4202.564103 4277.948718 4228.717949 4232.307692 4205.641026 4180.512821 4239.487179 4208.717949
4239.487179 4220.000000 4234.358974 4231.794872 4227.692308 4175.384615 4207.179487 4282.564103 4234.358974 4232.307692 4211.282051 4181.538462 4239.487179 4212.820513
4242.564103 4222.564103 4234.871795 4236.923077 4226.666667 4185.128205 4214.358974 4291.282051 4249.743590 4232.307692 4218.974359 4178.461538 4247.179487 4213.333333
4235.897436 4223.589744 4230.256410 4232.820513 4223.589744 4176.923077 4208.717949 4283.076923 4242.051282 4232.307692 4210.256410 4174.871795 4242.564103 4209.743590
4229.230769 4214.358974 4227.179487 4223.076923 4224.102564 4166.666667 4205.641026 4268.205128 4218.461538 4231.282051 4198.974359 4173.846154 4230.256410 4210.256410
4228.717949 4213.333333 4224.615385 4223.589744 4226.153846 4174.871795 4210.256410 4270.256410 4219.487179 4231.794872 4198.461538 4173.846154 4228.205128 4215.897436
4230.769231 4212.307692 4228.717949 4223.076923 4228.717949 4176.923077 4205.128205 4274.358974 4233.846154 4233.333333 4203.076923 4176.410256 4228.717949 4214.358974
4231.794872 4211.282051 4228.717949 4222.564103 4225.128205 4173.846154 4203.589744 4269.743590 4237.948718 4232.820513 4214.871795 4177.435897 4240.000000 4212.307692
4233.333333 4214.358974 4228.717949 4226.666667 4223.076923 4177.948718 4207.692308 4266.666667 4231.794872 4231.794872 4219.487179 4176.923077 4246.153846 4221.025641
4235.384615 4216.410256 4231.794872 4228.205128 4228.205128 4177.948718 4206.666667 4269.230769 4224.102564 4232.307692 4208.205128 4175.897436 4231.282051 4219.487179
4236.410256 4218.974359 4228.717949 4227.692308 4226.666667 4174.871795 4209.230769 4272.820513 4228.717949 4233.333333 4207.692308 4177.435897 4225.128205 4212.307692
4239.487179 4220.000000 4231.794872 4227.692308 4224.102564 4174.871795 4211.282051 4274.358974 4235.897436 4232.820513 4215.384615 4183.076923 4231.794872 4219.487179
4238.461538 4220.000000 4233.333333 4229.230769 4225.128205 4177.435897 4207.179487 4269.743590 4232.820513 4232.307692 4217.948718 4181.025641 4238.974359 4226.153846
4237.435897 4220.512821 4230.769231 4231.282051 4228.717949 4181.538462 4209.230769 4267.179487 4232.307692 4232.820513 4224.102564 4180.512821 4246.666667 4222.051282
4243.076923 4223.589744 4235.897436 4234.358974 4229.743590 4186.153846 4215.384615 4270.769231 4237.948718 4232.307692 4229.230769 4187.692308 4252.307692 4218.974359
4243.076923 4226.666667 4230.256410 4234.871795 4224.615385 4186.153846 4212.307692 4269.743590 4234.871795 4232.820513 4223.076923 4181.025641 4248.205128 4218.974359
4238.461538 4225.641026 4225.641026 4230.769231 4225.641026 4179.487179 4205.128205 4263.589744 4226.153846 4232.307692 4217.435897 4175.384615 4241.538462 4219.487179
4238.461538 4228.717949 4233.333333 4235.384615 4228.717949 4178.461538 4212.307692 4268.205128 4239.487179 4230.256410 4230.256410 4182.564103 4252.307692 4224.102564
4238.461538 4225.641026 4236.923077 4239.487179 4226.153846 4181.538462 4222.564103 4273.846154 4252.820513 4230.769231 4235.897436 4183.589744 4259.487179 4225.128205
4231.794872 4209.230769 4229.230769 4224.102564 4227.692308 4178.461538 4213.846154 4263.589744 4231.794872 4232.820513 4214.358974 4177.435897 4242.564103 4221.538462
4222.564103 4203.076923 4218.974359 4214.871795 4225.641026 4176.410256 4201.025641 4252.820513 4215.384615 4232.307692 4200.512821 4172.307692 4230.256410 4218.974359
4223.076923 4206.153846 4221.025641 4216.923077 4224.615385 4173.846154 4199.487179 4252.820513 4222.051282 4231.282051 4207.692308 4174.358974 4230.769231 4221.538462
4225.641026 4205.128205 4222.564103 4214.358974 4227.692308 4173.846154 4201.538462 4254.871795 4224.102564 4231.282051 4214.871795 4175.384615 4232.307692 4224.102564
4224.615385 4202.564103 4218.974359 4210.769231 4227.692308 4176.923077 4201.025641 4254.871795 4224.615385 4231.794872 4212.820513 4173.846154 4231.794872 4221.025641
4231.282051 4208.205128 4229.743590 4217.948718 4226.153846 4183.589744 4206.666667 4256.923077 4234.358974 4233.333333 4210.769231 4178.974359 4234.871795 4222.564103
4238.974359 4220.512821 4236.410256 4230.769231 4224.102564 4196.923077 4223.076923 4261.538462 4237.435897 4233.333333 4215.384615 4181.025641 4236.923077 4224.615385
4240.512821 4219.487179 4231.794872 4231.794872 4226.153846 4198.974359 4228.717949 4267.179487 4235.384615 4231.282051 4223.076923 4180.512821 4241.025641 4223.076923
4244.615385 4229.230769 4235.897436 4236.923077 4227.692308 4192.820513 4221.538462 4270.769231 4247.692308 4230.256410 4233.333333 4181.025641 4255.897436 4224.102564
4246.666667 4238.461538 4237.435897 4242.051282 4227.692308 4188.717949 4219.487179 4267.692308 4249.230769 4230.769231 4228.205128 4180.000000 4255.897436 4225.128205
4238.461538 4217.948718 4230.256410 4228.717949 4230.256410 4188.205128 4219.487179 4261.025641 4234.871795 4232.307692 4212.307692 4177.948718 4239.487179 4223.076923
4232.307692 4211.282051 4225.641026 4226.666667 4226.666667 4189.230769 4213.333333 4258.974359 4235.384615 4232.307692 4216.410256 4176.923077 4241.538462 4224.615385
4238.974359 4228.205128 4232.307692 4234.358974 4224.615385 4189.230769 4206.666667 4258.461538 4243.076923 4231.794872 4230.256410 4181.025641 4253.333333 4226.153846
4245.128205 4226.666667 4233.333333 4232.307692 4227.179487 4195.384615 4211.794872 4257.435897 4246.153846 4231.794872 4230.769231 4183.076923 4252.820513 4222.564103
4239.487179 4217.948718 4227.179487 4230.256410 4224.102564 4194.871795 4215.384615 4257.435897 4246.153846 4232.307692 4223.076923 4179.487179 4247.692308 4228.717949
4242.564103 4229.230769 4236.923077 4237.948718 4224.102564 4184.615385 4210.769231 4254.358974 4238.974359 4232.307692 4225.128205 4182.051282 4252.307692 4236.410256
