4255.384615 4248.717949 4254.871795 4338.461538 4224.615385 4238.974359 4241.025641 4245.641026 4245.128205 4229.743590 4247.692308 4251.282051 4195.384615 4242.051282
4261.538462 4242.564103 4255.384615 4341.538462 4226.153846 4235.897436 4232.820513 4238.974359 4243.076923 4224.102564 4238.974359 4251.282051 4188.717949 4250.256410
4265.641026 4245.128205 4257.948718 4342.564103 4224.615385 4238.461538 4239.487179 4238.461538 4247.692308 4209.743590 4248.717949 4254.358974 4192.307692 4250.769231
4265.128205 4250.769231 4260.000000 4342.051282 4223.589744 4243.589744 4250.256410 4239.487179 4246.153846 4221.538462 4254.358974 4256.410256 4193.846154 4245.128205
4265.128205 4252.820513 4260.512821 4344.615385 4228.205128 4245.641026 4248.717949 4245.128205 4247.179487 4235.384615 4252.307692 4254.358974 4196.923077 4242.051282
4267.179487 4260.000000 4265.128205 4347.179487 4228.205128 4244.102564 4245.641026 4253.846154 4264.615385 4227.692308 4262.564103 4260.512821 4213.333333 4248.717949
4274.358974 4265.641026 4275.384615 4348.205128 4228.205128 4243.589744 4248.717949 4255.897436 4276.923077 4223.589744 4279.487179 4272.820513 4233.333333 4253.846154
4274.358974 4263.589744 4272.820513 4345.641026 4225.128205 4241.025641 4248.717949 4250.769231 4261.538462 4227.692308 4276.410256 4266.153846 4229.743590 4248.205128
4267.179487 4258.974359 4267.179487 4348.205128 4225.128205 4237.948718 4245.641026 4245.128205 4243.076923 4228.205128 4261.025641 4254.871795 4213.333333 4248.205128
4264.615385 4255.384615 4266.153846 4349.743590 4226.153846 4240.512821 4247.179487 4241.538462 4244.615385 4226.666667 4265.641026 4254.358974 4216.923077 4246.153846
4262.564103 4248.205128 4253.846154 4342.051282 4223.076923 4234.871795 4236.410256 4236.410256 4244.102564 4222.564103 4266.666667 4250.256410 4216.923077 4241.025641
4256.923077 4243.076923 4246.666667 4340.000000 4224.615385 4224.615385 4225.128205 4232.307692 4235.384615 4222.564103 4252.820513 4249.230769 4196.923077 4242.564103
4255.384615 4250.769231 4255.897436 4343.589744 4225.641026 4231.282051 4237.948718 4239.487179 4240.000000 4227.179487 4256.923077 4255.384615 4202.051282 4243.589744
4269.743590 4259.487179 4266.666667 4351.282051 4226.666667 4245.128205 4256.923077 4252.307692 4259.487179 4224.102564 4277.948718 4264.615385 4231.794872 4248.717949
4277.948718 4258.974359 4267.692308 4350.256410 4228.205128 4245.641026 4260.000000 4257.948718 4276.923077 4221.538462 4285.641026 4269.743590 4244.102564 4253.846154
4265.641026 4248.205128 4265.641026 4338.461538 4226.153846 4241.538462 4260.000000 4256.923077 4273.333333 4224.615385 4282.564103 4268.205128 4245.128205 4257.948718
4265.641026 4240.512821 4271.282051 4339.487179 4227.179487 4249.743590 4268.717949 4258.974359 4264.615385 4226.153846 4284.615385 4269.230769 4256.923077 4271.794872
4281.025641 4251.794872 4279.487179 4349.230769 4226.153846 4263.076923 4274.871795 4267.179487 4278.974359 4225.641026 4297.435897 4276.410256 4280.512821 4281.025641
4293.846154 4265.641026 4289.230769 4351.794872 4225.128205 4268.205128 4277.435897 4270.769231 4297.948718 4227.692308 4317.948718 4287.692308 4310.256410 4284.102564
4299.487179 4263.076923 4294.871795 4349.230769 4227.179487 4275.384615 4288.717949 4275.897436 4305.641026 4228.717949 4331.794872 4294.358974 4328.717949 4289.743590
4296.410256 4253.846154 4291.794872 4346.666667 4223.589744 4285.641026 4300.512821 4290.256410 4314.871795 4228.205128 4330.256410 4293.846154 4325.641026 4293.333333
4294.871795 4255.897436 4291.794872 4350.256410 4227.179487 4286.153846 4297.948718 4295.897436 4320.000000 4224.102564 4323.589744 4294.871795 4319.487179 4299.487179
4299.487179 4273.846154 4295.897436 4356.923077 4228.717949 4288.717949 4300.000000 4297.435897 4325.641026 4224.615385 4329.230769 4298.974359 4331.794872 4307.179487
4302.564103 4288.205128 4297.435897 4360.000000 4222.564103 4295.384615 4309.743590 4303.076923 4335.384615 4229.230769 4338.974359 4300.000000 4343.076923 4312.307692
4296.923077 4281.538462 4294.358974 4361.025641 4224.102564 4292.820513 4304.102564 4296.410256 4329.230769 4226.666667 4329.743590 4294.871795 4330.769231 4308.717949
4286.666667 4273.333333 4292.307692 4357.948718 4224.102564 4289.743590 4297.948718 4290.256410 4322.051282 4227.179487 4317.948718 4290.256410 4320.512821 4305.128205
4284.615385 4271.282051 4291.794872 4355.897436 4225.641026 4290.256410 4302.051282 4295.384615 4323.589744 4237.435897 4314.871795 4293.333333 4318.461538 4313.333333
4279.487179 4261.025641 4283.589744 4350.256410 4230.769231 4286.153846 4302.051282 4294.871795 4316.923077 4233.333333 4307.179487 4292.307692 4305.128205 4313.846154
4270.256410 4244.102564 4275.384615 4346.666667 4230.256410 4277.435897 4293.846154 4287.179487 4308.205128 4225.128205 4298.461538 4285.128205 4287.692308 4312.820513
4270.256410 4235.897436 4277.948718 4349.230769 4228.717949 4271.282051 4286.153846 4289.230769 4308.205128 4229.743590 4301.025641 4284.102564 4283.076923 4320.512821
4272.307692 4245.641026 4282.051282 4348.717949 4225.641026 4271.282051 4283.076923 4294.358974 4313.333333 4227.179487 4313.333333 4287.692308 4291.794872 4325.128205
4281.025641 4262.051282 4291.282051 4357.948718 4225.641026 4276.410256 4289.743590 4294.871795 4318.461538 4221.538462 4326.666667 4293.333333 4300.000000 4333.333333
4287.692308 4263.589744 4292.820513 4362.051282 4225.641026 4284.102564 4303.589744 4298.461538 4320.000000 4224.615385 4333.333333 4294.871795 4302.051282 4336.410256
4279.487179 4249.743590 4280.512821 4349.230769 4223.589744 4283.076923 4301.025641 4295.897436 4310.769231 4224.102564 4327.179487 4289.743590 4293.846154 4332.820513
4270.256410 4238.974359 4274.358974 4343.589744 4226.153846 4274.871795 4290.769231 4288.205128 4305.128205 4220.000000 4316.923077 4285.641026 4286.153846 4328.205128
4269.230769 4238.461538 4275.897436 4344.615385 4225.128205 4271.282051 4290.256410 4286.153846 4307.179487 4225.641026 4315.384615 4281.025641 4288.205128 4328.717949
4275.384615 4234.871795 4276.410256 4344.615385 4225.128205 4265.641026 4280.512821 4280.000000 4293.846154 4236.410256 4314.358974 4275.897436 4291.282051 4344.102564
4278.461538 4233.846154 4273.846154 4345.128205 4227.179487 4258.974359 4266.666667 4271.794872 4282.564103 4232.307692 4311.282051 4275.384615 4296.923077 4350.769231
4272.820513 4233.333333 4271.794872 4346.666667 4223.589744 4257.435897 4262.051282 4267.179487 4286.153846 4222.564103 4303.076923 4277.948718 4298.974359 4340.512821
4265.128205 4218.461538 4266.153846 4343.076923 4224.615385 4251.282051 4249.743590 4255.384615 4269.230769 4227.692308 4283.589744 4272.307692 4286.153846 4338.461538
4256.923077 4206.153846 4255.384615 4333.846154 4225.128205 4238.461538 4234.358974 4242.051282 4243.076923 4230.256410 4270.769231 4257.435897 4279.487179 4338.974359
4251.282051 4205.128205 4248.205128 4334.358974 4224.102564 4229.743590 4229.743590 4237.948718 4238.461538 4224.102564 4267.179487 4251.794872 4282.564103 4334.358974
4246.666667 4202.564103 4243.076923 4337.948718 4224.102564 4227.692308 4227.179487 4237.948718 4242.564103 4223.076923 4263.589744 4255.897436 4284.615385 4333.846154
4243.076923 4202.051282 4239.487179 4333.333333 4223.589744 4228.717949 4225.128205 4241.538462 4247.179487 4226.153846 4266.153846 4257.948718 4292.307692 4343.589744
4243.076923 4203.589744 4242.051282 4331.794872 4227.179487 4228.717949 4228.205128 4241.025641 4250.769231 4222.051282 4261.025641 4254.358974 4290.256410 4348.205128
4243.076923 4202.564103 4241.025641 4331.282051 4225.641026 4229.743590 4232.307692 4239.487179 4253.333333 4218.974359 4252.307692 4251.282051 4286.666667 4338.461538
4245.128205 4203.076923 4240.000000 4328.205128 4224.102564 4233.846154 4235.897436 4245.641026 4255.384615 4224.102564 4258.974359 4258.461538 4298.461538 4337.948718
4250.256410 4213.846154 4245.641026 4331.282051 4227.179487 4243.589744 4243.589744 4255.384615 4265.128205 4229.230769 4273.333333 4274.358974 4312.820513 4346.153846
4254.871795 4225.641026 4253.333333 4335.897436 4225.128205 4248.205128 4252.307692 4259.487179 4278.461538 4227.179487 4275.897436 4292.307692 4315.897436 4346.153846
4262.564103 4226.666667 4260.000000 4338.461538 4224.102564 4245.128205 4253.333333 4259.487179 4279.487179 4226.666667 4275.384615 4315.897436 4317.435897 4344.102564
4265.641026 4227.179487 4262.564103 4334.871795 4224.615385 4251.794872 4256.923077 4265.128205 4283.076923 4227.692308 4286.666667 4333.846154 4328.717949 4344.102564
4263.589744 4224.102564 4261.025641 4332.820513 4224.102564 4256.923077 4261.025641 4270.769231 4288.205128 4223.589744 4286.153846 4333.333333 4329.743590 4343.589744
4260.512821 4216.923077 4257.948718 4336.410256 4224.615385 4250.256410 4255.897436 4268.717949 4278.461538 4224.102564 4266.153846 4321.025641 4313.333333 4335.384615
4256.923077 4218.974359 4255.897436 4334.871795 4221.538462 4248.717949 4256.923077 4265.128205 4269.230769 4230.769231 4255.897436 4314.871795 4304.615385 4325.128205
4263.076923 4227.179487 4262.564103 4336.410256 4224.102564 4254.871795 4266.153846 4266.666667 4273.333333 4226.666667 4266.153846 4324.615385 4314.358974 4330.769231
4267.179487 4230.256410 4263.589744 4336.923077 4226.153846 4253.333333 4262.564103 4270.769231 4280.512821 4218.974359 4272.307692 4328.205128 4324.102564 4338.974359
4256.410256 4221.025641 4250.769231 4331.794872 4224.102564 4245.641026 4242.051282 4265.128205 4276.410256 4225.128205 4260.000000 4316.923077 4318.461538 4337.948718
4247.692308 4210.256410 4243.589744 4330.256410 4226.153846 4238.461538 4232.820513 4254.358974 4264.615385 4222.564103 4243.076923 4307.179487 4306.666667 4325.128205
4245.641026 4210.769231 4245.128205 4327.692308 4225.128205 4233.333333 4242.564103 4251.794872 4258.974359 4211.794872 4235.384615 4300.000000 4301.025641 4313.333333
4245.128205 4214.871795 4246.666667 4332.307692 4226.666667 4232.820513 4242.051282 4252.820513 4257.948718 4221.538462 4237.435897 4297.435897 4300.000000 4320.512821
4247.179487 4220.512821 4247.179487 4339.487179 4228.717949 4236.410256 4234.871795 4249.743590 4258.461538 4232.820513 4242.051282 4298.974359 4303.589744 4323.589744
4255.897436 4225.128205 4252.307692 4336.923077 4224.615385 4239.487179 4238.461538 4251.794872 4263.589744 4226.153846 4241.025641 4302.564103 4312.820513 4320.000000
4264.615385 4225.128205 4257.948718 4331.282051 4225.641026 4242.564103 4248.717949 4260.000000 4272.307692 4226.153846 4241.025641 4303.076923 4321.025641 4320.000000
4263.589744 4229.743590 4258.461538 4328.717949 4224.615385 4248.717949 4253.333333 4264.615385 4276.923077 4229.230769 4250.769231 4303.076923 4329.230769 4313.333333
4263.076923 4230.769231 4258.461538 4332.307692 4226.153846 4253.333333 4255.897436 4264.615385 4275.897436 4224.102564 4255.897436 4304.615385 4332.820513 4311.282051
4264.102564 4223.076923 4252.820513 4331.794872 4228.205128 4250.769231 4261.025641 4265.128205 4277.948718 4222.564103 4246.153846 4296.923077 4328.205128 4310.769231
4266.666667 4233.333333 4253.333333 4331.794872 4224.102564 4256.410256 4268.717949 4271.794872 4291.282051 4222.564103 4244.615385 4294.871795 4330.769231 4308.205128
4274.358974 4250.256410 4263.589744 4342.051282 4226.153846 4264.615385 4277.948718 4275.384615 4299.487179 4222.051282 4253.846154 4305.641026 4338.974359 4306.153846
4273.333333 4249.230769 4267.179487 4342.564103 4229.230769 4257.435897 4278.461538 4271.282051 4290.256410 4228.717949 4256.923077 4307.179487 4341.025641 4300.000000
4276.410256 4242.564103 4269.230769 4339.487179 4227.692308 4250.256410 4274.358974 4270.769231 4283.076923 4229.743590 4252.820513 4303.076923 4341.538462 4301.538462
4282.051282 4245.128205 4273.333333 4342.051282 4225.128205 4254.358974 4274.871795 4272.307692 4289.743590 4221.538462 4251.794872 4306.153846 4344.102564 4306.153846
4273.846154 4246.153846 4269.230769 4341.538462 4223.589744 4254.358974 4276.923077 4273.846154 4290.769231 4228.717949 4253.333333 4308.717949 4344.102564 4305.641026
4262.564103 4233.846154 4258.461538 4338.461538 4225.128205 4246.666667 4275.897436 4272.820513 4276.923077 4235.384615 4242.564103 4299.487179 4332.307692 4297.948718
4252.307692 4220.000000 4246.153846 4333.333333 4223.589744 4240.512821 4267.692308 4263.076923 4270.769231 4227.179487 4223.589744 4285.641026 4312.820513 4285.128205
4247.179487 4216.410256 4244.102564 4332.820513 4224.102564 4239.487179 4259.487179 4250.769231 4268.205128 4229.743590 4212.820513 4282.564103 4298.461538 4277.948718
4247.692308 4218.974359 4246.666667 4332.820513 4227.692308 4247.179487 4261.538462 4251.282051 4261.538462 4234.358974 4214.871795 4284.102564 4291.282051 4272.307692
4245.641026 4215.897436 4240.512821 4329.230769 4224.615385 4251.282051 4264.102564 4253.333333 4258.974359 4223.589744 4222.564103 4280.512821 4292.307692 4269.230769
4247.179487 4214.358974 4242.051282 4329.743590 4226.666667 4244.102564 4258.461538 4243.589744 4253.846154 4223.589744 4224.102564 4280.512821 4294.358974 4273.333333
4250.769231 4223.589744 4249.743590 4330.256410 4225.128205 4247.692308 4263.589744 4245.128205 4253.333333 4230.769231 4226.666667 4285.641026 4300.000000 4268.717949
4249.230769 4225.641026 4247.179487 4330.769231 4219.487179 4254.871795 4271.282051 4254.871795 4261.538462 4224.615385 4231.282051 4285.641026 4299.487179 4259.487179
4248.205128 4224.615385 4246.153846 4331.794872 4224.102564 4249.743590 4266.153846 4254.871795 4262.051282 4224.102564 4231.794872 4277.948718 4292.307692 4258.461538
4253.846154 4236.410256 4251.282051 4332.307692 4226.666667 4253.333333 4270.256410 4258.461538 4262.564103 4229.230769 4237.435897 4277.948718 4295.384615 4267.179487
4258.461538 4238.461538 4252.307692 4336.923077 4226.666667 4261.025641 4275.897436 4265.128205 4270.256410 4223.589744 4243.076923 4286.153846 4297.435897 4276.410256
4247.692308 4226.153846 4244.615385 4336.923077 4224.615385 4256.410256 4267.692308 4267.179487 4277.948718 4222.051282 4242.051282 4280.000000 4288.717949 4269.743590
4240.000000 4221.538462 4246.666667 4334.871795 4223.076923 4254.871795 4266.153846 4265.128205 4277.948718 4226.153846 4244.615385 4268.717949 4278.461538 4264.615385
4251.282051 4227.179487 4255.897436 4335.897436 4226.153846 4264.615385 4273.333333 4263.589744 4274.358974 4226.666667 4257.948718 4274.358974 4278.974359 4270.256410
4255.384615 4230.256410 4252.307692 4331.794872 4225.128205 4266.153846 4274.358974 4262.564103 4274.358974 4228.205128 4265.641026 4282.051282 4284.615385 4275.384615
4255.897436 4233.846154 4251.282051 4333.333333 4224.102564 4265.641026 4274.871795 4266.153846 4277.948718 4230.769231 4268.717949 4287.179487 4289.743590 4285.641026
4267.692308 4253.846154 4262.051282 4344.615385 4225.128205 4276.923077 4287.692308 4280.000000 4289.230769 4225.641026 4291.282051 4296.410256 4308.205128 4291.282051
4274.358974 4268.205128 4271.282051 4347.692308 4226.153846 4282.564103 4293.846154 4291.794872 4300.000000 4220.000000 4307.179487 4302.051282 4317.435897 4292.307692
4262.564103 4252.820513 4266.666667 4340.000000 4227.692308 4273.846154 4285.128205 4282.051282 4295.384615 4224.102564 4287.692308 4293.846154 4293.333333 4294.358974
4250.769231 4238.461538 4255.384615 4333.333333 4223.076923 4268.205128 4281.538462 4266.666667 4285.128205 4230.256410 4275.384615 4281.538462 4274.358974 4297.948718
4258.974359 4247.692308 4260.000000 4342.051282 4224.102564 4265.641026 4275.897436 4265.128205 4280.512821 4228.205128 4284.615385 4283.076923 4281.538462 4304.102564
4263.589744 4255.897436 4264.102564 4344.102564 4227.179487 4258.974359 4267.692308 4262.564103 4274.358974 4221.538462 4287.179487 4285.641026 4281.025641 4301.538462
4259.487179 4253.333333 4262.051282 4338.461538 4223.589744 4263.076923 4274.871795 4256.410256 4272.307692 4224.615385 4292.307692 4287.179487 4276.923077 4297.948718
4268.717949 4255.897436 4271.282051 4344.102564 4226.666667 4273.333333 4285.128205 4261.538462 4281.025641 4228.717949 4307.179487 4293.846154 4285.641026 4297.948718
4272.307692 4258.974359 4273.333333 4344.615385 4226.153846 4269.230769 4274.358974 4266.153846 4282.051282 4227.692308 4299.487179 4293.846154 4284.102564 4290.769231
4264.102564 4251.794872 4261.025641 4341.025641 4225.641026 4263.076923 4268.717949 4262.051282 4273.333333 4230.256410 4278.974359 4288.205128 4267.692308 4295.384615
4261.538462 4243.076923 4255.384615 4341.538462 4227.179487 4269.743590 4278.461538 4261.025641 4274.871795 4229.743590 4278.974359 4285.128205 4263.076923 4303.589744
4261.538462 4236.410256 4254.358974 4336.410256 4225.128205 4268.717949 4272.307692 4260.000000 4272.307692 4227.692308 4278.974359 4279.487179 4260.512821 4296.923077
4264.102564 4231.794872 4247.692308 4332.307692 4227.692308 4253.333333 4261.025641 4251.794872 4258.461538 4227.692308 4267.692308 4279.487179 4249.743590 4289.230769
4264.615385 4237.435897 4247.179487 4332.820513 4226.153846 4252.820513 4267.692308 4252.307692 4265.641026 4228.205128 4270.769231 4284.615385 4256.410256 4287.179487
4263.589744 4242.564103 4256.923077 4336.410256 4223.076923 4259.487179 4271.282051 4255.897436 4281.025641 4233.333333 4275.384615 4283.076923 4268.205128 4286.666667
4263.076923 4241.025641 4255.897436 4337.948718 4225.641026 4255.384615 4262.564103 4253.333333 4274.358974 4234.358974 4267.179487 4276.410256 4262.564103 4280.000000
4266.666667 4240.512821 4249.230769 4334.871795 4227.179487 4253.333333 4263.076923 4257.435897 4272.307692 4228.717949 4265.128205 4282.564103 4261.538462 4272.307692
4277.435897 4234.358974 4248.717949 4334.871795 4228.717949 4253.846154 4267.179487 4261.538462 4280.512821 4225.641026 4266.666667 4288.205128 4269.743590 4272.307692
4276.410256 4221.538462 4245.128205 4330.256410 4226.666667 4251.282051 4267.692308 4254.358974 4276.923077 4227.692308 4258.461538 4275.897436 4265.641026 4266.666667
4273.846154 4220.512821 4244.102564 4329.743590 4225.641026 4254.358974 4268.717949 4249.230769 4266.666667 4231.282051 4247.692308 4268.205128 4250.769231 4262.051282
4282.051282 4234.358974 4250.769231 4335.384615 4227.692308 4260.512821 4270.769231 4252.307692 4268.717949 4232.307692 4245.641026 4276.923077 4247.179487 4261.538462
4284.615385 4238.974359 4250.256410 4332.307692 4225.128205 4256.923077 4268.205128 4255.384615 4272.307692 4223.589744 4247.179487 4277.435897 4251.794872 4263.076923
4278.461538 4225.128205 4243.589744 4329.743590 4224.615385 4247.692308 4256.410256 4244.102564 4257.948718 4220.000000 4239.487179 4267.692308 4247.179487 4258.974359
4274.358974 4220.512821 4239.487179 4330.769231 4223.589744 4248.205128 4248.205128 4235.897436 4247.179487 4226.666667 4236.410256 4263.589744 4248.205128 4247.692308
4271.282051 4223.076923 4238.974359 4329.743590 4224.102564 4246.666667 4245.128205 4241.025641 4253.333333 4228.205128 4240.000000 4265.641026 4253.846154 4249.743590
4269.230769 4222.564103 4242.051282 4329.743590 4228.717949 4245.128205 4246.666667 4246.666667 4262.564103 4226.153846 4240.512821 4267.692308 4256.410256 4253.846154
4277.948718 4239.487179 4252.820513 4336.923077 4225.128205 4257.948718 4262.051282 4254.358974 4277.435897 4221.538462 4249.743590 4276.410256 4268.205128 4249.230769
4290.769231 4257.948718 4270.256410 4344.102564 4224.102564 4272.820513 4278.461538 4266.666667 4292.820513 4217.435897 4264.615385 4288.717949 4281.538462 4255.897436
4292.307692 4261.538462 4275.384615 4341.025641 4225.641026 4283.076923 4284.102564 4273.846154 4301.538462 4222.564103 4272.307692 4288.205128 4287.179487 4258.974359
4292.307692 4266.153846 4271.794872 4342.564103 4223.589744 4291.282051 4289.743590 4277.435897 4305.641026 4228.205128 4272.820513 4287.692308 4289.743590 4251.794872
4296.410256 4271.282051 4273.846154 4347.179487 4226.153846 4294.871795 4298.461538 4281.538462 4302.564103 4225.128205 4273.333333 4298.461538 4289.743590 4253.846154
4298.461538 4278.974359 4281.025641 4345.128205 4227.692308 4296.923077 4305.128205 4284.615385 4301.538462 4225.128205 4283.589744 4309.230769 4298.974359 4261.538462
4310.256410 4295.897436 4296.410256 4353.333333 4229.743590 4305.128205 4309.743590 4291.794872 4316.410256 4232.820513 4305.641026 4319.487179 4320.000000 4272.307692
4317.948718 4303.589744 4305.128205 4356.923077 4229.230769 4314.871795 4317.948718 4302.564103 4331.794872 4231.794872 4318.461538 4320.512821 4329.743590 4283.589744
4308.205128 4293.333333 4297.435897 4349.230769 4225.641026 4314.871795 4323.589744 4300.512821 4327.179487 4227.179487 4310.769231 4308.717949 4319.487179 4284.615385
4303.589744 4291.282051 4289.743590 4351.282051 4227.179487 4311.794872 4324.102564 4295.897436 4321.538462 4228.717949 4303.076923 4304.615385 4309.743590 4273.846154
4304.102564 4298.974359 4290.256410 4352.820513 4224.615385 4314.871795 4322.051282 4300.512821 4329.743590 4226.153846 4306.153846 4307.692308 4312.820513 4265.128205
4307.179487 4301.538462 4300.000000 4353.333333 4223.589744 4318.974359 4323.076923 4304.615385 4335.384615 4224.102564 4312.307692 4313.333333 4322.051282 4268.717949
4307.692308 4302.051282 4305.641026 4358.461538 4226.666667 4316.923077 4329.743590 4308.717949 4335.897436 4229.743590 4320.512821 4315.897436 4327.179487 4266.153846
4303.076923 4300.512821 4297.948718 4355.897436 4225.128205 4311.794872 4329.230769 4312.820513 4337.948718 4229.230769 4324.615385 4308.717949 4320.512821 4265.641026
4307.692308 4300.000000 4295.897436 4353.846154 4226.666667 4313.846154 4329.230769 4314.358974 4338.974359 4224.615385 4323.076923 4307.692308 4315.384615 4271.282051
4313.846154 4307.179487 4302.564103 4357.435897 4226.153846 4322.051282 4340.000000 4317.948718 4342.564103 4226.153846 4327.692308 4312.307692 4321.025641 4267.692308
4311.794872 4309.743590 4302.051282 4360.000000 4225.641026 4321.025641 4339.487179 4310.769231 4334.871795 4226.666667 4329.743590 4307.692308 4317.948718 4269.743590
4306.153846 4307.692308 4294.871795 4358.461538 4226.153846 4313.333333 4325.128205 4297.435897 4323.589744 4226.666667 4325.641026 4301.025641 4307.179487 4271.282051
4306.666667 4316.923077 4301.538462 4355.897436 4223.589744 4313.846154 4330.256410 4304.615385 4331.282051 4229.230769 4329.743590 4309.230769 4313.333333 4269.230769
4318.461538 4333.333333 4319.487179 4362.051282 4225.641026 4319.487179 4346.666667 4316.410256 4342.564103 4225.641026 4345.128205 4322.564103 4328.717949 4276.923077
4321.538462 4332.820513 4319.487179 4363.589744 4225.128205 4318.974359 4342.051282 4312.307692 4342.051282 4222.051282 4355.384615 4319.487179 4323.589744 4278.974359
4304.102564 4303.589744 4300.000000 4356.410256 4226.666667 4307.179487 4323.076923 4301.025641 4326.153846 4226.153846 4343.589744 4307.179487 4294.871795 4274.358974
4285.641026 4282.051282 4284.102564 4349.230769 4228.717949 4294.871795 4310.769231 4288.717949 4307.179487 4221.538462 4324.615385 4297.948718 4275.384615 4269.230769
4285.641026 4295.384615 4282.564103 4349.230769 4223.589744 4290.769231 4307.179487 4283.076923 4304.102564 4214.871795 4325.128205 4295.897436 4280.000000 4270.256410
4299.487179 4309.743590 4292.307692 4357.435897 4225.128205 4290.769231 4307.179487 4283.589744 4307.692308 4223.589744 4332.820513 4301.025641 4283.076923 4280.512821
4307.692308 4313.846154 4299.487179 4357.435897 4227.179487 4296.410256 4315.384615 4287.179487 4310.769231 4228.205128 4333.333333 4308.205128 4282.564103 4284.102564
4312.307692 4322.564103 4306.153846 4359.487179 4226.153846 4304.102564 4327.692308 4293.846154 4320.000000 4222.051282 4340.000000 4316.923077 4287.692308 4281.538462
4317.435897 4330.256410 4313.846154 4364.102564 4227.692308 4310.256410 4334.871795 4301.538462 4328.205128 4225.128205 4352.307692 4320.512821 4294.871795 4283.076923
4310.769231 4329.230769 4310.769231 4359.487179 4225.128205 4312.820513 4331.282051 4302.564103 4324.102564 4226.153846 4353.846154 4317.435897 4301.538462 4285.641026
4304.102564 4329.743590 4309.230769 4363.076923 4224.615385 4314.358974 4322.051282 4299.487179 4320.000000 4222.564103 4348.717949 4316.410256 4298.461538 4286.666667
4302.564103 4336.410256 4310.256410 4367.179487 4226.153846 4317.435897 4321.025641 4302.051282 4324.102564 4227.179487 4350.769231 4315.897436 4293.846154 4280.512821
4302.564103 4334.871795 4308.717949 4363.076923 4224.102564 4317.948718 4317.435897 4298.461538 4320.512821 4228.205128 4350.769231 4315.384615 4293.333333 4280.000000
4309.743590 4332.820513 4314.358974 4363.076923 4225.128205 4315.384615 4313.846154 4292.820513 4315.897436 4221.538462 4347.692308 4321.025641 4293.333333 4285.128205
4314.871795 4343.076923 4321.538462 4364.102564 4223.076923 4320.000000 4320.512821 4298.974359 4325.641026 4225.128205 4353.846154 4325.128205 4298.461538 4285.128205
4316.410256 4344.615385 4321.025641 4366.153846 4223.589744 4322.564103 4322.051282 4304.102564 4332.820513 4227.692308 4355.897436 4323.076923 4297.948718 4282.564103
4320.000000 4336.923077 4317.435897 4367.692308 4225.641026 4316.410256 4320.512821 4304.102564 4333.846154 4214.871795 4349.743590 4318.974359 4290.769231 4277.948718
4324.102564 4338.974359 4318.974359 4369.230769 4225.128205 4317.948718 4325.641026 4304.615385 4338.974359 4215.897436 4348.205128 4316.923077 4291.282051 4277.948718
4328.717949 4347.179487 4321.025641 4373.333333 4227.692308 4323.589744 4331.282051 4306.666667 4338.461538 4223.589744 4353.333333 4319.487179 4297.435897 4285.128205
4327.692308 4348.717949 4321.538462 4371.282051 4225.641026 4324.615385 4334.871795 4312.307692 4338.974359 4215.384615 4364.615385 4323.076923 4301.538462 4285.641026
4322.564103 4338.461538 4322.564103 4367.692308 4224.615385 4326.153846 4339.487179 4313.846154 4341.025641 4217.435897 4362.051282 4324.615385 4292.820513 4283.076923
4313.846154 4325.641026 4314.871795 4363.076923 4226.153846 4326.666667 4335.384615 4311.794872 4335.384615 4230.256410 4344.615385 4313.333333 4273.333333 4276.923077
4318.974359 4331.794872 4310.256410 4364.102564 4225.128205 4324.102564 4333.846154 4316.410256 4336.923077 4228.205128 4344.102564 4305.128205 4272.820513 4273.846154
4338.461538 4346.153846 4318.461538 4371.282051 4225.641026 4325.128205 4341.025641 4322.051282 4347.692308 4223.076923 4362.051282 4316.923077 4293.333333 4276.410256
4335.384615 4341.025641 4314.358974 4367.692308 4222.564103 4323.589744 4336.923077 4317.948718 4346.153846 4228.717949 4360.000000 4317.435897 4294.358974 4272.307692
4320.512821 4323.589744 4304.102564 4365.128205 4224.615385 4316.410256 4324.615385 4306.666667 4329.743590 4234.358974 4339.487179 4303.076923 4268.717949 4268.205128
4326.666667 4327.179487 4309.743590 4371.282051 4228.205128 4322.564103 4329.743590 4306.666667 4331.282051 4232.820513 4344.102564 4305.128205 4267.692308 4262.564103
4336.410256 4340.000000 4320.000000 4369.743590 4224.615385 4331.794872 4344.102564 4315.897436 4346.153846 4227.179487 4359.487179 4317.435897 4287.692308 4256.923077
4323.076923 4325.641026 4312.307692 4363.076923 4225.128205 4310.769231 4326.666667 4302.051282 4327.692308 4228.717949 4337.948718 4307.179487 4268.717949 4257.948718
4300.000000 4300.512821 4293.846154 4357.948718 4227.692308 4285.641026 4296.923077 4272.820513 4291.282051 4230.256410 4303.076923 4283.076923 4226.666667 4256.410256
4293.333333 4289.230769 4290.769231 4354.871795 4227.692308 4287.692308 4292.820513 4264.102564 4276.410256 4223.589744 4298.974359 4281.538462 4215.384615 4256.923077
4291.282051 4285.641026 4287.692308 4352.820513 4226.153846 4292.307692 4301.025641 4271.794872 4283.076923 4223.589744 4303.076923 4284.615385 4219.487179 4254.871795
4283.589744 4277.435897 4274.358974 4349.230769 4222.564103 4282.051282 4295.384615 4272.307692 4288.717949 4228.717949 4293.333333 4274.358974 4211.794872 4252.820513
4288.205128 4270.256410 4272.820513 4348.205128 4225.641026 4275.384615 4286.666667 4271.282051 4289.230769 4222.564103 4294.871795 4275.384615 4217.948718 4267.179487
4296.410256 4277.948718 4280.512821 4346.153846 4226.153846 4276.923077 4289.230769 4274.871795 4292.820513 4218.461538 4310.769231 4285.128205 4240.000000 4280.512821
4293.333333 4279.487179 4277.948718 4347.692308 4225.641026 4263.589744 4278.461538 4261.025641 4277.435897 4230.256410 4303.589744 4281.538462 4233.333333 4280.000000
4278.974359 4258.974359 4262.564103 4348.717949 4229.230769 4247.179487 4255.897436 4236.923077 4247.692308 4232.820513 4277.948718 4264.102564 4202.051282 4267.692308
4264.102564 4244.102564 4250.769231 4339.487179 4226.666667 4247.179487 4254.871795 4231.794872 4237.435897 4221.025641 4265.641026 4253.846154 4191.282051 4256.923077
4264.102564 4244.615385 4248.205128 4334.358974 4225.128205 4247.179487 4255.897436 4235.384615 4241.025641 4223.076923 4262.051282 4256.923077 4195.384615 4259.487179
4264.102564 4245.641026 4242.564103 4335.897436 4223.589744 4235.384615 4238.974359 4234.871795 4241.025641 4230.769231 4260.000000 4255.897436 4196.923077 4260.000000
4260.000000 4241.025641 4237.948718 4338.461538 4224.615385 4229.230769 4226.153846 4230.769231 4235.384615 4224.615385 4258.974359 4254.358974 4191.794872 4264.102564
4258.461538 4232.307692 4238.974359 4335.384615 4229.743590 4227.692308 4226.153846 4223.589744 4226.153846 4222.051282 4249.743590 4253.846154 4182.051282 4270.769231
4250.769231 4224.102564 4235.897436 4327.692308 4226.666667 4219.487179 4220.512821 4219.487179 4217.948718 4225.641026 4236.923077 4248.717949 4170.256410 4266.153846
4245.128205 4216.923077 4235.384615 4327.179487 4225.641026 4217.435897 4218.974359 4220.000000 4214.358974 4223.589744 4229.230769 4250.256410 4160.512821 4258.974359
4247.692308 4221.538462 4241.025641 4329.230769 4227.692308 4231.282051 4234.871795 4223.076923 4218.461538 4222.051282 4234.871795 4257.435897 4164.615385 4257.948718
4260.512821 4244.615385 4252.820513 4333.846154 4226.666667 4245.641026 4250.769231 4229.743590 4231.794872 4226.153846 4253.846154 4263.589744 4184.615385 4268.205128
4276.410256 4261.025641 4261.538462 4338.974359 4226.666667 4244.615385 4252.820513 4232.307692 4238.974359 4227.692308 4262.051282 4264.102564 4198.461538 4277.435897
4272.820513 4244.615385 4251.794872 4331.794872 4224.102564 4235.384615 4243.076923 4225.128205 4226.153846 4225.641026 4246.153846 4253.846154 4186.666667 4273.333333
4261.025641 4223.076923 4242.051282 4328.205128 4225.641026 4227.692308 4230.256410 4217.948718 4209.743590 4226.153846 4225.128205 4245.641026 4163.589744 4267.179487
4252.307692 4224.102564 4240.000000 4330.256410 4227.179487 4224.102564 4224.102564 4218.974359 4210.769231 4227.692308 4226.666667 4247.179487 4162.051282 4261.025641
4243.589744 4224.102564 4233.846154 4329.230769 4225.128205 4220.512821 4226.666667 4219.487179 4215.897436 4226.666667 4231.794872 4244.102564 4167.692308 4262.051282
4240.512821 4214.871795 4228.205128 4328.717949 4227.179487 4211.794872 4223.076923 4211.794872 4207.692308 4225.128205 4218.461538 4236.923077 4157.435897 4266.666667
4241.025641 4215.384615 4229.743590 4321.538462 4225.128205 4207.692308 4208.205128 4210.256410 4204.615385 4224.615385 4209.743590 4234.358974 4156.410256 4265.641026
4238.974359 4212.307692 4230.769231 4317.435897 4223.589744 4205.641026 4196.923077 4210.769231 4203.076923 4227.692308 4206.153846 4232.307692 4159.487179 4265.128205
4232.307692 4198.974359 4221.025641 4318.974359 4227.692308 4201.025641 4200.512821 4205.128205 4193.333333 4226.666667 4194.358974 4222.564103 4141.538462 4260.512821
4227.179487 4192.820513 4210.256410 4315.897436 4228.205128 4197.435897 4203.589744 4201.025641 4187.179487 4223.076923 4189.230769 4222.051282 4128.717949 4262.564103
4227.179487 4189.743590 4209.743590 4312.307692 4228.205128 4195.897436 4198.461538 4197.948718 4184.102564 4226.153846 4192.307692 4228.717949 4130.256410 4276.923077
4226.153846 4188.205128 4211.794872 4310.256410 4225.641026 4191.282051 4196.410256 4192.307692 4177.435897 4229.743590 4190.256410 4224.102564 4134.358974 4277.948718
4235.384615 4191.794872 4216.923077 4313.846154 4226.153846 4186.153846 4195.897436 4192.307692 4175.384615 4224.615385 4185.641026 4222.051282 4139.487179 4274.871795
4243.076923 4195.897436 4218.974359 4313.333333 4227.179487 4188.205128 4193.846154 4196.410256 4181.538462 4221.538462 4186.666667 4225.128205 4147.692308 4276.923077
4234.871795 4200.000000 4207.179487 4308.205128 4224.102564 4185.641026 4186.666667 4189.743590 4174.871795 4227.179487 4181.025641 4214.358974 4146.153846 4273.846154
4235.384615 4211.282051 4205.128205 4311.794872 4228.205128 4180.000000 4179.487179 4181.025641 4160.000000 4230.769231 4171.282051 4208.205128 4145.128205 4272.307692
4244.615385 4224.102564 4216.923077 4312.307692 4227.692308 4184.615385 4184.102564 4185.641026 4164.615385 4224.615385 4178.974359 4219.487179 4162.051282 4277.435897
4250.769231 4227.179487 4223.076923 4314.358974 4223.589744 4185.641026 4189.230769 4191.794872 4176.410256 4226.153846 4190.769231 4229.230769 4174.358974 4287.692308
4253.846154 4227.179487 4221.025641 4316.923077 4226.666667 4180.000000 4184.102564 4191.282051 4176.410256 4229.743590 4189.230769 4227.179487 4173.846154 4289.743590
4251.282051 4225.641026 4218.461538 4311.282051 4228.205128 4178.461538 4179.487179 4189.230769 4173.846154 4224.615385 4179.487179 4224.102564 4174.358974 4284.102564
4248.717949 4220.000000 4217.948718 4309.230769 4228.205128 4184.615385 4184.102564 4190.256410 4174.358974 4224.102564 4172.820513 4223.589744 4175.897436 4279.487179
4237.948718 4215.897436 4208.205128 4310.769231 4225.128205 4189.230769 4190.256410 4190.769231 4171.282051 4226.153846 4168.717949 4212.307692 4172.307692 4271.282051
4217.435897 4201.538462 4193.333333 4307.179487 4226.153846 4187.179487 4184.615385 4186.153846 4162.051282 4224.615385 4149.230769 4195.897436 4154.871795 4268.205128
4203.076923 4183.589744 4184.615385 4302.564103 4229.743590 4183.076923 4178.461538 4180.000000 4153.846154 4224.102564 4132.820513 4188.717949 4136.410256 4265.641026
4210.769231 4192.820513 4188.717949 4305.128205 4225.128205 4185.128205 4189.230769 4187.179487 4161.538462 4222.564103 4147.692308 4200.000000 4146.666667 4261.538462
4230.769231 4211.794872 4204.615385 4313.333333 4225.641026 4190.769231 4196.410256 4203.589744 4180.000000 4222.564103 4171.282051 4218.461538 4166.153846 4268.205128
4235.384615 4216.410256 4212.820513 4313.333333 4228.205128 4195.384615 4191.794872 4212.307692 4192.820513 4223.076923 4176.410256 4223.589744 4172.820513 4276.410256
4233.846154 4216.923077 4217.948718 4310.769231 4225.128205 4201.025641 4195.384615 4210.769231 4195.384615 4222.564103 4170.769231 4223.076923 4175.384615 4285.128205
4235.384615 4214.871795 4221.538462 4312.820513 4226.666667 4198.461538 4199.487179 4204.102564 4191.794872 4223.589744 4162.564103 4222.051282 4170.769231 4290.256410
4227.179487 4205.641026 4216.923077 4307.692308 4225.128205 4192.820513 4194.871795 4201.538462 4188.205128 4228.717949 4160.000000 4220.000000 4163.076923 4289.743590
4217.435897 4193.333333 4213.846154 4303.076923 4223.589744 4195.897436 4195.384615 4204.615385 4188.205128 4228.717949 4163.076923 4220.000000 4159.487179 4290.769231
4211.282051 4189.743590 4208.717949 4302.051282 4224.102564 4196.923077 4201.025641 4206.153846 4191.794872 4224.102564 4154.358974 4212.307692 4153.846154 4280.512821
4209.743590 4189.743590 4205.128205 4300.000000 4223.076923 4194.871795 4203.076923 4203.589744 4193.846154 4223.589744 4140.000000 4205.641026 4140.512821 4277.948718
4223.589744 4193.846154 4215.384615 4304.102564 4225.641026 4197.435897 4206.153846 4207.179487 4193.846154 4223.076923 4150.256410 4216.923077 4143.076923 4295.897436
4246.153846 4213.846154 4233.846154 4311.794872 4225.128205 4206.153846 4213.333333 4218.461538 4203.076923 4227.179487 4179.487179 4234.871795 4171.282051 4305.128205
4262.051282 4228.205128 4244.102564 4321.025641 4225.641026 4207.179487 4210.769231 4216.923077 4207.692308 4235.384615 4189.230769 4242.051282 4185.128205 4302.051282
4260.000000 4222.051282 4236.923077 4316.923077 4226.666667 4207.692308 4208.717949 4209.230769 4200.000000 4231.794872 4177.948718 4235.897436 4172.307692 4299.487179
4252.307692 4212.307692 4230.769231 4308.717949 4224.102564 4210.256410 4213.846154 4211.282051 4192.820513 4224.615385 4174.871795 4227.692308 4162.564103 4298.974359
4248.717949 4204.102564 4229.743590 4307.692308 4225.641026 4206.666667 4207.179487 4211.282051 4190.769231 4228.205128 4176.410256 4224.615385 4162.564103 4299.487179
4239.487179 4191.794872 4218.974359 4302.564103 4224.615385 4201.025641 4193.846154 4209.230769 4191.282051 4229.230769 4169.230769 4221.025641 4155.897436 4295.384615
4237.435897 4187.692308 4211.794872 4305.641026 4224.615385 4200.512821 4195.384615 4216.923077 4198.974359 4223.076923 4165.641026 4221.025641 4149.230769 4291.282051
4241.025641 4193.846154 4216.410256 4308.717949 4225.641026 4206.666667 4203.076923 4227.179487 4208.717949 4216.410256 4175.384615 4224.615385 4155.897436 4286.153846
4234.358974 4191.794872 4211.282051 4300.000000 4223.076923 4211.794872 4203.589744 4221.025641 4207.179487 4217.948718 4173.846154 4221.025641 4160.000000 4286.666667
4231.794872 4187.692308 4203.076923 4301.538462 4224.102564 4209.230769 4209.230769 4211.794872 4194.871795 4225.128205 4166.153846 4221.025641 4158.461538 4291.282051
4232.307692 4192.307692 4203.589744 4306.153846 4223.589744 4204.615385 4216.923077 4213.846154 4191.794872 4223.076923 4171.282051 4219.487179 4161.538462 4283.589744
4230.769231 4191.794872 4208.205128 4304.615385 4223.589744 4206.666667 4213.846154 4218.461538 4196.923077 4222.564103 4170.256410 4213.846154 4160.000000 4283.076923
4233.333333 4187.179487 4211.794872 4306.153846 4225.641026 4216.923077 4216.410256 4224.102564 4207.692308 4225.128205 4167.692308 4218.461538 4157.948718 4289.743590
4232.307692 4190.256410 4211.794872 4304.615385 4222.564103 4220.512821 4218.974359 4224.102564 4215.384615 4221.025641 4172.307692 4223.076923 4168.205128 4290.256410
4225.128205 4187.179487 4210.256410 4300.512821 4223.076923 4213.333333 4213.333333 4213.333333 4208.205128 4223.076923 4166.153846 4218.974359 4167.692308 4292.307692
4226.666667 4189.230769 4211.794872 4305.128205 4224.102564 4220.512821 4216.410256 4216.410256 4213.846154 4230.256410 4169.230769 4220.512821 4174.871795 4297.948718
4242.051282 4207.692308 4224.102564 4313.333333 4224.102564 4240.000000 4229.230769 4229.743590 4235.897436 4229.230769 4191.794872 4234.358974 4205.128205 4302.564103
4247.692308 4216.410256 4227.692308 4312.307692 4225.128205 4242.564103 4230.769231 4226.153846 4237.948718 4223.076923 4198.974359 4236.410256 4221.025641 4293.333333
4241.025641 4212.820513 4216.923077 4309.230769 4222.564103 4229.743590 4225.641026 4216.923077 4224.102564 4222.051282 4194.358974 4229.743590 4219.487179 4282.564103
4243.076923 4211.282051 4213.846154 4313.333333 4225.641026 4225.641026 4226.153846 4220.512821 4220.000000 4227.179487 4195.897436 4232.820513 4221.025641 4284.102564
4246.153846 4213.846154 4217.435897 4310.256410 4224.615385 4234.358974 4231.794872 4230.769231 4232.307692 4230.256410 4196.410256 4236.923077 4226.666667 4276.410256
4245.641026 4216.923077 4225.641026 4310.769231 4221.538462 4244.615385 4237.435897 4240.512821 4249.230769 4226.153846 4195.897436 4241.025641 4228.717949 4272.820513
4249.743590 4221.025641 4233.333333 4318.461538 4226.153846 4252.820513 4249.230769 4245.128205 4255.897436 4223.076923 4199.487179 4242.564103 4231.282051 4276.923077
4248.205128 4226.666667 4230.256410 4315.384615 4224.102564 4258.974359 4262.564103 4246.153846 4255.897436 4228.205128 4208.205128 4241.538462 4237.435897 4272.820513
4247.179487 4229.743590 4227.692308 4313.333333 4222.564103 4262.564103 4263.589744 4247.692308 4257.948718 4230.769231 4220.000000 4244.615385 4246.666667 4271.794872
4251.794872 4238.461538 4233.333333 4316.410256 4224.615385 4264.615385 4264.615385 4252.307692 4261.025641 4222.051282 4226.666667 4245.641026 4258.974359 4273.846154
4254.358974 4244.615385 4237.435897 4318.974359 4223.589744 4261.025641 4266.153846 4251.282051 4258.974359 4220.000000 4226.153846 4244.102564 4263.076923 4275.384615
4253.333333 4234.358974 4233.333333 4317.435897 4224.102564 4253.333333 4253.846154 4243.589744 4252.820513 4230.256410 4226.153846 4244.615385 4261.538462 4275.897436
4248.717949 4227.692308 4230.256410 4312.820513 4224.102564 4250.256410 4244.615385 4244.102564 4254.358974 4231.282051 4230.256410 4247.179487 4263.076923 4272.820513
4251.282051 4234.358974 4236.923077 4314.871795 4225.641026 4255.384615 4251.282051 4250.256410 4259.487179 4222.564103 4230.256410 4249.230769 4260.512821 4272.307692
4249.230769 4232.820513 4236.923077 4315.384615 4225.128205 4257.948718 4253.333333 4247.179487 4257.948718 4222.564103 4223.589744 4243.076923 4249.230769 4267.692308
4242.564103 4222.051282 4229.230769 4313.333333 4223.589744 4252.307692 4245.128205 4238.974359 4247.179487 4224.102564 4219.487179 4237.435897 4239.487179 4265.641026
4247.179487 4226.666667 4230.769231 4318.461538 4227.692308 4246.666667 4242.051282 4235.384615 4240.512821 4221.538462 4224.615385 4243.076923 4243.076923 4267.692308
4245.128205 4224.102564 4225.128205 4311.794872 4225.641026 4242.051282 4235.384615 4229.743590 4235.897436 4226.153846 4219.487179 4239.487179 4244.102564 4263.076923
4229.230769 4194.358974 4208.205128 4298.974359 4222.051282 4228.717949 4218.461538 4212.820513 4213.846154 4228.205128 4200.512821 4224.615385 4231.794872 4260.512821
4217.948718 4181.538462 4198.974359 4296.923077 4224.615385 4217.948718 4212.307692 4204.102564 4201.538462 4224.102564 4198.461538 4218.461538 4230.769231 4257.435897
4221.538462 4193.846154 4200.512821 4298.974359 4225.128205 4216.923077 4218.461538 4209.743590 4210.769231 4230.256410 4205.641026 4219.487179 4236.923077 4248.717949
4217.948718 4188.717949 4196.410256 4297.948718 4225.641026 4210.256410 4209.230769 4204.615385 4203.076923 4237.435897 4195.897436 4213.333333 4219.487179 4240.512821
4201.538462 4168.205128 4184.102564 4292.820513 4225.128205 4198.974359 4191.794872 4190.256410 4180.512821 4230.769231 4184.615385 4205.641026 4198.974359 4234.358974
4196.923077 4158.974359 4178.461538 4292.820513 4226.153846 4195.897436 4191.794872 4185.641026 4172.820513 4221.538462 4182.051282 4206.666667 4199.487179 4235.897436
4203.076923 4165.128205 4180.512821 4295.384615 4224.615385 4201.025641 4202.051282 4189.743590 4176.410256 4224.102564 4178.974359 4203.589744 4205.641026 4235.384615
4202.564103 4169.230769 4183.589744 4293.333333 4221.025641 4203.589744 4202.564103 4188.205128 4178.461538 4228.205128 4177.435897 4201.025641 4205.641026 4232.307692
4201.025641 4165.641026 4184.615385 4291.794872 4226.666667 4199.487179 4193.846154 4183.076923 4173.846154 4224.102564 4178.974359 4206.153846 4203.589744 4229.230769
4201.025641 4166.153846 4182.564103 4290.769231 4227.179487 4196.410256 4191.794872 4185.641026 4166.153846 4217.948718 4185.128205 4208.205128 4206.666667 4224.615385
4204.102564 4168.717949 4184.102564 4291.794872 4223.589744 4195.384615 4194.871795 4187.179487 4166.666667 4223.589744 4194.871795 4209.230769 4210.256410 4231.282051
4206.153846 4165.128205 4186.666667 4290.769231 4226.666667 4190.769231 4191.794872 4181.025641 4168.717949 4227.692308 4200.000000 4212.820513 4209.230769 4240.000000
4205.641026 4163.076923 4186.666667 4286.666667 4225.641026 4190.769231 4187.692308 4178.974359 4167.179487 4220.512821 4207.692308 4214.358974 4211.282051 4244.615385
4212.820513 4167.692308 4187.692308 4289.230769 4224.102564 4193.846154 4187.179487 4183.076923 4169.743590 4224.102564 4221.538462 4214.871795 4219.487179 4249.230769
4213.846154 4174.358974 4187.179487 4291.794872 4222.051282 4189.230769 4187.692308 4178.974359 4175.384615 4229.743590 4229.230769 4212.820513 4224.615385 4245.128205
4209.743590 4177.435897 4188.717949 4288.717949 4222.051282 4187.692308 4187.179487 4174.358974 4172.820513 4224.102564 4228.205128 4209.230769 4217.948718 4248.205128
4215.897436 4177.435897 4195.897436 4287.692308 4226.153846 4200.000000 4188.717949 4183.076923 4175.897436 4221.538462 4234.358974 4215.897436 4214.871795 4254.871795
4222.564103 4183.076923 4198.461538 4291.282051 4224.102564 4204.615385 4194.358974 4189.743590 4185.641026 4222.564103 4241.025641 4221.538462 4221.025641 4251.794872
4224.615385 4191.794872 4197.435897 4297.435897 4225.641026 4197.435897 4195.384615 4180.512821 4180.000000 4225.128205 4232.307692 4217.435897 4212.820513 4254.871795
4222.564103 4197.948718 4200.512821 4298.461538 4226.153846 4198.974359 4190.769231 4174.871795 4174.871795 4227.692308 4228.205128 4213.333333 4202.564103 4257.948718
4222.051282 4198.974359 4205.128205 4296.923077 4224.102564 4202.051282 4192.307692 4180.000000 4180.000000 4224.102564 4237.948718 4215.384615 4208.717949 4254.358974
4219.487179 4191.794872 4197.948718 4294.871795 4227.179487 4200.000000 4201.025641 4180.512821 4179.487179 4222.564103 4236.410256 4216.410256 4209.230769 4253.846154
4210.769231 4185.128205 4188.205128 4286.153846 4225.641026 4200.512821 4199.487179 4182.564103 4178.461538 4228.205128 4230.256410 4211.794872 4200.512821 4256.410256
4212.820513 4186.666667 4195.897436 4289.230769 4224.102564 4202.564103 4192.820513 4188.717949 4184.615385 4227.692308 4235.384615 4214.358974 4202.051282 4257.948718
4217.435897 4190.256410 4201.025641 4294.871795 4224.615385 4208.717949 4202.564103 4191.282051 4191.794872 4221.025641 4238.461538 4216.923077 4207.179487 4252.307692
4214.871795 4189.230769 4195.897436 4290.769231 4225.641026 4213.333333 4211.282051 4195.384615 4198.974359 4223.076923 4236.923077 4218.461538 4203.589744 4251.282051
4219.487179 4194.358974 4203.076923 4292.307692 4229.743590 4216.410256 4212.307692 4206.153846 4211.794872 4227.692308 4246.153846 4227.179487 4209.743590 4261.538462
4225.128205 4211.794872 4212.820513 4297.435897 4225.128205 4225.641026 4222.564103 4215.897436 4227.179487 4225.128205 4261.538462 4231.794872 4228.205128 4268.717949
4226.153846 4218.461538 4215.897436 4301.538462 4223.589744 4232.307692 4230.256410 4215.384615 4231.282051 4222.051282 4263.589744 4228.205128 4229.230769 4267.692308
4228.717949 4218.974359 4215.897436 4300.000000 4226.666667 4229.743590 4230.256410 4217.435897 4229.743590 4224.615385 4260.512821 4223.076923 4221.538462 4261.025641
4235.384615 4232.820513 4217.948718 4302.051282 4224.102564 4232.820513 4236.923077 4226.153846 4234.358974 4231.282051 4260.512821 4223.589744 4225.128205 4257.948718
4236.923077 4241.025641 4222.564103 4308.205128 4223.589744 4240.000000 4245.641026 4230.769231 4240.512821 4230.256410 4257.948718 4230.256410 4232.307692 4258.461538
4233.846154 4237.435897 4224.102564 4303.076923 4225.128205 4248.205128 4253.333333 4237.948718 4247.692308 4227.179487 4264.102564 4235.384615 4240.512821 4257.948718
4238.461538 4241.025641 4226.666667 4306.666667 4226.153846 4255.384615 4264.615385 4248.205128 4255.384615 4229.743590 4275.897436 4241.025641 4246.666667 4263.589744
4241.538462 4248.717949 4231.282051 4312.307692 4225.641026 4257.435897 4270.256410 4250.769231 4258.461538 4225.641026 4273.333333 4242.564103 4241.025641 4260.512821
4238.461538 4248.205128 4234.358974 4306.666667 4223.589744 4257.948718 4264.615385 4246.666667 4256.410256 4220.000000 4266.666667 4241.025641 4238.461538 4254.358974
4242.564103 4250.769231 4238.461538 4307.179487 4226.153846 4260.512821 4261.538462 4247.179487 4256.923077 4225.641026 4273.333333 4246.153846 4247.179487 4251.282051
4245.128205 4256.923077 4237.948718 4308.717949 4226.666667 4258.974359 4267.692308 4253.333333 4261.538462 4230.769231 4278.461538 4251.282051 4251.794872 4241.538462
4243.589744 4248.717949 4234.871795 4307.692308 4225.641026 4251.794872 4263.076923 4246.153846 4254.871795 4228.717949 4268.717949 4249.230769 4242.564103 4242.564103
4243.076923 4242.564103 4232.820513 4308.717949 4224.615385 4243.076923 4250.256410 4233.333333 4244.615385 4224.102564 4267.179487 4246.666667 4237.435897 4247.179487
4249.230769 4248.717949 4238.974359 4309.230769 4223.076923 4246.666667 4258.974359 4242.564103 4256.923077 4219.487179 4284.615385 4255.384615 4250.256410 4243.076923
4261.025641 4256.923077 4249.743590 4311.282051 4226.666667 4257.435897 4274.871795 4261.025641 4276.923077 4224.102564 4291.282051 4266.153846 4258.461538 4245.128205
4255.384615 4260.512821 4243.589744 4309.743590 4226.153846 4250.256410 4263.589744 4258.974359 4270.769231 4228.205128 4273.846154 4255.384615 4247.692308 4247.179487
4245.128205 4251.282051 4230.256410 4305.128205 4225.641026 4230.769231 4244.615385 4242.564103 4248.717949 4223.589744 4256.923077 4240.000000 4229.230769 4243.076923
4246.153846 4240.000000 4226.153846 4301.538462 4226.666667 4228.205128 4245.128205 4233.846154 4236.923077 4224.102564 4258.461538 4237.435897 4220.000000 4244.102564
4239.487179 4233.846154 4219.487179 4296.410256 4223.589744 4230.256410 4244.102564 4230.256410 4231.794872 4228.717949 4256.923077 4234.358974 4216.923077 4252.307692
4229.743590 4218.974359 4212.820513 4290.769231 4226.666667 4221.538462 4232.307692 4222.051282 4220.000000 4226.666667 4239.487179 4229.230769 4205.641026 4254.871795
4228.717949 4213.333333 4215.384615 4289.230769 4227.179487 4222.564103 4231.794872 4221.025641 4221.025641 4224.102564 4235.897436 4231.794872 4203.589744 4244.615385
4230.769231 4226.153846 4220.000000 4295.384615 4223.589744 4230.769231 4235.384615 4225.641026 4233.333333 4228.717949 4246.666667 4238.461538 4210.256410 4238.461538
4228.717949 4226.666667 4215.384615 4297.435897 4226.666667 4228.205128 4225.641026 4223.076923 4230.769231 4229.230769 4243.589744 4236.410256 4207.692308 4237.435897
4229.230769 4228.717949 4217.948718 4293.333333 4225.128205 4227.692308 4221.538462 4220.000000 4227.692308 4223.589744 4246.153846 4234.871795 4207.179487 4234.871795
4237.948718 4243.589744 4227.692308 4299.487179 4221.538462 4235.384615 4233.333333 4226.666667 4235.897436 4225.641026 4265.128205 4243.076923 4218.974359 4240.512821
4241.538462 4243.589744 4225.128205 4301.025641 4223.076923 4238.461538 4242.564103 4234.871795 4243.589744 4230.256410 4263.589744 4244.102564 4224.102564 4241.025641
4243.589744 4243.076923 4228.205128 4298.974359 4225.641026 4242.564103 4248.205128 4242.051282 4249.743590 4229.230769 4254.871795 4244.102564 4222.564103 4240.000000
4253.333333 4257.948718 4243.589744 4304.615385 4228.205128 4246.666667 4253.846154 4248.205128 4259.487179 4225.128205 4267.692308 4252.307692 4230.769231 4243.076923
4252.820513 4264.615385 4240.512821 4302.564103 4223.589744 4239.487179 4250.769231 4244.615385 4261.025641 4224.102564 4276.923077 4250.256410 4237.435897 4240.000000
4246.666667 4252.820513 4233.333333 4300.000000 4226.153846 4233.846154 4244.102564 4235.897436 4252.307692 4227.179487 4270.256410 4245.128205 4235.384615 4238.974359
4246.153846 4244.102564 4235.897436 4301.025641 4229.743590 4238.974359 4247.692308 4237.948718 4248.717949 4224.615385 4264.615385 4247.179487 4229.230769 4240.000000
4244.615385 4247.692308 4233.846154 4301.025641 4223.076923 4234.871795 4245.641026 4237.435897 4239.487179 4221.025641 4253.846154 4243.076923 4218.461538 4240.512821
4241.025641 4247.692308 4226.153846 4303.076923 4223.589744 4223.076923 4232.307692 4224.102564 4223.076923 4227.692308 4239.487179 4236.410256 4205.128205 4238.461538
4234.358974 4235.384615 4217.948718 4297.435897 4225.128205 4221.025641 4225.641026 4211.794872 4209.230769 4231.794872 4235.897436 4233.846154 4201.025641 4226.666667
4223.589744 4213.333333 4211.282051 4286.666667 4223.589744 4211.282051 4214.358974 4205.641026 4197.435897 4225.641026 4217.948718 4227.692308 4182.051282 4217.948718
4205.128205 4191.282051 4195.384615 4279.487179 4223.589744 4190.769231 4192.307692 4193.333333 4183.076923 4221.025641 4185.128205 4209.743590 4149.230769 4212.820513
4188.205128 4176.410256 4176.923077 4276.410256 4224.102564 4180.000000 4183.076923 4175.384615 4156.410256 4225.128205 4173.846154 4196.923077 4136.410256 4215.384615
4188.717949 4175.384615 4175.897436 4280.000000 4227.692308 4177.435897 4191.794872 4171.282051 4143.589744 4226.666667 4176.923077 4194.871795 4136.410256 4217.948718
4190.256410 4184.102564 4180.000000 4280.000000 4227.692308 4180.000000 4195.384615 4187.179487 4170.769231 4228.717949 4173.846154 4193.333333 4132.820513 4204.615385
4185.128205 4172.820513 4172.820513 4278.461538 4225.128205 4181.025641 4183.076923 4193.846154 4185.641026 4230.769231 4162.051282 4190.256410 4124.102564 4193.846154
4183.076923 4165.128205 4169.743590 4277.435897 4223.589744 4183.589744 4178.974359 4185.641026 4171.282051 4220.512821 4164.615385 4190.256410 4123.076923 4196.410256
4185.128205 4176.923077 4178.974359 4278.974359 4221.025641 4193.333333 4191.794872 4188.717949 4175.897436 4215.897436 4183.076923 4195.384615 4131.794872 4203.076923
4183.589744 4175.897436 4182.564103 4281.025641 4223.589744 4196.923077 4194.871795 4193.333333 4184.615385 4227.179487 4189.230769 4200.512821 4137.435897 4202.051282
4178.974359 4170.256410 4175.384615 4274.871795 4223.076923 4194.358974 4190.769231 4192.820513 4181.025641 4229.743590 4186.153846 4198.461538 4142.564103 4186.666667
4182.564103 4173.846154 4176.410256 4273.846154 4224.102564 4197.948718 4194.358974 4193.333333 4187.692308 4224.102564 4191.794872 4195.897436 4144.102564 4177.948718
4183.076923 4175.384615 4180.512821 4282.051282 4227.692308 4200.512821 4202.051282 4196.923077 4190.256410 4225.641026 4200.512821 4195.384615 4143.076923 4172.820513
4177.435897 4175.897436 4177.435897 4284.615385 4224.615385 4197.435897 4209.743590 4202.051282 4189.743590 4226.666667 4194.871795 4196.923077 4142.051282 4162.564103
4175.384615 4171.282051 4172.820513 4282.051282 4226.153846 4198.974359 4209.743590 4197.948718 4188.717949 4224.615385 4179.487179 4191.794872 4131.794872 4160.000000
4173.333333 4170.769231 4170.769231 4276.923077 4226.666667 4203.589744 4201.538462 4188.717949 4185.128205 4229.230769 4178.461538 4182.564103 4127.179487 4162.051282
4175.897436 4176.923077 4174.871795 4274.358974 4221.538462 4201.538462 4200.000000 4191.282051 4184.615385 4232.307692 4188.717949 4188.205128 4136.923077 4159.487179
4181.538462 4176.410256 4180.000000 4276.923077 4223.589744 4197.435897 4203.076923 4201.025641 4191.282051 4229.230769 4191.282051 4197.435897 4142.051282 4152.307692
4177.435897 4170.769231 4171.794872 4274.871795 4225.641026 4192.307692 4197.948718 4200.512821 4191.794872 4225.641026 4188.205128 4189.230769 4138.461538 4152.820513
4169.743590 4156.410256 4160.000000 4269.230769 4225.128205 4182.051282 4185.641026 4189.743590 4177.435897 4224.615385 4181.538462 4179.487179 4125.641026 4157.948718
4167.692308 4145.641026 4154.871795 4264.615385 4220.512821 4182.564103 4178.974359 4183.589744 4172.820513 4224.615385 4172.307692 4176.923077 4114.871795 4148.717949
4172.820513 4155.384615 4158.461538 4264.615385 4221.025641 4194.871795 4181.025641 4185.641026 4183.076923 4225.128205 4173.846154 4178.974359 4122.051282 4142.051282
4174.358974 4164.102564 4159.487179 4269.230769 4226.666667 4190.256410 4177.948718 4182.051282 4180.000000 4218.974359 4177.948718 4181.025641 4128.205128 4145.128205
4157.948718 4149.230769 4146.153846 4264.615385 4222.564103 4173.846154 4166.666667 4168.717949 4157.948718 4213.846154 4167.692308 4172.307692 4112.820513 4141.538462
4144.615385 4125.641026 4134.871795 4257.435897 4222.564103 4163.589744 4153.846154 4157.435897 4140.512821 4220.000000 4148.717949 4165.128205 4093.846154 4133.846154
4143.589744 4114.871795 4128.205128 4253.333333 4226.153846 4156.923077 4147.179487 4155.384615 4141.025641 4224.102564 4140.000000 4161.538462 4091.282051 4123.076923
4138.974359 4105.128205 4121.538462 4251.282051 4224.102564 4143.076923 4137.948718 4146.153846 4134.358974 4222.051282 4134.871795 4151.794872 4085.128205 4117.435897
4130.256410 4091.794872 4116.923077 4247.692308 4227.179487 4130.256410 4127.692308 4131.794872 4117.435897 4228.717949 4125.641026 4145.128205 4069.743590 4118.461538
4122.564103 4084.102564 4112.820513 4240.512821 4225.128205 4130.769231 4128.205128 4132.307692 4113.846154 4232.307692 4115.384615 4142.564103 4064.102564 4118.974359
4129.230769 4084.102564 4115.384615 4245.128205 4222.051282 4132.820513 4130.769231 4136.410256 4117.435897 4224.615385 4108.205128 4140.000000 4061.025641 4125.128205
4136.923077 4089.230769 4118.974359 4248.717949 4222.564103 4127.179487 4123.589744 4128.205128 4107.179487 4224.615385 4104.615385 4135.384615 4058.461538 4126.666667
4128.205128 4086.666667 4115.897436 4241.025641 4219.487179 4121.025641 4113.846154 4124.102564 4100.000000 4229.743590 4104.102564 4134.358974 4058.461538 4122.051282
4123.076923 4075.897436 4113.333333 4237.948718 4222.051282 4121.538462 4114.871795 4129.230769 4101.025641 4226.153846 4102.564103 4134.358974 4055.384615 4122.051282
4119.487179 4068.717949 4110.256410 4234.358974 4225.641026 4117.948718 4115.897436 4126.153846 4089.230769 4226.153846 4097.435897 4128.205128 4050.769231 4121.025641
4110.769231 4063.589744 4104.102564 4231.794872 4226.153846 4106.153846 4105.128205 4114.358974 4070.256410 4232.820513 4083.076923 4122.051282 4041.538462 4121.025641
4110.769231 4062.564103 4104.102564 4233.333333 4223.076923 4107.692308 4101.025641 4116.410256 4074.871795 4230.769231 4074.871795 4123.076923 4037.948718 4128.717949
4121.538462 4071.794872 4113.333333 4234.871795 4220.000000 4118.461538 4110.769231 4129.743590 4092.820513 4226.153846 4090.769231 4132.307692 4051.794872 4138.461538
4129.743590 4076.410256 4118.974359 4235.897436 4225.641026 4121.538462 4116.923077 4131.794872 4093.333333 4228.717949 4098.974359 4133.333333 4062.564103 4140.000000
4125.128205 4074.358974 4111.282051 4231.282051 4224.102564 4124.102564 4113.333333 4131.282051 4092.820513 4229.230769 4090.256410 4126.666667 4060.512821 4134.871795
4118.974359 4068.205128 4103.076923 4229.230769 4220.000000 4121.538462 4103.589744 4132.820513 4097.948718 4227.179487 4087.179487 4129.743590 4057.435897 4133.333333
4116.923077 4061.025641 4100.512821 4227.179487 4223.589744 4108.205128 4094.871795 4125.128205 4090.256410 4226.153846 4084.615385 4129.230769 4054.871795 4126.153846
4119.487179 4063.589744 4101.538462 4225.128205 4225.128205 4110.769231 4097.435897 4118.974359 4089.743590 4227.692308 4081.025641 4126.666667 4054.358974 4122.051282
4127.692308 4065.641026 4106.153846 4230.769231 4225.641026 4117.435897 4103.076923 4121.025641 4101.025641 4231.282051 4081.538462 4131.794872 4056.923077 4131.794872
4123.076923 4064.615385 4102.051282 4231.282051 4223.076923 4104.102564 4101.538462 4117.435897 4095.384615 4231.282051 4078.974359 4126.666667 4053.333333 4131.282051
4119.487179 4073.333333 4104.102564 4230.769231 4221.025641 4106.153846 4103.589744 4112.307692 4086.153846 4227.692308 4075.384615 4126.666667 4051.282051 4127.692308
4124.102564 4078.974359 4112.820513 4232.820513 4224.102564 4128.717949 4113.333333 4120.000000 4096.923077 4224.615385 4079.487179 4136.410256 4059.487179 4127.179487
4114.358974 4062.564103 4104.102564 4224.102564 4223.589744 4122.564103 4109.743590 4118.461538 4094.358974 4229.230769 4073.846154 4125.641026 4055.897436 4121.025641
4103.076923 4048.205128 4095.897436 4221.025641 4223.589744 4102.051282 4096.410256 4106.153846 4075.384615 4233.846154 4062.051282 4112.307692 4045.128205 4118.974359
4105.641026 4059.487179 4100.000000 4227.179487 4223.076923 4109.230769 4096.410256 4109.743590 4077.948718 4230.256410 4067.179487 4120.512821 4053.846154 4120.512821
4111.794872 4065.128205 4100.000000 4227.692308 4223.589744 4115.897436 4093.846154 4112.820513 4084.102564 4228.717949 4065.641026 4125.128205 4060.000000 4122.051282
4110.769231 4056.923077 4096.410256 4223.076923 4226.666667 4110.256410 4089.230769 4103.076923 4077.435897 4231.794872 4055.897436 4120.000000 4053.333333 4121.538462
4107.692308 4054.871795 4096.410256 4219.487179 4222.564103 4107.692308 4098.974359 4105.128205 4071.794872 4230.769231 4061.025641 4117.435897 4052.307692 4123.589744
4113.846154 4061.538462 4100.512821 4224.102564 4223.589744 4100.512821 4100.512821 4113.333333 4070.256410 4227.179487 4062.051282 4117.435897 4052.820513 4127.692308
4121.538462 4072.307692 4103.076923 4224.615385 4224.615385 4105.128205 4094.358974 4114.871795 4085.641026 4222.051282 4057.948718 4118.461538 4056.410256 4120.000000
4122.051282 4076.410256 4107.692308 4221.025641 4220.512821 4117.948718 4096.923077 4113.846154 4100.512821 4223.589744 4066.153846 4126.153846 4066.153846 4116.410256
4122.051282 4073.846154 4112.307692 4225.128205 4223.589744 4116.410256 4105.641026 4110.256410 4084.102564 4229.743590 4078.974359 4132.307692 4072.307692 4119.487179
4121.538462 4073.846154 4110.256410 4225.128205 4224.102564 4114.871795 4108.205128 4113.846154 4076.923077 4225.641026 4077.435897 4131.282051 4072.307692 4114.871795
4123.076923 4076.410256 4107.692308 4225.641026 4222.564103 4122.564103 4105.641026 4117.948718 4096.410256 4220.000000 4065.641026 4131.794872 4067.692308 4114.871795
4119.487179 4076.410256 4104.102564 4224.102564 4224.102564 4125.641026 4108.717949 4115.897436 4103.589744 4227.179487 4059.487179 4130.769231 4064.615385 4116.410256
4110.769231 4070.769231 4101.538462 4219.487179 4222.564103 4120.000000 4114.358974 4116.410256 4088.205128 4234.871795 4064.102564 4127.692308 4069.230769 4117.948718
4107.179487 4067.692308 4099.487179 4221.538462 4222.564103 4107.179487 4109.230769 4111.794872 4073.333333 4235.897436 4063.076923 4126.666667 4068.717949 4118.461538
4107.692308 4072.307692 4097.435897 4221.538462 4221.025641 4106.666667 4105.641026 4115.897436 4089.230769 4229.743590 4057.435897 4127.179487 4067.692308 4109.230769
4109.743590 4071.282051 4100.512821 4217.948718 4222.564103 4121.025641 4115.384615 4125.128205 4103.589744 4223.076923 4064.615385 4131.794872 4076.923077 4102.564103
4110.769231 4069.743590 4104.615385 4216.923077 4224.102564 4110.256410 4116.923077 4120.512821 4077.948718 4225.641026 4070.769231 4135.384615 4082.051282 4097.435897
4116.923077 4081.538462 4110.769231 4223.076923 4223.589744 4093.846154 4110.256410 4124.102564 4083.589744 4228.205128 4068.205128 4139.487179 4082.564103 4095.897436
4126.666667 4090.256410 4117.435897 4228.205128 4225.641026 4109.230769 4117.435897 4136.410256 4108.205128 4222.051282 4077.948718 4145.641026 4092.820513 4104.102564
4124.615385 4091.282051 4118.461538 4225.641026 4224.102564 4130.769231 4131.794872 4135.384615 4084.615385 4222.564103 4094.871795 4145.641026 4107.179487 4104.615385
4122.051282 4089.743590 4114.358974 4223.076923 4223.589744 4132.820513 4132.820513 4131.282051 4067.179487 4227.692308 4088.205128 4143.076923 4103.589744 4100.512821
4120.512821 4083.076923 4108.205128 4221.538462 4224.615385 4123.589744 4121.538462 4138.974359 4096.410256 4220.512821 4068.205128 4137.435897 4090.256410 4098.461538
4117.948718 4085.128205 4109.743590 4220.000000 4221.025641 4108.205128 4112.307692 4140.000000 4123.589744 4215.897436 4063.589744 4135.897436 4087.692308 4103.076923
4130.256410 4092.820513 4125.128205 4226.153846 4222.564103 4110.769231 4120.000000 4134.871795 4113.846154 4226.153846 4082.051282 4148.205128 4097.435897 4111.282051
4141.025641 4092.820513 4129.743590 4225.641026 4221.538462 4100.512821 4125.641026 4126.153846 4083.076923 4227.692308 4100.512821 4153.846154 4112.820513 4106.153846
4138.461538 4091.794872 4120.000000 4222.051282 4220.000000 4016.923077 4102.564103 4114.871795 4057.948718 4222.564103 4089.743590 4146.153846 4114.358974 4100.000000
4146.666667 4107.692308 4125.128205 4227.692308 4224.615385 4015.897436 4102.564103 4121.538462 4037.435897 4228.205128 4087.692308 4152.820513 4125.128205 4105.128205
4158.461538 4122.564103 4134.871795 4227.692308 4223.589744 4115.384615 4130.256410 4122.051282 4011.282051 4231.794872 4103.076923 4163.076923 4144.102564 4112.307692
4156.923077 4111.794872 4128.205128 4224.615385 4223.076923 4076.410256 4121.025641 4108.717949 4005.128205 4224.615385 4083.589744 4149.230769 4131.794872 4110.769231
4157.948718 4116.923077 4123.589744 4226.666667 4221.538462 4018.461538 4109.230769 4129.743590 4064.102564 4224.615385 4069.230769 4139.487179 4131.794872 4103.076923
4171.282051 4144.102564 4138.461538 4230.769231 4221.025641 4126.153846 4131.794872 4153.333333 4077.435897 4233.846154 4108.717949 4157.435897 4181.025641 4112.820513
4174.358974 4147.179487 4145.128205 4229.743590 4225.128205 4192.820513 4137.948718 4137.435897 4058.974359 4233.846154 4119.487179 4162.564103 4196.410256 4117.948718
4164.102564 4137.435897 4134.871795 4228.717949 4222.564103 4076.923077 4100.512821 4099.487179 4070.769231 4224.615385 4097.948718 4147.692308 4174.358974 4107.179487
4155.897436 4131.794872 4127.179487 4231.282051 4223.076923 3959.487179 4066.153846 4074.871795 3953.846154 4222.051282 4103.076923 4142.051282 4177.948718 4106.666667
4151.794872 4130.256410 4122.564103 4225.641026 4224.102564 4008.205128 4085.641026 4126.153846 3900.000000 4225.641026 4094.871795 4135.897436 4184.615385 4112.307692
4165.641026 4147.692308 4127.179487 4227.692308 4221.025641 4130.769231 4124.102564 4166.666667 4011.282051 4227.179487 4094.358974 4143.076923 4200.512821 4115.897436
4183.589744 4163.589744 4128.717949 4233.333333 4223.589744 4153.333333 4115.897436 4125.641026 3991.282051 4225.641026 4123.076923 4156.923077 4227.179487 4112.307692
4171.794872 4147.692308 4129.743590 4220.000000 4224.615385 4102.051282 4089.743590 4125.641026 3933.846154 4230.256410 4102.051282 4144.102564 4207.179487 4101.538462
4156.923077 4125.128205 4120.000000 4213.333333 4224.615385 4114.871795 4090.256410 4173.333333 4052.307692 4234.871795 4056.410256 4130.769231 4172.820513 4097.435897
4149.743590 4120.512821 4094.871795 4213.846154 4223.076923 4117.948718 4085.641026 4158.461538 4112.307692 4231.282051 4068.205128 4133.333333 4185.128205 4097.435897
4137.948718 4116.923077 4222.564103 4211.794872 4222.564103 4072.307692 4067.692308 4121.025641 4030.769231 4230.256410 4084.102564 4128.717949 4198.461538 4103.589744
4133.846154 4109.743590 4502.564103 4214.358974 4225.128205 4082.564103 4066.666667 4130.769231 4035.384615 4234.358974 4068.717949 4124.615385 4191.282051 4108.205128
4135.897436 4104.102564 4632.820513 4210.256410 4221.538462 4111.794872 4071.282051 4142.564103 4053.846154 4229.230769 4068.717949 4128.717949 4196.923077 4101.538462
4124.615385 4084.615385 4563.589744 4202.564103 4220.512821 4076.410256 4055.897436 4132.307692 4004.615385 4222.564103 4060.512821 4122.564103 4186.153846 4092.820513
4106.666667 4067.692308 4526.666667 4198.974359 4223.076923 4023.589744 4036.923077 4122.564103 3993.333333 4225.641026 4040.000000 4110.256410 4164.102564 4089.743590
4103.589744 4067.179487 4547.179487 4197.435897 4220.512821 4044.102564 4045.641026 4131.794872 4013.846154 4226.153846 4036.923077 4108.717949 4162.051282 4088.717949
4110.769231 4065.641026 4530.769231 4193.846154 4223.076923 4102.051282 4062.564103 4156.923077 4051.794872 4218.461538 4031.282051 4109.230769 4164.615385 4085.641026
4102.564103 4054.871795 4507.692308 4187.179487 4225.128205 4087.692308 4046.666667 4148.717949 4054.871795 4221.025641 4024.102564 4104.615385 4157.435897 4086.666667
4094.358974 4047.179487 4497.948718 4185.641026 4224.615385 4040.512821 4024.615385 4127.692308 4020.000000 4230.256410 4025.128205 4101.025641 4146.153846 4097.948718
4094.358974 4047.692308 4485.128205 4180.512821 4222.051282 4059.487179 4034.871795 4137.435897 4021.538462 4230.769231 4022.564103 4101.538462 4144.615385 4100.512821
4088.205128 4038.461538 4473.846154 4166.666667 4221.025641 4077.435897 4039.487179 4146.153846 4035.897436 4223.076923 4016.410256 4098.461538 4143.076923 4095.384615
4084.102564 4029.230769 4467.179487 4162.564103 4224.102564 4050.256410 4025.128205 4136.410256 4028.205128 4224.615385 4013.846154 4093.846154 4132.307692 4101.025641
4085.128205 4039.487179 4460.512821 4168.717949 4222.564103 4048.717949 4029.743590 4145.128205 4042.051282 4230.256410 4015.384615 4094.871795 4129.743590 4104.102564
4082.051282 4039.487179 4448.205128 4170.769231 4222.564103 4062.564103 4038.461538 4160.000000 4072.307692 4232.307692 4014.871795 4100.000000 4130.256410 4098.974359
4077.948718 4028.205128 4435.384615 4165.128205 4223.589744 4058.461538 4039.487179 4161.538462 4081.025641 4230.256410 4022.051282 4100.000000 4131.282051 4098.461538
4084.102564 4036.410256 4428.717949 4159.487179 4220.000000 4063.076923 4056.410256 4171.794872 4087.692308 4226.153846 4034.871795 4100.000000 4142.051282 4108.205128
4102.564103 4056.410256 4426.666667 4167.179487 4224.102564 4094.358974 4076.410256 4193.333333 4116.410256 4225.641026 4035.897436 4110.256410 4148.717949 4116.923077
4111.794872 4068.717949 4426.666667 4175.897436 4224.102564 4092.820513 4072.820513 4188.717949 4115.897436 4228.205128 4042.564103 4117.948718 4149.743590 4114.871795
4115.384615 4077.435897 4433.846154 4178.461538 4221.025641 4070.769231 4065.128205 4173.846154 4091.282051 4226.153846 4058.461538 4121.025641 4157.948718 4120.000000
4124.102564 4084.615385 4436.923077 4178.974359 4224.615385 4093.333333 4076.923077 4185.128205 4101.025641 4218.461538 4063.589744 4124.615385 4164.615385 4124.615385
4124.615385 4083.076923 4430.256410 4174.358974 4223.589744 4116.923077 4084.615385 4198.461538 4115.897436 4215.897436 4057.948718 4125.128205 4162.051282 4120.000000
4128.205128 4087.179487 4434.871795 4177.435897 4225.128205 4104.615385 4084.615385 4200.512821 4120.512821 4221.025641 4063.589744 4132.820513 4158.974359 4125.128205
4136.923077 4097.948718 4445.128205 4181.025641 4224.102564 4103.076923 4098.461538 4207.692308 4139.487179 4223.589744 4080.512821 4145.641026 4164.102564 4133.846154
4132.820513 4088.205128 4440.000000 4176.923077 4220.000000 4117.435897 4106.153846 4209.230769 4149.230769 4223.076923 4084.102564 4144.102564 4161.025641 4134.871795
4121.025641 4071.282051 4429.230769 4174.871795 4223.589744 4116.923077 4097.435897 4201.538462 4141.025641 4221.025641 4076.410256 4137.948718 4148.717949 4131.794872
4121.538462 4081.025641 4432.307692 4175.384615 4223.076923 4120.512821 4097.948718 4203.589744 4152.307692 4217.435897 4081.538462 4143.076923 4149.743590 4133.846154
4138.461538 4101.538462 4446.153846 4182.051282 4221.025641 4132.820513 4110.769231 4211.794872 4170.769231 4221.538462 4105.641026 4152.307692 4164.615385 4147.692308
4148.205128 4109.743590 4449.743590 4185.641026 4220.512821 4136.923077 4116.923077 4218.974359 4175.897436 4226.153846 4125.641026 4153.333333 4173.846154 4158.974359
4148.205128 4112.307692 4446.666667 4185.641026 4222.051282 4141.025641 4116.410256 4222.564103 4182.564103 4224.615385 4128.205128 4154.871795 4175.384615 4172.820513
4146.153846 4118.461538 4447.179487 4190.256410 4225.128205 4147.692308 4121.025641 4221.025641 4188.717949 4226.153846 4131.794872 4158.974359 4176.410256 4186.153846
4146.153846 4128.717949 4448.205128 4191.794872 4222.564103 4155.384615 4131.282051 4223.589744 4194.358974 4224.615385 4146.666667 4162.051282 4181.025641 4187.179487
4152.307692 4137.948718 4452.820513 4192.820513 4224.102564 4164.102564 4146.153846 4230.769231 4204.615385 4221.538462 4154.358974 4168.717949 4181.025641 4188.717949
4155.384615 4147.692308 4456.923077 4194.358974 4224.615385 4174.871795 4157.435897 4238.461538 4223.076923 4225.641026 4152.307692 4171.794872 4176.923077 4191.282051
4158.974359 4160.512821 4460.000000 4196.410256 4218.974359 4182.051282 4161.538462 4242.051282 4236.923077 4227.692308 4158.974359 4174.358974 4177.948718 4193.846154
4170.256410 4165.128205 4465.641026 4200.000000 4219.487179 4183.076923 4163.589744 4245.641026 4236.923077 4220.000000 4182.051282 4180.512821 4187.692308 4195.384615
4172.820513 4166.666667 4466.153846 4197.435897 4220.512821 4191.282051 4170.769231 4250.769231 4242.564103 4213.846154 4205.641026 4183.076923 4200.512821 4197.435897
4170.256410 4167.692308 4459.487179 4197.435897 4222.051282 4201.538462 4179.487179 4248.717949 4245.128205 4221.538462 4208.205128 4184.102564 4200.000000 4207.179487
4168.717949 4161.538462 4450.256410 4196.410256 4224.102564 4201.025641 4182.564103 4240.512821 4241.025641 4228.205128 4196.923077 4177.435897 4180.000000 4206.666667
4171.282051 4164.102564 4450.769231 4193.333333 4223.589744 4196.410256 4182.051282 4236.410256 4248.205128 4226.153846 4201.538462 4173.333333 4165.128205 4202.051282
4183.589744 4181.538462 4461.538462 4198.974359 4226.666667 4198.974359 4185.641026 4236.923077 4263.589744 4225.641026 4221.025641 4184.102564 4174.358974 4208.717949
4191.282051 4200.000000 4470.256410 4205.128205 4223.076923 4210.769231 4194.871795 4239.487179 4274.358974 4225.641026 4240.512821 4191.282051 4189.743590 4211.794872
4196.410256 4208.205128 4477.435897 4208.717949 4220.000000 4221.025641 4200.000000 4243.076923 4275.897436 4225.641026 4250.256410 4194.358974 4191.282051 4217.948718
4208.717949 4212.307692 4481.538462 4209.230769 4222.564103 4223.589744 4199.487179 4246.153846 4280.000000 4227.179487 4258.974359 4205.641026 4197.948718 4228.205128
4216.923077 4219.487179 4483.589744 4212.820513 4223.076923 4227.692308 4205.128205 4252.820513 4294.358974 4225.641026 4277.948718 4214.358974 4216.410256 4229.743590
4214.358974 4222.564103 4488.205128 4219.487179 4224.102564 4231.794872 4211.794872 4259.487179 4309.230769 4225.641026 4292.820513 4217.948718 4220.512821 4229.230769
4207.692308 4220.000000 4482.564103 4216.410256 4221.538462 4228.205128 4209.230769 4260.512821 4307.692308 4227.692308 4296.410256 4220.512821 4214.871795 4228.205128
4203.589744 4210.256410 4468.717949 4211.794872 4219.487179 4222.051282 4197.435897 4254.358974 4293.333333 4228.205128 4283.589744 4215.384615 4203.076923 4234.871795
4202.051282 4206.153846 4462.051282 4212.307692 4222.564103 4222.051282 4196.410256 4246.666667 4287.692308 4223.589744 4267.692308 4207.179487 4189.743590 4240.512821
4208.717949 4220.000000 4467.179487 4214.358974 4222.051282 4229.743590 4211.282051 4249.743590 4295.897436 4218.461538 4274.871795 4213.333333 4195.384615 4238.974359
4222.564103 4229.230769 4472.307692 4222.051282 4222.051282 4233.333333 4215.384615 4253.846154 4299.487179 4221.538462 4283.589744 4220.000000 4203.589744 4245.641026
4226.666667 4228.205128 4467.179487 4227.179487 4220.512821 4235.384615 4210.769231 4255.384615 4296.923077 4228.205128 4287.179487 4217.435897 4207.179487 4252.307692
4228.205128 4231.794872 4467.179487 4227.179487 4220.512821 4240.512821 4219.487179 4264.615385 4305.128205 4227.179487 4300.512821 4222.564103 4221.025641 4253.333333
4235.384615 4239.487179 4476.410256 4227.692308 4225.641026 4246.666667 4231.282051 4273.846154 4321.025641 4222.051282 4313.333333 4231.794872 4229.743590 4251.282051
4237.435897 4244.615385 4480.512821 4227.179487 4224.615385 4254.871795 4232.307692 4275.384615 4330.769231 4228.205128 4317.948718 4233.846154 4229.230769 4253.333333
4246.666667 4251.282051 4480.000000 4235.897436 4223.589744 4263.589744 4239.487179 4280.512821 4334.871795 4227.179487 4319.487179 4240.000000 4234.871795 4257.948718
4257.435897 4261.025641 4481.025641 4241.025641 4223.589744 4270.769231 4254.871795 4290.769231 4346.153846 4216.923077 4319.487179 4244.102564 4240.000000 4258.461538
4260.512821 4267.179487 4484.102564 4238.974359 4222.564103 4273.846154 4257.435897 4291.794872 4353.333333 4218.461538 4325.641026 4243.076923 4242.051282 4263.076923
4268.205128 4278.461538 4489.230769 4242.564103 4224.102564 4282.564103 4258.461538 4294.871795 4356.410256 4221.538462 4345.641026 4251.282051 4260.000000 4264.102564
4281.538462 4297.435897 4495.897436 4250.769231 4220.000000 4291.794872 4280.000000 4309.230769 4375.897436 4224.102564 4356.410256 4263.076923 4281.025641 4256.923077
4287.179487 4304.102564 4501.538462 4261.025641 4221.025641 4288.205128 4294.358974 4312.307692 4386.666667 4232.307692 4351.794872 4267.692308 4281.538462 4258.461538
4273.333333 4302.564103 4496.923077 4262.051282 4224.615385 4284.102564 4287.179487 4301.538462 4370.769231 4231.794872 4348.717949 4261.025641 4275.897436 4257.435897
4257.435897 4306.666667 4492.307692 4257.948718 4222.051282 4288.717949 4286.666667 4298.974359 4362.564103 4224.615385 4351.282051 4258.461538 4278.974359 4255.384615
4265.128205 4310.769231 4500.000000 4260.512821 4222.564103 4304.615385 4304.615385 4305.641026 4374.358974 4220.000000 4360.000000 4268.205128 4290.256410 4260.000000
4269.230769 4310.256410 4498.974359 4262.051282 4222.564103 4297.435897 4314.358974 4304.102564 4375.897436 4215.897436 4361.025641 4273.333333 4297.948718 4260.512821
4263.076923 4313.333333 4490.256410 4264.615385 4222.564103 4266.666667 4305.641026 4296.410256 4361.538462 4221.025641 4350.256410 4271.282051 4290.769231 4264.615385
4268.717949 4316.410256 4493.333333 4266.153846 4222.564103 4285.641026 4305.128205 4301.025641 4367.179487 4229.743590 4354.871795 4274.871795 4292.307692 4272.307692
4274.358974 4307.179487 4496.923077 4261.025641 4221.538462 4287.692308 4307.179487 4301.538462 4374.358974 4226.153846 4361.538462 4280.512821 4297.435897 4274.358974
4261.025641 4289.743590 4481.538462 4256.410256 4223.589744 4227.692308 4300.000000 4288.205128 4347.692308 4226.153846 4341.538462 4274.871795 4280.000000 4269.743590
4253.333333 4292.307692 4467.692308 4251.794872 4221.538462 4281.025641 4312.307692 4297.435897 4355.897436 4231.282051 4332.307692 4269.230769 4275.384615 4268.205128
4265.128205 4301.538462 4471.282051 4253.333333 4223.076923 4324.615385 4315.384615 4298.974359 4373.846154 4225.641026 4343.076923 4275.384615 4287.692308 4272.820513
4262.564103 4292.307692 4467.179487 4256.923077 4225.128205 4168.717949 4280.512821 4257.948718 4292.307692 4222.051282 4333.333333 4269.743590 4274.358974 4261.025641
4252.307692 4284.102564 4457.948718 4257.435897 4221.025641 4134.871795 4276.923077 4252.820513 4245.641026 4225.128205 4309.743590 4257.948718 4254.871795 4250.769231
4258.461538 4285.128205 4455.897436 4254.358974 4221.538462 4273.846154 4296.923077 4275.384615 4300.000000 4224.615385 4297.435897 4259.487179 4254.358974 4261.538462
4251.282051 4276.410256 4445.641026 4245.128205 4223.076923 4268.205128 4275.897436 4253.333333 4298.461538 4220.512821 4292.820513 4254.358974 4250.256410 4259.487179
4240.000000 4264.102564 4434.358974 4244.615385 4223.589744 4213.333333 4252.820513 4233.333333 4261.538462 4222.051282 4283.076923 4244.615385 4237.948718 4247.692308
4243.076923 4263.076923 4432.307692 4246.153846 4224.615385 4251.282051 4253.846154 4243.589744 4282.564103 4227.692308 4269.743590 4241.025641 4232.307692 4246.666667
4238.461538 4252.307692 4424.615385 4240.000000 4221.538462 4240.000000 4239.487179 4229.230769 4274.358974 4226.153846 4267.179487 4237.948718 4225.128205 4249.743590
4232.820513 4236.923077 4417.435897 4235.384615 4224.102564 4207.692308 4226.666667 4213.846154 4242.051282 4223.076923 4269.743590 4240.000000 4221.025641 4247.692308
4230.769231 4238.974359 4414.871795 4232.820513 4224.615385 4224.102564 4228.717949 4225.641026 4270.769231 4226.153846 4263.589744 4241.538462 4227.179487 4247.692308
4223.589744 4233.846154 4410.256410 4233.846154 4222.564103 4208.205128 4217.435897 4218.974359 4272.820513 4228.717949 4253.846154 4235.897436 4218.461538 4251.282051
4211.794872 4217.948718 4398.461538 4231.794872 4223.589744 4205.641026 4208.717949 4204.102564 4239.487179 4220.000000 4243.589744 4226.153846 4196.410256 4245.128205
4209.743590 4213.333333 4386.666667 4226.666667 4220.000000 4221.538462 4213.333333 4208.717949 4246.666667 4213.846154 4234.871795 4221.025641 4190.256410 4244.615385
4213.333333 4209.230769 4387.179487 4229.743590 4222.564103 4210.769231 4209.743590 4212.307692 4256.410256 4222.564103 4233.846154 4223.076923 4190.769231 4255.897436
4206.666667 4206.153846 4385.128205 4230.256410 4225.128205 4205.128205 4198.461538 4206.666667 4246.153846 4226.666667 4236.923077 4220.000000 4185.641026 4248.205128
4201.025641 4218.461538 4375.384615 4230.256410 4222.051282 4199.487179 4189.743590 4195.384615 4233.333333 4223.076923 4228.205128 4210.769231 4176.410256 4235.384615
4207.179487 4231.794872 4374.358974 4235.897436 4223.589744 4196.923077 4190.769231 4189.230769 4233.333333 4225.128205 4218.461538 4207.692308 4168.205128 4238.974359
4212.820513 4238.461538 4384.102564 4236.923077 4223.076923 4209.230769 4201.538462 4197.948718 4243.076923 4229.230769 4230.256410 4216.410256 4171.794872 4241.025641
4221.025641 4251.282051 4389.230769 4240.000000 4224.102564 4214.871795 4207.692308 4204.615385 4239.487179 4227.692308 4242.051282 4226.153846 4176.923077 4238.974359
4227.692308 4267.179487 4386.666667 4246.666667 4224.615385 4216.923077 4208.717949 4206.153846 4240.000000 4224.102564 4234.871795 4226.153846 4172.307692 4241.538462
4230.769231 4275.384615 4390.256410 4247.179487 4222.564103 4227.692308 4208.717949 4214.358974 4256.410256 4224.102564 4225.641026 4229.230769 4168.717949 4246.666667
4235.384615 4282.564103 4394.358974 4250.256410 4225.128205 4231.282051 4214.871795 4217.435897 4258.974359 4227.692308 4230.256410 4238.461538 4171.282051 4243.589744
4228.205128 4288.205128 4384.102564 4252.307692 4222.564103 4231.282051 4224.615385 4210.769231 4247.179487 4226.666667 4231.282051 4237.435897 4168.717949 4241.025641
4217.948718 4278.461538 4372.307692 4252.307692 4222.564103 4228.205128 4211.282051 4204.615385 4242.051282 4224.615385 4213.846154 4229.743590 4148.717949 4249.743590
4212.820513 4267.179487 4366.153846 4250.256410 4224.615385 4208.717949 4194.871795 4198.461538 4235.384615 4224.102564 4204.102564 4223.589744 4134.358974 4250.256410
4209.743590 4268.205128 4361.025641 4250.769231 4221.538462 4203.589744 4202.051282 4193.846154 4225.641026 4224.102564 4211.282051 4220.512821 4141.538462 4250.256410
4210.256410 4264.615385 4356.410256 4252.307692 4221.538462 4217.435897 4207.179487 4195.384615 4222.051282 4228.205128 4209.230769 4216.923077 4146.153846 4255.897436
4202.051282 4246.666667 4346.666667 4243.076923 4221.538462 4202.564103 4188.205128 4189.743590 4211.794872 4228.717949 4192.307692 4209.230769 4130.256410 4248.205128
4191.282051 4235.384615 4341.025641 4241.025641 4223.076923 4177.435897 4173.846154 4176.923077 4201.025641 4227.179487 4180.512821 4202.564103 4117.948718 4244.102564
4195.384615 4249.743590 4343.076923 4251.282051 4223.076923 4196.410256 4185.641026 4181.025641 4211.794872 4226.153846 4184.102564 4203.076923 4127.179487 4245.128205
4206.153846 4261.538462 4344.615385 4251.282051 4221.025641 4224.615385 4197.435897 4195.384615 4228.205128 4227.692308 4187.692308 4212.820513 4137.948718 4238.974359
4206.153846 4253.333333 4344.102564 4246.666667 4224.615385 4223.589744 4194.871795 4196.923077 4231.282051 4222.051282 4188.717949 4218.461538 4141.025641 4236.923077
4198.974359 4249.230769 4344.102564 4244.615385 4222.051282 4218.461538 4193.846154 4193.846154 4231.282051 4212.307692 4194.871795 4211.282051 4143.076923 4238.974359
4195.897436 4244.102564 4337.948718 4244.102564 4221.025641 4213.333333 4192.820513 4188.205128 4217.948718 4219.487179 4186.153846 4204.102564 4135.384615 4236.410256
4191.794872 4235.384615 4325.128205 4244.102564 4225.128205 4204.615385 4188.717949 4182.051282 4202.564103 4228.717949 4167.692308 4199.487179 4123.589744 4227.692308
4186.153846 4235.897436 4315.897436 4242.051282 4223.589744 4203.076923 4191.282051 4184.102564 4209.230769 4225.128205 4158.461538 4190.769231 4117.948718 4222.564103
4188.205128 4230.769231 4312.820513 4241.538462 4223.589744 4200.000000 4192.820513 4180.512821 4212.307692 4217.948718 4156.410256 4190.769231 4117.435897 4225.641026
4192.307692 4227.179487 4313.333333 4243.589744 4223.076923 4197.435897 4189.230769 4178.461538 4206.666667 4221.025641 4166.666667 4204.102564 4135.384615 4223.589744
4193.846154 4228.717949 4319.487179 4245.641026 4222.051282 4202.051282 4193.333333 4184.615385 4210.256410 4226.666667 4167.179487 4211.282051 4148.205128 4220.512821
4195.897436 4228.205128 4319.487179 4241.025641 4224.102564 4208.717949 4197.435897 4189.743590 4217.948718 4219.487179 4154.358974 4208.717949 4141.025641 4218.461538
4199.487179 4229.743590 4315.897436 4238.974359 4222.051282 4203.589744 4186.666667 4188.717949 4222.564103 4214.871795 4158.974359 4206.666667 4142.051282 4220.000000
4201.025641 4227.179487 4316.410256 4246.666667 4223.076923 4197.435897 4179.487179 4181.025641 4218.974359 4221.538462 4174.358974 4211.794872 4154.358974 4228.205128
4193.333333 4222.051282 4314.871795 4244.615385 4222.564103 4204.102564 4188.717949 4180.000000 4215.897436 4227.692308 4174.871795 4214.871795 4158.974359 4224.615385
4193.333333 4234.358974 4313.846154 4245.128205 4221.025641 4211.282051 4195.897436 4185.128205 4218.461538 4226.153846 4168.205128 4213.333333 4157.948718 4218.974359
4203.076923 4253.333333 4317.435897 4253.333333 4223.589744 4208.205128 4195.384615 4184.102564 4220.000000 4218.974359 4168.717949 4214.358974 4163.076923 4223.589744
4197.948718 4244.102564 4312.307692 4249.743590 4222.564103 4206.153846 4193.333333 4180.000000 4215.897436 4216.410256 4167.692308 4213.333333 4165.128205 4225.641026
4187.179487 4224.102564 4302.564103 4246.666667 4223.589744 4207.692308 4196.410256 4177.948718 4210.769231 4229.230769 4157.948718 4211.794872 4153.846154 4224.615385
4186.666667 4225.128205 4295.384615 4246.666667 4223.076923 4208.205128 4203.589744 4176.410256 4209.743590 4233.333333 4149.230769 4205.128205 4145.641026 4222.564103
4196.923077 4231.794872 4297.435897 4249.230769 4223.589744 4203.589744 4204.102564 4175.384615 4206.666667 4223.076923 4157.948718 4202.051282 4158.974359 4229.230769
