4080.512821 4087.692308 4047.179487 4078.461538 4227.692308 4150.256410 4116.410256 4153.846154 4140.512821 4233.333333 4101.538462 4114.358974 4108.205128 4154.358974
4078.461538 4095.384615 4046.666667 4082.051282 4222.564103 4151.794872 4117.948718 4156.923077 4145.641026 4226.666667 4118.974359 4111.282051 4104.615385 4152.307692
4075.897436 4082.051282 4046.666667 4081.025641 4227.692308 4150.769231 4116.923077 4154.871795 4145.128205 4223.589744 4114.871795 4109.743590 4093.333333 4154.358974
4075.897436 4082.051282 4044.615385 4084.102564 4228.205128 4149.743590 4120.000000 4154.871795 4146.153846 4230.256410 4116.923077 4106.666667 4092.307692 4163.076923
4082.051282 4096.923077 4048.717949 4089.230769 4228.205128 4155.897436 4130.769231 4158.974359 4147.692308 4232.820513 4140.512821 4112.307692 4098.974359 4168.717949
4075.897436 4087.179487 4049.743590 4083.589744 4228.717949 4158.461538 4130.256410 4153.846154 4137.435897 4229.743590 4144.102564 4111.282051 4087.179487 4164.102564
4060.512821 4068.717949 4041.025641 4076.410256 4222.564103 4144.102564 4116.923077 4142.564103 4131.282051 4231.282051 4135.384615 4099.487179 4070.256410 4163.076923
4062.564103 4073.333333 4042.051282 4078.974359 4227.179487 4133.333333 4109.743590 4134.358974 4135.384615 4234.358974 4150.256410 4101.538462 4076.410256 4166.153846
4068.205128 4081.025641 4044.615385 4084.615385 4227.692308 4141.538462 4117.948718 4134.871795 4143.076923 4231.794872 4161.025641 4101.025641 4081.538462 4159.487179
4062.564103 4068.717949 4044.102564 4083.589744 4222.564103 4145.641026 4127.179487 4138.461538 4146.153846 4230.769231 4153.846154 4093.846154 4077.948718 4157.948718
4052.820513 4057.435897 4039.487179 4078.974359 4224.615385 4134.358974 4121.538462 4135.897436 4144.102564 4231.282051 4149.743590 4091.282051 4084.615385 4161.025641
4047.692308 4065.128205 4031.794872 4078.461538 4222.051282 4125.641026 4114.358974 4136.923077 4145.128205 4229.743590 4156.923077 4090.256410 4090.769231 4157.435897
4055.384615 4072.820513 4039.487179 4083.589744 4224.102564 4125.641026 4121.025641 4141.025641 4144.615385 4230.256410 4167.692308 4095.384615 4090.256410 4156.410256
4063.076923 4071.794872 4043.589744 4090.256410 4223.589744 4128.205128 4130.769231 4150.256410 4144.615385 4232.307692 4171.794872 4098.461538 4098.974359 4154.358974
4061.025641 4066.153846 4039.487179 4092.307692 4221.025641 4130.769231 4129.230769 4148.717949 4143.589744 4228.717949 4166.153846 4093.333333 4095.384615 4152.820513
4063.589744 4069.743590 4045.641026 4095.384615 4227.179487 4130.769231 4131.282051 4138.974359 4140.000000 4226.153846 4168.205128 4092.307692 4085.641026 4156.410256
4074.871795 4081.538462 4052.307692 4104.615385 4226.666667 4132.820513 4138.974359 4149.743590 4144.615385 4231.282051 4182.564103 4098.461538 4101.025641 4156.410256
4080.512821 4080.512821 4056.410256 4105.641026 4227.179487 4136.410256 4132.307692 4151.794872 4146.666667 4233.846154 4183.589744 4101.538462 4111.282051 4156.923077
4082.051282 4084.615385 4058.461538 4109.743590 4225.641026 4140.512821 4128.717949 4144.615385 4147.179487 4230.769231 4186.666667 4098.461538 4108.205128 4162.051282
4091.282051 4100.000000 4064.615385 4125.128205 4225.128205 4144.615385 4138.974359 4153.846154 4154.358974 4230.769231 4202.051282 4102.051282 4114.358974 4169.230769
4096.410256 4099.487179 4069.743590 4124.615385 4227.692308 4144.615385 4142.051282 4160.512821 4163.076923 4234.871795 4205.641026 4107.692308 4124.102564 4169.743590
4083.589744 4089.743590 4059.487179 4110.769231 4222.051282 4138.974359 4135.897436 4151.794872 4162.564103 4230.256410 4201.538462 4098.461538 4122.051282 4166.666667
4076.410256 4080.512821 4050.769231 4105.128205 4225.128205 4134.871795 4133.333333 4141.538462 4145.128205 4225.641026 4195.897436 4091.282051 4107.179487 4170.256410
4082.564103 4078.461538 4053.846154 4108.205128 4225.641026 4136.410256 4135.384615 4144.102564 4137.435897 4228.717949 4191.282051 4092.820513 4103.589744 4173.333333
4074.871795 4076.923077 4051.282051 4100.000000 4220.512821 4126.666667 4131.282051 4138.974359 4136.410256 4233.846154 4190.256410 4090.256410 4107.692308 4175.384615
4061.538462 4072.820513 4040.512821 4089.743590 4226.153846 4115.897436 4124.102564 4123.076923 4127.692308 4232.820513 4187.179487 4086.666667 4102.051282 4175.384615
4066.666667 4080.000000 4038.461538 4099.487179 4224.615385 4125.128205 4127.179487 4128.205128 4133.333333 4230.256410 4189.743590 4088.205128 4102.564103 4173.846154
4082.564103 4090.769231 4049.743590 4111.282051 4223.589744 4137.435897 4131.282051 4138.974359 4146.153846 4231.794872 4207.179487 4100.000000 4117.435897 4181.025641
4082.051282 4092.307692 4048.717949 4111.794872 4224.615385 4132.307692 4126.666667 4133.846154 4144.102564 4231.282051 4210.769231 4102.051282 4120.000000 4184.615385
4066.666667 4077.948718 4033.846154 4101.025641 4221.538462 4121.025641 4117.435897 4121.025641 4132.820513 4230.769231 4197.435897 4089.743590 4101.538462 4181.025641
4059.487179 4061.025641 4029.230769 4086.666667 4225.128205 4117.435897 4113.333333 4111.794872 4123.589744 4232.307692 4201.025641 4088.205128 4085.641026 4177.435897
4056.923077 4061.025641 4023.076923 4087.179487 4222.564103 4117.948718 4114.871795 4113.846154 4122.051282 4231.282051 4209.743590 4085.641026 4086.153846 4173.846154
4055.384615 4063.076923 4020.512821 4095.384615 4223.589744 4118.974359 4117.948718 4115.384615 4121.538462 4229.743590 4205.641026 4080.512821 4091.794872 4173.333333
4058.974359 4061.538462 4023.076923 4094.358974 4227.692308 4123.076923 4124.615385 4117.435897 4125.128205 4230.256410 4207.179487 4083.589744 4092.820513 4172.307692
4061.538462 4065.641026 4020.512821 4090.769231 4224.102564 4128.717949 4129.743590 4127.179487 4131.794872 4231.282051 4212.820513 4087.692308 4096.923077 4168.205128
4067.179487 4076.923077 4026.153846 4099.487179 4225.641026 4133.846154 4132.307692 4127.692308 4130.769231 4231.794872 4211.794872 4093.333333 4105.641026 4169.743590
4076.410256 4094.358974 4031.794872 4113.333333 4221.538462 4139.487179 4136.923077 4129.230769 4135.384615 4230.769231 4215.384615 4099.487179 4118.461538 4174.358974
4082.051282 4100.000000 4031.282051 4114.871795 4221.025641 4141.538462 4137.435897 4136.410256 4144.102564 4228.205128 4226.153846 4104.615385 4121.025641 4178.974359
4083.076923 4092.307692 4028.205128 4111.794872 4225.128205 4138.461538 4134.871795 4136.923077 4141.025641 4228.205128 4225.641026 4104.102564 4118.461538 4178.461538
4078.974359 4087.692308 4019.487179 4111.282051 4219.487179 4134.358974 4132.820513 4132.820513 4130.769231 4233.333333 4217.948718 4098.974359 4112.820513 4177.948718
4075.384615 4080.512821 4016.923077 4106.153846 4222.564103 4128.205128 4127.179487 4122.051282 4117.948718 4233.846154 4217.948718 4097.435897 4098.461538 4178.974359
4075.384615 4078.461538 4017.948718 4105.128205 4224.102564 4126.666667 4129.230769 4124.615385 4124.102564 4230.256410 4228.205128 4096.923077 4103.076923 4175.384615
4080.000000 4088.717949 4019.487179 4110.256410 4223.589744 4131.282051 4135.897436 4137.435897 4137.948718 4231.794872 4237.435897 4101.025641 4117.948718 4177.435897
4087.692308 4098.461538 4024.102564 4114.358974 4227.179487 4135.897436 4138.461538 4141.025641 4135.897436 4234.358974 4239.487179 4109.230769 4122.564103 4186.153846
4094.358974 4097.948718 4027.692308 4120.000000 4222.051282 4141.538462 4146.666667 4146.153846 4134.358974 4231.794872 4232.820513 4111.282051 4127.692308 4183.076923
4099.487179 4102.051282 4033.846154 4124.102564 4224.102564 4149.743590 4155.897436 4151.794872 4139.487179 4229.230769 4229.743590 4117.435897 4139.487179 4180.000000
4105.641026 4120.512821 4037.435897 4130.256410 4223.076923 4154.871795 4160.512821 4159.487179 4149.743590 4230.256410 4236.923077 4125.128205 4152.820513 4183.076923
4111.794872 4126.153846 4040.000000 4138.461538 4222.051282 4153.846154 4165.128205 4165.128205 4155.897436 4232.307692 4236.923077 4126.666667 4151.282051 4183.076923
4114.358974 4120.512821 4043.076923 4138.461538 4226.153846 4153.333333 4166.666667 4163.589744 4154.358974 4232.307692 4222.564103 4128.205128 4146.666667 4183.589744
4111.282051 4121.025641 4039.487179 4133.846154 4221.025641 4154.871795 4168.717949 4164.615385 4154.358974 4230.769231 4219.487179 4129.743590 4158.974359 4185.128205
4115.897436 4122.051282 4043.076923 4133.846154 4221.538462 4153.333333 4170.769231 4162.564103 4150.769231 4229.743590 4225.128205 4134.358974 4168.205128 4184.615385
4125.641026 4131.794872 4046.666667 4142.051282 4222.051282 4155.897436 4174.358974 4167.179487 4155.897436 4230.769231 4224.102564 4136.410256 4167.179487 4183.076923
4125.641026 4136.923077 4042.051282 4143.076923 4221.025641 4163.076923 4177.948718 4176.923077 4170.256410 4231.794872 4217.948718 4135.384615 4165.641026 4183.076923
4120.000000 4132.307692 4041.538462 4136.410256 4226.153846 4161.025641 4173.333333 4171.282051 4164.102564 4232.820513 4212.307692 4135.384615 4167.692308 4184.102564
4120.000000 4137.948718 4041.025641 4140.000000 4223.076923 4159.487179 4171.282051 4165.128205 4155.897436 4231.794872 4213.333333 4135.897436 4169.230769 4184.102564
4126.153846 4141.538462 4043.076923 4147.179487 4222.051282 4164.615385 4174.871795 4167.179487 4166.666667 4233.333333 4212.820513 4141.025641 4161.025641 4186.153846
4123.589744 4136.410256 4037.948718 4144.615385 4223.589744 4163.076923 4176.410256 4173.846154 4172.307692 4233.846154 4207.692308 4142.051282 4153.846154 4184.102564
4114.871795 4135.384615 4030.256410 4141.025641 4222.564103 4160.000000 4173.333333 4174.358974 4160.000000 4227.179487 4198.461538 4136.923077 4155.384615 4178.974359
4120.000000 4138.461538 4038.461538 4146.666667 4226.153846 4164.615385 4176.410256 4173.333333 4164.102564 4225.641026 4192.307692 4143.076923 4157.948718 4175.384615
4122.051282 4141.025641 4042.564103 4153.333333 4222.564103 4169.743590 4186.153846 4183.076923 4187.692308 4230.769231 4188.717949 4147.692308 4147.692308 4173.333333
4112.820513 4138.974359 4036.410256 4150.256410 4222.051282 4167.692308 4181.025641 4176.923077 4173.846154 4231.794872 4177.948718 4140.512821 4132.307692 4168.717949
4110.769231 4138.974359 4031.282051 4147.179487 4222.564103 4162.051282 4170.769231 4161.538462 4150.769231 4231.794872 4172.820513 4133.846154 4132.307692 4158.974359
4120.512821 4147.179487 4034.358974 4151.282051 4220.512821 4159.487179 4174.871795 4164.102564 4158.974359 4229.743590 4174.358974 4134.871795 4136.923077 4158.461538
4133.846154 4163.076923 4047.179487 4160.512821 4226.666667 4164.615385 4180.000000 4166.666667 4166.153846 4225.641026 4172.307692 4143.589744 4141.538462 4164.615385
4138.974359 4176.410256 4045.641026 4169.230769 4223.076923 4168.205128 4173.333333 4163.076923 4163.589744 4226.666667 4172.820513 4146.153846 4149.743590 4161.538462
4137.948718 4176.410256 4041.538462 4171.282051 4221.025641 4164.102564 4168.717949 4164.615385 4163.076923 4232.307692 4176.923077 4147.692308 4150.769231 4163.589744
4149.743590 4178.461538 4049.743590 4172.307692 4224.615385 4168.205128 4177.435897 4171.794872 4168.717949 4231.794872 4177.435897 4152.307692 4154.871795 4171.282051
4158.461538 4181.025641 4048.717949 4172.820513 4220.000000 4172.307692 4180.512821 4175.897436 4172.307692 4229.743590 4170.769231 4151.282051 4158.974359 4173.846154
4145.128205 4165.128205 4040.512821 4165.128205 4220.512821 4163.589744 4170.256410 4166.153846 4160.512821 4231.794872 4164.615385 4148.717949 4146.153846 4174.358974
4137.948718 4164.615385 4040.000000 4165.128205 4219.487179 4164.615385 4174.358974 4165.641026 4154.871795 4231.794872 4163.076923 4146.666667 4144.102564 4175.897436
4151.282051 4183.589744 4049.743590 4178.461538 4221.025641 4178.974359 4189.743590 4180.000000 4168.205128 4230.769231 4162.051282 4151.794872 4158.461538 4178.461538
4142.051282 4166.666667 4041.538462 4169.230769 4225.641026 4167.692308 4172.820513 4165.128205 4162.051282 4231.794872 4153.846154 4148.205128 4146.153846 4177.435897
4143.589744 4172.307692 4045.641026 4174.358974 4220.512821 4169.230769 4177.948718 4168.717949 4163.076923 4229.743590 4169.743590 4151.794872 4154.871795 4177.948718
4244.102564 4284.615385 4131.282051 4272.820513 4225.128205 4249.743590 4275.384615 4280.000000 4257.435897 4229.743590 4243.589744 4222.564103 4260.512821 4198.974359
4351.794872 4402.564103 4217.435897 4384.615385 4226.153846 4332.820513 4372.307692 4408.205128 4367.179487 4231.282051 4311.794872 4297.948718 4366.153846 4221.025641
4354.358974 4407.179487 4221.538462 4391.282051 4222.564103 4332.307692 4375.384615 4421.538462 4366.153846 4229.230769 4314.871795 4297.435897 4366.666667 4226.153846
4332.307692 4371.794872 4207.179487 4360.512821 4226.153846 4308.205128 4357.435897 4393.333333 4334.871795 4226.666667 4304.615385 4280.000000 4343.076923 4230.256410
4346.153846 4381.538462 4216.410256 4370.769231 4225.128205 4316.923077 4369.743590 4408.717949 4355.384615 4230.769231 4308.205128 4288.205128 4357.948718 4240.000000
4349.230769 4391.282051 4223.589744 4375.897436 4226.153846 4321.025641 4365.128205 4409.230769 4359.487179 4233.846154 4302.564103 4292.307692 4355.897436 4245.128205
4341.025641 4389.743590 4220.000000 4370.256410 4223.589744 4313.333333 4353.333333 4399.487179 4346.153846 4230.769231 4303.076923 4285.641026 4342.564103 4242.051282
4343.076923 4389.230769 4219.487179 4373.846154 4224.615385 4313.333333 4355.897436 4404.615385 4350.769231 4231.794872 4309.743590 4284.615385 4345.128205 4241.538462
4343.076923 4383.589744 4223.589744 4368.717949 4229.230769 4313.333333 4354.358974 4396.923077 4345.128205 4234.358974 4307.692308 4286.153846 4344.102564 4246.666667
4336.410256 4383.076923 4224.615385 4361.025641 4223.589744 4312.307692 4352.307692 4392.307692 4341.025641 4230.769231 4312.307692 4283.589744 4338.974359 4251.794872
4334.871795 4376.410256 4226.666667 4357.435897 4225.128205 4308.717949 4349.230769 4387.692308 4341.025641 4229.743590 4315.384615 4281.538462 4332.307692 4259.487179
4341.538462 4377.435897 4232.307692 4361.538462 4225.128205 4302.564103 4348.717949 4384.615385 4341.538462 4231.282051 4313.333333 4284.102564 4333.846154 4266.666667
4342.051282 4383.076923 4238.461538 4366.666667 4222.051282 4303.589744 4352.307692 4387.179487 4342.564103 4230.256410 4321.025641 4285.641026 4336.923077 4270.769231
4342.564103 4377.435897 4244.615385 4362.051282 4226.666667 4306.666667 4354.358974 4384.615385 4335.384615 4228.205128 4326.153846 4285.641026 4336.410256 4278.461538
4344.615385 4368.205128 4240.512821 4353.846154 4222.564103 4302.564103 4351.282051 4387.179487 4338.461538 4230.256410 4323.589744 4282.051282 4333.846154 4280.512821
4337.435897 4360.512821 4236.410256 4345.641026 4224.102564 4295.384615 4340.512821 4381.025641 4338.461538 4233.333333 4327.179487 4276.410256 4320.512821 4277.948718
4328.717949 4361.538462 4237.948718 4342.564103 4228.205128 4295.384615 4334.871795 4366.153846 4326.666667 4231.794872 4333.846154 4271.794872 4308.205128 4278.461538
4323.076923 4353.333333 4237.948718 4336.410256 4224.615385 4292.820513 4335.384615 4362.051282 4322.051282 4229.743590 4335.384615 4267.179487 4303.076923 4277.948718
4322.051282 4340.512821 4242.564103 4325.128205 4226.153846 4288.205128 4332.307692 4364.102564 4320.512821 4230.769231 4336.410256 4269.230769 4303.589744 4273.846154
4323.076923 4348.205128 4246.153846 4327.179487 4223.076923 4291.282051 4331.794872 4366.153846 4319.487179 4231.282051 4342.051282 4269.230769 4306.666667 4271.794872
4325.128205 4357.948718 4255.897436 4336.923077 4223.589744 4294.358974 4335.897436 4364.615385 4320.000000 4232.307692 4345.128205 4269.230769 4304.615385 4278.461538
4329.743590 4355.384615 4267.692308 4340.000000 4225.641026 4292.820513 4337.435897 4366.666667 4326.666667 4232.820513 4346.666667 4271.282051 4308.205128 4285.128205
4329.743590 4352.820513 4266.666667 4336.923077 4221.538462 4292.820513 4331.282051 4366.153846 4329.230769 4228.717949 4346.153846 4268.205128 4314.358974 4288.717949
4327.692308 4353.333333 4269.230769 4333.846154 4226.666667 4289.743590 4325.641026 4352.820513 4321.025641 4227.179487 4342.051282 4269.743590 4302.564103 4293.333333
4327.692308 4351.794872 4273.333333 4335.384615 4226.666667 4286.153846 4330.256410 4354.871795 4318.974359 4230.256410 4343.076923 4270.256410 4293.846154 4292.307692
4328.717949 4349.230769 4277.948718 4335.384615 4223.589744 4288.717949 4330.769231 4365.128205 4324.102564 4229.743590 4352.820513 4270.769231 4304.102564 4290.256410
4332.307692 4355.384615 4285.641026 4333.333333 4224.102564 4294.871795 4334.358974 4370.256410 4328.717949 4231.794872 4356.410256 4276.410256 4311.282051 4291.794872
4328.717949 4362.051282 4283.076923 4340.000000 4222.051282 4295.897436 4341.538462 4378.974359 4329.743590 4229.743590 4347.692308 4274.871795 4305.128205 4292.820513
4323.589744 4353.846154 4281.025641 4348.205128 4226.666667 4287.692308 4331.282051 4365.128205 4318.461538 4226.153846 4340.000000 4271.282051 4304.102564 4293.333333
4319.487179 4347.179487 4281.025641 4349.743590 4225.128205 4284.102564 4325.641026 4354.358974 4310.769231 4228.205128 4341.538462 4268.205128 4309.743590 4291.794872
4321.025641 4349.743590 4285.641026 4346.666667 4222.564103 4288.717949 4337.435897 4376.923077 4323.589744 4227.692308 4348.205128 4269.230769 4311.282051 4291.282051
4327.179487 4347.692308 4287.692308 4344.102564 4225.128205 4289.230769 4334.871795 4378.974359 4331.282051 4225.128205 4346.153846 4272.307692 4311.794872 4287.179487
4316.410256 4331.282051 4272.820513 4335.897436 4223.589744 4282.051282 4313.333333 4335.384615 4308.717949 4228.717949 4331.794872 4263.076923 4301.025641 4278.461538
4302.564103 4314.358974 4265.641026 4323.589744 4229.743590 4270.769231 4301.025641 4310.769231 4288.717949 4233.333333 4325.128205 4254.871795 4285.641026 4276.923077
4303.589744 4313.333333 4269.230769 4323.589744 4228.717949 4265.128205 4308.717949 4333.333333 4302.564103 4231.282051 4328.205128 4253.333333 4284.615385 4273.333333
4301.538462 4316.410256 4267.179487 4323.589744 4225.641026 4264.615385 4310.769231 4337.435897 4300.000000 4226.153846 4321.025641 4250.769231 4283.076923 4267.692308
4296.410256 4316.410256 4269.230769 4320.000000 4228.205128 4265.641026 4301.538462 4326.666667 4285.641026 4225.641026 4316.923077 4251.282051 4282.564103 4269.230769
4297.435897 4313.846154 4273.846154 4317.948718 4222.564103 4266.153846 4306.666667 4341.025641 4301.538462 4229.743590 4321.538462 4253.333333 4289.743590 4270.256410
4301.538462 4304.615385 4275.897436 4315.384615 4225.641026 4266.153846 4312.307692 4330.256410 4297.948718 4233.846154 4316.410256 4257.435897 4286.666667 4271.282051
4304.615385 4308.205128 4270.769231 4314.871795 4225.641026 4262.564103 4302.564103 4302.564103 4273.846154 4230.256410 4314.358974 4258.461538 4287.179487 4271.794872
4312.820513 4323.589744 4273.846154 4318.974359 4221.538462 4260.512821 4302.051282 4313.846154 4285.641026 4228.717949 4325.641026 4262.051282 4303.076923 4269.230769
4328.205128 4329.743590 4289.743590 4323.076923 4229.743590 4261.538462 4309.743590 4328.717949 4302.564103 4229.230769 4334.358974 4272.820513 4312.820513 4269.743590
4334.358974 4331.794872 4290.256410 4326.666667 4228.717949 4258.461538 4302.564103 4304.102564 4286.666667 4230.256410 4330.256410 4268.205128 4311.282051 4274.871795
4340.000000 4339.487179 4287.179487 4330.256410 4225.641026 4257.435897 4294.358974 4287.692308 4278.974359 4232.820513 4326.666667 4265.128205 4309.743590 4277.948718
4356.410256 4354.871795 4295.897436 4336.410256 4225.128205 4260.000000 4300.512821 4309.743590 4301.025641 4231.794872 4330.769231 4275.897436 4323.589744 4271.794872
4365.128205 4362.564103 4303.589744 4341.025641 4226.153846 4260.512821 4302.564103 4311.794872 4297.948718 4230.769231 4329.230769 4277.435897 4334.358974 4265.128205
4363.076923 4357.948718 4307.692308 4338.974359 4229.230769 4256.923077 4294.871795 4287.179487 4268.717949 4231.282051 4327.179487 4275.897436 4325.641026 4268.717949
4364.102564 4355.384615 4307.692308 4336.923077 4223.589744 4255.897436 4292.820513 4290.256410 4271.794872 4229.743590 4329.743590 4277.948718 4326.666667 4272.307692
4370.769231 4350.769231 4310.769231 4335.897436 4224.102564 4256.923077 4295.897436 4299.487179 4285.641026 4231.794872 4330.769231 4277.435897 4338.461538 4275.384615
4370.769231 4352.307692 4315.384615 4337.435897 4227.692308 4255.384615 4297.435897 4290.256410 4280.512821 4234.358974 4328.205128 4272.820513 4330.256410 4276.923077
4365.641026 4360.000000 4317.435897 4341.538462 4224.102564 4251.282051 4295.897436 4289.743590 4281.025641 4229.230769 4327.692308 4274.358974 4316.923077 4276.923077
4370.256410 4354.358974 4326.153846 4341.538462 4226.153846 4247.179487 4294.871795 4294.358974 4286.666667 4227.179487 4331.794872 4282.051282 4321.538462 4281.025641
4368.717949 4347.179487 4330.256410 4339.487179 4224.102564 4250.256410 4298.461538 4299.487179 4288.205128 4229.743590 4336.923077 4278.974359 4321.025641 4281.025641
4359.487179 4347.692308 4329.743590 4337.435897 4225.641026 4249.230769 4299.487179 4307.179487 4283.589744 4229.743590 4333.333333 4273.333333 4305.128205 4278.974359
4357.435897 4342.564103 4331.282051 4334.871795 4229.743590 4241.025641 4294.871795 4308.717949 4273.846154 4229.230769 4331.794872 4270.769231 4297.948718 4280.512821
4351.282051 4326.153846 4324.102564 4326.153846 4225.128205 4238.974359 4289.230769 4306.153846 4269.743590 4231.282051 4336.410256 4266.153846 4294.358974 4282.051282
4340.512821 4313.846154 4325.128205 4313.846154 4227.179487 4239.487179 4285.128205 4300.000000 4268.205128 4232.307692 4335.384615 4264.615385 4278.974359 4287.692308
4342.051282 4317.435897 4331.282051 4314.871795 4227.692308 4238.461538 4287.692308 4305.641026 4274.358974 4230.256410 4341.538462 4266.153846 4278.974359 4297.948718
4348.205128 4312.307692 4331.794872 4318.461538 4225.641026 4237.435897 4288.205128 4310.769231 4277.948718 4231.794872 4350.769231 4264.615385 4289.743590 4306.666667
4347.692308 4304.615385 4333.846154 4312.820513 4226.153846 4235.897436 4285.128205 4298.974359 4266.153846 4233.333333 4349.230769 4260.512821 4289.743590 4304.102564
4347.179487 4312.307692 4335.384615 4310.256410 4224.615385 4234.871795 4286.153846 4295.897436 4264.102564 4230.256410 4348.205128 4257.948718 4291.282051 4301.025641
4352.307692 4313.846154 4343.589744 4316.410256 4231.794872 4240.512821 4290.256410 4305.128205 4274.358974 4228.717949 4352.307692 4268.205128 4295.384615 4307.692308
4353.846154 4310.256410 4348.717949 4322.564103 4230.769231 4248.717949 4297.435897 4315.897436 4280.512821 4231.282051 4347.179487 4271.282051 4294.871795 4306.666667
4347.692308 4308.205128 4348.717949 4318.974359 4226.666667 4247.179487 4298.461538 4314.358974 4277.948718 4232.307692 4336.923077 4264.102564 4292.307692 4300.512821
4341.538462 4297.948718 4349.230769 4308.205128 4230.769231 4241.538462 4287.692308 4303.589744 4272.307692 4230.256410 4331.794872 4264.615385 4289.230769 4302.051282
4333.846154 4291.794872 4346.153846 4304.615385 4226.666667 4242.564103 4286.666667 4309.230769 4281.025641 4230.256410 4329.230769 4263.076923 4285.128205 4303.589744
4338.461538 4295.384615 4353.333333 4307.692308 4226.666667 4247.179487 4298.974359 4323.076923 4290.769231 4230.256410 4331.794872 4265.128205 4292.307692 4304.615385
4346.153846 4296.923077 4356.923077 4309.743590 4227.692308 4248.717949 4300.512821 4318.461538 4281.538462 4230.256410 4332.820513 4269.230769 4301.025641 4307.692308
4340.000000 4294.871795 4350.256410 4307.692308 4227.179487 4246.153846 4290.256410 4296.923077 4265.641026 4230.769231 4324.615385 4263.076923 4287.179487 4309.743590
4336.410256 4300.512821 4351.282051 4306.153846 4230.256410 4247.692308 4289.743590 4294.358974 4268.717949 4230.769231 4318.974359 4260.000000 4277.435897 4313.333333
4335.384615 4304.102564 4353.333333 4309.743590 4227.179487 4250.256410 4295.384615 4310.256410 4278.974359 4229.743590 4321.025641 4260.000000 4287.179487 4315.384615
4327.692308 4291.282051 4352.820513 4308.205128 4228.205128 4246.666667 4294.358974 4303.076923 4266.666667 4231.794872 4322.564103 4259.487179 4283.076923 4313.846154
4322.564103 4286.666667 4349.230769 4302.564103 4226.153846 4245.641026 4296.923077 4297.435897 4266.666667 4232.820513 4324.102564 4257.435897 4275.897436 4308.205128
4328.205128 4299.487179 4351.794872 4306.666667 4224.102564 4248.717949 4302.564103 4310.769231 4283.589744 4228.205128 4331.794872 4263.076923 4285.641026 4304.102564
4333.846154 4301.538462 4360.512821 4312.820513 4231.282051 4250.256410 4304.102564 4310.769231 4280.512821 4225.641026 4334.871795 4270.256410 4292.307692 4296.923077
4326.666667 4297.948718 4353.846154 4309.743590 4227.692308 4248.205128 4301.538462 4305.128205 4274.871795 4231.282051 4328.717949 4262.564103 4290.769231 4288.717949
4324.615385 4298.461538 4352.307692 4307.692308 4226.153846 4246.666667 4298.461538 4302.051282 4274.871795 4234.358974 4329.230769 4261.538462 4292.307692 4290.769231
4332.820513 4301.538462 4360.512821 4312.820513 4227.692308 4249.743590 4300.000000 4303.076923 4274.358974 4229.230769 4332.820513 4268.717949 4295.897436 4288.717949
4329.743590 4297.435897 4354.871795 4308.205128 4225.641026 4251.282051 4302.051282 4309.230769 4274.871795 4229.230769 4327.179487 4263.589744 4291.282051 4279.487179
4321.538462 4288.717949 4350.256410 4296.410256 4230.256410 4248.205128 4294.871795 4300.512821 4271.282051 4234.358974 4324.615385 4257.435897 4282.564103 4280.512821
4313.333333 4286.153846 4346.666667 4289.743590 4228.717949 4245.641026 4287.179487 4289.230769 4266.666667 4230.256410 4325.641026 4254.871795 4275.384615 4278.974359
4312.307692 4286.153846 4347.179487 4290.256410 4226.666667 4247.179487 4288.717949 4293.333333 4266.666667 4226.153846 4323.589744 4258.461538 4273.333333 4272.307692
4324.615385 4297.948718 4357.948718 4301.538462 4228.205128 4250.769231 4296.410256 4304.615385 4274.358974 4231.282051 4328.205128 4267.692308 4285.641026 4271.282051
4328.717949 4299.487179 4357.948718 4301.025641 4223.589744 4250.769231 4298.461538 4303.076923 4276.923077 4233.333333 4330.256410 4263.589744 4289.230769 4271.794872
4318.974359 4281.538462 4353.846154 4285.128205 4228.717949 4244.615385 4290.769231 4291.282051 4267.692308 4229.743590 4328.717949 4257.435897 4280.000000 4273.333333
4318.974359 4286.153846 4356.410256 4290.769231 4227.692308 4245.641026 4292.307692 4298.461538 4273.846154 4229.230769 4341.025641 4262.564103 4287.692308 4271.794872
4330.769231 4301.025641 4362.051282 4307.692308 4224.615385 4254.358974 4300.512821 4309.230769 4283.076923 4233.333333 4340.512821 4271.282051 4291.794872 4264.615385
4336.923077 4298.461538 4364.615385 4306.666667 4229.743590 4252.820513 4299.487179 4305.641026 4276.410256 4234.871795 4329.743590 4275.897436 4289.743590 4260.000000
4330.769231 4294.358974 4360.512821 4299.487179 4228.717949 4250.769231 4298.974359 4303.076923 4274.358974 4229.230769 4341.025641 4272.307692 4302.051282 4262.051282
4329.743590 4296.410256 4364.102564 4300.000000 4231.282051 4256.923077 4302.051282 4301.538462 4280.512821 4227.692308 4350.256410 4272.820513 4303.589744 4264.615385
4335.384615 4297.435897 4365.128205 4302.051282 4229.230769 4257.435897 4302.051282 4304.102564 4283.589744 4232.307692 4343.589744 4276.923077 4292.307692 4262.051282
4334.358974 4298.461538 4361.538462 4302.564103 4226.153846 4255.897436 4299.487179 4303.076923 4281.025641 4228.205128 4346.153846 4277.435897 4292.820513 4266.153846
4325.641026 4298.461538 4358.974359 4298.974359 4229.230769 4255.897436 4299.487179 4294.358974 4278.461538 4223.076923 4351.794872 4272.820513 4285.128205 4271.282051
4313.846154 4289.743590 4347.179487 4291.794872 4226.666667 4251.794872 4300.512821 4293.333333 4276.410256 4229.230769 4340.000000 4262.564103 4266.666667 4265.128205
4308.717949 4276.923077 4342.564103 4283.076923 4228.205128 4246.666667 4298.974359 4291.282051 4266.153846 4234.871795 4330.769231 4259.487179 4267.692308 4264.615385
4310.256410 4280.512821 4347.179487 4284.102564 4227.692308 4250.256410 4302.564103 4287.692308 4263.589744 4230.256410 4335.897436 4262.564103 4280.512821 4267.179487
4311.282051 4290.769231 4351.282051 4293.333333 4227.179487 4256.410256 4309.743590 4292.820513 4276.410256 4229.743590 4340.512821 4265.128205 4275.897436 4262.564103
4317.948718 4288.717949 4357.948718 4298.461538 4232.307692 4261.025641 4314.358974 4301.538462 4286.153846 4233.846154 4342.564103 4265.641026 4274.358974 4260.512821
4323.589744 4285.641026 4362.051282 4298.974359 4227.692308 4264.615385 4318.461538 4308.205128 4287.179487 4229.743590 4343.589744 4261.538462 4282.564103 4261.538462
4324.102564 4293.846154 4367.179487 4298.461538 4229.230769 4263.076923 4316.410256 4303.589744 4288.717949 4229.230769 4342.564103 4265.128205 4278.461538 4262.564103
4323.076923 4301.025641 4370.769231 4299.487179 4231.794872 4264.102564 4308.717949 4297.435897 4292.307692 4232.820513 4341.025641 4266.666667 4280.000000 4262.051282
4318.974359 4294.358974 4372.820513 4298.974359 4228.205128 4264.615385 4304.615385 4294.871795 4288.205128 4227.179487 4343.589744 4258.461538 4284.615385 4269.743590
4315.384615 4291.794872 4371.794872 4296.923077 4230.256410 4262.564103 4303.589744 4289.743590 4280.512821 4223.076923 4344.102564 4255.897436 4276.410256 4275.384615
4316.410256 4301.025641 4373.333333 4297.948718 4227.179487 4264.615385 4308.717949 4298.974359 4289.743590 4230.256410 4337.435897 4259.487179 4274.358974 4266.666667
4322.051282 4303.589744 4407.179487 4300.512821 4227.179487 4267.692308 4314.358974 4305.641026 4292.820513 4233.333333 4345.128205 4265.128205 4285.641026 4263.589744
4326.666667 4305.128205 4443.076923 4304.102564 4228.717949 4267.692308 4316.923077 4300.512821 4286.666667 4229.743590 4361.025641 4268.205128 4296.923077 4269.743590
4322.051282 4307.179487 4439.487179 4304.102564 4226.153846 4266.153846 4317.435897 4300.512821 4291.794872 4230.769231 4353.846154 4263.076923 4291.282051 4275.384615
4316.923077 4295.384615 4431.794872 4295.897436 4229.743590 4263.589744 4312.820513 4302.051282 4293.333333 4232.820513 4335.897436 4261.025641 4276.923077 4280.000000
4317.435897 4288.717949 4434.358974 4288.205128 4228.717949 4263.076923 4310.769231 4302.051282 4288.717949 4230.256410 4338.974359 4256.410256 4279.487179 4281.025641
4320.000000 4292.820513 4437.435897 4288.205128 4229.230769 4264.102564 4312.307692 4302.564103 4284.102564 4230.769231 4344.102564 4255.384615 4286.666667 4280.512821
4325.128205 4298.974359 4443.076923 4293.333333 4229.743590 4265.128205 4312.307692 4305.128205 4284.615385 4231.282051 4338.974359 4262.051282 4289.743590 4280.512821
4322.564103 4303.589744 4446.153846 4296.410256 4226.666667 4264.102564 4309.230769 4305.128205 4286.666667 4231.282051 4339.487179 4264.615385 4288.205128 4282.564103
4310.769231 4298.461538 4445.641026 4288.205128 4230.769231 4260.512821 4303.589744 4294.871795 4282.051282 4233.846154 4331.794872 4262.564103 4279.487179 4287.179487
4308.205128 4298.461538 4442.564103 4283.589744 4227.179487 4260.000000 4300.000000 4292.820513 4284.102564 4232.820513 4325.128205 4258.461538 4279.487179 4283.589744
4320.512821 4305.128205 4448.205128 4290.256410 4225.128205 4263.589744 4305.128205 4302.564103 4288.205128 4224.615385 4333.846154 4264.102564 4292.820513 4275.897436
4325.128205 4304.102564 4457.435897 4294.358974 4230.769231 4266.153846 4317.435897 4305.641026 4287.692308 4222.564103 4339.487179 4273.333333 4296.923077 4273.846154
4307.179487 4291.794872 4448.205128 4285.128205 4226.666667 4264.102564 4323.076923 4291.282051 4284.102564 4230.769231 4332.307692 4265.128205 4289.743590 4268.717949
4293.333333 4284.102564 4442.051282 4275.384615 4227.692308 4261.538462 4317.948718 4276.923077 4277.435897 4232.307692 4322.564103 4257.435897 4280.000000 4264.102564
4293.846154 4291.794872 4441.538462 4277.435897 4228.205128 4262.051282 4318.974359 4285.641026 4280.512821 4228.717949 4318.974359 4255.897436 4265.641026 4264.615385
4296.923077 4289.743590 4441.025641 4277.948718 4228.205128 4263.076923 4321.025641 4289.743590 4282.564103 4232.307692 4314.358974 4255.384615 4258.974359 4264.615385
4298.461538 4278.461538 4443.589744 4270.256410 4229.743590 4262.564103 4317.435897 4279.487179 4279.487179 4233.333333 4313.846154 4257.948718 4272.820513 4261.025641
4294.358974 4281.538462 4442.051282 4272.820513 4224.615385 4263.589744 4329.230769 4284.615385 4281.538462 4229.743590 4318.461538 4258.974359 4282.051282 4258.461538
4294.358974 4291.282051 4442.564103 4277.435897 4227.692308 4262.564103 4344.615385 4289.743590 4281.538462 4231.794872 4314.871795 4257.435897 4270.256410 4261.538462
4289.743590 4282.564103 4435.897436 4268.205128 4227.179487 4257.435897 4356.410256 4279.487179 4274.871795 4233.333333 4300.512821 4247.692308 4260.000000 4259.487179
4271.282051 4261.025641 4424.615385 4251.282051 4225.128205 4247.179487 4450.256410 4259.487179 4260.512821 4231.282051 4292.307692 4235.897436 4253.333333 4252.307692
4264.102564 4254.871795 4423.076923 4248.205128 4232.307692 4234.871795 4637.948718 4243.589744 4249.743590 4231.282051 4291.282051 4233.333333 4243.076923 4249.743590
4265.641026 4260.000000 4417.435897 4253.846154 4229.230769 4233.333333 4754.871795 4245.128205 4251.794872 4231.282051 4285.128205 4229.230769 4240.000000 4251.794872
4263.589744 4247.179487 4410.769231 4246.153846 4228.205128 4237.435897 4739.487179 4245.128205 4247.692308 4231.282051 4284.102564 4228.717949 4241.538462 4257.435897
4269.230769 4245.641026 4411.794872 4247.179487 4230.256410 4239.487179 4723.076923 4246.153846 4248.205128 4231.794872 4295.384615 4233.846154 4248.717949 4261.538462
4282.564103 4269.743590 4416.410256 4265.641026 4228.717949 4246.153846 4743.589744 4261.538462 4265.128205 4230.769231 4304.102564 4241.538462 4260.000000 4267.179487
4283.589744 4275.897436 4411.794872 4264.615385 4229.743590 4247.179487 4732.820513 4262.564103 4266.153846 4229.230769 4301.538462 4246.153846 4263.589744 4271.794872
4273.846154 4264.615385 4395.897436 4250.256410 4225.641026 4243.589744 4708.205128 4252.307692 4253.846154 4229.743590 4298.461538 4242.051282 4266.666667 4271.794872
4272.307692 4256.410256 4390.256410 4246.666667 4226.666667 4242.051282 4697.435897 4246.666667 4250.256410 4231.794872 4300.000000 4240.512821 4264.102564 4276.410256
4266.666667 4258.461538 4382.051282 4246.153846 4229.743590 4235.897436 4686.153846 4242.564103 4252.307692 4232.820513 4289.743590 4235.897436 4250.256410 4278.974359
4254.871795 4256.410256 4367.692308 4241.538462 4227.692308 4233.333333 4674.358974 4240.000000 4251.794872 4229.230769 4271.794872 4228.717949 4235.384615 4276.410256
4256.923077 4247.179487 4370.256410 4238.974359 4227.692308 4238.461538 4668.717949 4242.051282 4249.743590 4228.717949 4276.410256 4234.358974 4236.923077 4280.512821
4256.923077 4246.153846 4364.615385 4235.897436 4223.589744 4240.512821 4664.102564 4245.128205 4252.307692 4232.820513 4285.641026 4236.923077 4249.230769 4286.666667
4252.820513 4254.358974 4352.820513 4232.307692 4227.179487 4236.923077 4654.358974 4240.000000 4250.256410 4231.794872 4280.512821 4232.820513 4246.666667 4289.743590
4263.076923 4263.589744 4357.948718 4241.025641 4231.282051 4237.948718 4650.769231 4240.000000 4250.769231 4228.717949 4289.743590 4233.333333 4238.461538 4289.743590
4267.692308 4258.461538 4359.487179 4245.128205 4226.153846 4242.564103 4651.282051 4247.692308 4255.384615 4230.256410 4300.000000 4233.846154 4245.128205 4288.717949
4266.666667 4256.410256 4354.871795 4244.615385 4228.717949 4245.128205 4647.692308 4251.282051 4257.435897 4232.820513 4288.205128 4237.435897 4254.871795 4290.769231
4270.256410 4274.871795 4349.230769 4254.871795 4228.205128 4243.589744 4643.589744 4255.897436 4261.025641 4230.769231 4289.743590 4240.512821 4260.512821 4288.717949
4267.692308 4273.333333 4339.487179 4250.256410 4228.205128 4237.435897 4631.794872 4244.102564 4247.179487 4229.743590 4301.538462 4237.948718 4259.487179 4281.538462
4258.974359 4250.256410 4329.743590 4230.256410 4230.769231 4234.358974 4617.948718 4228.205128 4230.256410 4230.769231 4291.282051 4230.256410 4244.615385 4274.358974
4253.333333 4246.666667 4326.153846 4229.743590 4225.641026 4234.871795 4614.358974 4237.435897 4245.641026 4231.282051 4284.102564 4221.538462 4236.923077 4273.333333
4256.410256 4256.923077 4332.820513 4239.487179 4227.692308 4240.512821 4613.846154 4246.153846 4255.897436 4231.794872 4297.948718 4229.230769 4259.487179 4277.435897
4265.128205 4260.000000 4331.794872 4243.076923 4226.153846 4249.230769 4611.282051 4244.102564 4244.615385 4230.256410 4305.641026 4238.974359 4273.846154 4272.307692
4275.384615 4267.179487 4332.820513 4253.333333 4226.153846 4248.717949 4608.717949 4245.128205 4248.717949 4229.230769 4304.615385 4238.974359 4265.641026 4268.205128
4277.948718 4278.461538 4338.974359 4263.076923 4230.769231 4248.205128 4604.102564 4248.717949 4258.461538 4232.820513 4308.717949 4242.051282 4273.846154 4268.717949
4270.256410 4270.769231 4330.256410 4256.410256 4226.666667 4250.256410 4598.461538 4252.820513 4245.641026 4230.769231 4307.179487 4239.487179 4278.974359 4263.589744
4272.820513 4257.948718 4322.564103 4246.666667 4227.692308 4249.230769 4592.307692 4249.230769 4276.923077 4225.128205 4306.153846 4238.461538 4270.769231 4263.076923
4275.384615 4263.076923 4316.923077 4246.666667 4228.717949 4248.205128 4588.205128 4242.051282 4377.948718 4226.666667 4315.384615 4241.025641 4288.717949 4261.538462
4267.179487 4262.564103 4310.256410 4245.128205 4227.692308 4247.179487 4581.025641 4235.384615 4432.307692 4231.794872 4314.358974 4238.974359 4300.000000 4252.820513
4268.717949 4255.897436 4307.179487 4243.076923 4229.230769 4246.666667 4570.769231 4233.846154 4410.769231 4231.794872 4301.538462 4237.948718 4281.025641 4248.717949
4273.846154 4261.538462 4301.538462 4251.794872 4224.615385 4248.717949 4566.153846 4242.051282 4405.128205 4230.769231 4298.974359 4238.461538 4275.384615 4246.153846
4268.717949 4262.051282 4297.948718 4252.307692 4229.230769 4249.230769 4563.589744 4237.948718 4412.307692 4231.794872 4299.487179 4238.974359 4296.410256 4239.487179
4265.128205 4259.487179 4292.820513 4244.615385 4231.794872 4247.692308 4561.538462 4231.794872 4403.076923 4232.307692 4303.076923 4237.948718 4317.435897 4229.743590
4266.153846 4262.051282 4289.743590 4241.025641 4229.230769 4248.205128 4557.948718 4237.435897 4402.564103 4230.769231 4305.128205 4240.512821 4310.256410 4225.641026
4265.641026 4256.410256 4292.820513 4240.000000 4231.282051 4249.743590 4555.384615 4240.000000 4405.128205 4230.256410 4294.871795 4243.076923 4297.948718 4228.205128
4262.051282 4254.358974 4292.307692 4244.615385 4226.666667 4250.256410 4556.923077 4242.564103 4404.615385 4229.743590 4294.871795 4239.487179 4306.666667 4232.307692
4263.076923 4263.589744 4293.846154 4250.769231 4228.205128 4249.743590 4549.743590 4244.615385 4404.615385 4230.769231 4304.615385 4240.512821 4313.333333 4241.025641
4263.076923 4265.128205 4293.333333 4247.179487 4230.769231 4249.230769 4537.435897 4244.102564 4402.051282 4231.282051 4300.000000 4236.410256 4302.051282 4245.641026
4251.794872 4252.307692 4286.153846 4234.871795 4228.205128 4247.692308 4528.717949 4235.897436 4394.871795 4229.230769 4297.435897 4229.743590 4292.307692 4247.179487
4250.769231 4251.794872 4292.307692 4235.897436 4231.794872 4245.641026 4524.615385 4229.230769 4389.230769 4228.717949 4316.410256 4237.435897 4302.051282 4249.743590
4261.025641 4265.641026 4297.948718 4247.179487 4229.230769 4249.230769 4525.641026 4241.538462 4406.153846 4230.769231 4318.974359 4238.461538 4310.769231 4253.333333
4259.487179 4263.589744 4292.307692 4243.076923 4229.230769 4250.769231 4521.538462 4241.538462 4416.410256 4229.230769 4305.128205 4227.692308 4293.333333 4261.025641
4250.256410 4249.743590 4284.615385 4234.871795 4229.743590 4247.692308 4512.307692 4226.153846 4409.743590 4228.717949 4308.717949 4223.076923 4288.205128 4265.128205
4244.615385 4240.000000 4279.487179 4231.282051 4225.128205 4248.717949 4507.179487 4229.743590 4410.769231 4230.769231 4312.820513 4221.538462 4303.589744 4264.615385
4241.025641 4240.000000 4278.461538 4226.153846 4229.230769 4244.615385 4499.487179 4230.769231 4409.743590 4231.282051 4303.076923 4217.948718 4296.923077 4261.538462
4233.333333 4242.051282 4267.692308 4223.589744 4228.717949 4235.897436 4485.128205 4220.000000 4399.487179 4230.256410 4294.358974 4206.153846 4279.487179 4255.897436
4229.230769 4228.717949 4258.974359 4219.487179 4227.692308 4238.461538 4476.923077 4213.846154 4391.282051 4229.743590 4295.897436 4202.051282 4284.102564 4256.923077
4227.692308 4222.051282 4257.948718 4214.871795 4230.769231 4241.538462 4474.871795 4217.435897 4395.897436 4231.794872 4300.000000 4206.666667 4287.692308 4258.974359
4225.128205 4230.256410 4253.333333 4221.025641 4228.205128 4235.897436 4471.282051 4220.512821 4400.000000 4229.743590 4295.384615 4205.641026 4286.153846 4255.384615
4230.256410 4228.717949 4258.974359 4226.666667 4229.743590 4231.794872 4465.641026 4212.820513 4389.743590 4225.641026 4283.076923 4205.128205 4289.743590 4253.333333
4233.846154 4227.179487 4262.051282 4223.589744 4229.230769 4234.871795 4464.102564 4212.307692 4391.282051 4227.692308 4275.384615 4205.128205 4288.205128 4253.333333
4234.871795 4228.717949 4260.512821 4221.538462 4229.743590 4241.025641 4466.153846 4223.076923 4405.128205 4231.794872 4283.589744 4208.205128 4287.692308 4257.435897
4238.974359 4228.717949 4267.179487 4224.615385 4231.794872 4245.641026 4465.641026 4228.205128 4406.153846 4231.282051 4298.974359 4216.410256 4292.820513 4257.948718
4240.000000 4238.974359 4267.692308 4227.179487 4226.153846 4247.692308 4461.025641 4227.692308 4399.487179 4228.717949 4293.846154 4216.410256 4295.384615 4254.871795
4245.641026 4246.666667 4269.743590 4230.769231 4228.717949 4248.205128 4457.948718 4226.153846 4398.974359 4230.256410 4274.871795 4215.384615 4301.025641 4258.461538
4249.230769 4241.538462 4274.871795 4238.461538 4228.205128 4250.256410 4461.025641 4230.256410 4401.538462 4231.282051 4280.512821 4218.974359 4308.717949 4258.461538
4242.564103 4235.897436 4275.897436 4237.435897 4226.666667 4247.692308 4456.923077 4230.769231 4400.000000 4230.256410 4293.846154 4221.025641 4301.538462 4252.820513
4239.487179 4237.435897 4272.820513 4230.769231 4231.282051 4247.179487 4447.692308 4226.153846 4398.461538 4230.256410 4282.051282 4221.538462 4283.589744 4249.230769
4236.923077 4238.974359 4263.589744 4229.743590 4227.179487 4247.692308 4444.615385 4226.153846 4402.051282 4228.717949 4273.846154 4217.435897 4295.384615 4246.153846
4232.307692 4230.769231 4258.461538 4225.128205 4228.717949 4244.615385 4440.512821 4225.641026 4402.051282 4229.230769 4274.358974 4216.410256 4305.641026 4242.051282
4232.820513 4229.230769 4252.307692 4222.564103 4231.794872 4245.128205 4436.410256 4226.666667 4400.512821 4231.794872 4269.230769 4216.923077 4292.820513 4236.923077
4240.512821 4234.358974 4247.179487 4230.769231 4229.230769 4247.692308 4436.923077 4228.717949 4401.025641 4228.717949 4270.769231 4222.564103 4288.717949 4233.333333
4247.692308 4238.461538 4248.717949 4237.435897 4229.230769 4247.692308 4435.384615 4230.769231 4404.102564 4224.615385 4274.871795 4231.282051 4300.512821 4235.897436
4245.128205 4243.589744 4241.025641 4235.897436 4227.692308 4246.153846 4430.256410 4233.846154 4403.076923 4228.717949 4264.102564 4222.564103 4305.641026 4235.384615
4242.564103 4237.435897 4234.358974 4234.358974 4233.333333 4246.666667 4426.153846 4228.205128 4392.307692 4235.384615 4255.897436 4216.923077 4294.871795 4233.846154
4242.564103 4232.307692 4233.333333 4239.487179 4232.820513 4247.692308 4424.102564 4225.128205 4393.333333 4231.794872 4264.102564 4222.564103 4299.487179 4230.256410
4242.564103 4238.461538 4230.769231 4244.102564 4227.179487 4249.743590 4427.692308 4230.256410 4402.051282 4228.205128 4271.282051 4224.615385 4306.666667 4225.641026
4243.589744 4237.948718 4232.307692 4239.487179 4232.820513 4250.256410 4432.307692 4231.282051 4398.974359 4231.282051 4266.666667 4224.102564 4295.384615 4225.128205
4242.051282 4234.871795 4230.256410 4235.384615 4228.717949 4248.717949 4430.769231 4235.384615 4399.487179 4229.743590 4252.307692 4220.000000 4293.846154 4221.538462
4242.564103 4236.923077 4228.205128 4236.410256 4225.641026 4247.179487 4416.923077 4231.794872 4398.974359 4228.205128 4242.051282 4217.948718 4300.000000 4220.512821
4243.589744 4233.846154 4225.641026 4234.871795 4227.692308 4243.589744 4406.666667 4222.051282 4392.820513 4230.256410 4244.615385 4216.410256 4297.948718 4221.025641
4240.000000 4230.769231 4219.487179 4230.769231 4225.128205 4243.589744 4409.230769 4227.179487 4395.384615 4229.743590 4248.717949 4214.358974 4287.179487 4210.769231
4242.051282 4235.897436 4222.051282 4233.846154 4228.717949 4247.179487 4408.717949 4230.256410 4394.358974 4225.641026 4247.179487 4216.923077 4290.256410 4197.948718
4245.641026 4228.717949 4224.615385 4241.538462 4228.205128 4248.717949 4401.538462 4222.051282 4387.692308 4228.717949 4244.102564 4217.435897 4301.538462 4189.743590
4250.256410 4225.128205 4229.743590 4243.076923 4229.743590 4247.692308 4398.461538 4224.615385 4390.769231 4234.358974 4240.000000 4222.051282 4300.512821 4187.692308
4261.538462 4253.846154 4237.948718 4248.717949 4231.794872 4249.230769 4400.512821 4239.487179 4406.153846 4231.794872 4242.564103 4231.794872 4307.179487 4189.230769
4271.282051 4269.743590 4240.512821 4259.487179 4227.692308 4249.743590 4397.948718 4243.076923 4408.205128 4230.769231 4257.435897 4234.871795 4320.512821 4200.512821
4274.358974 4249.743590 4244.615385 4258.974359 4231.794872 4246.153846 4389.743590 4228.205128 4392.820513 4232.820513 4253.846154 4235.897436 4324.615385 4214.871795
4272.820513 4245.128205 4241.538462 4256.410256 4229.743590 4246.666667 4390.769231 4234.358974 4394.871795 4231.794872 4240.000000 4235.897436 4328.205128 4215.384615
4273.333333 4266.666667 4241.538462 4263.589744 4226.153846 4248.717949 4394.871795 4244.615385 4401.025641 4233.333333 4241.538462 4237.435897 4329.230769 4221.538462
4274.871795 4274.871795 4244.615385 4267.692308 4228.717949 4244.102564 4389.230769 4238.461538 4391.794872 4233.846154 4245.641026 4241.025641 4325.128205 4235.384615
4270.769231 4263.589744 4238.461538 4263.589744 4228.205128 4242.564103 4384.615385 4243.589744 4397.435897 4230.769231 4242.564103 4241.538462 4326.153846 4236.410256
4273.846154 4253.846154 4236.923077 4263.589744 4230.769231 4247.179487 4387.692308 4247.692308 4404.615385 4228.717949 4238.461538 4243.589744 4327.692308 4233.846154
4279.487179 4254.358974 4236.410256 4264.102564 4228.717949 4247.179487 4387.692308 4246.153846 4400.512821 4230.769231 4236.923077 4242.051282 4326.666667 4241.538462
4269.743590 4254.871795 4227.179487 4255.897436 4227.692308 4242.564103 4378.461538 4248.205128 4395.897436 4231.794872 4228.717949 4237.948718 4320.512821 4248.717949
4258.461538 4251.282051 4217.435897 4250.769231 4232.307692 4237.948718 4371.282051 4243.076923 4389.743590 4231.282051 4221.538462 4234.871795 4304.102564 4244.102564
4255.897436 4239.487179 4208.205128 4245.641026 4228.205128 4235.897436 4366.666667 4232.820513 4378.974359 4231.282051 4216.410256 4226.666667 4298.974359 4241.025641
4251.282051 4226.666667 4201.538462 4237.435897 4228.717949 4229.230769 4354.358974 4222.051282 4363.589744 4230.256410 4205.641026 4223.589744 4307.179487 4246.153846
4248.205128 4230.769231 4195.897436 4239.487179 4227.692308 4220.512821 4347.692308 4222.564103 4364.102564 4231.282051 4202.564103 4225.128205 4307.692308 4246.153846
4243.589744 4227.692308 4190.256410 4233.333333 4227.692308 4222.051282 4344.615385 4223.076923 4368.205128 4232.820513 4192.820513 4216.923077 4295.897436 4242.564103
4236.923077 4215.897436 4186.153846 4222.051282 4232.307692 4222.051282 4334.871795 4214.358974 4361.538462 4232.307692 4171.282051 4210.769231 4283.589744 4244.615385
4238.974359 4220.512821 4182.051282 4228.717949 4226.666667 4217.948718 4331.794872 4213.846154 4363.589744 4231.282051 4173.846154 4213.846154 4287.179487 4246.666667
4246.666667 4222.564103 4185.128205 4230.256410 4228.717949 4220.512821 4335.384615 4215.384615 4364.102564 4232.307692 4193.846154 4222.051282 4301.538462 4246.666667
4244.615385 4222.051282 4180.512821 4222.564103 4230.256410 4224.615385 4330.769231 4211.794872 4354.358974 4231.794872 4186.153846 4220.000000 4303.589744 4243.589744
4234.871795 4220.512821 4167.179487 4220.000000 4225.128205 4218.461538 4320.512821 4204.615385 4348.205128 4229.743590 4169.230769 4207.692308 4292.820513 4237.948718
4233.333333 4207.179487 4164.615385 4214.871795 4228.205128 4214.358974 4316.923077 4202.051282 4347.692308 4230.769231 4169.743590 4205.128205 4285.641026 4236.923077
4232.820513 4207.179487 4161.025641 4210.769231 4228.717949 4217.435897 4320.512821 4207.179487 4349.230769 4232.307692 4175.897436 4205.641026 4276.410256 4238.974359
4232.820513 4214.871795 4156.923077 4212.307692 4230.256410 4216.410256 4316.410256 4207.692308 4349.230769 4232.307692 4178.461538 4208.205128 4280.512821 4246.153846
4235.384615 4212.820513 4154.358974 4210.256410 4228.717949 4217.435897 4308.205128 4209.743590 4349.743590 4232.307692 4178.974359 4209.743590 4295.897436 4253.333333
4238.461538 4210.256410 4149.743590 4211.282051 4226.153846 4220.512821 4308.717949 4209.230769 4345.128205 4232.307692 4172.307692 4205.128205 4286.666667 4256.923077
4247.179487 4218.974359 4156.923077 4218.461538 4230.769231 4218.974359 4311.794872 4204.102564 4337.948718 4231.282051 4177.948718 4207.692308 4274.871795 4258.461538
4241.538462 4222.564103 4155.897436 4217.948718 4227.692308 4218.461538 4306.153846 4207.179487 4339.487179 4231.282051 4183.589744 4207.179487 4278.461538 4254.871795
4230.256410 4203.589744 4145.641026 4207.692308 4227.179487 4217.948718 4295.384615 4203.076923 4337.948718 4232.820513 4173.846154 4202.051282 4271.794872 4256.410256
4242.051282 4205.641026 4150.256410 4208.205128 4229.230769 4216.923077 4296.410256 4198.461538 4334.871795 4232.820513 4189.230769 4204.102564 4257.435897 4261.025641
4253.846154 4235.384615 4156.410256 4220.512821 4225.128205 4225.641026 4303.589744 4213.333333 4341.025641 4231.794872 4212.307692 4209.230769 4269.230769 4260.512821
4253.846154 4244.102564 4156.923077 4225.641026 4229.743590 4230.769231 4299.487179 4217.435897 4341.025641 4232.307692 4204.615385 4212.820513 4286.153846 4258.461538
4254.358974 4236.923077 4152.307692 4223.589744 4229.230769 4224.102564 4291.282051 4207.692308 4339.487179 4232.820513 4205.128205 4209.230769 4284.102564 4257.435897
4251.794872 4233.333333 4149.230769 4217.435897 4227.692308 4220.512821 4287.692308 4201.025641 4335.384615 4232.820513 4226.666667 4210.256410 4282.564103 4259.487179
4245.641026 4226.153846 4147.179487 4212.307692 4230.256410 4222.564103 4287.179487 4199.487179 4324.102564 4231.794872 4230.769231 4209.743590 4287.692308 4257.948718
4244.615385 4221.538462 4145.128205 4212.307692 4226.153846 4218.974359 4288.205128 4203.076923 4324.102564 4230.256410 4213.333333 4199.487179 4285.128205 4247.692308
4247.692308 4233.846154 4153.333333 4215.384615 4228.205128 4213.846154 4288.205128 4203.076923 4327.692308 4230.256410 4214.871795 4202.564103 4268.205128 4245.641026
4249.743590 4241.025641 4156.923077 4220.512821 4227.179487 4221.025641 4289.743590 4208.205128 4327.179487 4231.282051 4224.102564 4208.205128 4273.846154 4248.717949
4249.230769 4233.333333 4158.461538 4222.051282 4225.641026 4229.230769 4289.230769 4215.384615 4325.641026 4232.307692 4224.102564 4204.615385 4286.666667 4248.205128
4247.179487 4228.717949 4164.615385 4217.435897 4229.743590 4225.641026 4286.153846 4208.205128 4325.128205 4233.333333 4222.564103 4205.128205 4283.076923 4248.717949
4243.076923 4225.641026 4163.076923 4212.820513 4228.205128 4222.051282 4287.692308 4206.153846 4325.128205 4231.794872 4220.000000 4208.205128 4279.487179 4252.820513
4245.641026 4229.230769 4173.846154 4218.974359 4230.769231 4231.794872 4293.846154 4218.974359 4326.153846 4231.282051 4216.923077 4212.820513 4279.487179 4257.948718
4251.282051 4244.102564 4184.615385 4231.282051 4229.743590 4240.512821 4296.923077 4232.307692 4340.000000 4232.307692 4220.000000 4217.948718 4298.461538 4255.384615
4246.666667 4245.641026 4178.974359 4227.692308 4226.666667 4234.358974 4289.230769 4224.615385 4338.974359 4229.743590 4212.820513 4215.384615 4293.333333 4251.282051
4243.076923 4233.333333 4178.461538 4219.487179 4228.717949 4231.282051 4283.589744 4218.974359 4326.153846 4228.205128 4196.410256 4213.846154 4270.256410 4252.307692
4245.128205 4234.358974 4182.051282 4224.102564 4226.666667 4238.461538 4287.179487 4229.743590 4330.256410 4229.230769 4192.307692 4212.307692 4282.564103 4251.794872
4252.307692 4242.051282 4185.641026 4228.717949 4229.230769 4237.948718 4285.128205 4226.153846 4330.769231 4232.820513 4200.512821 4211.794872 4294.871795 4254.358974
4252.820513 4250.769231 4184.615385 4228.717949 4229.230769 4234.871795 4282.051282 4220.512821 4324.102564 4233.333333 4206.153846 4209.743590 4285.128205 4257.948718
4242.564103 4240.512821 4181.538462 4222.564103 4225.128205 4238.974359 4283.076923 4224.615385 4320.000000 4228.717949 4200.000000 4206.153846 4286.153846 4254.871795
4246.153846 4221.025641 4186.153846 4217.948718 4228.717949 4239.487179 4282.051282 4224.615385 4316.410256 4225.641026 4200.512821 4209.230769 4298.461538 4252.820513
4247.692308 4228.205128 4187.179487 4225.128205 4226.666667 4236.923077 4268.205128 4226.666667 4319.487179 4230.769231 4209.230769 4204.615385 4287.179487 4251.794872
4238.974359 4238.974359 4189.743590 4226.153846 4228.205128 4236.923077 4242.051282 4221.025641 4314.358974 4235.384615 4206.153846 4195.384615 4275.384615 4247.692308
4240.000000 4238.974359 4194.358974 4221.538462 4229.230769 4236.923077 4232.820513 4219.487179 4310.256410 4231.794872 4206.666667 4194.871795 4288.205128 4240.512821
4247.692308 4236.923077 4200.512821 4228.205128 4224.615385 4235.384615 4242.564103 4230.256410 4320.000000 4231.794872 4223.589744 4197.948718 4297.948718 4240.512821
4252.307692 4233.846154 4212.307692 4233.846154 4230.769231 4233.333333 4238.974359 4224.615385 4317.435897 4235.384615 4232.307692 4200.000000 4301.025641 4241.025641
4246.153846 4237.435897 4213.333333 4227.692308 4228.717949 4235.384615 4232.307692 4214.871795 4306.153846 4232.820513 4226.666667 4193.333333 4289.230769 4235.897436
4239.487179 4238.461538 4212.307692 4226.153846 4225.128205 4236.923077 4244.615385 4217.948718 4308.205128 4231.282051 4229.230769 4191.282051 4274.871795 4238.461538
4234.871795 4229.230769 4211.282051 4223.589744 4227.692308 4233.333333 4259.487179 4220.512821 4310.769231 4232.820513 4231.282051 4192.307692 4283.076923 4241.538462
4234.871795 4218.974359 4212.820513 4220.512821 4227.692308 4236.410256 4266.153846 4221.538462 4305.128205 4231.794872 4235.897436 4192.820513 4286.666667 4242.051282
4246.666667 4226.153846 4227.692308 4235.384615 4231.794872 4245.128205 4271.794872 4227.179487 4310.769231 4230.769231 4248.205128 4202.564103 4287.179487 4244.102564
4249.743590 4243.076923 4230.256410 4244.102564 4230.256410 4241.538462 4270.769231 4230.256410 4320.512821 4231.794872 4245.128205 4201.025641 4298.461538 4241.025641
4242.564103 4244.102564 4222.051282 4229.743590 4228.717949 4233.846154 4260.512821 4221.538462 4311.794872 4233.333333 4226.666667 4190.769231 4284.102564 4240.000000
4240.512821 4227.179487 4225.128205 4220.512821 4229.230769 4234.871795 4254.358974 4215.897436 4302.564103 4233.333333 4222.051282 4192.307692 4261.538462 4240.000000
4244.102564 4221.538462 4231.282051 4231.282051 4226.666667 4239.487179 4257.948718 4225.128205 4310.256410 4230.769231 4226.666667 4196.410256 4276.923077 4232.307692
4247.692308 4234.358974 4238.461538 4238.974359 4230.769231 4243.076923 4256.923077 4226.666667 4308.205128 4231.282051 4227.179487 4200.512821 4294.358974 4232.307692
4244.102564 4240.000000 4239.487179 4236.923077 4228.205128 4248.717949 4254.358974 4226.666667 4300.000000 4232.307692 4228.717949 4202.051282 4284.615385 4238.461538
4243.076923 4238.974359 4241.025641 4236.410256 4227.692308 4249.230769 4254.871795 4231.282051 4304.615385 4230.769231 4222.564103 4203.589744 4276.923077 4237.435897
4248.717949 4245.128205 4244.615385 4240.000000 4231.282051 4247.179487 4255.384615 4228.717949 4308.717949 4232.307692 4209.743590 4205.128205 4283.076923 4235.897436
4253.333333 4249.743590 4243.589744 4245.641026 4228.205128 4252.307692 4256.410256 4231.794872 4307.692308 4230.256410 4211.794872 4201.538462 4293.846154 4234.358974
4257.435897 4242.564103 4248.205128 4244.102564 4229.743590 4255.897436 4256.923077 4235.897436 4306.153846 4226.153846 4215.384615 4207.179487 4290.256410 4235.384615
4255.384615 4232.307692 4247.179487 4240.512821 4227.179487 4251.794872 4253.333333 4231.794872 4305.128205 4228.717949 4205.128205 4209.743590 4280.000000 4232.307692
4247.179487 4231.282051 4242.051282 4236.410256 4225.641026 4251.282051 4250.769231 4228.205128 4299.487179 4231.794872 4198.461538 4207.179487 4278.974359 4224.615385
4249.743590 4241.025641 4245.128205 4236.410256 4232.307692 4256.410256 4257.435897 4235.897436 4300.512821 4230.256410 4195.384615 4210.256410 4278.974359 4217.948718
4254.871795 4241.025641 4242.564103 4241.538462 4227.692308 4256.923077 4262.564103 4244.615385 4307.179487 4229.743590 4186.666667 4209.230769 4274.358974 4209.743590
4256.923077 4229.230769 4243.076923 4241.025641 4227.179487 4252.820513 4255.897436 4235.384615 4298.461538 4230.256410 4181.538462 4209.230769 4268.717949 4208.205128
4261.538462 4241.025641 4246.153846 4241.538462 4229.230769 4255.384615 4252.820513 4230.769231 4294.358974 4230.256410 4178.974359 4210.256410 4271.794872 4210.769231
4263.589744 4254.871795 4246.153846 4244.615385 4227.692308 4257.435897 4255.384615 4236.923077 4300.512821 4229.743590 4177.948718 4210.256410 4275.897436 4213.333333
4261.538462 4242.564103 4253.846154 4243.076923 4231.282051 4255.384615 4252.307692 4232.307692 4296.923077 4228.717949 4182.051282 4213.333333 4273.846154 4216.923077
4255.384615 4233.846154 4253.846154 4237.435897 4228.205128 4252.307692 4247.179487 4229.230769 4293.846154 4230.256410 4175.384615 4208.717949 4273.846154 4215.384615
4254.871795 4232.307692 4249.230769 4232.307692 4228.717949 4247.692308 4241.538462 4230.256410 4292.820513 4234.358974 4161.025641 4203.589744 4271.794872 4214.358974
4259.487179 4234.871795 4250.769231 4235.384615 4230.256410 4248.205128 4240.512821 4227.692308 4288.717949 4232.307692 4160.000000 4207.692308 4261.538462 4214.358974
4259.487179 4238.974359 4252.820513 4239.487179 4227.179487 4251.282051 4243.076923 4225.128205 4280.512821 4229.743590 4152.820513 4206.153846 4250.256410 4215.384615
4256.923077 4227.692308 4250.769231 4231.794872 4229.230769 4248.717949 4235.897436 4224.102564 4273.333333 4232.307692 4140.512821 4202.051282 4247.692308 4219.487179
4250.256410 4216.410256 4242.564103 4221.538462 4226.153846 4245.641026 4223.076923 4226.153846 4274.358974 4232.307692 4146.153846 4202.564103 4251.282051 4221.538462
4250.769231 4217.948718 4242.564103 4223.589744 4227.692308 4244.102564 4222.051282 4221.538462 4273.333333 4230.256410 4151.794872 4208.717949 4246.666667 4223.076923
4267.179487 4228.717949 4252.820513 4237.435897 4229.230769 4247.692308 4234.871795 4228.717949 4277.435897 4229.743590 4152.307692 4215.384615 4260.000000 4222.564103
4273.333333 4238.461538 4250.256410 4241.025641 4225.641026 4249.230769 4237.435897 4238.974359 4283.076923 4231.282051 4158.974359 4215.897436 4277.435897 4217.948718
4259.487179 4240.000000 4241.025641 4228.717949 4231.794872 4246.666667 4225.128205 4224.102564 4272.307692 4233.333333 4161.025641 4214.871795 4251.282051 4214.871795
4253.333333 4234.871795 4234.358974 4225.641026 4229.743590 4246.153846 4223.076923 4216.923077 4269.230769 4231.794872 4155.384615 4211.282051 4225.128205 4215.384615
4262.564103 4232.820513 4237.435897 4234.871795 4227.692308 4247.692308 4228.205128 4224.102564 4272.820513 4231.794872 4151.282051 4210.256410 4236.923077 4217.948718
4265.641026 4240.512821 4238.461538 4237.948718 4230.256410 4248.717949 4227.179487 4225.641026 4269.230769 4234.871795 4153.846154 4211.794872 4249.230769 4217.435897
4257.948718 4236.410256 4227.692308 4235.384615 4228.205128 4254.358974 4226.666667 4226.153846 4267.692308 4229.743590 4161.538462 4209.230769 4245.128205 4221.025641
4263.589744 4228.717949 4224.102564 4236.923077 4230.769231 4259.487179 4226.153846 4227.692308 4267.692308 4225.128205 4172.820513 4211.282051 4242.564103 4229.230769
4271.794872 4242.564103 4219.487179 4243.076923 4228.205128 4258.974359 4230.769231 4241.025641 4275.897436 4229.743590 4185.128205 4213.333333 4250.769231 4229.230769
4268.717949 4249.743590 4212.307692 4245.128205 4226.666667 4260.000000 4235.897436 4248.205128 4281.025641 4231.794872 4185.641026 4213.846154 4245.641026 4228.205128
4268.205128 4244.102564 4212.820513 4243.076923 4229.230769 4261.025641 4229.743590 4237.948718 4268.717949 4230.769231 4178.461538 4208.717949 4236.410256 4228.717949
4271.282051 4251.282051 4206.666667 4245.128205 4227.692308 4262.564103 4228.717949 4238.974359 4268.717949 4229.230769 4185.641026 4208.717949 4250.769231 4224.615385
4277.435897 4257.948718 4195.384615 4253.846154 4230.769231 4265.128205 4236.410256 4247.692308 4282.051282 4226.153846 4196.923077 4222.051282 4267.692308 4223.076923
4272.307692 4247.179487 4177.948718 4251.282051 4229.230769 4260.512821 4232.307692 4245.128205 4276.923077 4226.666667 4190.769231 4216.923077 4252.307692 4220.512821
4260.000000 4240.512821 4166.153846 4240.000000 4227.692308 4254.871795 4220.512821 4238.974359 4266.666667 4233.333333 4180.512821 4203.589744 4236.923077 4215.897436
4261.025641 4245.128205 4168.205128 4240.512821 4231.794872 4255.384615 4220.512821 4243.076923 4275.897436 4233.333333 4178.461538 4210.256410 4249.743590 4212.307692
4263.589744 4246.153846 4169.743590 4247.179487 4228.205128 4260.000000 4223.076923 4248.205128 4280.000000 4229.743590 4177.435897 4213.333333 4253.846154 4209.230769
4262.564103 4243.589744 4174.358974 4243.589744 4230.769231 4257.435897 4217.435897 4240.000000 4264.615385 4231.282051 4168.717949 4210.256410 4247.692308 4214.358974
4262.564103 4246.153846 4174.358974 4241.025641 4232.307692 4252.307692 4218.461538 4233.846154 4262.051282 4231.794872 4161.538462 4209.743590 4246.153846 4218.974359
4262.051282 4242.564103 4175.897436 4242.564103 4228.205128 4253.333333 4222.051282 4238.461538 4269.230769 4230.256410 4162.564103 4211.282051 4241.025641 4215.897436
4257.435897 4233.333333 4182.564103 4234.358974 4228.205128 4253.333333 4217.948718 4241.025641 4268.717949 4229.743590 4161.538462 4213.333333 4234.358974 4214.358974
4249.230769 4229.743590 4177.435897 4230.256410 4225.128205 4249.743590 4213.333333 4238.974359 4266.153846 4230.769231 4157.435897 4208.205128 4228.717949 4213.333333
4249.230769 4232.307692 4176.923077 4235.384615 4228.717949 4247.692308 4212.820513 4233.846154 4258.974359 4232.820513 4156.923077 4208.205128 4227.179487 4212.820513
4252.307692 4240.000000 4179.487179 4240.000000 4229.743590 4251.794872 4212.307692 4235.897436 4257.435897 4231.794872 4158.461538 4210.769231 4234.358974 4210.256410
4247.179487 4238.461538 4176.410256 4236.410256 4226.666667 4249.230769 4209.743590 4236.410256 4259.487179 4231.794872 4158.974359 4206.666667 4227.179487 4210.769231
4245.641026 4232.820513 4177.948718 4230.769231 4232.820513 4245.128205 4208.717949 4228.717949 4256.410256 4232.820513 4162.051282 4208.717949 4209.743590 4222.051282
4248.205128 4231.282051 4175.897436 4231.282051 4230.256410 4247.692308 4209.743590 4231.794872 4262.051282 4232.307692 4164.615385 4208.717949 4215.384615 4232.307692
4246.666667 4223.076923 4169.743590 4231.282051 4228.717949 4247.179487 4204.102564 4225.128205 4258.461538 4232.307692 4161.538462 4202.564103 4216.923077 4239.487179
4245.128205 4221.025641 4164.102564 4226.153846 4230.256410 4243.076923 4200.000000 4213.333333 4244.615385 4233.333333 4160.000000 4198.461538 4208.717949 4240.512821
4246.666667 4233.846154 4161.025641 4228.205128 4228.717949 4245.128205 4205.128205 4222.564103 4249.230769 4231.794872 4161.025641 4201.025641 4213.846154 4238.974359
4252.307692 4242.564103 4169.230769 4238.974359 4231.794872 4252.820513 4209.743590 4233.333333 4258.461538 4232.820513 4168.205128 4211.794872 4223.589744 4237.948718
4253.333333 4238.974359 4164.615385 4241.025641 4227.692308 4252.820513 4209.230769 4229.743590 4255.897436 4230.769231 4179.487179 4212.307692 4220.512821 4228.717949
4244.615385 4229.743590 4148.205128 4229.743590 4226.666667 4246.666667 4203.589744 4224.102564 4247.692308 4225.128205 4177.948718 4206.153846 4206.666667 4223.589744
4241.538462 4231.282051 4146.153846 4232.307692 4230.256410 4246.153846 4202.051282 4229.230769 4251.794872 4228.205128 4172.307692 4208.717949 4208.205128 4226.666667
4254.358974 4245.128205 4150.256410 4245.641026 4226.666667 4252.820513 4209.743590 4239.487179 4261.538462 4232.307692 4175.384615 4211.794872 4217.948718 4229.743590
4256.410256 4244.615385 4149.743590 4241.025641 4231.794872 4254.871795 4212.307692 4234.871795 4255.897436 4228.205128 4177.948718 4211.794872 4217.948718 4229.230769
4228.717949 4236.410256 4145.641026 4232.307692 4232.307692 4251.794872 4208.717949 4227.692308 4248.205128 4227.179487 4171.794872 4207.179487 4210.769231 4223.076923
4204.102564 4234.358974 4147.179487 4231.282051 4230.256410 4248.717949 4204.615385 4225.641026 4249.230769 4232.820513 4171.794872 4205.641026 4199.487179 4216.923077
4202.564103 4234.358974 4149.230769 4230.256410 4231.282051 4246.153846 4197.948718 4217.948718 4243.589744 4232.820513 4186.666667 4209.230769 4201.538462 4212.820513
4204.102564 4232.307692 4142.564103 4228.717949 4226.153846 4245.128205 4193.333333 4210.769231 4234.358974 4229.743590 4186.666667 4208.717949 4206.153846 4206.666667
4206.666667 4230.256410 4144.102564 4226.153846 4230.256410 4243.589744 4191.794872 4211.282051 4233.846154 4231.282051 4175.384615 4211.282051 4197.435897 4204.102564
4206.666667 4231.794872 4141.538462 4224.615385 4230.769231 4247.179487 4194.871795 4224.102564 4245.641026 4229.743590 4172.820513 4210.256410 4195.384615 4198.974359
4195.384615 4224.102564 4131.282051 4222.051282 4227.692308 4248.717949 4193.333333 4222.051282 4244.102564 4230.256410 4171.794872 4201.538462 4195.897436 4190.256410
4191.282051 4218.974359 4127.179487 4219.487179 4231.794872 4236.923077 4184.615385 4204.615385 4229.230769 4231.282051 4170.256410 4198.974359 4188.717949 4185.641026
4195.897436 4226.153846 4124.102564 4219.487179 4230.769231 4235.384615 4185.641026 4207.179487 4230.256410 4230.256410 4176.410256 4201.538462 4192.307692 4184.615385
4203.076923 4229.230769 4130.256410 4221.538462 4229.743590 4244.102564 4190.769231 4211.282051 4234.871795 4229.743590 4180.512821 4206.666667 4189.230769 4185.128205
4209.230769 4231.282051 4132.820513 4226.153846 4228.205128 4241.538462 4188.205128 4208.205128 4233.846154 4230.256410 4175.897436 4205.641026 4176.923077 4182.051282
4207.179487 4230.256410 4128.205128 4221.025641 4230.769231 4236.923077 4182.051282 4208.717949 4231.794872 4231.794872 4178.461538 4201.538462 4183.076923 4182.051282
4201.538462 4223.076923 4131.794872 4214.358974 4231.794872 4241.025641 4180.512821 4210.256410 4231.794872 4231.282051 4187.692308 4200.000000 4187.692308 4180.000000
4199.487179 4225.128205 4134.871795 4218.974359 4224.102564 4245.641026 4185.128205 4216.410256 4238.974359 4230.769231 4194.358974 4197.948718 4169.743590 4171.282051
4206.666667 4231.794872 4136.410256 4226.666667 4228.717949 4244.102564 4186.666667 4218.974359 4242.564103 4232.820513 4202.564103 4205.641026 4172.307692 4168.205128
4204.615385 4230.769231 4132.307692 4220.000000 4230.256410 4240.000000 4183.076923 4214.358974 4236.410256 4233.846154 4202.051282 4204.615385 4184.615385 4160.512821
4185.641026 4221.538462 4124.615385 4208.205128 4226.153846 4241.538462 4176.410256 4204.615385 4224.615385 4230.769231 4183.076923 4192.820513 4157.948718 4147.692308
4183.076923 4210.769231 4124.102564 4206.666667 4230.769231 4243.076923 4174.358974 4202.564103 4221.538462 4228.717949 4178.974359 4195.384615 4145.128205 4147.179487
4193.846154 4213.333333 4122.051282 4207.692308 4227.179487 4238.461538 4175.897436 4210.256410 4229.743590 4230.769231 4197.435897 4200.512821 4168.717949 4149.230769
4192.820513 4215.384615 4126.666667 4204.102564 4228.205128 4235.384615 4172.307692 4208.205128 4228.717949 4231.282051 4205.641026 4202.051282 4168.205128 4147.179487
4192.307692 4218.461538 4134.358974 4213.333333 4231.282051 4242.051282 4174.871795 4208.205128 4229.743590 4230.256410 4201.538462 4205.128205 4162.564103 4147.179487
4199.487179 4227.692308 4134.358974 4226.153846 4226.153846 4245.128205 4181.025641 4216.410256 4235.897436 4230.769231 4207.179487 4207.692308 4181.538462 4148.205128
4202.051282 4227.179487 4133.846154 4216.410256 4229.230769 4244.615385 4179.487179 4214.358974 4234.358974 4230.769231 4213.846154 4208.205128 4175.384615 4144.615385
4197.435897 4220.000000 4133.846154 4207.692308 4228.717949 4248.205128 4181.538462 4216.923077 4235.897436 4230.769231 4207.179487 4204.102564 4148.717949 4133.333333
4200.512821 4222.051282 4141.025641 4215.897436 4228.717949 4248.205128 4182.564103 4217.948718 4232.307692 4233.333333 4192.820513 4206.666667 4153.846154 4128.717949
4207.692308 4232.307692 4146.153846 4223.589744 4230.256410 4247.179487 4177.435897 4209.743590 4224.102564 4233.333333 4189.230769 4212.307692 4168.205128 4127.692308
4208.205128 4232.307692 4143.589744 4221.025641 4226.666667 4247.179487 4174.871795 4209.743590 4225.641026 4228.205128 4195.897436 4207.692308 4161.538462 4122.051282
4211.794872 4230.769231 4149.743590 4216.410256 4230.256410 4246.666667 4175.897436 4212.820513 4228.205128 4228.205128 4196.410256 4207.692308 4166.153846 4121.025641
4216.410256 4234.871795 4153.846154 4220.000000 4230.256410 4250.769231 4178.461538 4216.410256 4229.743590 4231.794872 4198.461538 4212.820513 4183.589744 4123.076923
4217.948718 4229.743590 4157.948718 4220.512821 4229.230769 4249.743590 4177.948718 4214.871795 4227.179487 4229.743590 4201.025641 4213.333333 4176.923077 4124.102564
4212.307692 4226.666667 4160.512821 4211.794872 4228.205128 4238.974359 4169.743590 4207.179487 4222.051282 4229.743590 4188.717949 4207.692308 4156.410256 4122.564103
4197.948718 4225.641026 4152.820513 4204.102564 4225.641026 4233.846154 4163.589744 4202.564103 4217.435897 4229.230769 4169.743590 4197.435897 4147.692308 4126.666667
4194.358974 4222.051282 4158.461538 4203.589744 4232.307692 4236.410256 4163.589744 4192.307692 4213.333333 4229.230769 4164.615385 4195.384615 4142.051282 4136.923077
4202.564103 4228.205128 4170.256410 4207.692308 4229.743590 4238.461538 4151.282051 4197.435897 4221.538462 4228.205128 4175.897436 4199.487179 4152.307692 4140.512821
4204.615385 4233.846154 4175.897436 4209.743590 4225.641026 4241.025641 4125.128205 4207.692308 4222.564103 4225.128205 4185.128205 4205.641026 4163.076923 4137.435897
4203.589744 4232.307692 4185.641026 4211.794872 4229.743590 4240.000000 4109.230769 4195.897436 4205.128205 4228.205128 4182.564103 4206.666667 4150.256410 4133.333333
4200.512821 4230.769231 4190.769231 4210.769231 4226.666667 4237.435897 4115.897436 4192.820513 4208.205128 4231.282051 4171.282051 4200.512821 4141.025641 4128.717949
4195.384615 4224.615385 4194.358974 4206.153846 4226.153846 4240.000000 4122.564103 4202.564103 4220.000000 4226.666667 4167.692308 4202.564103 4142.051282 4127.692308
4187.692308 4220.000000 4197.435897 4205.641026 4224.615385 4240.000000 4119.487179 4198.974359 4209.230769 4226.153846 4169.743590 4199.487179 4140.512821 4124.102564
4183.076923 4221.025641 4200.512821 4204.615385 4224.615385 4231.282051 4111.794872 4188.205128 4197.435897 4232.307692 4166.153846 4190.256410 4132.820513 4124.102564
4184.102564 4217.948718 4209.743590 4197.435897 4228.205128 4230.256410 4108.205128 4190.256410 4201.538462 4231.282051 4164.615385 4187.692308 4125.128205 4136.923077
4180.512821 4212.820513 4216.410256 4194.871795 4225.128205 4236.410256 4110.256410 4195.384615 4204.102564 4228.205128 4172.307692 4183.076923 4125.128205 4152.307692
4183.076923 4210.769231 4226.153846 4200.512821 4228.717949 4234.358974 4106.666667 4189.230769 4200.000000 4231.794872 4180.512821 4184.102564 4123.589744 4164.615385
4191.282051 4216.410256 4235.897436 4207.179487 4229.230769 4230.256410 4103.076923 4190.256410 4203.589744 4231.794872 4188.205128 4190.256410 4124.615385 4175.897436
4188.717949 4218.974359 4237.435897 4202.564103 4227.179487 4230.769231 4108.205128 4193.333333 4205.128205 4230.769231 4198.461538 4187.692308 4125.641026 4183.076923
4185.128205 4213.846154 4238.974359 4191.282051 4231.794872 4233.333333 4113.333333 4193.333333 4202.051282 4232.307692 4204.615385 4183.076923 4128.205128 4188.205128
4183.589744 4211.282051 4240.000000 4189.230769 4228.205128 4233.333333 4108.717949 4196.923077 4204.102564 4229.230769 4202.564103 4176.923077 4129.230769 4184.615385
4182.564103 4209.743590 4244.615385 4190.769231 4228.205128 4229.230769 4097.948718 4189.230769 4196.410256 4228.717949 4203.076923 4175.384615 4126.666667 4174.358974
4187.179487 4212.820513 4251.794872 4192.307692 4228.717949 4230.769231 4103.076923 4186.153846 4191.794872 4232.307692 4214.358974 4178.974359 4128.205128 4170.769231
4189.230769 4212.820513 4258.974359 4193.846154 4225.641026 4234.871795 4114.871795 4191.794872 4198.461538 4229.230769 4227.179487 4178.974359 4125.128205 4176.410256
4187.179487 4206.153846 4265.641026 4191.282051 4229.230769 4233.333333 4109.230769 4186.666667 4196.410256 4225.128205 4230.769231 4178.974359 4117.948718 4176.923077
4190.256410 4213.846154 4265.128205 4195.897436 4227.692308 4230.256410 4106.153846 4186.153846 4193.846154 4229.743590 4232.307692 4177.435897 4126.153846 4170.769231
4198.461538 4223.589744 4273.333333 4206.153846 4227.692308 4232.820513 4113.333333 4186.666667 4193.333333 4233.846154 4240.000000 4179.487179 4139.487179 4174.871795
4197.435897 4214.871795 4277.948718 4202.051282 4227.692308 4234.358974 4110.769231 4180.000000 4189.743590 4230.256410 4243.076923 4177.948718 4140.512821 4176.410256
4190.256410 4203.076923 4273.333333 4191.282051 4224.102564 4230.256410 4100.000000 4175.384615 4185.128205 4229.743590 4237.948718 4170.769231 4139.487179 4174.871795
4196.410256 4209.743590 4282.051282 4195.897436 4230.769231 4229.230769 4096.410256 4171.282051 4182.051282 4231.282051 4242.051282 4176.923077 4149.743590 4181.538462
4201.025641 4221.025641 4290.256410 4205.641026 4230.256410 4232.820513 4100.000000 4172.307692 4185.128205 4229.743590 4255.897436 4184.102564 4156.923077 4182.564103
4194.871795 4213.846154 4293.846154 4198.974359 4228.205128 4230.769231 4097.435897 4170.769231 4181.538462 4230.769231 4248.205128 4182.051282 4147.179487 4180.000000
4189.743590 4200.000000 4293.846154 4191.794872 4230.769231 4226.666667 4092.307692 4165.641026 4172.820513 4233.846154 4221.538462 4174.358974 4140.000000 4176.410256
4186.153846 4193.846154 4286.153846 4191.794872 4228.205128 4231.794872 4097.435897 4170.769231 4175.897436 4230.256410 4218.461538 4167.692308 4146.666667 4171.282051
4188.205128 4190.769231 4291.282051 4191.282051 4230.769231 4232.820513 4102.564103 4180.000000 4185.128205 4224.102564 4234.358974 4174.871795 4157.948718 4173.333333
4190.256410 4194.871795 4294.871795 4197.435897 4230.256410 4233.846154 4107.692308 4185.641026 4187.692308 4227.179487 4230.256410 4180.000000 4171.794872 4180.000000
4189.743590 4198.461538 4285.641026 4202.564103 4228.717949 4241.025641 4128.717949 4184.102564 4185.641026 4234.358974 4212.307692 4174.358974 4176.410256 4184.102564
4192.307692 4201.538462 4281.538462 4202.051282 4230.769231 4238.974359 4158.974359 4184.615385 4186.153846 4232.820513 4212.820513 4172.820513 4167.179487 4188.205128
4197.948718 4209.743590 4283.589744 4206.666667 4227.179487 4238.974359 4172.307692 4196.410256 4195.384615 4229.743590 4224.615385 4176.923077 4166.153846 4195.384615
4198.461538 4207.692308 4287.692308 4207.179487 4229.743590 4243.589744 4165.641026 4200.000000 4194.871795 4231.282051 4231.794872 4182.564103 4174.871795 4203.076923
4189.230769 4198.461538 4282.564103 4200.000000 4227.692308 4237.435897 4156.923077 4192.820513 4184.615385 4231.282051 4236.410256 4177.948718 4176.923077 4206.153846
4186.153846 4197.948718 4277.948718 4198.974359 4225.641026 4231.282051 4157.948718 4188.717949 4180.000000 4231.794872 4233.846154 4174.871795 4176.923077 4211.794872
4191.794872 4207.179487 4284.615385 4205.641026 4229.743590 4235.384615 4163.076923 4191.282051 4186.153846 4233.333333 4224.102564 4178.461538 4177.948718 4218.974359
4190.769231 4206.666667 4283.589744 4204.615385 4225.128205 4237.948718 4163.076923 4193.846154 4190.769231 4229.743590 4217.948718 4175.897436 4175.897436 4217.435897
4190.769231 4194.358974 4283.076923 4198.461538 4226.666667 4234.871795 4158.461538 4186.666667 4180.000000 4228.205128 4216.410256 4176.923077 4172.307692 4220.000000
4194.871795 4200.512821 4285.641026 4202.564103 4228.205128 4237.435897 4162.564103 4188.205128 4178.974359 4230.769231 4213.846154 4180.000000 4172.820513 4223.076923
4195.384615 4211.282051 4289.743590 4209.230769 4226.666667 4240.512821 4165.641026 4196.410256 4187.692308 4229.230769 4213.333333 4184.615385 4167.692308 4218.974359
4198.974359 4208.717949 4295.897436 4207.692308 4228.717949 4237.435897 4165.128205 4195.897436 4188.205128 4228.205128 4219.487179 4195.384615 4176.410256 4217.435897
4202.051282 4207.692308 4289.743590 4210.256410 4224.102564 4239.487179 4167.692308 4198.974359 4190.769231 4230.769231 4218.461538 4195.897436 4187.692308 4218.974359
4197.435897 4203.589744 4279.487179 4209.230769 4227.179487 4244.102564 4163.589744 4197.435897 4187.692308 4229.230769 4206.666667 4187.179487 4176.410256 4221.025641
4192.307692 4196.410256 4269.743590 4199.487179 4228.717949 4242.051282 4159.487179 4193.333333 4185.128205 4227.179487 4200.000000 4181.025641 4172.820513 4218.974359
4188.205128 4189.230769 4261.538462 4193.846154 4223.076923 4234.871795 4161.538462 4195.384615 4186.666667 4229.743590 4200.512821 4181.538462 4181.025641 4216.410256
4184.615385 4184.102564 4261.025641 4192.820513 4227.179487 4232.820513 4160.000000 4192.820513 4178.974359 4231.282051 4197.435897 4184.615385 4174.358974 4214.358974
4182.564103 4187.692308 4255.897436 4197.435897 4227.692308 4237.948718 4158.974359 4195.897436 4180.000000 4230.256410 4197.948718 4182.564103 4168.205128 4210.256410
4185.641026 4188.717949 4256.410256 4204.102564 4227.692308 4242.564103 4163.589744 4203.589744 4192.820513 4232.307692 4207.179487 4187.692308 4176.923077 4211.282051
4189.743590 4184.615385 4255.897436 4204.102564 4228.205128 4248.205128 4167.179487 4207.692308 4197.435897 4231.794872 4205.641026 4193.333333 4181.025641 4211.282051
4183.589744 4181.025641 4246.666667 4196.923077 4224.615385 4247.179487 4165.641026 4207.692308 4191.794872 4230.769231 4195.897436 4187.692308 4169.230769 4208.205128
4181.538462 4181.025641 4245.128205 4193.333333 4228.205128 4243.589744 4162.564103 4206.153846 4188.717949 4232.307692 4204.102564 4187.692308 4163.589744 4210.769231
4186.153846 4184.102564 4243.076923 4198.461538 4226.153846 4247.692308 4166.666667 4216.410256 4202.051282 4230.769231 4218.974359 4190.769231 4171.794872 4214.358974
4188.717949 4178.974359 4239.487179 4196.923077 4227.692308 4251.282051 4169.743590 4224.102564 4209.743590 4230.769231 4223.589744 4193.846154 4172.307692 4216.410256
4184.102564 4177.435897 4237.435897 4192.820513 4232.820513 4250.256410 4167.692308 4222.564103 4204.615385 4231.794872 4232.820513 4194.871795 4172.820513 4215.384615
4175.897436 4181.025641 4229.743590 4193.846154 4227.692308 4251.282051 4167.179487 4223.589744 4204.102564 4232.307692 4237.435897 4187.179487 4179.487179 4215.897436
4178.974359 4177.435897 4227.179487 4194.871795 4229.743590 4253.333333 4168.205128 4222.051282 4204.102564 4232.307692 4223.589744 4186.153846 4168.205128 4220.000000
4183.589744 4178.461538 4226.666667 4198.461538 4229.230769 4251.282051 4173.846154 4226.666667 4209.230769 4230.256410 4225.128205 4189.743590 4166.153846 4220.512821
4180.512821 4184.102564 4225.641026 4199.487179 4224.615385 4251.282051 4176.923077 4231.794872 4213.333333 4229.230769 4239.487179 4189.743590 4178.974359 4224.102564
4177.435897 4180.512821 4224.615385 4196.923077 4227.179487 4253.333333 4171.794872 4227.179487 4208.717949 4232.307692 4238.461538 4187.692308 4173.333333 4226.153846
4174.358974 4169.230769 4217.435897 4192.307692 4225.641026 4250.769231 4169.743590 4222.564103 4205.641026 4231.282051 4231.282051 4185.641026 4160.000000 4219.487179
4166.666667 4156.923077 4211.282051 4182.564103 4225.128205 4249.230769 4170.769231 4218.461538 4198.461538 4225.128205 4223.076923 4185.641026 4156.410256 4214.871795
4160.000000 4152.820513 4203.589744 4175.897436 4224.102564 4250.256410 4169.230769 4214.358974 4191.794872 4228.717949 4213.846154 4180.512821 4155.384615 4211.794872
4163.589744 4157.948718 4201.538462 4178.974359 4226.153846 4247.179487 4167.692308 4212.307692 4193.846154 4235.897436 4209.230769 4178.461538 4156.923077 4213.333333
4168.717949 4157.435897 4205.128205 4180.000000 4228.205128 4243.589744 4171.794872 4212.820513 4200.512821 4233.333333 4208.205128 4181.025641 4159.487179 4219.487179
4158.974359 4146.666667 4198.974359 4174.358974 4223.076923 4247.179487 4173.333333 4217.435897 4203.076923 4230.256410 4204.102564 4175.897436 4150.769231 4223.076923
4149.743590 4137.948718 4197.948718 4170.256410 4228.717949 4245.128205 4162.564103 4209.743590 4192.307692 4233.333333 4197.435897 4173.333333 4140.512821 4228.205128
4151.282051 4140.000000 4198.974359 4174.871795 4229.230769 4235.897436 4162.051282 4204.615385 4188.717949 4232.820513 4203.076923 4175.897436 4147.692308 4236.410256
4154.871795 4145.128205 4199.487179 4186.666667 4224.102564 4236.923077 4172.307692 4211.794872 4195.897436 4229.743590 4211.794872 4174.358974 4149.230769 4243.076923
4156.410256 4147.692308 4205.128205 4196.410256 4230.256410 4243.076923 4171.282051 4212.307692 4195.897436 4232.820513 4206.666667 4173.846154 4138.461538 4245.641026
4155.897436 4155.384615 4204.615385 4197.435897 4226.666667 4242.051282 4168.717949 4213.333333 4203.076923 4230.256410 4209.230769 4175.897436 4143.589744 4245.641026
4154.871795 4155.384615 4203.076923 4195.384615 4226.153846 4241.025641 4174.358974 4212.820513 4208.205128 4223.076923 4223.076923 4178.461538 4153.333333 4248.717949
4152.307692 4149.743590 4203.076923 4195.897436 4229.743590 4247.179487 4177.435897 4212.820513 4199.487179 4226.153846 4221.538462 4176.410256 4145.128205 4247.692308
4155.897436 4154.871795 4207.179487 4202.051282 4227.692308 4250.769231 4176.410256 4219.487179 4197.435897 4229.743590 4221.025641 4177.435897 4144.102564 4240.512821
4164.615385 4160.512821 4214.871795 4207.179487 4228.717949 4248.717949 4181.025641 4220.512821 4206.153846 4228.205128 4232.307692 4182.564103 4157.435897 4234.871795
4164.102564 4167.692308 4212.307692 4211.282051 4223.589744 4249.743590 4182.051282 4221.538462 4212.820513 4226.153846 4230.256410 4178.974359 4160.000000 4229.230769
4160.512821 4169.230769 4211.794872 4211.794872 4225.128205 4245.641026 4152.307692 4221.538462 4206.666667 4224.615385 4222.051282 4178.974359 4150.256410 4224.615385
4152.307692 4155.384615 4208.717949 4206.153846 4229.743590 4235.897436 4107.692308 4213.333333 4195.897436 4226.666667 4220.512821 4175.384615 4144.615385 4221.025641
4135.384615 4140.512821 4195.384615 4195.384615 4223.589744 4223.076923 4097.948718 4197.435897 4188.205128 4231.794872 4210.256410 4158.974359 4135.384615 4224.615385
4124.615385 4132.307692 4192.820513 4181.538462 4226.153846 4214.358974 4129.230769 4181.538462 4179.487179 4232.307692 4200.512821 4153.846154 4118.974359 4233.333333
4122.051282 4127.179487 4192.307692 4176.923077 4227.692308 4215.897436 4152.820513 4180.000000 4175.384615 4228.717949 4201.025641 4156.923077 4114.358974 4233.333333
4123.076923 4122.051282 4193.333333 4177.948718 4228.717949 4214.358974 4146.153846 4177.948718 4168.205128 4231.282051 4194.358974 4155.897436 4114.358974 4229.743590
4121.538462 4121.538462 4197.435897 4174.358974 4227.692308 4205.128205 4141.025641 4169.743590 4163.589744 4231.794872 4185.128205 4151.282051 4111.282051 4225.128205
4112.820513 4118.974359 4194.358974 4164.615385 4223.076923 4205.641026 4145.128205 4164.102564 4162.564103 4230.769231 4181.538462 4145.641026 4102.051282 4223.076923
4108.717949 4109.743590 4194.871795 4159.487179 4228.205128 4211.794872 4139.487179 4154.871795 4154.358974 4231.282051 4182.051282 4143.076923 4095.384615 4224.615385
4112.307692 4106.666667 4195.384615 4162.051282 4227.179487 4205.641026 4130.769231 4151.282051 4150.769231 4230.769231 4189.230769 4144.102564 4104.615385 4223.589744
4115.384615 4110.256410 4195.384615 4161.538462 4226.153846 4198.974359 4129.230769 4152.820513 4153.846154 4231.794872 4191.794872 4150.256410 4109.230769 4226.153846
4116.923077 4119.487179 4197.948718 4163.076923 4228.205128 4201.538462 4131.794872 4156.923077 4157.435897 4231.282051 4187.179487 4152.820513 4107.179487 4228.717949
