4225.641026 4238.974359 4272.307692 4226.666667 4222.564103 4231.282051 4217.948718 4214.358974 4230.769231 4232.307692 4212.820513 4228.205128 4152.307692 4267.179487
4235.897436 4240.000000 4281.538462 4226.153846 4225.641026 4236.410256 4223.076923 4220.512821 4238.461538 4231.794872 4221.538462 4237.435897 4169.743590 4266.666667
4233.333333 4233.846154 4276.923077 4224.102564 4224.102564 4233.333333 4218.461538 4220.000000 4232.820513 4231.282051 4219.487179 4232.307692 4175.384615 4271.282051
4225.641026 4227.692308 4271.282051 4219.487179 4225.641026 4227.692308 4209.230769 4212.820513 4223.076923 4231.794872 4216.923077 4227.692308 4166.666667 4275.384615
4225.641026 4234.871795 4271.794872 4222.051282 4227.179487 4229.230769 4212.307692 4212.307692 4224.615385 4230.769231 4215.384615 4227.179487 4162.051282 4269.743590
4230.256410 4240.512821 4275.384615 4226.666667 4229.230769 4231.794872 4218.974359 4217.948718 4228.717949 4231.794872 4217.435897 4227.692308 4167.179487 4268.205128
4226.666667 4237.948718 4273.846154 4222.564103 4228.205128 4232.307692 4220.000000 4221.538462 4230.256410 4231.794872 4218.974359 4226.666667 4171.794872 4269.230769
4220.000000 4235.384615 4273.846154 4219.487179 4225.641026 4234.871795 4222.051282 4220.000000 4229.230769 4227.179487 4213.846154 4223.076923 4175.897436 4265.128205
4217.948718 4226.153846 4272.820513 4217.948718 4228.717949 4231.794872 4218.974359 4213.333333 4218.974359 4225.641026 4213.333333 4221.025641 4180.512821 4266.153846
4218.461538 4221.538462 4264.102564 4217.948718 4227.179487 4226.153846 4211.794872 4212.820513 4219.487179 4231.282051 4224.102564 4221.025641 4182.564103 4269.743590
4223.076923 4228.717949 4264.102564 4222.564103 4227.179487 4229.743590 4213.333333 4217.435897 4227.179487 4233.333333 4229.743590 4220.512821 4187.692308 4269.743590
4224.102564 4231.794872 4262.051282 4225.128205 4228.717949 4230.256410 4216.410256 4217.948718 4221.025641 4230.256410 4229.230769 4217.435897 4190.769231 4265.128205
4215.897436 4222.564103 4252.307692 4216.410256 4227.179487 4227.179487 4214.871795 4210.256410 4211.794872 4229.230769 4223.589744 4214.358974 4180.512821 4261.538462
4211.794872 4218.974359 4252.307692 4215.384615 4227.179487 4228.717949 4214.871795 4206.666667 4212.820513 4231.794872 4215.897436 4213.333333 4179.487179 4260.000000
4208.205128 4224.102564 4249.230769 4217.948718 4226.153846 4227.179487 4211.794872 4212.820513 4217.948718 4231.794872 4225.641026 4210.769231 4190.256410 4253.846154
4204.615385 4220.000000 4245.641026 4212.307692 4229.743590 4223.076923 4206.153846 4205.128205 4212.307692 4227.692308 4230.769231 4212.307692 4181.025641 4250.256410
4213.333333 4218.461538 4249.743590 4213.846154 4230.256410 4225.128205 4214.358974 4201.538462 4209.743590 4228.205128 4217.948718 4216.410256 4175.897436 4249.743590
4221.538462 4222.564103 4247.692308 4217.948718 4225.641026 4227.692308 4221.025641 4214.871795 4221.538462 4232.820513 4216.923077 4216.410256 4188.717949 4246.153846
4220.512821 4219.487179 4243.076923 4214.871795 4230.256410 4228.205128 4214.871795 4209.230769 4220.000000 4234.871795 4226.153846 4218.974359 4186.666667 4242.564103
4217.948718 4223.589744 4245.641026 4217.435897 4233.333333 4231.282051 4215.897436 4198.461538 4209.230769 4231.282051 4222.564103 4220.512821 4182.564103 4238.461538
4223.589744 4234.871795 4253.333333 4228.717949 4230.256410 4231.794872 4224.615385 4210.256410 4212.307692 4226.153846 4224.102564 4222.564103 4195.384615 4238.461538
4229.743590 4239.487179 4257.948718 4235.384615 4230.256410 4233.333333 4225.641026 4222.564103 4223.589744 4226.666667 4237.435897 4222.564103 4202.564103 4240.512821
4223.076923 4232.307692 4251.794872 4231.282051 4229.230769 4234.358974 4224.102564 4215.897436 4222.051282 4232.307692 4233.333333 4215.897436 4198.461538 4233.846154
4216.410256 4222.564103 4253.333333 4226.666667 4229.743590 4233.333333 4224.615385 4213.333333 4215.897436 4234.358974 4226.153846 4215.384615 4193.846154 4229.743590
4218.974359 4225.641026 4260.000000 4227.692308 4226.666667 4236.410256 4227.692308 4227.179487 4224.615385 4229.743590 4240.512821 4217.435897 4194.871795 4233.846154
4218.461538 4234.871795 4258.974359 4230.256410 4224.615385 4232.820513 4225.641026 4226.153846 4224.102564 4229.230769 4248.717949 4213.846154 4201.538462 4233.846154
4214.358974 4228.717949 4257.948718 4228.717949 4228.205128 4229.230769 4218.461538 4211.794872 4216.923077 4231.282051 4237.435897 4212.820513 4197.948718 4230.256410
4213.333333 4222.051282 4260.512821 4228.205128 4226.666667 4232.307692 4219.487179 4216.923077 4222.051282 4231.282051 4234.871795 4210.769231 4183.589744 4233.333333
4212.307692 4224.102564 4264.615385 4224.615385 4226.153846 4231.794872 4219.487179 4222.564103 4223.589744 4230.256410 4247.179487 4208.717949 4181.025641 4234.358974
4205.641026 4215.384615 4264.102564 4219.487179 4226.153846 4230.256410 4218.974359 4218.461538 4220.000000 4229.743590 4248.717949 4205.128205 4183.589744 4226.666667
4202.051282 4208.717949 4266.666667 4220.512821 4225.128205 4233.846154 4223.589744 4220.000000 4221.538462 4232.307692 4246.153846 4201.538462 4179.487179 4226.153846
4205.641026 4218.461538 4268.205128 4222.051282 4226.153846 4229.230769 4221.025641 4217.948718 4217.948718 4232.820513 4249.230769 4201.025641 4181.025641 4231.794872
4203.076923 4216.923077 4259.487179 4216.923077 4225.128205 4222.051282 4211.794872 4210.256410 4212.307692 4230.769231 4246.666667 4201.025641 4189.743590 4233.846154
4204.615385 4206.666667 4258.974359 4213.846154 4228.717949 4226.666667 4211.794872 4213.333333 4214.358974 4231.794872 4249.230769 4208.205128 4191.794872 4241.025641
4215.897436 4218.461538 4267.692308 4223.589744 4229.743590 4233.333333 4223.589744 4226.153846 4223.589744 4231.794872 4263.076923 4216.410256 4194.358974 4244.615385
4221.025641 4234.358974 4271.282051 4234.871795 4226.666667 4232.307692 4226.153846 4227.692308 4226.666667 4229.743590 4267.179487 4214.871795 4198.974359 4242.564103
4214.358974 4230.769231 4266.153846 4230.769231 4227.692308 4229.743590 4216.410256 4215.384615 4215.384615 4230.256410 4253.846154 4206.153846 4193.333333 4241.025641
4208.717949 4222.051282 4258.974359 4221.538462 4226.666667 4230.256410 4213.333333 4218.461538 4211.282051 4230.769231 4246.153846 4201.538462 4184.615385 4236.410256
4216.410256 4226.666667 4264.102564 4225.641026 4226.666667 4231.282051 4216.923077 4232.307692 4221.025641 4228.205128 4256.410256 4209.743590 4189.230769 4229.230769
4224.615385 4237.948718 4271.794872 4234.358974 4225.641026 4232.307692 4221.025641 4235.897436 4228.205128 4228.717949 4265.128205 4215.384615 4208.717949 4225.641026
4222.564103 4234.358974 4271.282051 4235.897436 4225.641026 4232.307692 4223.589744 4232.307692 4223.589744 4233.333333 4254.871795 4208.717949 4209.743590 4229.230769
4220.512821 4225.641026 4271.794872 4232.307692 4229.743590 4231.282051 4222.051282 4228.205128 4213.846154 4232.820513 4240.000000 4206.153846 4199.487179 4229.230769
4214.358974 4222.564103 4266.153846 4223.589744 4224.615385 4231.282051 4218.461538 4230.256410 4214.358974 4229.743590 4235.384615 4204.102564 4201.025641 4224.102564
4211.282051 4220.000000 4264.102564 4221.025641 4225.128205 4231.282051 4220.000000 4237.948718 4223.589744 4231.794872 4234.871795 4204.615385 4199.487179 4223.076923
4218.461538 4223.076923 4272.307692 4230.256410 4230.256410 4231.794872 4223.589744 4239.487179 4222.051282 4232.820513 4234.871795 4208.717949 4196.923077 4220.512821
4218.461538 4224.615385 4272.820513 4233.846154 4225.641026 4232.820513 4218.461538 4231.794872 4209.743590 4230.256410 4234.871795 4207.179487 4200.000000 4212.820513
4214.871795 4217.435897 4269.743590 4225.128205 4225.128205 4228.205128 4214.358974 4227.179487 4205.641026 4231.282051 4232.820513 4202.564103 4195.384615 4211.794872
4213.846154 4215.897436 4264.615385 4216.923077 4225.128205 4221.025641 4214.871795 4229.230769 4210.256410 4231.282051 4229.743590 4197.435897 4190.769231 4210.769231
4214.871795 4211.794872 4262.564103 4214.358974 4225.128205 4221.025641 4209.743590 4221.538462 4203.589744 4228.205128 4226.666667 4196.923077 4194.358974 4209.743590
4210.769231 4209.230769 4264.615385 4215.897436 4225.641026 4223.076923 4207.179487 4218.461538 4202.564103 4229.743590 4223.076923 4199.487179 4189.743590 4214.871795
4205.641026 4220.000000 4260.512821 4216.410256 4222.564103 4220.512821 4210.769231 4225.641026 4212.307692 4231.282051 4217.435897 4196.923077 4176.923077 4218.461538
4210.256410 4218.461538 4257.948718 4212.307692 4225.128205 4220.000000 4207.692308 4218.974359 4207.179487 4229.743590 4215.897436 4197.435897 4171.794872 4221.025641
4212.820513 4210.769231 4259.487179 4215.897436 4227.179487 4223.589744 4209.230769 4216.923077 4199.487179 4229.743590 4220.000000 4198.974359 4183.589744 4218.461538
4209.230769 4213.846154 4262.051282 4220.512821 4226.666667 4224.615385 4214.871795 4224.102564 4204.102564 4232.307692 4217.948718 4197.435897 4194.358974 4217.435897
4206.666667 4217.948718 4257.948718 4211.282051 4227.179487 4219.487179 4207.692308 4218.461538 4202.564103 4231.794872 4206.153846 4192.820513 4178.974359 4220.512821
4210.769231 4221.025641 4252.820513 4210.256410 4224.615385 4214.358974 4202.051282 4212.307692 4199.487179 4230.769231 4206.153846 4191.282051 4174.358974 4215.897436
4220.000000 4227.692308 4260.512821 4223.076923 4225.641026 4216.410256 4207.692308 4214.871795 4201.025641 4234.358974 4217.435897 4196.923077 4190.769231 4211.794872
4219.487179 4227.179487 4258.461538 4224.102564 4224.615385 4219.487179 4207.692308 4215.897436 4200.000000 4231.794872 4219.487179 4196.410256 4190.769231 4214.358974
4213.333333 4221.025641 4249.743590 4214.358974 4223.589744 4216.923077 4200.000000 4213.846154 4196.410256 4223.589744 4210.769231 4194.358974 4180.512821 4217.435897
4213.846154 4224.102564 4250.256410 4212.307692 4226.666667 4216.923077 4200.000000 4212.820513 4195.897436 4225.641026 4204.102564 4193.846154 4181.025641 4218.974359
4211.794872 4231.794872 4250.256410 4219.487179 4227.179487 4218.461538 4203.589744 4215.384615 4199.487179 4232.820513 4201.538462 4191.282051 4182.051282 4222.051282
4211.282051 4233.333333 4250.769231 4225.128205 4229.743590 4216.410256 4204.102564 4217.435897 4200.512821 4230.769231 4202.051282 4193.846154 4181.025641 4231.794872
4211.794872 4230.769231 4249.230769 4222.564103 4227.692308 4216.410256 4203.076923 4217.435897 4198.461538 4229.743590 4204.615385 4192.820513 4178.974359 4236.923077
4202.564103 4222.564103 4242.051282 4212.820513 4224.615385 4215.897436 4198.974359 4213.333333 4194.871795 4233.846154 4202.564103 4187.179487 4170.769231 4232.820513
4202.051282 4217.435897 4244.102564 4210.256410 4229.230769 4214.358974 4199.487179 4210.769231 4196.923077 4232.307692 4210.256410 4189.743590 4183.076923 4225.641026
4212.820513 4235.384615 4246.153846 4217.435897 4229.743590 4215.384615 4202.564103 4218.461538 4209.743590 4229.743590 4215.897436 4189.230769 4197.435897 4221.538462
4210.256410 4244.615385 4240.000000 4217.435897 4228.717949 4214.871795 4201.025641 4221.025641 4215.384615 4232.820513 4202.051282 4184.102564 4177.435897 4222.564103
4202.564103 4230.769231 4234.358974 4214.358974 4228.205128 4214.358974 4200.512821 4214.871795 4213.846154 4232.307692 4198.974359 4185.128205 4174.358974 4222.564103
4208.205128 4226.153846 4231.794872 4215.384615 4225.128205 4216.923077 4200.512821 4213.846154 4214.358974 4229.743590 4213.846154 4185.128205 4194.871795 4223.589744
4213.333333 4233.846154 4230.256410 4215.384615 4227.179487 4217.435897 4201.025641 4214.871795 4207.179487 4230.256410 4210.256410 4185.128205 4191.794872 4223.589744
4207.692308 4237.948718 4223.076923 4217.948718 4227.179487 4214.358974 4201.538462 4213.846154 4203.589744 4231.282051 4195.897436 4186.153846 4180.512821 4217.948718
4208.717949 4237.948718 4222.564103 4221.025641 4229.230769 4215.897436 4200.000000 4214.358974 4205.128205 4231.794872 4197.435897 4185.641026 4188.205128 4216.923077
4212.307692 4242.051282 4225.128205 4222.051282 4230.256410 4219.487179 4201.538462 4216.923077 4201.025641 4231.794872 4202.564103 4185.128205 4193.333333 4220.512821
4209.230769 4238.461538 4219.487179 4216.923077 4224.102564 4216.410256 4202.564103 4217.435897 4198.461538 4230.256410 4202.051282 4184.102564 4181.538462 4222.564103
4211.794872 4236.923077 4216.923077 4213.333333 4224.102564 4211.282051 4197.948718 4213.846154 4199.487179 4232.820513 4204.615385 4185.641026 4183.076923 4226.666667
4219.487179 4251.794872 4220.000000 4226.666667 4225.128205 4216.923077 4202.564103 4219.487179 4202.564103 4233.333333 4207.692308 4188.717949 4200.512821 4235.897436
4221.538462 4253.846154 4224.615385 4235.384615 4228.205128 4224.615385 4212.820513 4225.641026 4205.641026 4226.153846 4211.794872 4195.384615 4201.025641 4243.589744
4218.974359 4240.512821 4220.512821 4222.051282 4230.769231 4222.051282 4206.666667 4222.564103 4209.743590 4225.641026 4220.000000 4196.410256 4188.717949 4239.487179
4215.384615 4240.512821 4215.384615 4216.923077 4226.153846 4218.461538 4202.051282 4223.589744 4209.230769 4232.307692 4221.025641 4190.256410 4190.769231 4236.410256
4219.487179 4255.384615 4222.564103 4227.692308 4227.179487 4218.461538 4208.717949 4225.641026 4207.179487 4232.820513 4217.435897 4191.794872 4202.564103 4243.076923
4223.589744 4256.923077 4223.076923 4230.256410 4230.256410 4217.948718 4210.256410 4225.128205 4209.230769 4229.230769 4226.666667 4191.794872 4198.461538 4243.589744
4217.948718 4238.974359 4217.948718 4218.974359 4229.230769 4216.923077 4204.615385 4215.897436 4203.076923 4231.282051 4233.333333 4184.615385 4183.076923 4240.000000
4213.846154 4234.358974 4221.025641 4212.307692 4227.179487 4217.948718 4201.538462 4210.769231 4203.076923 4233.333333 4230.769231 4181.025641 4184.615385 4244.615385
4217.948718 4249.230769 4227.692308 4224.102564 4225.641026 4220.512821 4206.153846 4222.051282 4215.384615 4229.230769 4244.615385 4183.076923 4199.487179 4248.205128
4222.051282 4250.769231 4230.256410 4226.153846 4229.230769 4217.948718 4206.153846 4220.512821 4210.256410 4230.256410 4258.461538 4183.589744 4197.435897 4244.615385
4217.435897 4239.487179 4224.615385 4210.256410 4226.666667 4214.358974 4202.564103 4211.282051 4199.487179 4230.769231 4247.692308 4177.435897 4187.179487 4240.000000
4214.358974 4235.897436 4225.641026 4207.179487 4225.641026 4215.897436 4201.538462 4216.410256 4208.717949 4224.615385 4244.102564 4178.461538 4193.846154 4237.948718
4215.897436 4240.000000 4229.230769 4216.410256 4231.282051 4213.846154 4197.435897 4213.846154 4210.256410 4226.153846 4249.230769 4180.512821 4198.974359 4236.410256
4210.769231 4244.102564 4221.538462 4215.897436 4228.205128 4205.128205 4195.384615 4203.589744 4202.564103 4232.307692 4235.384615 4170.256410 4187.692308 4235.384615
4206.153846 4238.974359 4217.948718 4206.666667 4227.692308 4200.000000 4194.871795 4200.000000 4201.538462 4233.333333 4226.666667 4167.179487 4176.923077 4238.974359
4206.153846 4230.256410 4219.487179 4204.102564 4227.692308 4200.512821 4191.794872 4200.512821 4201.025641 4231.282051 4233.333333 4172.820513 4183.076923 4235.897436
4208.717949 4225.128205 4215.384615 4208.205128 4224.102564 4200.000000 4187.179487 4196.410256 4196.923077 4228.205128 4230.769231 4171.794872 4191.794872 4229.230769
4211.282051 4224.102564 4213.333333 4211.282051 4229.743590 4193.846154 4186.153846 4195.897436 4195.897436 4225.641026 4226.153846 4169.743590 4190.256410 4231.794872
4205.128205 4223.076923 4207.179487 4204.102564 4230.256410 4192.307692 4185.128205 4202.564103 4201.025641 4229.230769 4237.948718 4169.230769 4195.384615 4238.461538
4201.538462 4221.538462 4207.179487 4197.948718 4228.717949 4198.461538 4184.102564 4201.025641 4199.487179 4231.794872 4244.615385 4170.769231 4204.102564 4242.564103
4209.743590 4227.692308 4212.820513 4213.333333 4227.692308 4197.435897 4189.230769 4198.461538 4196.923077 4229.743590 4241.025641 4173.333333 4197.948718 4242.051282
4212.307692 4230.256410 4210.256410 4220.000000 4225.128205 4193.333333 4190.256410 4201.538462 4200.512821 4231.282051 4237.948718 4172.307692 4190.769231 4242.051282
4210.769231 4221.538462 4209.230769 4205.641026 4231.282051 4193.333333 4184.102564 4196.410256 4198.974359 4231.282051 4235.384615 4172.307692 4201.025641 4244.102564
4206.666667 4216.410256 4209.230769 4201.025641 4229.743590 4191.282051 4184.615385 4193.846154 4197.435897 4229.743590 4236.923077 4171.282051 4209.230769 4240.512821
4194.871795 4207.179487 4202.564103 4198.974359 4225.128205 4185.128205 4180.512821 4192.307692 4196.410256 4231.794872 4232.820513 4165.641026 4191.282051 4236.923077
4186.666667 4197.435897 4195.897436 4189.743590 4228.205128 4183.076923 4170.769231 4187.179487 4192.820513 4232.820513 4221.538462 4158.461538 4180.000000 4236.923077
4189.743590 4202.051282 4197.948718 4192.820513 4226.666667 4184.102564 4173.846154 4187.179487 4188.205128 4230.769231 4222.564103 4157.435897 4190.769231 4239.487179
4191.794872 4203.589744 4207.179487 4198.974359 4228.205128 4183.589744 4180.512821 4183.589744 4184.615385 4232.307692 4229.230769 4160.512821 4187.179487 4244.102564
4183.589744 4198.974359 4202.564103 4194.358974 4226.666667 4183.076923 4177.435897 4181.025641 4185.641026 4231.794872 4221.538462 4153.333333 4175.897436 4245.128205
4178.461538 4204.615385 4200.000000 4194.358974 4225.641026 4181.025641 4171.794872 4180.512821 4185.128205 4226.666667 4220.512821 4150.256410 4182.051282 4247.692308
4187.179487 4212.307692 4212.307692 4203.076923 4227.179487 4183.589744 4177.435897 4184.615385 4191.794872 4228.717949 4243.589744 4161.538462 4196.923077 4253.333333
4191.282051 4212.307692 4214.871795 4204.615385 4225.128205 4187.179487 4184.615385 4191.282051 4204.102564 4231.282051 4254.358974 4164.102564 4193.333333 4254.358974
4184.615385 4204.615385 4213.333333 4198.461538 4227.179487 4184.102564 4179.487179 4187.179487 4197.948718 4225.128205 4246.666667 4159.487179 4180.512821 4253.846154
4180.512821 4197.948718 4211.794872 4196.410256 4224.615385 4183.076923 4174.358974 4185.128205 4192.307692 4225.641026 4249.743590 4156.923077 4186.153846 4251.282051
4185.641026 4201.538462 4212.820513 4201.025641 4222.564103 4185.128205 4178.461538 4191.282051 4201.538462 4234.358974 4260.512821 4161.025641 4200.000000 4247.692308
4189.743590 4214.871795 4217.948718 4206.153846 4227.692308 4184.102564 4183.076923 4192.307692 4206.153846 4234.871795 4261.025641 4168.717949 4200.512821 4250.769231
4176.410256 4208.205128 4212.820513 4198.974359 4225.641026 4185.128205 4183.076923 4188.717949 4195.897436 4229.230769 4246.153846 4163.589744 4188.205128 4250.256410
4164.615385 4181.025641 4206.153846 4185.641026 4225.641026 4182.051282 4177.435897 4183.589744 4184.615385 4232.307692 4227.692308 4152.820513 4178.974359 4243.589744
4169.230769 4183.076923 4209.230769 4189.230769 4226.153846 4176.410256 4176.923077 4181.025641 4188.717949 4232.307692 4224.615385 4155.384615 4179.487179 4240.512821
4171.794872 4204.615385 4211.282051 4200.512821 4226.666667 4179.487179 4181.538462 4180.000000 4189.743590 4227.179487 4228.717949 4161.538462 4185.641026 4246.153846
4168.205128 4198.461538 4204.615385 4196.923077 4227.692308 4177.948718 4176.923077 4177.948718 4180.000000 4226.666667 4223.076923 4158.974359 4193.333333 4247.692308
4165.641026 4183.589744 4197.435897 4189.230769 4225.128205 4170.256410 4169.230769 4180.000000 4181.025641 4230.256410 4215.384615 4152.307692 4185.128205 4243.076923
4170.256410 4189.230769 4201.538462 4190.769231 4226.666667 4174.871795 4172.307692 4180.000000 4184.102564 4231.282051 4216.410256 4157.948718 4178.461538 4243.589744
4173.846154 4196.923077 4201.025641 4196.410256 4224.102564 4187.179487 4179.487179 4183.076923 4185.641026 4230.256410 4212.307692 4163.076923 4193.333333 4244.102564
4166.666667 4186.153846 4192.820513 4196.923077 4222.564103 4186.153846 4176.410256 4184.102564 4186.666667 4228.717949 4201.538462 4155.897436 4190.256410 4242.051282
4160.512821 4176.923077 4187.179487 4193.846154 4229.230769 4180.512821 4171.282051 4175.897436 4177.948718 4231.282051 4201.025641 4151.282051 4164.615385 4240.000000
4160.512821 4185.641026 4180.512821 4194.358974 4225.641026 4183.589744 4176.923077 4175.897436 4176.410256 4230.769231 4203.589744 4153.333333 4166.153846 4237.435897
4165.641026 4193.333333 4180.000000 4196.923077 4224.615385 4185.128205 4180.000000 4180.000000 4187.692308 4225.641026 4201.025641 4157.435897 4188.205128 4241.025641
4162.564103 4181.025641 4175.897436 4190.769231 4229.230769 4182.564103 4177.948718 4178.974359 4188.717949 4226.153846 4197.435897 4155.384615 4186.153846 4243.076923
4153.846154 4165.128205 4165.128205 4184.102564 4228.717949 4182.564103 4178.461538 4176.923077 4176.923077 4231.794872 4190.256410 4152.307692 4171.282051 4236.410256
4161.538462 4181.025641 4164.615385 4195.384615 4227.692308 4184.615385 4180.000000 4180.000000 4176.410256 4233.333333 4187.692308 4154.871795 4171.282051 4234.358974
4169.230769 4204.615385 4164.102564 4209.230769 4225.641026 4188.205128 4179.487179 4183.589744 4187.692308 4230.256410 4191.282051 4154.358974 4173.333333 4235.897436
4165.641026 4192.307692 4158.461538 4200.000000 4227.692308 4192.307692 4182.564103 4182.051282 4186.153846 4226.153846 4185.641026 4155.384615 4169.230769 4232.820513
4165.128205 4178.461538 4152.307692 4190.769231 4227.692308 4191.282051 4186.153846 4185.128205 4182.564103 4225.641026 4184.615385 4155.897436 4177.435897 4228.717949
4171.282051 4187.692308 4147.692308 4203.589744 4224.615385 4189.230769 4182.051282 4188.717949 4188.205128 4230.769231 4196.923077 4153.846154 4187.692308 4226.666667
4174.358974 4198.974359 4149.743590 4214.358974 4228.717949 4195.897436 4176.923077 4182.051282 4187.179487 4232.307692 4190.769231 4158.461538 4178.461538 4227.179487
4172.307692 4205.128205 4147.692308 4209.743590 4226.666667 4202.051282 4183.589744 4184.102564 4186.666667 4228.717949 4184.102564 4164.615385 4177.948718 4227.179487
4178.461538 4207.692308 4146.153846 4210.769231 4226.153846 4201.538462 4191.282051 4194.358974 4193.333333 4231.794872 4198.974359 4170.256410 4196.923077 4228.205128
4189.743590 4204.102564 4150.769231 4221.538462 4229.230769 4202.051282 4191.282051 4195.897436 4197.435897 4232.820513 4207.179487 4175.897436 4211.282051 4225.641026
4191.282051 4201.538462 4148.205128 4221.538462 4225.641026 4203.076923 4190.769231 4200.000000 4206.666667 4229.230769 4200.512821 4173.846154 4212.307692 4217.435897
4187.692308 4206.153846 4145.641026 4215.384615 4227.179487 4202.051282 4193.333333 4206.666667 4212.820513 4232.307692 4198.461538 4173.333333 4201.538462 4215.384615
4176.923077 4210.769231 4139.487179 4217.435897 4225.641026 4202.051282 4193.333333 4201.538462 4203.589744 4231.794872 4192.307692 4168.717949 4186.153846 4214.871795
4167.692308 4205.641026 4132.820513 4221.025641 4222.051282 4201.538462 4188.717949 4190.256410 4191.794872 4225.128205 4183.076923 4162.051282 4187.179487 4211.794872
4171.282051 4194.358974 4133.333333 4215.897436 4225.641026 4198.974359 4189.743590 4189.230769 4196.923077 4225.641026 4182.051282 4169.230769 4200.000000 4212.307692
4166.666667 4178.974359 4123.589744 4199.487179 4224.615385 4191.794872 4187.692308 4188.205128 4200.000000 4228.717949 4170.769231 4164.615385 4186.153846 4210.256410
4156.410256 4167.179487 4116.410256 4189.230769 4226.153846 4184.102564 4175.384615 4170.769231 4183.076923 4227.179487 4160.512821 4151.282051 4166.666667 4205.128205
4161.538462 4182.051282 4122.564103 4202.051282 4228.205128 4184.615385 4175.384615 4168.717949 4185.128205 4229.230769 4175.384615 4155.384615 4188.205128 4198.974359
4176.410256 4203.076923 4134.358974 4215.384615 4227.179487 4194.871795 4189.230769 4187.692308 4207.692308 4231.282051 4184.102564 4169.743590 4219.487179 4198.974359
4185.128205 4198.974359 4142.051282 4215.384615 4226.666667 4204.102564 4199.487179 4200.000000 4213.846154 4229.230769 4172.820513 4172.820513 4224.615385 4202.051282
4187.179487 4195.384615 4141.025641 4223.076923 4226.153846 4207.692308 4200.000000 4203.076923 4211.794872 4228.717949 4170.256410 4168.717949 4225.128205 4197.948718
4186.666667 4205.128205 4141.538462 4232.307692 4229.230769 4208.205128 4196.923077 4197.948718 4212.820513 4230.769231 4174.358974 4173.333333 4225.128205 4192.307692
4178.974359 4209.743590 4135.897436 4226.666667 4225.641026 4205.641026 4197.948718 4197.948718 4213.333333 4230.769231 4173.333333 4172.307692 4216.923077 4186.666667
4168.717949 4195.384615 4125.128205 4214.871795 4224.615385 4202.051282 4199.487179 4196.923077 4203.076923 4230.256410 4166.666667 4165.641026 4207.692308 4180.512821
4167.692308 4182.564103 4118.974359 4210.256410 4228.717949 4200.512821 4194.871795 4184.102564 4196.923077 4229.230769 4158.974359 4166.666667 4204.615385 4173.846154
4166.153846 4186.153846 4110.256410 4212.307692 4223.589744 4200.000000 4192.820513 4183.076923 4203.076923 4230.256410 4156.923077 4163.076923 4205.641026 4167.692308
4164.102564 4187.179487 4108.717949 4215.897436 4226.666667 4197.435897 4194.358974 4187.179487 4200.512821 4234.358974 4158.974359 4161.025641 4202.051282 4168.717949
4169.743590 4191.794872 4111.282051 4217.948718 4230.769231 4200.000000 4195.384615 4190.256410 4196.923077 4231.282051 4164.102564 4169.230769 4207.179487 4169.743590
4180.000000 4201.025641 4110.769231 4217.948718 4225.128205 4203.076923 4195.897436 4193.333333 4203.076923 4230.256410 4168.717949 4173.846154 4215.897436 4169.230769
4183.589744 4195.384615 4111.794872 4214.358974 4225.641026 4200.512821 4195.897436 4190.769231 4204.102564 4233.846154 4167.692308 4173.846154 4211.794872 4162.564103
4180.000000 4188.717949 4106.666667 4220.000000 4224.102564 4202.564103 4201.538462 4193.846154 4206.666667 4229.743590 4164.615385 4172.820513 4210.769231 4158.974359
4181.025641 4199.487179 4104.615385 4229.743590 4224.102564 4207.179487 4207.179487 4201.538462 4213.333333 4229.230769 4163.589744 4176.410256 4213.333333 4166.153846
4182.051282 4213.333333 4107.692308 4231.282051 4227.692308 4207.179487 4205.128205 4201.538462 4213.333333 4233.333333 4164.615385 4176.923077 4213.333333 4165.641026
4180.512821 4209.743590 4105.641026 4229.743590 4224.615385 4209.743590 4206.666667 4204.102564 4214.871795 4227.692308 4170.769231 4174.871795 4221.025641 4154.358974
4185.641026 4202.051282 4105.128205 4229.743590 4226.666667 4216.410256 4214.358974 4211.282051 4221.538462 4224.102564 4177.435897 4182.051282 4229.743590 4150.769231
4189.230769 4209.743590 4122.564103 4235.384615 4228.205128 4217.948718 4216.923077 4213.846154 4224.615385 4229.743590 4170.769231 4181.538462 4228.205128 4147.692308
4187.179487 4212.820513 4163.076923 4236.923077 4230.256410 4214.871795 4215.384615 4210.769231 4222.564103 4230.256410 4166.153846 4179.487179 4221.025641 4146.666667
4196.410256 4215.384615 4172.820513 4238.974359 4230.256410 4215.897436 4221.025641 4213.333333 4225.128205 4229.230769 4174.358974 4188.205128 4228.205128 4151.794872
4204.615385 4223.589744 4128.205128 4246.153846 4225.128205 4219.487179 4221.025641 4217.435897 4226.666667 4230.769231 4171.794872 4190.256410 4237.435897 4152.307692
4195.897436 4212.307692 4094.871795 4237.948718 4229.230769 4216.923077 4212.307692 4211.282051 4222.564103 4231.794872 4159.487179 4184.615385 4228.205128 4147.179487
4186.153846 4200.512821 4094.871795 4230.256410 4227.692308 4215.897436 4212.307692 4208.717949 4222.051282 4230.256410 4163.076923 4181.025641 4227.179487 4143.076923
4187.692308 4209.743590 4095.897436 4234.871795 4226.153846 4215.897436 4214.871795 4208.717949 4218.974359 4228.205128 4165.128205 4182.564103 4225.641026 4145.128205
4188.717949 4212.307692 4084.615385 4232.820513 4229.230769 4211.282051 4212.307692 4205.128205 4213.846154 4226.666667 4158.974359 4180.512821 4215.384615 4147.179487
4181.538462 4197.435897 4075.384615 4221.025641 4225.641026 4209.230769 4211.794872 4205.128205 4216.923077 4231.282051 4154.871795 4176.410256 4215.897436 4141.025641
4181.025641 4192.820513 4081.025641 4220.512821 4226.666667 4208.205128 4208.717949 4197.948718 4210.769231 4234.358974 4144.102564 4177.435897 4214.358974 4136.923077
4185.641026 4202.564103 4081.538462 4229.743590 4225.128205 4206.153846 4206.666667 4195.384615 4204.102564 4230.769231 4135.384615 4173.333333 4208.717949 4134.871795
4182.051282 4198.461538 4077.435897 4226.153846 4226.666667 4210.769231 4214.871795 4201.538462 4209.743590 4231.282051 4146.666667 4170.256410 4214.871795 4132.307692
4180.000000 4188.205128 4079.487179 4219.487179 4232.307692 4216.923077 4218.974359 4207.179487 4218.461538 4233.846154 4153.846154 4176.923077 4227.179487 4129.743590
4180.000000 4193.846154 4073.846154 4223.076923 4227.692308 4217.435897 4216.923077 4214.358974 4222.564103 4232.820513 4141.538462 4175.384615 4224.102564 4125.641026
4180.512821 4202.051282 4070.769231 4226.153846 4226.666667 4212.820513 4215.897436 4207.179487 4210.256410 4232.307692 4133.846154 4171.794872 4217.435897 4122.051282
4177.435897 4200.512821 4072.307692 4224.102564 4226.153846 4210.256410 4212.307692 4203.076923 4206.666667 4231.794872 4136.410256 4172.307692 4215.897436 4115.897436
4172.820513 4190.769231 4069.230769 4219.487179 4227.179487 4208.717949 4208.205128 4210.256410 4222.051282 4231.282051 4137.948718 4173.846154 4211.282051 4112.307692
4172.820513 4185.128205 4067.692308 4219.487179 4229.230769 4205.128205 4208.205128 4208.717949 4222.051282 4230.769231 4137.435897 4174.358974 4216.410256 4110.256410
4173.333333 4192.820513 4064.102564 4223.589744 4224.615385 4204.615385 4211.794872 4204.102564 4212.820513 4231.282051 4136.410256 4171.282051 4221.538462 4106.666667
4176.410256 4196.923077 4062.564103 4224.102564 4226.153846 4207.692308 4215.897436 4206.153846 4210.769231 4231.794872 4134.871795 4172.820513 4212.820513 4102.051282
4173.333333 4193.846154 4061.025641 4219.487179 4226.153846 4208.205128 4219.487179 4213.333333 4214.358974 4231.282051 4129.230769 4169.230769 4204.102564 4094.358974
4172.307692 4180.000000 4062.564103 4218.974359 4223.589744 4209.230769 4222.564103 4219.487179 4217.435897 4231.282051 4121.538462 4164.615385 4204.102564 4092.307692
4188.717949 4183.589744 4071.282051 4228.717949 4228.717949 4216.410256 4226.153846 4223.076923 4222.051282 4230.769231 4122.564103 4175.897436 4215.384615 4095.384615
4195.384615 4209.230769 4071.794872 4231.794872 4227.179487 4218.974359 4228.717949 4226.153846 4224.615385 4229.743590 4130.256410 4180.512821 4214.358974 4093.333333
4191.282051 4215.384615 4069.230769 4224.615385 4227.692308 4214.358974 4224.615385 4222.051282 4218.974359 4232.307692 4133.846154 4181.025641 4208.205128 4091.794872
4195.384615 4208.717949 4065.641026 4226.666667 4228.205128 4216.923077 4223.589744 4223.589744 4225.641026 4231.794872 4129.230769 4183.589744 4221.538462 4093.333333
4196.410256 4204.615385 4060.000000 4231.794872 4224.615385 4218.974359 4226.666667 4232.820513 4234.871795 4226.666667 4120.000000 4180.000000 4226.666667 4094.871795
4198.974359 4205.128205 4063.589744 4233.846154 4227.692308 4214.358974 4226.666667 4230.769231 4232.307692 4227.692308 4122.564103 4178.974359 4220.512821 4100.512821
4205.641026 4214.358974 4065.641026 4240.512821 4225.641026 4216.923077 4229.230769 4232.820513 4234.871795 4232.820513 4128.717949 4181.025641 4227.692308 4101.538462
4204.102564 4217.948718 4064.615385 4242.051282 4226.153846 4217.435897 4229.230769 4232.820513 4231.282051 4232.820513 4125.128205 4182.564103 4227.179487 4097.435897
4193.846154 4202.051282 4055.897436 4227.692308 4229.743590 4207.692308 4224.615385 4222.051282 4219.487179 4231.282051 4120.512821 4181.025641 4210.769231 4095.384615
4183.076923 4184.102564 4043.589744 4217.948718 4226.153846 4206.666667 4220.000000 4215.384615 4214.871795 4230.256410 4114.358974 4171.282051 4209.230769 4091.282051
4185.641026 4185.641026 4048.205128 4221.025641 4228.205128 4212.307692 4219.487179 4216.410256 4216.923077 4231.282051 4107.179487 4169.743590 4215.897436 4085.641026
4191.794872 4198.461538 4049.743590 4226.153846 4224.615385 4210.769231 4223.076923 4225.641026 4223.589744 4229.743590 4104.615385 4173.846154 4210.256410 4079.487179
4189.230769 4198.974359 4042.564103 4222.564103 4225.641026 4210.769231 4221.538462 4224.615385 4223.076923 4225.641026 4105.128205 4172.307692 4205.641026 4076.923077
4185.128205 4191.794872 4041.025641 4216.923077 4229.230769 4213.333333 4216.923077 4220.512821 4219.487179 4226.666667 4108.205128 4169.230769 4208.717949 4072.820513
4186.666667 4190.769231 4037.435897 4217.948718 4224.615385 4214.871795 4220.000000 4224.615385 4223.076923 4231.794872 4107.692308 4167.692308 4209.230769 4065.128205
4191.282051 4189.230769 4033.333333 4218.461538 4228.717949 4211.794872 4224.615385 4225.128205 4223.076923 4234.358974 4103.076923 4171.282051 4205.641026 4067.692308
4183.589744 4186.153846 4027.692308 4214.871795 4228.205128 4205.128205 4220.512821 4219.487179 4217.948718 4230.256410 4102.051282 4168.205128 4204.102564 4070.769231
4169.230769 4184.615385 4023.589744 4209.230769 4222.051282 4201.538462 4211.282051 4210.769231 4211.794872 4226.666667 4092.820513 4160.000000 4194.358974 4067.692308
4171.794872 4182.564103 4027.179487 4207.179487 4224.615385 4208.717949 4213.333333 4215.384615 4213.846154 4228.205128 4085.641026 4162.051282 4194.871795 4069.230769
4187.179487 4189.230769 4029.230769 4210.769231 4225.128205 4213.846154 4221.538462 4229.743590 4224.615385 4231.282051 4097.435897 4170.769231 4212.820513 4078.461538
4189.743590 4192.820513 4032.820513 4210.769231 4229.743590 4212.307692 4220.000000 4223.076923 4220.512821 4231.282051 4100.512821 4172.820513 4214.871795 4088.205128
4177.948718 4181.025641 4036.410256 4207.179487 4227.692308 4215.384615 4219.487179 4215.897436 4215.897436 4229.743590 4096.410256 4165.641026 4209.743590 4087.692308
4174.358974 4172.820513 4038.461538 4206.666667 4225.641026 4216.923077 4223.589744 4227.179487 4226.666667 4230.256410 4105.128205 4168.717949 4220.000000 4090.769231
4180.512821 4179.487179 4037.948718 4207.179487 4228.717949 4211.282051 4218.974359 4225.641026 4229.230769 4231.282051 4107.692308 4177.948718 4222.051282 4101.025641
4181.025641 4187.179487 4038.974359 4206.666667 4226.666667 4209.230769 4215.897436 4217.435897 4221.025641 4231.282051 4104.102564 4173.333333 4213.846154 4105.641026
4183.589744 4186.153846 4049.230769 4207.179487 4228.717949 4213.333333 4222.051282 4223.589744 4221.025641 4230.769231 4106.666667 4174.358974 4217.435897 4110.256410
4186.153846 4184.102564 4051.282051 4208.717949 4228.205128 4215.897436 4226.153846 4229.230769 4229.743590 4229.230769 4104.102564 4178.461538 4220.512821 4110.256410
4181.025641 4184.615385 4046.666667 4205.128205 4226.153846 4214.871795 4222.564103 4224.102564 4228.717949 4231.282051 4098.461538 4174.358974 4207.692308 4110.256410
4182.051282 4186.666667 4053.846154 4203.076923 4227.692308 4213.846154 4219.487179 4221.538462 4221.538462 4234.358974 4102.564103 4174.358974 4202.051282 4116.923077
4186.153846 4187.692308 4055.897436 4208.205128 4224.102564 4212.820513 4224.615385 4228.717949 4226.153846 4229.230769 4108.717949 4175.897436 4210.256410 4121.538462
4185.641026 4182.051282 4056.923077 4206.666667 4227.179487 4213.333333 4225.641026 4227.692308 4230.256410 4225.641026 4113.846154 4176.923077 4214.871795 4124.615385
4185.128205 4183.076923 4059.487179 4205.128205 4227.692308 4216.410256 4223.589744 4229.743590 4229.230769 4229.743590 4117.948718 4176.410256 4215.384615 4129.743590
4189.230769 4189.743590 4058.974359 4208.717949 4222.051282 4216.923077 4227.179487 4237.435897 4230.769231 4226.666667 4116.923077 4176.410256 4213.333333 4134.358974
4197.948718 4196.923077 4063.589744 4214.358974 4225.128205 4216.923077 4229.743590 4233.846154 4234.358974 4224.615385 4125.641026 4182.564103 4213.846154 4136.410256
4198.974359 4203.076923 4065.641026 4222.564103 4222.564103 4218.974359 4225.641026 4233.333333 4240.000000 4229.743590 4132.307692 4178.974359 4225.128205 4136.410256
4193.846154 4195.384615 4067.692308 4219.487179 4224.615385 4215.384615 4218.974359 4231.282051 4236.410256 4231.282051 4124.102564 4176.410256 4227.179487 4142.564103
4192.820513 4188.205128 4066.666667 4209.230769 4228.205128 4214.358974 4220.512821 4227.692308 4230.769231 4228.717949 4124.102564 4180.512821 4217.948718 4143.076923
4189.230769 4190.256410 4061.025641 4206.153846 4222.564103 4217.435897 4225.128205 4230.256410 4229.230769 4226.153846 4127.179487 4173.333333 4208.717949 4135.897436
4185.128205 4188.205128 4065.641026 4209.743590 4225.128205 4216.410256 4223.589744 4228.717949 4225.641026 4227.692308 4129.743590 4170.769231 4209.743590 4137.435897
4184.615385 4188.717949 4070.769231 4211.282051 4226.153846 4214.358974 4222.051282 4227.179487 4227.179487 4230.256410 4137.435897 4176.923077 4218.974359 4140.512821
4183.076923 4188.717949 4073.846154 4207.179487 4226.153846 4215.384615 4220.512821 4226.666667 4226.666667 4228.205128 4134.871795 4179.487179 4213.846154 4140.512821
4185.128205 4185.128205 4078.461538 4205.641026 4226.666667 4212.820513 4219.487179 4227.692308 4223.589744 4226.153846 4128.205128 4178.461538 4207.179487 4140.000000
4186.153846 4188.205128 4080.000000 4208.717949 4222.564103 4210.256410 4220.000000 4225.128205 4222.051282 4231.282051 4136.923077 4175.897436 4210.256410 4138.974359
4184.615385 4187.692308 4084.102564 4208.717949 4225.641026 4213.333333 4218.974359 4216.923077 4217.948718 4236.410256 4142.051282 4175.897436 4216.410256 4138.461538
4183.076923 4183.589744 4086.666667 4210.256410 4225.128205 4215.384615 4218.461538 4220.512821 4220.512821 4230.256410 4135.384615 4173.333333 4215.384615 4135.897436
4186.666667 4182.564103 4093.846154 4209.743590 4224.615385 4215.384615 4220.000000 4225.128205 4223.589744 4224.102564 4143.076923 4173.846154 4211.282051 4142.051282
4191.282051 4186.153846 4104.615385 4207.179487 4225.641026 4209.743590 4221.025641 4223.589744 4223.076923 4226.153846 4149.743590 4175.897436 4208.717949 4148.717949
4184.615385 4185.128205 4104.102564 4207.692308 4223.589744 4204.102564 4218.974359 4224.102564 4223.076923 4231.794872 4136.923077 4172.820513 4198.974359 4152.307692
4185.128205 4185.641026 4108.717949 4206.666667 4229.230769 4204.615385 4216.410256 4218.974359 4215.897436 4232.307692 4131.794872 4172.820513 4190.256410 4164.615385
4194.358974 4197.948718 4118.461538 4211.282051 4226.153846 4208.205128 4219.487179 4222.564103 4221.538462 4228.717949 4144.615385 4175.897436 4203.076923 4171.282051
4198.461538 4200.000000 4126.153846 4217.948718 4222.564103 4210.256410 4224.615385 4230.256410 4230.769231 4231.794872 4154.871795 4181.025641 4218.461538 4169.743590
4204.615385 4196.923077 4133.333333 4222.051282 4225.128205 4213.846154 4226.666667 4225.128205 4224.615385 4235.384615 4153.846154 4188.205128 4217.948718 4178.461538
4210.769231 4206.153846 4135.897436 4227.692308 4223.589744 4217.948718 4230.256410 4232.307692 4229.230769 4228.717949 4152.820513 4189.743590 4220.512821 4189.230769
4210.769231 4207.179487 4140.512821 4228.717949 4228.205128 4216.410256 4234.358974 4243.076923 4241.025641 4225.641026 4153.333333 4191.794872 4222.564103 4191.794872
4205.641026 4200.512821 4140.000000 4221.025641 4226.666667 4215.897436 4234.871795 4242.051282 4239.487179 4230.769231 4149.230769 4189.230769 4217.435897 4194.871795
4209.743590 4204.615385 4144.102564 4223.589744 4223.589744 4223.076923 4236.923077 4242.051282 4238.461538 4230.256410 4140.512821 4184.615385 4214.871795 4201.538462
4224.102564 4221.538462 4160.000000 4241.025641 4229.230769 4226.666667 4244.102564 4249.743590 4246.666667 4224.615385 4145.128205 4190.769231 4222.564103 4197.948718
4225.128205 4227.692308 4162.051282 4242.564103 4227.179487 4224.615385 4246.153846 4251.282051 4246.666667 4228.205128 4157.948718 4192.820513 4229.743590 4185.128205
4219.487179 4210.256410 4160.000000 4226.666667 4227.692308 4223.589744 4236.410256 4240.512821 4235.897436 4232.820513 4151.282051 4191.794872 4222.051282 4187.692308
4215.897436 4205.641026 4157.435897 4222.564103 4227.179487 4222.564103 4234.358974 4239.487179 4235.897436 4229.230769 4139.487179 4187.692308 4213.846154 4196.410256
4212.820513 4209.743590 4154.871795 4223.076923 4225.641026 4217.948718 4238.974359 4241.025641 4236.923077 4228.205128 4148.717949 4183.589744 4215.897436 4198.974359
4215.384615 4202.051282 4162.564103 4220.000000 4228.717949 4216.410256 4232.307692 4231.794872 4230.256410 4230.769231 4155.897436 4186.153846 4218.974359 4202.564103
4215.384615 4200.000000 4164.102564 4222.051282 4221.025641 4219.487179 4231.282051 4232.820513 4236.923077 4231.794872 4154.871795 4183.589744 4217.435897 4207.692308
4217.435897 4206.666667 4165.641026 4225.128205 4221.025641 4217.948718 4238.461538 4240.000000 4241.025641 4233.333333 4161.538462 4184.615385 4214.358974 4218.461538
4221.538462 4211.794872 4172.307692 4223.076923 4227.692308 4217.435897 4237.435897 4240.000000 4233.333333 4231.282051 4165.128205 4186.666667 4215.897436 4227.179487
4217.948718 4206.153846 4173.333333 4223.589744 4224.102564 4218.461538 4230.256410 4236.923077 4227.179487 4228.717949 4164.615385 4181.025641 4209.230769 4230.256410
4216.410256 4202.564103 4173.846154 4223.589744 4226.666667 4217.435897 4226.153846 4230.769231 4224.102564 4231.282051 4178.461538 4179.487179 4197.435897 4232.307692
4216.410256 4214.358974 4172.820513 4223.076923 4226.666667 4216.410256 4222.564103 4226.666667 4221.538462 4232.820513 4190.769231 4175.384615 4199.487179 4235.384615
4216.410256 4224.615385 4179.487179 4225.641026 4223.589744 4214.358974 4217.948718 4223.589744 4213.846154 4226.666667 4194.358974 4172.820513 4205.128205 4239.487179
4222.051282 4223.589744 4188.717949 4228.205128 4224.615385 4216.410256 4220.512821 4223.589744 4215.384615 4224.615385 4213.333333 4176.410256 4207.692308 4238.974359
4225.128205 4220.000000 4189.230769 4227.179487 4224.102564 4218.461538 4224.102564 4228.205128 4225.641026 4231.794872 4229.230769 4175.897436 4207.179487 4240.512821
4221.538462 4215.384615 4193.333333 4222.564103 4228.205128 4216.410256 4221.538462 4227.179487 4222.564103 4234.358974 4228.717949 4174.358974 4200.000000 4244.615385
4215.897436 4209.743590 4195.384615 4217.948718 4225.641026 4215.384615 4221.025641 4225.641026 4215.897436 4229.230769 4242.051282 4172.820513 4195.897436 4237.948718
4216.410256 4210.256410 4197.435897 4214.871795 4227.692308 4213.846154 4218.974359 4222.564103 4213.846154 4230.256410 4252.820513 4171.282051 4198.461538 4231.794872
4223.589744 4215.897436 4208.205128 4218.974359 4231.794872 4213.846154 4221.538462 4222.564103 4215.384615 4235.384615 4255.384615 4174.871795 4209.230769 4232.820513
4222.051282 4215.897436 4213.846154 4222.564103 4226.153846 4216.923077 4226.666667 4229.230769 4218.461538 4228.205128 4269.230769 4174.358974 4213.846154 4229.230769
4211.794872 4208.205128 4217.435897 4212.820513 4227.179487 4214.358974 4217.435897 4220.000000 4211.794872 4223.076923 4273.333333 4167.692308 4198.974359 4224.102564
4210.256410 4208.205128 4221.025641 4209.743590 4226.666667 4213.333333 4212.820513 4212.307692 4206.666667 4229.230769 4266.666667 4161.025641 4204.102564 4221.025641
4220.000000 4214.358974 4230.256410 4220.512821 4226.666667 4217.948718 4220.000000 4221.538462 4214.358974 4231.282051 4273.333333 4165.641026 4225.641026 4222.564103
4221.538462 4218.461538 4238.974359 4224.615385 4228.717949 4211.794872 4219.487179 4223.076923 4220.512821 4227.179487 4275.897436 4169.230769 4219.487179 4224.102564
4213.333333 4220.000000 4238.974359 4219.487179 4224.615385 4206.153846 4221.538462 4220.512821 4219.487179 4230.256410 4267.692308 4161.538462 4208.717949 4217.948718
4212.307692 4210.769231 4243.589744 4211.794872 4227.179487 4210.769231 4222.564103 4216.410256 4209.743590 4233.846154 4272.307692 4161.025641 4214.871795 4215.384615
4208.717949 4201.538462 4238.461538 4207.179487 4227.179487 4207.692308 4212.307692 4208.717949 4203.076923 4229.743590 4281.025641 4156.923077 4220.000000 4213.846154
4204.102564 4204.102564 4235.897436 4208.205128 4227.179487 4201.025641 4210.256410 4206.666667 4208.205128 4230.256410 4277.435897 4152.820513 4221.538462 4208.205128
4208.717949 4209.230769 4249.230769 4211.282051 4231.282051 4203.589744 4221.025641 4212.307692 4213.846154 4232.820513 4271.794872 4160.000000 4223.589744 4203.076923
4211.794872 4210.769231 4254.871795 4215.897436 4226.153846 4211.794872 4226.153846 4217.435897 4214.358974 4230.256410 4277.435897 4161.025641 4227.179487 4200.512821
4221.538462 4218.461538 4258.461538 4222.051282 4228.717949 4212.820513 4226.666667 4218.974359 4216.923077 4232.820513 4290.256410 4167.692308 4242.564103 4200.000000
4232.820513 4231.794872 4264.615385 4228.717949 4231.282051 4210.769231 4230.769231 4230.769231 4231.282051 4233.846154 4287.179487 4177.435897 4254.358974 4191.794872
4225.128205 4228.205128 4264.615385 4229.230769 4227.179487 4211.794872 4229.230769 4235.384615 4234.871795 4227.179487 4274.358974 4175.384615 4247.692308 4182.564103
4218.974359 4216.923077 4263.589744 4224.615385 4228.717949 4210.769231 4226.153846 4224.615385 4223.589744 4228.205128 4275.384615 4171.794872 4247.692308 4175.384615
4216.923077 4212.820513 4257.435897 4220.000000 4224.615385 4205.128205 4225.641026 4222.051282 4222.564103 4231.794872 4266.153846 4168.205128 4245.128205 4159.487179
4206.153846 4200.000000 4254.871795 4207.692308 4225.128205 4198.461538 4217.948718 4215.384615 4216.410256 4227.692308 4242.564103 4164.102564 4230.769231 4150.256410
4201.025641 4196.923077 4256.923077 4205.128205 4225.128205 4200.512821 4213.846154 4210.769231 4207.692308 4226.666667 4240.000000 4163.076923 4233.846154 4149.230769
4210.256410 4212.307692 4258.974359 4220.000000 4224.102564 4207.179487 4216.410256 4215.897436 4209.743590 4227.692308 4246.153846 4166.666667 4242.564103 4150.769231
4215.897436 4218.461538 4261.025641 4223.589744 4230.256410 4207.692308 4215.384615 4211.282051 4208.717949 4226.153846 4237.948718 4168.717949 4233.846154 4155.384615
4209.743590 4208.717949 4252.820513 4212.820513 4225.128205 4206.153846 4213.846154 4206.153846 4204.615385 4229.230769 4229.743590 4163.076923 4228.205128 4161.025641
4211.794872 4204.102564 4249.230769 4212.307692 4227.692308 4206.666667 4212.307692 4206.153846 4204.102564 4234.871795 4227.692308 4166.666667 4232.307692 4166.666667
4219.487179 4211.282051 4248.205128 4223.589744 4231.794872 4204.102564 4209.230769 4203.589744 4204.102564 4232.820513 4225.641026 4170.769231 4233.333333 4169.230769
4212.820513 4206.666667 4234.358974 4220.000000 4223.076923 4202.564103 4207.692308 4198.974359 4203.076923 4230.256410 4222.564103 4163.589744 4223.589744 4166.666667
4207.179487 4201.538462 4230.769231 4220.000000 4224.615385 4206.153846 4213.846154 4201.538462 4207.179487 4234.358974 4224.102564 4165.128205 4219.487179 4166.153846
4213.333333 4212.820513 4234.358974 4234.358974 4227.692308 4209.230769 4222.564103 4214.358974 4216.923077 4232.307692 4230.769231 4169.743590 4231.794872 4169.743590
4215.897436 4212.820513 4228.717949 4227.692308 4227.692308 4210.769231 4222.564103 4217.435897 4213.333333 4227.179487 4231.794872 4170.256410 4232.820513 4170.769231
4214.871795 4201.025641 4221.538462 4214.358974 4228.205128 4211.282051 4220.512821 4215.897436 4210.769231 4227.692308 4223.589744 4170.769231 4224.102564 4162.564103
4217.948718 4204.102564 4218.461538 4222.051282 4225.641026 4208.717949 4221.538462 4219.487179 4215.897436 4231.282051 4221.538462 4169.743590 4229.743590 4159.487179
4224.102564 4212.307692 4220.000000 4226.666667 4227.179487 4210.769231 4220.512821 4212.820513 4207.692308 4233.333333 4230.256410 4175.384615 4237.435897 4163.076923
4223.589744 4216.410256 4216.923077 4226.153846 4225.641026 4218.461538 4222.564103 4212.820513 4204.102564 4231.794872 4233.333333 4177.948718 4235.384615 4150.256410
4224.102564 4217.948718 4218.461538 4232.820513 4225.641026 4217.435897 4225.128205 4218.461538 4210.256410 4227.692308 4227.692308 4175.897436 4231.282051 4137.948718
4221.538462 4212.820513 4218.461538 4232.307692 4229.230769 4216.410256 4223.589744 4217.435897 4213.846154 4228.717949 4222.051282 4176.923077 4230.769231 4146.153846
4209.743590 4209.230769 4206.153846 4227.692308 4224.615385 4218.461538 4222.051282 4216.923077 4215.897436 4230.256410 4215.897436 4175.384615 4226.666667 4153.333333
4205.641026 4206.666667 4202.564103 4231.794872 4226.666667 4215.384615 4221.025641 4210.256410 4211.794872 4226.666667 4215.897436 4169.743590 4213.333333 4153.333333
4206.666667 4209.743590 4202.564103 4242.051282 4226.153846 4214.871795 4221.025641 4208.205128 4209.743590 4226.666667 4221.538462 4165.128205 4196.923077 4156.923077
4201.538462 4208.205128 4195.897436 4255.384615 4224.615385 4217.948718 4222.564103 4211.794872 4212.307692 4232.307692 4218.461538 4165.128205 4183.076923 4164.102564
4202.051282 4203.076923 4193.333333 4262.564103 4227.179487 4214.871795 4218.974359 4209.230769 4209.743590 4230.769231 4210.256410 4165.128205 4183.076923 4163.589744
4202.051282 4204.615385 4190.769231 4255.897436 4225.128205 4210.256410 4213.333333 4207.692308 4209.230769 4229.743590 4210.769231 4160.000000 4191.282051 4158.974359
4198.461538 4202.051282 4189.743590 4243.076923 4228.717949 4212.820513 4211.282051 4203.076923 4206.666667 4235.384615 4212.820513 4158.974359 4190.769231 4161.025641
4200.000000 4203.589744 4185.641026 4243.076923 4228.205128 4216.923077 4214.358974 4204.102564 4204.102564 4232.820513 4211.794872 4159.487179 4195.384615 4160.000000
4203.589744 4207.179487 4183.076923 4245.641026 4226.666667 4217.435897 4215.384615 4209.743590 4207.179487 4228.717949 4211.794872 4161.025641 4201.538462 4158.974359
4206.153846 4211.794872 4188.205128 4243.076923 4229.743590 4218.461538 4217.435897 4211.794872 4214.871795 4231.282051 4214.871795 4167.692308 4199.487179 4165.641026
4206.153846 4217.435897 4185.128205 4241.538462 4225.641026 4219.487179 4224.102564 4219.487179 4224.102564 4231.282051 4217.435897 4168.205128 4204.102564 4170.256410
4208.205128 4209.230769 4183.589744 4241.025641 4229.230769 4217.948718 4224.102564 4220.000000 4218.461538 4230.769231 4216.923077 4168.717949 4209.743590 4173.846154
4209.230769 4207.692308 4184.615385 4240.512821 4231.794872 4218.461538 4223.589744 4214.358974 4213.846154 4231.282051 4215.384615 4168.717949 4208.717949 4174.871795
4205.128205 4216.923077 4185.128205 4239.487179 4224.615385 4218.974359 4225.128205 4212.307692 4217.435897 4231.282051 4215.384615 4167.692308 4213.846154 4174.358974
4202.051282 4214.358974 4190.769231 4237.435897 4225.641026 4218.461538 4217.435897 4208.205128 4212.820513 4230.769231 4218.461538 4169.743590 4223.076923 4175.897436
4194.871795 4201.538462 4185.641026 4231.282051 4224.615385 4215.384615 4213.333333 4207.692308 4207.179487 4227.179487 4214.358974 4161.538462 4209.743590 4176.410256
4191.794872 4197.948718 4179.487179 4224.102564 4226.153846 4211.794872 4216.410256 4207.179487 4207.692308 4227.179487 4208.717949 4156.923077 4188.717949 4181.538462
4197.948718 4204.615385 4183.076923 4227.179487 4227.692308 4212.820513 4216.923077 4209.743590 4210.256410 4231.282051 4224.102564 4164.102564 4196.923077 4184.102564
4199.487179 4205.641026 4186.153846 4232.820513 4224.615385 4217.435897 4217.948718 4214.358974 4210.256410 4230.256410 4242.564103 4164.102564 4206.153846 4181.538462
4199.487179 4204.102564 4191.282051 4232.307692 4228.717949 4217.435897 4222.051282 4217.435897 4212.820513 4228.205128 4240.000000 4166.153846 4202.051282 4186.666667
4202.564103 4208.205128 4192.307692 4233.846154 4225.641026 4216.410256 4221.025641 4227.692308 4224.102564 4230.769231 4241.025641 4168.205128 4206.666667 4192.820513
4201.538462 4207.179487 4192.307692 4231.794872 4226.153846 4215.897436 4214.358974 4221.025641 4219.487179 4230.256410 4249.743590 4166.153846 4206.153846 4196.410256
4203.589744 4209.230769 4194.871795 4228.205128 4231.282051 4216.410256 4217.948718 4208.205128 4205.128205 4229.230769 4252.307692 4165.641026 4204.102564 4198.974359
4208.717949 4217.435897 4196.410256 4233.846154 4225.128205 4221.538462 4224.102564 4215.384615 4210.256410 4231.282051 4255.384615 4167.179487 4211.794872 4199.487179
4207.692308 4213.846154 4203.076923 4235.897436 4225.641026 4221.538462 4221.025641 4220.000000 4218.974359 4232.307692 4257.435897 4169.743590 4207.692308 4200.512821
4202.051282 4206.666667 4200.512821 4226.666667 4226.153846 4216.923077 4219.487179 4218.461538 4220.512821 4230.256410 4250.769231 4166.666667 4201.538462 4197.948718
4202.564103 4207.179487 4200.000000 4220.000000 4226.666667 4220.000000 4221.025641 4217.435897 4214.358974 4226.666667 4249.743590 4168.205128 4211.794872 4192.307692
4206.666667 4205.641026 4208.205128 4225.641026 4226.666667 4223.076923 4222.051282 4215.384615 4207.179487 4226.666667 4253.846154 4171.282051 4220.000000 4189.743590
4197.435897 4200.000000 4205.641026 4226.153846 4223.589744 4218.461538 4220.512821 4210.769231 4208.205128 4227.179487 4245.641026 4164.102564 4204.615385 4187.692308
4195.384615 4204.102564 4206.666667 4221.025641 4228.717949 4214.358974 4216.410256 4204.615385 4207.692308 4229.230769 4242.564103 4168.205128 4203.076923 4189.743590
4207.692308 4217.948718 4214.358974 4227.692308 4228.205128 4221.025641 4219.487179 4212.307692 4210.769231 4229.230769 4253.846154 4178.974359 4228.205128 4194.871795
4212.820513 4217.435897 4217.948718 4232.820513 4225.641026 4227.692308 4224.102564 4221.025641 4216.410256 4228.717949 4249.743590 4182.564103 4228.717949 4198.974359
4208.717949 4212.820513 4217.435897 4226.153846 4228.717949 4223.076923 4223.589744 4220.512821 4220.512821 4230.256410 4231.794872 4180.000000 4216.410256 4195.384615
4204.102564 4217.948718 4212.307692 4224.102564 4223.589744 4221.025641 4224.615385 4221.025641 4224.102564 4230.256410 4230.769231 4178.974359 4229.743590 4189.230769
4203.589744 4211.282051 4213.846154 4223.076923 4227.179487 4222.564103 4224.615385 4215.384615 4217.435897 4231.282051 4234.358974 4182.564103 4230.769231 4190.769231
4200.512821 4203.076923 4211.282051 4221.025641 4230.769231 4220.512821 4221.538462 4209.230769 4214.358974 4231.282051 4224.102564 4179.487179 4213.333333 4192.820513
4200.512821 4211.282051 4209.743590 4223.589744 4226.153846 4216.923077 4221.025641 4214.358974 4217.435897 4227.692308 4217.948718 4177.435897 4212.307692 4194.358974
4202.564103 4215.897436 4213.846154 4223.589744 4225.128205 4215.384615 4222.564103 4215.897436 4214.871795 4225.128205 4223.076923 4184.102564 4216.923077 4198.461538
4192.820513 4203.589744 4204.615385 4213.333333 4225.128205 4212.307692 4217.948718 4208.717949 4212.820513 4229.230769 4217.948718 4177.948718 4207.179487 4199.487179
4185.128205 4189.743590 4195.897436 4201.538462 4229.230769 4210.769231 4212.307692 4198.974359 4205.641026 4233.846154 4202.564103 4170.769231 4197.948718 4207.179487
4193.333333 4195.897436 4200.512821 4207.179487 4226.153846 4215.384615 4216.923077 4202.051282 4202.051282 4230.769231 4198.461538 4175.384615 4200.000000 4216.410256
4205.128205 4210.256410 4210.769231 4223.589744 4225.641026 4221.025641 4225.128205 4211.282051 4211.282051 4228.205128 4204.102564 4180.512821 4199.487179 4218.461538
4209.743590 4216.410256 4214.358974 4226.153846 4233.333333 4222.051282 4226.153846 4212.307692 4217.948718 4229.230769 4206.666667 4185.128205 4204.102564 4218.974359
4201.538462 4210.769231 4203.589744 4214.871795 4226.666667 4221.025641 4224.102564 4214.871795 4215.897436 4229.743590 4201.538462 4179.487179 4213.333333 4219.487179
4197.948718 4202.051282 4207.179487 4208.717949 4224.102564 4218.974359 4222.564103 4215.384615 4211.282051 4231.282051 4198.974359 4175.897436 4212.820513 4218.974359
4203.076923 4203.589744 4215.897436 4212.307692 4228.205128 4218.974359 4223.076923 4212.820513 4214.358974 4230.769231 4202.564103 4178.974359 4206.666667 4213.846154
4206.153846 4210.256410 4211.282051 4218.461538 4226.153846 4218.461538 4224.102564 4214.358974 4218.461538 4230.256410 4194.871795 4176.410256 4205.128205 4211.282051
4212.820513 4217.948718 4217.435897 4226.666667 4225.641026 4217.435897 4224.102564 4219.487179 4218.461538 4231.794872 4195.384615 4179.487179 4222.564103 4215.384615
4219.487179 4221.025641 4230.256410 4229.230769 4223.589744 4220.512821 4228.717949 4227.179487 4224.102564 4230.769231 4213.333333 4188.205128 4242.051282 4213.846154
4221.025641 4215.897436 4235.897436 4225.128205 4227.179487 4226.666667 4235.384615 4228.205128 4230.769231 4225.128205 4213.846154 4193.333333 4241.025641 4212.820513
4222.051282 4220.512821 4234.871795 4228.205128 4229.230769 4223.589744 4234.358974 4226.666667 4232.307692 4224.102564 4196.923077 4189.230769 4234.871795 4214.871795
4221.025641 4226.666667 4231.794872 4231.282051 4227.179487 4217.435897 4229.230769 4224.615385 4230.256410 4230.769231 4190.769231 4185.641026 4229.743590 4217.435897
4229.230769 4225.641026 4233.333333 4232.307692 4230.769231 4222.051282 4232.820513 4222.564103 4227.692308 4233.333333 4200.512821 4195.384615 4234.358974 4220.512821
4237.948718 4230.769231 4231.794872 4236.923077 4226.153846 4228.205128 4242.564103 4229.230769 4233.846154 4230.256410 4209.743590 4200.000000 4249.743590 4218.461538
4235.384615 4224.615385 4232.307692 4231.794872 4226.153846 4222.564103 4237.435897 4230.769231 4235.897436 4231.794872 4201.025641 4195.384615 4245.641026 4216.410256
4231.282051 4210.769231 4232.820513 4224.102564 4230.769231 4216.923077 4228.205128 4223.589744 4230.256410 4233.333333 4189.743590 4193.333333 4238.461538 4216.923077
4227.692308 4220.512821 4224.615385 4227.692308 4227.179487 4217.435897 4230.256410 4222.051282 4227.692308 4230.769231 4194.358974 4192.307692 4237.435897 4216.923077
4224.102564 4226.666667 4225.128205 4226.153846 4228.205128 4215.384615 4228.205128 4216.923077 4223.076923 4231.794872 4197.948718 4194.358974 4224.615385 4218.461538
4223.589744 4219.487179 4228.205128 4221.538462 4224.102564 4215.384615 4224.615385 4214.871795 4222.051282 4230.769231 4192.820513 4191.794872 4231.794872 4221.025641
4230.256410 4222.564103 4231.282051 4226.666667 4223.589744 4217.948718 4226.666667 4219.487179 4227.692308 4227.692308 4197.435897 4191.282051 4255.384615 4227.692308
4231.794872 4228.717949 4238.461538 4231.794872 4229.743590 4219.487179 4229.230769 4222.564103 4235.897436 4229.743590 4205.641026 4195.897436 4248.205128 4235.384615
4220.512821 4220.000000 4238.461538 4227.692308 4226.153846 4218.461538 4228.205128 4217.948718 4234.358974 4231.282051 4200.512821 4194.871795 4227.692308 4230.256410
4216.923077 4211.794872 4240.512821 4223.076923 4227.692308 4215.384615 4224.102564 4207.692308 4221.025641 4230.256410 4198.461538 4195.384615 4242.051282 4221.538462
4220.512821 4217.948718 4242.051282 4223.076923 4227.179487 4214.358974 4224.102564 4212.820513 4225.641026 4230.256410 4202.051282 4195.384615 4258.974359 4215.897436
4214.358974 4215.897436 4243.076923 4218.461538 4224.102564 4214.871795 4224.615385 4215.384615 4230.769231 4226.666667 4201.025641 4192.307692 4248.717949 4211.794872
4209.230769 4206.666667 4246.153846 4213.846154 4226.666667 4214.871795 4222.564103 4202.564103 4223.076923 4225.128205 4200.000000 4193.333333 4242.564103 4207.692308
4210.256410 4205.641026 4245.128205 4217.948718 4224.102564 4216.923077 4224.102564 4205.641026 4226.153846 4231.794872 4202.564103 4192.820513 4247.692308 4203.589744
4204.615385 4201.538462 4246.666667 4214.358974 4225.128205 4216.410256 4225.128205 4207.692308 4226.153846 4234.871795 4198.461538 4188.717949 4242.051282 4202.051282
4198.461538 4197.948718 4248.205128 4205.641026 4225.641026 4213.333333 4224.102564 4200.512821 4218.974359 4229.743590 4201.025641 4186.153846 4243.076923 4198.461538
4201.538462 4198.461538 4248.205128 4205.641026 4224.615385 4213.333333 4221.025641 4202.051282 4222.564103 4228.717949 4220.512821 4191.794872 4251.794872 4197.435897
4207.179487 4203.076923 4253.333333 4213.846154 4226.666667 4214.871795 4214.358974 4205.128205 4226.153846 4232.307692 4229.743590 4196.923077 4246.666667 4200.000000
4211.282051 4211.282051 4255.897436 4222.564103 4224.102564 4214.871795 4216.410256 4211.282051 4226.666667 4231.794872 4230.769231 4191.794872 4246.153846 4200.000000
4216.923077 4207.692308 4259.487179 4222.051282 4229.230769 4215.897436 4218.974359 4211.282051 4225.641026 4231.282051 4226.666667 4195.384615 4244.102564 4202.051282
4211.282051 4200.000000 4256.923077 4212.820513 4229.743590 4216.410256 4214.358974 4204.615385 4221.025641 4230.769231 4222.564103 4195.897436 4231.794872 4202.051282
4203.076923 4201.025641 4247.692308 4208.717949 4224.102564 4217.435897 4210.256410 4201.025641 4216.923077 4228.717949 4233.333333 4186.666667 4228.717949 4201.025641
4210.769231 4201.538462 4251.794872 4213.333333 4228.717949 4216.410256 4213.333333 4197.948718 4217.435897 4230.769231 4242.051282 4190.256410 4232.307692 4205.128205
4215.897436 4200.000000 4253.846154 4216.410256 4227.692308 4214.358974 4216.923077 4199.487179 4222.564103 4230.769231 4245.128205 4193.333333 4236.923077 4207.692308
4218.974359 4204.615385 4255.384615 4218.461538 4227.179487 4215.897436 4218.974359 4204.102564 4224.102564 4225.128205 4248.205128 4194.358974 4241.538462 4210.256410
4230.256410 4215.897436 4263.589744 4230.256410 4227.692308 4218.974359 4225.641026 4212.820513 4227.692308 4226.666667 4260.512821 4200.512821 4253.846154 4213.333333
4226.666667 4213.333333 4261.538462 4232.820513 4225.128205 4216.923077 4224.102564 4214.358974 4226.153846 4233.846154 4271.282051 4197.435897 4260.000000 4212.820513
4214.871795 4197.435897 4251.794872 4216.410256 4229.743590 4213.333333 4214.871795 4198.974359 4213.333333 4232.820513 4259.487179 4189.230769 4235.384615 4213.846154
4214.871795 4197.948718 4245.641026 4214.871795 4224.615385 4215.384615 4214.358974 4197.435897 4213.846154 4229.230769 4243.076923 4184.615385 4215.897436 4213.333333
4218.461538 4206.666667 4251.794872 4222.564103 4223.589744 4216.410256 4214.871795 4202.564103 4218.461538 4232.307692 4248.717949 4187.179487 4236.923077 4216.410256
4219.487179 4206.666667 4252.307692 4218.461538 4229.230769 4212.820513 4208.717949 4196.923077 4213.846154 4233.846154 4259.487179 4189.230769 4265.128205 4221.025641
4219.487179 4202.051282 4240.512821 4212.820513 4225.641026 4209.743590 4204.615385 4192.820513 4209.743590 4228.205128 4247.692308 4185.641026 4262.051282 4222.564103
4222.051282 4197.435897 4244.615385 4211.282051 4226.666667 4210.769231 4207.179487 4195.384615 4214.871795 4225.641026 4243.589744 4186.666667 4245.641026 4220.512821
4227.179487 4203.076923 4248.717949 4216.410256 4226.666667 4214.871795 4213.333333 4200.000000 4222.051282 4228.717949 4250.256410 4186.666667 4241.025641 4217.435897
4235.897436 4213.846154 4247.179487 4223.589744 4227.692308 4216.923077 4216.410256 4200.000000 4220.512821 4233.333333 4254.871795 4189.743590 4249.743590 4226.153846
4243.076923 4222.051282 4253.333333 4231.282051 4230.256410 4218.974359 4221.025641 4204.102564 4218.974359 4232.820513 4269.230769 4198.461538 4265.128205 4236.410256
4236.923077 4216.923077 4252.820513 4231.282051 4224.102564 4221.025641 4221.538462 4212.820513 4225.128205 4229.230769 4269.743590 4195.384615 4265.128205 4230.769231
4229.743590 4198.461538 4247.179487 4220.512821 4222.051282 4216.923077 4210.769231 4205.128205 4221.538462 4230.769231 4260.512821 4190.256410 4253.846154 4226.666667
4227.179487 4197.948718 4243.076923 4214.871795 4223.076923 4215.384615 4202.564103 4195.897436 4212.820513 4232.820513 4260.000000 4188.717949 4247.179487 4231.282051
4227.692308 4211.794872 4246.153846 4222.564103 4225.641026 4216.923077 4206.666667 4193.846154 4209.743590 4230.256410 4271.794872 4188.717949 4248.205128 4233.333333
4229.743590 4207.179487 4249.230769 4225.641026 4227.179487 4216.410256 4207.179487 4189.230769 4207.692308 4227.692308 4285.641026 4191.282051 4255.897436 4233.846154
4222.051282 4188.205128 4243.589744 4215.897436 4223.589744 4214.358974 4204.615385 4188.205128 4210.769231 4229.743590 4276.410256 4185.128205 4256.410256 4235.384615
4220.000000 4193.846154 4246.666667 4215.384615 4227.692308 4214.871795 4205.128205 4188.205128 4210.769231 4231.282051 4263.589744 4186.666667 4248.717949 4236.923077
4223.076923 4211.282051 4245.641026 4224.615385 4224.615385 4213.846154 4205.641026 4188.205128 4207.179487 4229.743590 4271.282051 4189.743590 4246.153846 4234.871795
4221.025641 4207.692308 4238.974359 4220.000000 4221.025641 4215.384615 4207.179487 4190.769231 4209.743590 4229.743590 4279.487179 4187.179487 4254.871795 4235.384615
4229.743590 4207.692308 4245.641026 4217.435897 4227.692308 4221.538462 4212.307692 4200.512821 4214.871795 4231.282051 4282.564103 4193.333333 4275.384615 4235.897436
4235.384615 4211.794872 4245.128205 4224.615385 4223.589744 4222.051282 4213.333333 4205.128205 4217.435897 4229.743590 4285.128205 4195.384615 4274.871795 4226.153846
4230.769231 4203.076923 4239.487179 4224.615385 4224.615385 4216.923077 4207.692308 4196.923077 4211.282051 4228.717949 4283.589744 4193.333333 4251.282051 4220.512821
4230.769231 4206.666667 4234.871795 4221.025641 4228.717949 4217.948718 4206.153846 4198.461538 4209.743590 4231.282051 4283.589744 4193.846154 4254.871795 4218.974359
4230.256410 4211.794872 4229.743590 4219.487179 4226.153846 4221.025641 4205.128205 4200.512821 4209.743590 4232.820513 4285.128205 4190.769231 4270.769231 4215.384615
4231.282051 4200.000000 4227.692308 4217.435897 4229.230769 4215.897436 4202.051282 4195.384615 4208.717949 4231.794872 4285.128205 4188.205128 4266.666667 4215.384615
4238.461538 4201.538462 4226.666667 4222.564103 4227.692308 4216.410256 4208.717949 4206.666667 4220.512821 4230.769231 4291.794872 4191.282051 4263.076923 4215.897436
4242.564103 4217.435897 4229.743590 4227.179487 4227.179487 4225.128205 4213.333333 4209.743590 4221.025641 4231.282051 4294.871795 4196.923077 4267.692308 4217.948718
4236.410256 4217.948718 4226.666667 4224.615385 4225.641026 4225.128205 4209.230769 4198.974359 4208.717949 4232.307692 4290.256410 4194.358974 4275.384615 4218.461538
4227.692308 4214.871795 4217.435897 4220.512821 4221.538462 4219.487179 4207.179487 4198.974359 4210.769231 4231.282051 4288.717949 4189.743590 4284.615385 4216.923077
4230.256410 4215.384615 4221.025641 4217.948718 4227.692308 4218.461538 4206.666667 4203.076923 4217.948718 4229.230769 4286.153846 4193.846154 4281.538462 4216.923077
4237.435897 4216.923077 4224.102564 4222.051282 4228.717949 4222.564103 4208.205128 4208.205128 4217.948718 4229.743590 4287.179487 4196.410256 4280.000000 4217.435897
4236.410256 4213.333333 4216.923077 4222.564103 4227.179487 4223.076923 4209.743590 4210.256410 4216.410256 4230.256410 4286.153846 4195.897436 4280.000000 4218.974359
4222.051282 4206.666667 4208.205128 4213.333333 4225.641026 4217.948718 4207.692308 4204.615385 4218.461538 4230.769231 4270.256410 4188.717949 4266.666667 4213.846154
4214.871795 4207.692308 4205.641026 4210.256410 4224.615385 4221.538462 4209.230769 4202.051282 4216.923077 4231.794872 4261.538462 4180.000000 4260.512821 4208.205128
4228.717949 4213.333333 4215.897436 4220.512821 4229.230769 4228.205128 4217.435897 4208.205128 4216.410256 4231.794872 4273.846154 4189.743590 4275.384615 4208.717949
4232.820513 4216.923077 4217.948718 4223.076923 4225.641026 4228.205128 4218.461538 4212.307692 4223.076923 4230.256410 4283.076923 4193.846154 4284.102564 4204.102564
4217.948718 4207.179487 4210.256410 4209.743590 4225.128205 4222.564103 4209.743590 4203.589744 4217.435897 4231.794872 4273.846154 4184.615385 4268.205128 4198.974359
4217.435897 4204.102564 4207.179487 4211.282051 4228.205128 4220.000000 4210.256410 4203.076923 4213.333333 4232.307692 4264.615385 4183.589744 4256.923077 4192.820513
4230.769231 4222.051282 4209.743590 4227.179487 4224.615385 4226.666667 4218.461538 4215.384615 4222.564103 4230.256410 4265.641026 4188.205128 4263.589744 4185.128205
4231.794872 4226.153846 4215.384615 4223.589744 4227.692308 4229.743590 4214.871795 4207.692308 4215.384615 4230.769231 4267.179487 4189.743590 4273.846154 4185.641026
4218.461538 4211.794872 4209.230769 4211.794872 4227.179487 4222.564103 4206.153846 4197.435897 4203.076923 4231.794872 4263.076923 4184.615385 4271.282051 4185.128205
4220.000000 4202.051282 4204.102564 4212.307692 4224.615385 4220.000000 4209.230769 4206.666667 4211.794872 4230.256410 4268.205128 4185.128205 4265.641026 4178.461538
4233.846154 4212.820513 4211.282051 4220.000000 4227.179487 4227.692308 4217.948718 4216.410256 4223.076923 4230.256410 4275.897436 4194.358974 4271.794872 4175.897436
4231.282051 4222.051282 4210.256410 4226.666667 4224.615385 4233.333333 4216.923077 4218.974359 4221.538462 4231.794872 4268.205128 4195.384615 4277.948718 4176.410256
4223.589744 4211.794872 4206.666667 4223.589744 4226.666667 4228.205128 4210.256410 4213.846154 4214.871795 4232.307692 4257.948718 4193.846154 4272.307692 4177.435897
4217.948718 4203.589744 4197.435897 4211.794872 4225.641026 4220.512821 4207.692308 4208.717949 4213.846154 4230.769231 4252.820513 4188.717949 4262.564103 4173.333333
4211.282051 4200.512821 4189.743590 4204.102564 4222.564103 4219.487179 4207.692308 4206.153846 4212.820513 4228.205128 4245.128205 4185.641026 4257.435897 4168.205128
4218.461538 4206.153846 4200.512821 4212.307692 4226.153846 4221.025641 4206.153846 4205.641026 4211.794872 4226.666667 4245.128205 4195.384615 4261.025641 4167.692308
4223.589744 4212.820513 4205.641026 4220.000000 4224.615385 4221.538462 4208.717949 4207.692308 4215.384615 4230.769231 4251.282051 4197.948718 4269.743590 4168.205128
4216.923077 4202.051282 4202.051282 4213.333333 4227.692308 4222.564103 4210.769231 4204.102564 4212.307692 4234.358974 4243.076923 4192.820513 4257.948718 4168.205128
4214.871795 4198.461538 4201.538462 4207.179487 4226.153846 4223.589744 4210.769231 4207.692308 4214.871795 4230.769231 4231.282051 4194.358974 4253.333333 4164.615385
4216.923077 4207.692308 4204.615385 4213.846154 4220.512821 4223.589744 4210.256410 4214.358974 4221.538462 4229.743590 4231.794872 4197.948718 4265.641026 4162.564103
4218.461538 4212.820513 4206.153846 4218.461538 4225.641026 4226.153846 4210.256410 4207.179487 4216.410256 4231.282051 4231.282051 4196.923077 4258.974359 4165.128205
4220.512821 4219.487179 4205.641026 4216.923077 4226.153846 4232.820513 4216.410256 4211.282051 4220.000000 4231.282051 4224.102564 4193.333333 4255.384615 4164.102564
4227.179487 4216.410256 4213.333333 4217.948718 4226.666667 4238.974359 4224.615385 4222.051282 4225.641026 4232.307692 4226.666667 4199.487179 4273.333333 4162.564103
4231.282051 4205.641026 4213.333333 4221.025641 4228.205128 4240.512821 4226.153846 4223.076923 4222.051282 4232.820513 4234.871795 4201.538462 4281.025641 4160.512821
4228.717949 4209.230769 4204.615385 4221.538462 4225.641026 4235.897436 4223.589744 4221.538462 4225.641026 4229.230769 4229.743590 4195.384615 4267.179487 4156.410256
4231.282051 4217.948718 4207.692308 4221.538462 4228.717949 4236.410256 4222.564103 4221.538462 4228.717949 4230.769231 4218.974359 4198.461538 4266.666667 4154.871795
4234.871795 4217.948718 4209.743590 4225.641026 4224.615385 4244.102564 4231.794872 4228.205128 4230.256410 4231.794872 4219.487179 4201.025641 4270.256410 4152.307692
4234.358974 4220.000000 4207.179487 4227.179487 4224.102564 4246.153846 4236.410256 4230.256410 4233.333333 4226.666667 4221.025641 4201.538462 4263.076923 4151.794872
4233.846154 4222.051282 4205.128205 4224.102564 4227.692308 4246.153846 4230.256410 4224.615385 4234.871795 4225.128205 4219.487179 4201.025641 4267.692308 4150.769231
4234.358974 4214.871795 4200.000000 4220.000000 4226.153846 4247.179487 4226.153846 4225.128205 4233.846154 4229.230769 4215.897436 4198.974359 4279.487179 4149.230769
4237.435897 4221.538462 4202.051282 4220.000000 4228.205128 4246.666667 4227.692308 4231.282051 4232.820513 4232.820513 4213.846154 4205.641026 4283.589744 4152.307692
4242.051282 4238.461538 4205.128205 4231.794872 4225.128205 4248.205128 4236.923077 4240.000000 4238.974359 4231.282051 4223.076923 4209.743590 4282.051282 4152.307692
4244.615385 4230.769231 4202.564103 4235.384615 4225.128205 4248.205128 4237.948718 4241.025641 4240.512821 4227.692308 4231.794872 4206.666667 4273.846154 4153.333333
4241.538462 4216.923077 4197.435897 4226.153846 4228.205128 4246.153846 4227.692308 4234.358974 4236.923077 4229.230769 4223.589744 4205.641026 4272.307692 4154.358974
4233.333333 4218.461538 4193.846154 4224.102564 4225.128205 4244.615385 4225.128205 4231.282051 4237.435897 4229.743590 4212.820513 4202.051282 4278.461538 4151.282051
4233.333333 4215.384615 4200.000000 4227.692308 4228.717949 4248.205128 4230.256410 4231.794872 4235.897436 4228.717949 4215.897436 4201.538462 4268.205128 4150.256410
4238.461538 4211.282051 4198.974359 4225.128205 4227.692308 4250.256410 4231.794872 4236.923077 4237.435897 4228.205128 4221.025641 4204.615385 4263.076923 4149.230769
4236.410256 4215.384615 4193.333333 4221.538462 4225.128205 4246.153846 4226.666667 4233.333333 4235.384615 4227.692308 4212.307692 4203.076923 4274.871795 4151.794872
4235.897436 4222.051282 4196.410256 4227.692308 4228.205128 4245.128205 4228.205128 4230.769231 4234.871795 4226.666667 4210.256410 4203.589744 4274.358974 4156.923077
4239.487179 4225.128205 4195.897436 4232.820513 4224.615385 4251.282051 4235.384615 4242.564103 4244.615385 4229.230769 4216.410256 4204.615385 4262.564103 4160.512821
4241.538462 4218.461538 4193.333333 4225.641026 4225.641026 4250.769231 4231.282051 4239.487179 4240.000000 4233.333333 4209.230769 4203.589744 4259.487179 4160.000000
4235.384615 4213.333333 4190.256410 4219.487179 4226.153846 4246.666667 4225.128205 4227.692308 4230.256410 4231.282051 4200.000000 4202.051282 4261.538462 4154.871795
4231.794872 4212.820513 4189.743590 4220.000000 4225.128205 4247.692308 4225.641026 4235.897436 4232.820513 4225.641026 4198.974359 4203.076923 4251.282051 4157.435897
4237.435897 4214.358974 4192.820513 4224.615385 4227.179487 4250.256410 4226.153846 4247.179487 4233.846154 4224.102564 4194.358974 4206.666667 4245.641026 4161.538462
4234.871795 4217.948718 4187.179487 4222.564103 4222.051282 4250.256410 4224.102564 4247.179487 4230.256410 4227.692308 4185.128205 4204.615385 4253.846154 4155.897436
4228.717949 4211.794872 4182.564103 4210.769231 4224.615385 4245.128205 4221.025641 4246.666667 4224.615385 4231.794872 4183.076923 4207.179487 4250.769231 4154.358974
4229.230769 4207.179487 4181.025641 4211.282051 4226.666667 4243.589744 4220.000000 4260.512821 4225.641026 4230.769231 4184.615385 4208.205128 4235.384615 4157.435897
4232.820513 4215.384615 4181.538462 4225.641026 4224.615385 4249.230769 4218.974359 4272.307692 4230.769231 4228.717949 4185.128205 4207.179487 4238.974359 4158.461538
4233.846154 4222.051282 4182.564103 4223.589744 4228.205128 4246.666667 4220.512821 4268.205128 4227.692308 4227.179487 4184.615385 4211.282051 4251.282051 4158.461538
4229.230769 4215.384615 4171.794872 4213.846154 4225.128205 4237.435897 4220.512821 4268.205128 4225.641026 4229.743590 4174.358974 4204.102564 4240.512821 4154.358974
4227.692308 4204.615385 4168.717949 4217.435897 4228.205128 4237.948718 4216.410256 4268.205128 4225.128205 4233.846154 4167.179487 4204.615385 4228.205128 4151.282051
4228.717949 4209.230769 4173.846154 4220.000000 4229.743590 4242.051282 4220.000000 4263.589744 4221.538462 4231.794872 4173.846154 4211.282051 4251.794872 4153.846154
4224.102564 4215.384615 4165.641026 4210.769231 4223.076923 4235.897436 4219.487179 4260.512821 4214.871795 4231.282051 4176.923077 4205.641026 4252.820513 4153.846154
4228.717949 4214.358974 4162.564103 4211.282051 4224.102564 4229.230769 4211.282051 4258.974359 4212.307692 4232.820513 4171.282051 4208.205128 4225.128205 4152.307692
4237.948718 4220.000000 4165.128205 4224.615385 4224.102564 4235.897436 4213.846154 4265.641026 4221.025641 4229.743590 4169.743590 4214.871795 4235.384615 4151.794872
4240.512821 4225.128205 4165.128205 4227.692308 4226.153846 4246.666667 4225.128205 4269.743590 4224.615385 4230.769231 4171.794872 4216.410256 4255.897436 4155.384615
4235.897436 4220.512821 4160.512821 4221.025641 4228.717949 4245.128205 4224.615385 4266.666667 4222.564103 4234.358974 4164.102564 4210.769231 4246.666667 4153.846154
4231.282051 4210.769231 4154.871795 4220.000000 4225.128205 4242.051282 4218.461538 4264.615385 4221.025641 4227.692308 4153.333333 4205.128205 4234.358974 4149.743590
4234.871795 4214.871795 4156.410256 4224.102564 4227.692308 4241.538462 4219.487179 4261.025641 4217.948718 4224.615385 4154.871795 4209.230769 4236.923077 4152.820513
4234.358974 4225.128205 4151.282051 4224.102564 4226.153846 4241.025641 4222.051282 4262.051282 4222.051282 4231.282051 4157.435897 4209.743590 4245.128205 4154.871795
4228.205128 4220.000000 4145.128205 4217.435897 4227.179487 4238.461538 4218.461538 4264.102564 4223.589744 4229.230769 4149.743590 4206.153846 4245.641026 4153.846154
4227.692308 4211.282051 4144.102564 4215.897436 4229.230769 4235.897436 4213.333333 4261.025641 4217.948718 4226.153846 4149.743590 4207.692308 4233.333333 4155.384615
4229.743590 4216.410256 4142.051282 4223.076923 4223.589744 4238.461538 4212.820513 4260.512821 4221.538462 4230.769231 4154.871795 4209.230769 4227.179487 4161.025641
4235.897436 4224.615385 4145.641026 4226.153846 4226.666667 4243.076923 4212.307692 4261.538462 4229.230769 4231.794872 4146.153846 4212.820513 4240.000000 4166.666667
4240.000000 4223.589744 4141.025641 4224.615385 4228.717949 4241.538462 4213.846154 4262.564103 4229.230769 4228.717949 4139.487179 4212.307692 4244.615385 4169.230769
4236.923077 4218.461538 4131.794872 4221.025641 4228.717949 4235.384615 4218.461538 4257.948718 4223.589744 4230.769231 4145.641026 4210.256410 4233.846154 4175.384615
4235.897436 4224.615385 4131.794872 4220.000000 4228.717949 4235.897436 4220.512821 4256.410256 4224.102564 4231.282051 4142.564103 4209.743590 4237.435897 4177.948718
4240.000000 4238.461538 4130.256410 4226.153846 4225.128205 4243.589744 4217.435897 4264.615385 4227.179487 4229.743590 4134.358974 4209.743590 4244.615385 4178.461538
4240.000000 4230.769231 4127.692308 4224.615385 4228.205128 4241.538462 4212.820513 4258.461538 4217.435897 4231.282051 4141.025641 4213.333333 4231.282051 4186.153846
4232.307692 4220.512821 4123.076923 4218.461538 4225.128205 4233.846154 4215.384615 4250.769231 4214.358974 4230.256410 4136.923077 4211.282051 4220.512821 4190.769231
4236.410256 4232.307692 4126.153846 4226.153846 4225.128205 4235.384615 4219.487179 4260.512821 4225.128205 4231.282051 4127.692308 4209.743590 4234.871795 4189.743590
4246.666667 4237.948718 4134.358974 4232.820513 4229.230769 4246.153846 4220.000000 4269.230769 4229.743590 4233.846154 4132.820513 4216.923077 4252.307692 4191.282051
4238.974359 4230.256410 4125.128205 4223.076923 4222.564103 4248.717949 4223.076923 4266.666667 4227.692308 4231.282051 4129.743590 4215.384615 4238.974359 4191.282051
4233.846154 4229.743590 4120.512821 4215.897436 4226.153846 4240.512821 4223.076923 4257.948718 4224.615385 4231.794872 4119.487179 4215.384615 4220.512821 4192.307692
4243.589744 4240.000000 4126.153846 4228.205128 4227.179487 4235.384615 4223.589744 4260.512821 4226.666667 4232.820513 4126.153846 4220.512821 4229.743590 4192.307692
4241.538462 4238.974359 4122.564103 4233.333333 4223.076923 4232.307692 4224.615385 4263.076923 4223.589744 4226.666667 4127.179487 4218.461538 4233.333333 4188.205128
4226.666667 4230.256410 4113.333333 4218.461538 4228.717949 4231.282051 4218.974359 4252.307692 4214.358974 4224.615385 4112.307692 4212.820513 4222.564103 4183.076923
4224.615385 4228.717949 4109.230769 4213.333333 4226.666667 4232.307692 4218.461538 4255.897436 4218.974359 4230.769231 4110.256410 4208.205128 4226.153846 4178.461538
4232.307692 4227.692308 4114.871795 4220.512821 4224.102564 4231.794872 4225.641026 4263.589744 4224.615385 4231.794872 4109.743590 4211.282051 4229.230769 4181.025641
4227.692308 4229.743590 4112.820513 4217.948718 4224.615385 4229.230769 4223.589744 4257.948718 4220.000000 4229.743590 4102.564103 4208.205128 4226.153846 4180.512821
4222.564103 4229.230769 4105.641026 4206.666667 4223.076923 4225.128205 4211.282051 4250.256410 4217.948718 4232.307692 4102.051282 4200.000000 4222.564103 4173.333333
4229.230769 4221.025641 4106.666667 4206.666667 4228.205128 4225.641026 4211.282051 4252.307692 4217.948718 4233.333333 4098.461538 4204.615385 4212.820513 4171.282051
4229.230769 4224.102564 4106.153846 4214.358974 4227.179487 4233.846154 4225.128205 4264.102564 4225.128205 4230.256410 4091.794872 4208.205128 4215.897436 4170.769231
4226.153846 4230.256410 4107.179487 4211.282051 4228.205128 4235.384615 4227.179487 4262.564103 4227.179487 4231.282051 4091.794872 4207.179487 4225.641026 4170.769231
4226.666667 4227.692308 4105.641026 4209.743590 4228.205128 4224.102564 4215.897436 4251.282051 4221.025641 4231.794872 4096.410256 4207.692308 4222.051282 4169.230769
4217.948718 4221.025641 4095.384615 4212.820513 4225.128205 4221.025641 4210.256410 4248.717949 4215.897436 4230.769231 4092.307692 4206.153846 4214.358974 4167.179487
4210.769231 4212.820513 4091.794872 4201.538462 4226.666667 4226.153846 4210.769231 4244.102564 4210.769231 4230.256410 4080.512821 4198.974359 4209.743590 4168.717949
4209.743590 4211.794872 4090.769231 4191.794872 4223.076923 4222.564103 4208.205128 4240.000000 4209.230769 4229.743590 4083.076923 4191.282051 4206.666667 4165.128205
4209.230769 4220.000000 4090.769231 4200.000000 4225.641026 4209.743590 4202.564103 4239.487179 4206.666667 4231.794872 4089.743590 4196.410256 4207.179487 4166.153846
4212.307692 4221.025641 4093.846154 4205.641026 4228.717949 4204.102564 4202.564103 4247.692308 4204.615385 4233.333333 4084.102564 4201.538462 4205.128205 4177.435897
4215.384615 4212.307692 4093.846154 4197.948718 4223.589744 4203.589744 4207.692308 4256.410256 4206.666667 4231.794872 4081.538462 4196.410256 4200.000000 4185.641026
4211.794872 4212.307692 4095.897436 4197.435897 4228.205128 4199.487179 4202.051282 4246.666667 4201.538462 4230.256410 4090.769231 4194.871795 4202.051282 4188.205128
4205.641026 4221.025641 4091.794872 4200.512821 4227.692308 4198.974359 4197.948718 4244.615385 4203.589744 4230.769231 4093.846154 4192.307692 4198.974359 4188.205128
4200.000000 4210.256410 4086.666667 4173.333333 4224.102564 4201.025641 4199.487179 4253.333333 4210.256410 4231.794872 4095.384615 4188.205128 4189.743590 4194.871795
4193.333333 4201.025641 4086.153846 4144.615385 4226.666667 4201.538462 4197.435897 4248.205128 4205.641026 4231.794872 4115.384615 4185.128205 4193.846154 4201.538462
4191.794872 4212.820513 4087.692308 4152.820513 4226.666667 4202.564103 4198.461538 4248.205128 4205.641026 4231.794872 4131.794872 4181.025641 4198.461538 4201.538462
4197.435897 4215.384615 4094.358974 4163.589744 4227.179487 4204.102564 4201.025641 4257.948718 4213.846154 4231.794872 4128.205128 4183.589744 4193.846154 4204.102564
4193.846154 4205.641026 4091.794872 4160.512821 4225.128205 4204.102564 4198.461538 4259.487179 4214.871795 4230.769231 4131.282051 4183.076923 4194.358974 4204.102564
4189.743590 4206.153846 4089.743590 4162.564103 4226.153846 4202.564103 4194.358974 4251.794872 4209.230769 4230.256410 4147.692308 4176.923077 4199.487179 4201.025641
4176.410256 4189.230769 4081.538462 4148.205128 4228.717949 4190.769231 4181.025641 4234.358974 4198.461538 4230.256410 4151.282051 4169.743590 4189.743590 4195.384615
4119.487179 4125.641026 4041.025641 4099.487179 4223.589744 4156.923077 4141.538462 4190.769231 4167.692308 4230.769231 4118.461538 4133.846154 4140.512821 4184.615385
4062.051282 4061.538462 4002.051282 4052.307692 4227.179487 4117.435897 4093.846154 4132.307692 4121.025641 4230.769231 4077.435897 4092.307692 4073.333333 4170.256410
4050.256410 4051.282051 3991.794872 4033.846154 4229.230769 4106.153846 4080.512821 4112.820513 4103.076923 4230.769231 4067.179487 4084.615385 4056.410256 4158.461538
4056.410256 4065.128205 4001.025641 4038.974359 4226.153846 4118.461538 4092.307692 4123.076923 4110.769231 4230.256410 4072.307692 4093.846154 4071.794872 4159.487179
4064.615385 4071.282051 4016.410256 4051.794872 4229.230769 4124.102564 4099.487179 4126.666667 4115.897436 4230.256410 4076.923077 4100.512821 4076.923077 4162.564103
4069.743590 4079.487179 4015.897436 4058.461538 4225.641026 4124.615385 4099.487179 4127.179487 4117.948718 4231.282051 4083.076923 4101.538462 4089.743590 4153.333333
4066.153846 4083.076923 4012.820513 4057.948718 4225.641026 4132.307692 4101.538462 4128.717949 4122.051282 4232.820513 4081.538462 4106.153846 4096.923077 4148.717949
4066.666667 4084.102564 4022.564103 4068.717949 4226.153846 4141.538462 4114.358974 4145.641026 4136.923077 4232.307692 4077.948718 4110.769231 4089.230769 4152.820513
4065.128205 4084.102564 4028.717949 4074.358974 4222.051282 4147.179487 4118.461538 4158.461538 4143.589744 4229.743590 4080.512821 4106.666667 4083.589744 4151.794872
4059.487179 4078.974359 4026.666667 4066.666667 4224.615385 4145.641026 4110.256410 4148.717949 4132.307692 4229.230769 4088.205128 4103.076923 4080.512821 4149.743590
4064.102564 4075.897436 4027.692308 4067.692308 4223.076923 4144.615385 4110.769231 4147.692308 4133.846154 4229.743590 4088.205128 4105.128205 4084.102564 4149.230769
4075.384615 4074.871795 4037.948718 4073.846154 4225.641026 4147.179487 4115.897436 4152.820513 4140.000000 4232.307692 4085.641026 4112.307692 4096.923077 4151.794872
