4195.897436 4181.025641 4238.974359 4195.897436 4225.128205 4224.102564 4212.307692 4222.051282 4225.641026 4228.717949 4256.410256 4189.230769 4182.051282 4198.974359
4202.051282 4180.512821 4252.307692 4196.923077 4227.692308 4227.179487 4211.794872 4223.589744 4223.076923 4226.666667 4266.666667 4196.410256 4185.641026 4207.179487
4204.615385 4179.487179 4258.974359 4197.435897 4224.615385 4225.128205 4209.743590 4216.410256 4219.487179 4226.153846 4274.871795 4198.461538 4186.666667 4216.923077
4202.051282 4175.384615 4263.076923 4194.358974 4224.615385 4221.025641 4203.589744 4205.641026 4212.307692 4228.205128 4279.487179 4193.846154 4181.025641 4221.538462
4210.256410 4182.051282 4280.000000 4201.025641 4228.205128 4224.102564 4207.179487 4211.794872 4216.923077 4228.717949 4289.230769 4197.948718 4183.076923 4228.717949
4212.307692 4190.256410 4291.282051 4208.717949 4222.051282 4229.743590 4215.384615 4227.179487 4226.666667 4228.205128 4294.871795 4199.487179 4186.666667 4233.846154
4206.666667 4183.076923 4291.794872 4202.564103 4225.641026 4223.076923 4208.717949 4218.974359 4218.461538 4230.256410 4287.692308 4197.435897 4180.512821 4235.897436
4210.769231 4180.512821 4292.307692 4203.589744 4226.153846 4221.025641 4208.205128 4220.512821 4216.410256 4231.794872 4285.128205 4195.897436 4181.538462 4238.974359
4220.000000 4190.256410 4301.538462 4213.846154 4223.076923 4229.230769 4220.000000 4233.333333 4223.589744 4229.230769 4288.717949 4199.487179 4185.641026 4246.153846
4224.615385 4196.410256 4309.743590 4216.410256 4226.666667 4231.282051 4218.974359 4228.717949 4221.025641 4223.076923 4289.230769 4205.128205 4188.717949 4252.307692
4216.923077 4189.230769 4302.564103 4209.743590 4223.589744 4224.615385 4212.307692 4222.564103 4220.000000 4226.666667 4282.564103 4198.461538 4188.205128 4255.897436
4209.743590 4180.000000 4301.538462 4205.641026 4224.615385 4225.641026 4214.358974 4224.615385 4220.512821 4234.871795 4278.461538 4196.923077 4183.076923 4259.487179
4211.794872 4179.487179 4307.179487 4206.153846 4225.641026 4234.358974 4218.974359 4228.205128 4222.564103 4231.282051 4284.615385 4201.538462 4182.564103 4262.564103
4216.410256 4177.435897 4309.743590 4206.153846 4225.641026 4232.307692 4220.000000 4230.256410 4223.589744 4225.128205 4290.769231 4201.025641 4186.153846 4271.794872
4218.974359 4176.410256 4311.794872 4208.717949 4228.205128 4228.717949 4217.435897 4236.923077 4220.000000 4226.666667 4290.256410 4201.538462 4188.205128 4280.000000
4211.794872 4176.410256 4305.641026 4205.641026 4226.153846 4232.307692 4213.333333 4247.179487 4216.410256 4230.256410 4286.666667 4194.358974 4182.051282 4275.384615
4209.230769 4169.230769 4305.641026 4200.000000 4229.230769 4229.743590 4212.820513 4247.179487 4213.846154 4233.333333 4284.102564 4189.743590 4173.846154 4276.410256
4214.358974 4168.205128 4310.769231 4203.076923 4226.666667 4224.102564 4212.820513 4247.179487 4215.384615 4231.794872 4285.128205 4192.307692 4176.410256 4284.102564
4216.410256 4171.794872 4309.743590 4206.153846 4222.051282 4224.615385 4209.230769 4250.256410 4216.923077 4228.717949 4289.743590 4195.897436 4180.000000 4289.230769
4215.897436 4176.410256 4307.179487 4206.153846 4229.230769 4225.641026 4209.230769 4246.153846 4212.307692 4228.205128 4291.794872 4200.000000 4178.461538 4292.307692
4210.256410 4181.025641 4297.435897 4206.666667 4228.205128 4221.025641 4207.179487 4245.641026 4210.256410 4230.256410 4288.717949 4195.384615 4173.846154 4298.974359
4201.025641 4167.692308 4289.743590 4196.410256 4226.666667 4210.256410 4195.897436 4236.410256 4201.025641 4232.820513 4288.717949 4191.282051 4158.974359 4308.205128
4194.871795 4158.461538 4288.205128 4185.641026 4225.128205 4200.000000 4190.256410 4224.615385 4191.282051 4230.256410 4294.358974 4188.205128 4150.769231 4306.153846
4200.512821 4168.717949 4292.820513 4193.846154 4223.589744 4196.410256 4194.358974 4232.307692 4198.461538 4229.743590 4306.153846 4186.666667 4164.102564 4297.948718
4213.846154 4176.923077 4306.153846 4202.564103 4229.743590 4201.025641 4198.461538 4237.435897 4206.153846 4232.820513 4324.615385 4195.384615 4183.076923 4291.794872
4216.410256 4179.487179 4311.794872 4199.487179 4225.641026 4202.051282 4202.564103 4234.871795 4207.179487 4230.256410 4337.948718 4200.000000 4191.282051 4283.076923
4210.256410 4176.410256 4317.435897 4197.435897 4225.128205 4197.435897 4203.076923 4231.282051 4198.974359 4226.666667 4341.025641 4198.461538 4185.128205 4280.000000
4212.307692 4178.974359 4330.256410 4203.076923 4228.205128 4200.512821 4205.641026 4233.846154 4197.948718 4228.717949 4346.153846 4196.923077 4185.128205 4276.410256
4222.051282 4189.230769 4341.025641 4209.743590 4224.615385 4205.128205 4213.846154 4245.128205 4213.333333 4226.153846 4354.871795 4200.512821 4198.461538 4267.179487
4229.230769 4192.307692 4355.897436 4217.435897 4229.230769 4202.564103 4213.846154 4246.153846 4218.974359 4225.128205 4367.179487 4209.230769 4205.128205 4258.974359
4228.205128 4194.358974 4362.051282 4227.692308 4228.205128 4203.589744 4212.307692 4247.692308 4219.487179 4229.743590 4375.384615 4207.692308 4202.564103 4252.307692
4223.076923 4188.205128 4358.974359 4226.666667 4225.641026 4208.205128 4213.333333 4247.692308 4217.435897 4229.230769 4369.743590 4200.512821 4194.358974 4246.153846
4220.512821 4186.666667 4360.000000 4224.102564 4225.641026 4204.102564 4210.256410 4239.487179 4208.205128 4225.641026 4367.692308 4199.487179 4191.282051 4238.461538
4222.564103 4197.948718 4363.589744 4227.692308 4222.051282 4202.051282 4207.692308 4238.974359 4209.230769 4230.256410 4378.461538 4203.076923 4199.487179 4229.743590
4225.641026 4197.435897 4367.179487 4231.794872 4227.692308 4207.692308 4209.743590 4241.025641 4213.333333 4233.333333 4384.102564 4209.230769 4205.128205 4224.615385
4220.512821 4187.179487 4362.564103 4256.410256 4225.641026 4207.179487 4213.846154 4240.000000 4209.743590 4230.256410 4378.461538 4205.128205 4201.538462 4217.435897
4217.948718 4185.641026 4357.435897 4270.256410 4224.615385 4200.512821 4211.282051 4232.307692 4202.564103 4230.256410 4371.282051 4198.461538 4195.897436 4217.435897
4222.564103 4187.179487 4357.948718 4237.948718 4230.256410 4201.025641 4203.589744 4229.230769 4204.615385 4229.743590 4373.333333 4202.051282 4199.487179 4224.102564
4225.641026 4186.666667 4354.358974 4211.794872 4224.615385 4203.589744 4199.487179 4233.333333 4211.282051 4229.230769 4378.461538 4205.641026 4209.230769 4225.641026
4226.666667 4189.743590 4354.871795 4218.974359 4225.128205 4200.000000 4194.358974 4225.641026 4206.153846 4233.333333 4372.820513 4206.666667 4207.692308 4229.230769
4223.589744 4183.589744 4353.333333 4218.461538 4226.153846 4197.948718 4191.794872 4216.923077 4200.000000 4232.820513 4358.974359 4199.487179 4200.000000 4232.820513
4222.051282 4176.410256 4353.333333 4211.282051 4224.102564 4198.974359 4194.358974 4217.435897 4199.487179 4225.641026 4352.820513 4198.461538 4202.564103 4234.871795
4231.794872 4188.717949 4360.000000 4219.487179 4226.666667 4199.487179 4198.974359 4220.512821 4203.076923 4225.641026 4354.871795 4211.282051 4212.820513 4242.051282
4234.871795 4195.897436 4356.410256 4225.128205 4225.128205 4200.512821 4203.076923 4228.205128 4209.230769 4229.230769 4352.820513 4213.333333 4215.897436 4243.076923
4231.282051 4191.794872 4354.871795 4224.615385 4227.179487 4202.564103 4206.666667 4231.794872 4211.282051 4228.717949 4349.230769 4210.769231 4215.897436 4242.051282
4234.358974 4195.897436 4354.871795 4227.179487 4225.128205 4204.102564 4211.282051 4232.820513 4214.871795 4229.230769 4346.666667 4210.256410 4222.051282 4249.743590
4230.256410 4191.794872 4340.000000 4222.564103 4223.076923 4202.564103 4209.230769 4225.128205 4206.666667 4229.230769 4337.435897 4207.692308 4216.410256 4260.000000
4226.666667 4186.666667 4316.410256 4215.384615 4228.205128 4198.461538 4202.051282 4211.794872 4191.794872 4228.205128 4329.230769 4208.717949 4205.128205 4266.153846
4228.717949 4194.871795 4296.923077 4216.923077 4226.153846 4197.948718 4202.051282 4215.384615 4198.461538 4230.256410 4330.256410 4207.692308 4206.666667 4270.256410
4226.153846 4192.307692 4292.820513 4218.974359 4228.717949 4200.000000 4200.512821 4216.410256 4205.641026 4232.820513 4329.743590 4207.179487 4204.615385 4277.948718
4220.000000 4183.589744 4291.794872 4211.794872 4226.153846 4196.923077 4198.974359 4211.794872 4202.051282 4231.282051 4328.717949 4209.230769 4201.538462 4279.487179
4216.923077 4184.102564 4295.384615 4205.641026 4221.538462 4197.948718 4203.589744 4214.358974 4201.025641 4228.717949 4325.128205 4207.179487 4198.461538 4279.487179
4215.384615 4186.666667 4310.256410 4207.692308 4231.282051 4197.435897 4203.076923 4211.282051 4198.461538 4229.743590 4318.974359 4203.589744 4187.692308 4283.589744
4207.692308 4185.641026 4307.692308 4211.282051 4227.692308 4191.794872 4196.923077 4202.051282 4194.871795 4229.230769 4317.948718 4195.897436 4181.538462 4281.538462
4205.641026 4182.051282 4298.974359 4205.641026 4222.564103 4187.179487 4191.282051 4192.820513 4188.205128 4227.179487 4321.025641 4194.871795 4182.051282 4282.564103
4212.307692 4187.692308 4302.564103 4204.102564 4224.615385 4188.205128 4192.307692 4195.897436 4187.179487 4228.205128 4326.153846 4200.512821 4189.230769 4287.179487
4215.897436 4197.435897 4301.025641 4214.358974 4224.102564 4195.384615 4193.846154 4204.615385 4196.923077 4229.743590 4330.769231 4202.051282 4195.384615 4286.153846
4217.435897 4203.076923 4297.435897 4218.461538 4228.205128 4197.948718 4193.333333 4201.538462 4197.948718 4228.717949 4331.794872 4204.102564 4191.282051 4285.128205
4217.948718 4209.743590 4294.871795 4217.435897 4224.102564 4197.435897 4197.435897 4204.102564 4196.410256 4229.230769 4331.282051 4203.589744 4193.333333 4281.538462
4214.871795 4203.589744 4294.358974 4213.846154 4222.564103 4197.435897 4200.512821 4204.615385 4197.948718 4231.282051 4332.820513 4206.153846 4195.384615 4280.000000
4215.384615 4194.871795 4291.282051 4211.282051 4225.641026 4195.897436 4202.564103 4201.025641 4200.000000 4230.769231 4337.948718 4209.743590 4191.282051 4281.538462
4217.435897 4199.487179 4286.666667 4214.871795 4224.615385 4194.358974 4200.512821 4205.128205 4203.076923 4228.717949 4338.461538 4200.512821 4187.179487 4274.871795
4211.794872 4194.358974 4287.179487 4212.820513 4227.179487 4192.820513 4193.333333 4200.512821 4196.410256 4229.230769 4330.256410 4192.820513 4183.076923 4268.205128
4203.589744 4188.205128 4268.205128 4206.153846 4223.076923 4192.307692 4192.307692 4192.820513 4190.256410 4229.230769 4324.615385 4191.282051 4179.487179 4268.205128
4207.179487 4197.435897 4243.589744 4205.128205 4223.589744 4192.820513 4198.974359 4195.384615 4192.820513 4227.692308 4329.230769 4197.948718 4180.512821 4274.358974
4220.512821 4204.102564 4241.025641 4215.384615 4226.666667 4197.435897 4203.076923 4202.564103 4200.000000 4227.692308 4333.333333 4204.615385 4186.666667 4281.025641
4219.487179 4204.615385 4241.538462 4220.512821 4221.025641 4201.538462 4199.487179 4205.641026 4202.564103 4229.230769 4328.717949 4201.025641 4188.717949 4283.076923
4212.307692 4202.051282 4242.564103 4210.256410 4226.153846 4199.487179 4194.871795 4199.487179 4195.384615 4229.743590 4325.128205 4200.000000 4184.102564 4279.487179
4211.282051 4200.000000 4240.512821 4203.076923 4228.205128 4193.333333 4193.846154 4194.871795 4194.358974 4228.717949 4324.102564 4198.974359 4184.615385 4272.820513
4220.000000 4203.076923 4241.025641 4207.692308 4225.641026 4190.769231 4193.333333 4193.333333 4195.384615 4230.256410 4323.589744 4199.487179 4187.179487 4275.384615
4231.282051 4213.846154 4249.743590 4214.358974 4226.666667 4199.487179 4201.025641 4198.974359 4196.410256 4232.820513 4327.692308 4209.230769 4192.820513 4281.538462
4230.769231 4220.000000 4251.282051 4218.974359 4222.051282 4204.615385 4210.256410 4213.846154 4205.128205 4227.692308 4328.205128 4210.256410 4195.384615 4277.435897
4227.179487 4218.461538 4249.743590 4222.051282 4227.179487 4201.538462 4208.717949 4215.384615 4208.717949 4226.666667 4321.538462 4207.692308 4190.256410 4276.410256
4226.666667 4219.487179 4249.230769 4224.615385 4227.179487 4202.564103 4206.153846 4211.794872 4207.179487 4229.230769 4318.974359 4206.666667 4188.205128 4277.948718
4221.025641 4214.871795 4250.769231 4221.025641 4222.564103 4204.102564 4209.743590 4216.410256 4209.743590 4227.692308 4319.487179 4202.564103 4186.666667 4278.461538
4214.871795 4207.179487 4249.743590 4209.230769 4226.666667 4201.538462 4206.153846 4213.333333 4209.743590 4227.179487 4315.897436 4200.000000 4182.564103 4278.974359
4208.717949 4207.179487 4242.051282 4202.564103 4224.102564 4201.538462 4199.487179 4206.666667 4203.076923 4229.230769 4312.307692 4194.358974 4182.051282 4278.461538
4207.179487 4205.641026 4242.564103 4203.589744 4224.102564 4200.512821 4198.461538 4198.974359 4192.307692 4232.820513 4308.717949 4192.820513 4177.948718 4283.076923
4210.256410 4205.641026 4249.743590 4208.717949 4226.153846 4199.487179 4202.564103 4202.051282 4198.974359 4231.282051 4305.128205 4195.897436 4174.358974 4286.666667
4208.205128 4208.205128 4255.384615 4210.769231 4225.128205 4208.717949 4209.230769 4211.794872 4212.307692 4225.128205 4304.102564 4195.384615 4175.384615 4290.256410
4200.512821 4205.128205 4258.974359 4207.692308 4227.179487 4211.794872 4206.153846 4204.615385 4202.564103 4225.641026 4302.564103 4193.846154 4171.794872 4295.897436
4198.461538 4200.512821 4254.358974 4207.692308 4222.564103 4205.128205 4201.538462 4199.487179 4195.384615 4229.743590 4300.512821 4189.743590 4169.743590 4293.846154
4206.153846 4199.487179 4261.538462 4209.743590 4224.102564 4207.179487 4206.153846 4204.102564 4202.564103 4227.692308 4305.641026 4195.384615 4179.487179 4295.384615
4212.307692 4202.051282 4274.358974 4210.256410 4227.179487 4213.333333 4213.333333 4212.820513 4210.769231 4225.641026 4314.358974 4203.076923 4190.769231 4299.487179
4209.743590 4200.512821 4270.769231 4207.692308 4222.051282 4212.820513 4210.256410 4214.871795 4207.692308 4232.307692 4310.256410 4193.846154 4182.564103 4297.435897
4208.205128 4195.897436 4272.820513 4207.692308 4224.615385 4208.205128 4205.641026 4205.128205 4198.974359 4235.384615 4302.051282 4186.153846 4172.820513 4297.948718
4207.179487 4198.461538 4278.974359 4210.256410 4223.589744 4207.692308 4209.230769 4204.615385 4203.076923 4227.692308 4306.666667 4189.230769 4180.512821 4301.025641
4203.076923 4194.871795 4276.923077 4206.153846 4226.153846 4206.666667 4206.666667 4202.051282 4204.615385 4227.179487 4307.692308 4189.743590 4176.410256 4302.051282
4200.512821 4196.410256 4273.333333 4205.641026 4227.692308 4202.564103 4202.051282 4196.410256 4200.000000 4231.794872 4301.538462 4183.589744 4166.153846 4300.000000
4204.615385 4206.153846 4275.897436 4213.333333 4221.025641 4207.179487 4205.128205 4198.974359 4202.564103 4229.230769 4302.564103 4184.615385 4175.897436 4301.538462
4213.846154 4203.076923 4283.589744 4212.307692 4225.641026 4212.307692 4208.717949 4200.512821 4205.128205 4227.692308 4305.641026 4196.923077 4188.717949 4305.641026
4212.820513 4199.487179 4276.923077 4204.102564 4223.589744 4210.769231 4207.179487 4198.461538 4206.153846 4228.205128 4301.538462 4194.358974 4189.230769 4301.025641
4208.717949 4205.128205 4270.769231 4203.076923 4224.615385 4205.641026 4201.025641 4191.282051 4200.512821 4227.179487 4298.461538 4189.743590 4187.692308 4297.435897
4219.487179 4211.794872 4274.358974 4211.794872 4229.743590 4206.666667 4203.589744 4191.794872 4199.487179 4228.205128 4301.025641 4197.435897 4195.384615 4297.948718
4224.615385 4216.410256 4272.307692 4223.589744 4223.076923 4212.307692 4213.846154 4202.051282 4210.256410 4229.230769 4301.025641 4197.948718 4196.923077 4292.820513
4218.461538 4213.333333 4266.153846 4222.051282 4224.102564 4211.794872 4212.307692 4196.410256 4208.717949 4229.230769 4298.461538 4194.871795 4193.333333 4290.256410
4215.384615 4204.102564 4257.435897 4211.794872 4224.615385 4210.256410 4205.641026 4191.282051 4205.128205 4227.692308 4297.435897 4193.846154 4195.897436 4290.769231
4212.820513 4197.435897 4251.794872 4206.153846 4224.615385 4211.794872 4207.179487 4196.410256 4207.692308 4225.641026 4290.256410 4191.794872 4192.307692 4293.846154
4214.358974 4203.076923 4256.410256 4210.769231 4226.666667 4212.307692 4210.256410 4194.871795 4206.153846 4226.666667 4283.589744 4194.871795 4189.743590 4292.820513
4220.512821 4209.743590 4261.538462 4218.461538 4221.025641 4213.333333 4212.307692 4194.871795 4209.743590 4229.743590 4287.692308 4197.948718 4198.974359 4287.179487
4226.153846 4207.692308 4263.076923 4215.897436 4224.615385 4212.820513 4210.769231 4195.384615 4210.256410 4231.282051 4290.256410 4202.051282 4200.000000 4287.179487
4223.076923 4211.282051 4258.461538 4211.282051 4226.153846 4210.769231 4205.641026 4192.820513 4207.179487 4227.692308 4282.051282 4196.410256 4195.897436 4288.205128
4215.384615 4212.820513 4255.897436 4209.230769 4225.641026 4209.230769 4203.589744 4190.256410 4208.717949 4226.153846 4274.871795 4186.153846 4194.871795 4286.666667
4216.410256 4206.153846 4261.025641 4208.205128 4229.230769 4210.769231 4206.666667 4189.743590 4209.230769 4229.743590 4276.923077 4189.230769 4193.333333 4286.153846
4220.512821 4212.820513 4262.051282 4215.897436 4224.615385 4211.794872 4210.769231 4192.307692 4205.128205 4227.179487 4277.435897 4193.333333 4192.820513 4281.025641
4217.948718 4214.871795 4265.128205 4218.461538 4227.692308 4213.333333 4208.205128 4188.205128 4200.512821 4225.128205 4271.282051 4193.846154 4190.256410 4278.974359
4208.205128 4204.615385 4263.076923 4210.769231 4227.179487 4210.769231 4201.025641 4182.051282 4201.538462 4227.692308 4265.641026 4189.743590 4183.589744 4279.487179
4206.153846 4204.102564 4256.410256 4210.256410 4222.564103 4207.692308 4200.000000 4181.025641 4200.000000 4228.205128 4258.974359 4185.641026 4177.435897 4281.538462
4212.820513 4209.230769 4260.512821 4214.871795 4228.717949 4210.256410 4201.025641 4182.051282 4198.461538 4227.179487 4256.923077 4188.717949 4177.948718 4285.128205
4207.692308 4203.589744 4261.025641 4209.743590 4226.666667 4209.230769 4199.487179 4188.205128 4204.615385 4229.743590 4258.974359 4185.128205 4181.538462 4286.153846
4200.512821 4196.923077 4267.692308 4203.076923 4225.641026 4206.153846 4198.974359 4188.205128 4203.589744 4228.717949 4259.487179 4181.025641 4181.538462 4288.205128
4208.717949 4206.153846 4279.487179 4211.282051 4226.153846 4214.871795 4206.153846 4191.282051 4207.179487 4225.641026 4260.512821 4185.128205 4188.717949 4286.153846
4218.461538 4214.358974 4284.615385 4222.564103 4223.589744 4221.025641 4211.794872 4204.615385 4220.512821 4231.282051 4262.051282 4191.282051 4200.512821 4280.512821
4222.564103 4214.871795 4292.820513 4225.641026 4228.717949 4217.948718 4211.794872 4207.692308 4220.512821 4233.333333 4263.589744 4195.897436 4202.051282 4276.923077
4223.589744 4217.948718 4298.461538 4225.128205 4224.615385 4216.410256 4210.769231 4204.615385 4217.435897 4228.205128 4266.153846 4194.358974 4201.025641 4268.717949
4227.179487 4218.461538 4304.102564 4222.564103 4223.589744 4215.384615 4208.205128 4202.051282 4217.948718 4229.230769 4268.717949 4200.000000 4206.666667 4261.538462
4232.307692 4220.512821 4307.179487 4223.589744 4228.717949 4216.410256 4209.230769 4196.410256 4214.358974 4230.769231 4264.102564 4203.076923 4207.692308 4253.846154
4229.743590 4219.487179 4304.615385 4222.564103 4226.153846 4215.384615 4210.769231 4191.282051 4208.205128 4232.307692 4254.871795 4191.794872 4194.358974 4241.538462
4230.256410 4210.769231 4312.307692 4217.435897 4227.692308 4211.282051 4203.589744 4191.282051 4207.179487 4231.794872 4253.333333 4194.358974 4189.743590 4229.743590
4234.358974 4213.333333 4318.461538 4224.615385 4226.666667 4215.384615 4201.025641 4199.487179 4210.256410 4229.743590 4251.794872 4203.076923 4197.435897 4218.974359
4229.743590 4216.410256 4317.948718 4225.641026 4226.153846 4217.948718 4204.102564 4196.410256 4200.000000 4232.820513 4247.692308 4200.000000 4195.897436 4214.358974
4222.051282 4209.743590 4321.538462 4214.358974 4227.692308 4209.230769 4203.076923 4189.230769 4195.897436 4233.846154 4247.692308 4195.897436 4192.820513 4211.794872
4217.948718 4203.589744 4322.051282 4211.282051 4222.051282 4207.692308 4200.000000 4191.282051 4204.615385 4229.230769 4246.153846 4192.307692 4194.871795 4206.666667
4221.538462 4202.051282 4325.641026 4211.282051 4224.615385 4211.794872 4198.461538 4190.256410 4200.512821 4229.230769 4243.076923 4191.794872 4193.846154 4213.846154
4225.128205 4208.717949 4331.282051 4211.282051 4224.102564 4209.230769 4199.487179 4193.846154 4201.025641 4231.282051 4253.333333 4192.307692 4194.358974 4225.641026
4225.641026 4205.641026 4335.897436 4211.794872 4224.615385 4209.230769 4200.000000 4192.820513 4204.102564 4227.179487 4264.102564 4193.333333 4195.384615 4232.307692
4229.230769 4196.923077 4340.512821 4210.769231 4229.230769 4211.794872 4203.076923 4190.256410 4202.051282 4225.641026 4267.179487 4197.948718 4200.512821 4239.487179
4229.743590 4205.128205 4340.512821 4213.846154 4223.589744 4212.820513 4209.230769 4198.461538 4208.205128 4229.743590 4272.820513 4198.461538 4203.076923 4246.666667
4228.205128 4213.333333 4342.564103 4213.846154 4223.589744 4213.846154 4208.205128 4193.846154 4206.153846 4232.307692 4272.307692 4197.948718 4190.769231 4253.846154
4230.256410 4210.769231 4343.076923 4211.282051 4224.615385 4213.846154 4204.615385 4190.256410 4199.487179 4230.769231 4265.128205 4195.897436 4186.666667 4260.000000
4234.358974 4209.230769 4345.128205 4213.846154 4225.641026 4212.820513 4200.000000 4195.897436 4205.641026 4226.666667 4268.205128 4198.974359 4196.410256 4271.282051
4236.923077 4216.410256 4350.256410 4217.435897 4229.743590 4209.230769 4195.897436 4192.307692 4208.717949 4228.205128 4279.487179 4200.512821 4197.948718 4276.923077
4235.384615 4223.076923 4348.205128 4215.384615 4225.641026 4208.717949 4201.538462 4191.794872 4203.589744 4228.717949 4282.051282 4193.333333 4197.435897 4271.282051
4236.410256 4217.435897 4350.256410 4209.743590 4229.743590 4211.282051 4203.076923 4194.358974 4200.512821 4226.153846 4277.948718 4195.384615 4197.948718 4274.871795
4235.384615 4215.384615 4348.205128 4207.179487 4229.743590 4212.307692 4197.435897 4193.333333 4205.128205 4227.692308 4285.641026 4198.461538 4197.435897 4280.000000
4237.435897 4222.564103 4346.666667 4211.794872 4224.102564 4209.743590 4198.974359 4193.333333 4208.205128 4231.282051 4300.512821 4199.487179 4204.102564 4280.000000
4253.333333 4234.358974 4359.487179 4224.615385 4226.153846 4215.384615 4209.230769 4196.923077 4209.230769 4230.769231 4307.179487 4210.769231 4216.923077 4282.564103
4254.358974 4238.461538 4361.538462 4230.769231 4223.589744 4220.512821 4213.333333 4203.076923 4211.794872 4229.230769 4305.641026 4208.205128 4213.333333 4284.615385
4241.538462 4232.307692 4356.923077 4222.051282 4227.692308 4213.846154 4206.153846 4198.974359 4205.641026 4234.358974 4303.589744 4198.974359 4198.974359 4287.692308
4247.692308 4239.487179 4362.051282 4224.615385 4227.692308 4213.333333 4204.615385 4197.948718 4202.564103 4233.846154 4309.743590 4204.615385 4206.153846 4294.871795
4262.051282 4249.743590 4368.205128 4237.435897 4222.051282 4218.461538 4208.717949 4200.512821 4209.743590 4225.641026 4312.820513 4209.230769 4213.333333 4299.487179
4258.974359 4241.538462 4369.230769 4233.846154 4228.205128 4214.871795 4206.666667 4193.333333 4207.692308 4226.153846 4304.615385 4205.128205 4204.102564 4296.923077
4247.179487 4237.435897 4368.205128 4226.666667 4227.179487 4216.923077 4208.717949 4195.897436 4206.666667 4230.256410 4301.025641 4198.974359 4208.205128 4293.333333
4246.666667 4241.025641 4375.897436 4228.205128 4227.692308 4223.589744 4214.871795 4205.641026 4213.333333 4226.666667 4306.666667 4202.564103 4219.487179 4297.435897
4255.384615 4250.769231 4385.641026 4237.435897 4227.692308 4223.076923 4223.076923 4212.307692 4222.051282 4225.641026 4311.794872 4208.717949 4226.153846 4302.564103
4258.461538 4262.564103 4385.128205 4242.564103 4221.025641 4223.589744 4225.641026 4214.358974 4223.076923 4229.743590 4304.615385 4205.128205 4227.179487 4303.589744
4255.384615 4262.051282 4382.564103 4240.512821 4227.692308 4227.692308 4219.487179 4207.179487 4211.794872 4229.230769 4296.923077 4202.051282 4225.641026 4305.641026
4253.846154 4252.307692 4380.512821 4238.974359 4229.743590 4227.692308 4216.923077 4210.769231 4211.794872 4227.692308 4300.512821 4201.538462 4231.282051 4302.564103
4258.461538 4254.871795 4383.589744 4241.025641 4225.641026 4225.641026 4216.923077 4214.871795 4220.000000 4230.769231 4309.230769 4205.128205 4241.025641 4297.948718
4263.076923 4270.256410 4389.230769 4250.769231 4224.102564 4231.282051 4223.076923 4216.410256 4227.179487 4230.769231 4314.871795 4210.256410 4248.205128 4296.410256
4264.102564 4274.358974 4387.179487 4257.435897 4223.076923 4234.871795 4228.717949 4220.512821 4227.179487 4230.256410 4312.820513 4209.230769 4245.128205 4297.435897
4260.512821 4261.025641 4382.564103 4247.179487 4227.692308 4224.615385 4215.384615 4210.256410 4214.871795 4233.846154 4301.538462 4207.692308 4231.794872 4300.000000
4252.820513 4255.384615 4375.897436 4238.461538 4224.615385 4215.897436 4206.153846 4202.564103 4213.846154 4231.282051 4293.846154 4204.102564 4229.743590 4298.461538
4256.923077 4261.025641 4378.974359 4245.128205 4225.128205 4223.076923 4221.538462 4214.871795 4223.589744 4229.230769 4301.025641 4208.717949 4243.589744 4301.538462
4267.692308 4268.205128 4387.692308 4253.846154 4228.717949 4233.846154 4233.333333 4227.179487 4228.205128 4231.794872 4307.179487 4219.487179 4255.384615 4305.641026
4256.410256 4268.205128 4379.487179 4253.333333 4222.051282 4232.820513 4227.692308 4226.666667 4229.230769 4229.230769 4298.974359 4214.871795 4251.794872 4300.000000
4246.666667 4260.000000 4376.410256 4249.230769 4225.641026 4226.153846 4221.538462 4218.974359 4223.589744 4227.692308 4293.333333 4211.794872 4244.102564 4293.333333
4251.282051 4255.384615 4376.410256 4242.564103 4226.153846 4221.025641 4223.076923 4214.871795 4221.025641 4231.282051 4295.897436 4212.307692 4242.564103 4284.615385
4248.717949 4248.205128 4371.282051 4234.358974 4223.076923 4217.948718 4222.564103 4212.820513 4224.102564 4227.692308 4291.794872 4208.205128 4239.487179 4277.948718
4242.051282 4242.564103 4368.717949 4230.769231 4227.179487 4217.435897 4220.512821 4209.230769 4221.538462 4223.076923 4281.025641 4208.205128 4233.846154 4274.358974
4240.000000 4249.743590 4358.974359 4233.846154 4225.128205 4216.410256 4215.897436 4207.179487 4214.871795 4228.717949 4274.871795 4206.153846 4226.153846 4262.051282
4239.487179 4255.384615 4354.871795 4236.923077 4228.205128 4213.846154 4209.230769 4202.051282 4212.820513 4235.384615 4273.846154 4204.102564 4222.051282 4250.256410
4235.897436 4247.692308 4351.794872 4234.871795 4229.230769 4210.769231 4208.717949 4194.358974 4211.282051 4232.820513 4269.743590 4200.512821 4227.692308 4244.615385
4226.153846 4232.820513 4337.435897 4216.410256 4223.589744 4209.230769 4209.743590 4188.205128 4206.153846 4226.666667 4261.538462 4194.358974 4223.076923 4237.435897
4222.564103 4234.871795 4329.743590 4203.076923 4227.692308 4210.256410 4210.769231 4190.256410 4208.205128 4225.641026 4262.564103 4191.794872 4212.820513 4229.743590
4227.179487 4252.307692 4331.794872 4216.410256 4228.205128 4216.410256 4215.384615 4203.076923 4215.897436 4229.743590 4266.153846 4193.846154 4219.487179 4229.743590
4233.846154 4260.512821 4338.461538 4227.179487 4227.179487 4221.538462 4217.948718 4204.615385 4211.794872 4233.333333 4263.076923 4200.000000 4229.743590 4230.769231
4233.846154 4261.025641 4334.871795 4222.051282 4224.102564 4220.512821 4222.564103 4204.615385 4208.205128 4230.256410 4265.641026 4197.435897 4229.743590 4220.000000
4229.230769 4253.333333 4328.205128 4220.512821 4224.615385 4219.487179 4224.615385 4208.205128 4211.282051 4228.205128 4270.769231 4192.820513 4226.153846 4212.307692
4227.179487 4245.128205 4330.769231 4217.948718 4230.256410 4215.897436 4214.358974 4199.487179 4206.666667 4233.333333 4265.128205 4194.871795 4218.461538 4214.871795
4227.179487 4250.769231 4328.205128 4214.871795 4224.615385 4212.820513 4204.615385 4190.256410 4203.076923 4231.282051 4262.051282 4191.282051 4215.384615 4211.794872
4232.820513 4255.384615 4329.743590 4218.974359 4227.179487 4213.846154 4206.666667 4187.179487 4201.538462 4223.589744 4266.666667 4193.333333 4221.025641 4212.307692
4236.410256 4249.743590 4331.794872 4219.487179 4228.717949 4212.820513 4209.230769 4188.205128 4201.538462 4225.641026 4269.743590 4197.948718 4225.128205 4216.410256
4228.205128 4247.692308 4330.769231 4215.897436 4221.538462 4209.743590 4208.717949 4192.820513 4209.230769 4229.743590 4269.230769 4193.333333 4222.564103 4216.923077
4227.692308 4249.743590 4334.871795 4218.974359 4226.153846 4212.307692 4210.769231 4190.769231 4208.717949 4229.230769 4266.666667 4193.846154 4217.948718 4223.076923
4234.871795 4252.307692 4333.846154 4227.179487 4224.615385 4219.487179 4217.435897 4196.410256 4208.717949 4227.692308 4269.743590 4197.435897 4219.487179 4227.692308
4239.487179 4253.333333 4335.897436 4228.205128 4223.589744 4222.051282 4223.076923 4205.128205 4213.846154 4227.692308 4275.384615 4201.538462 4227.692308 4232.307692
4246.153846 4259.487179 4342.051282 4233.333333 4228.205128 4220.000000 4225.128205 4206.153846 4218.461538 4228.205128 4277.435897 4207.692308 4236.923077 4240.512821
4247.692308 4267.179487 4341.538462 4242.564103 4226.666667 4222.564103 4225.128205 4205.128205 4218.974359 4231.282051 4275.384615 4208.717949 4237.435897 4244.615385
4246.666667 4260.000000 4345.641026 4236.410256 4230.256410 4226.153846 4224.615385 4205.128205 4215.897436 4235.897436 4275.384615 4210.256410 4235.384615 4245.128205
4248.717949 4257.948718 4343.589744 4232.820513 4226.153846 4228.205128 4226.153846 4213.846154 4221.025641 4230.769231 4276.410256 4211.282051 4240.000000 4245.641026
4248.717949 4261.538462 4335.897436 4236.923077 4222.564103 4228.205128 4224.102564 4212.820513 4220.000000 4224.615385 4266.153846 4209.743590 4233.846154 4249.743590
4244.615385 4252.820513 4332.307692 4228.205128 4227.179487 4224.102564 4220.000000 4198.974359 4210.256410 4228.717949 4254.871795 4206.153846 4225.128205 4251.794872
4241.538462 4244.102564 4328.717949 4221.538462 4224.615385 4220.000000 4217.435897 4200.000000 4211.794872 4229.743590 4252.307692 4202.051282 4226.666667 4254.871795
4244.102564 4242.564103 4329.230769 4230.256410 4226.153846 4216.923077 4211.794872 4203.076923 4214.358974 4225.641026 4249.230769 4204.102564 4228.205128 4260.512821
4236.410256 4241.538462 4324.102564 4227.179487 4226.153846 4214.358974 4207.692308 4196.923077 4211.794872 4227.179487 4236.923077 4199.487179 4223.076923 4256.923077
4222.564103 4233.333333 4311.794872 4205.641026 4224.615385 4209.743590 4206.666667 4191.282051 4208.205128 4230.769231 4226.153846 4192.307692 4215.384615 4250.256410
4223.589744 4231.794872 4310.769231 4205.128205 4227.692308 4209.743590 4207.692308 4192.307692 4208.205128 4228.717949 4224.102564 4194.358974 4214.358974 4254.358974
4227.692308 4237.435897 4312.307692 4220.000000 4224.615385 4211.794872 4209.743590 4194.871795 4209.743590 4229.230769 4218.461538 4196.410256 4215.384615 4260.512821
4227.179487 4231.282051 4311.282051 4216.410256 4225.128205 4212.820513 4209.230769 4194.871795 4209.743590 4233.846154 4214.358974 4201.538462 4211.282051 4263.589744
4231.794872 4232.307692 4307.692308 4215.897436 4224.102564 4216.410256 4212.820513 4199.487179 4210.769231 4231.282051 4218.974359 4205.641026 4213.846154 4263.589744
4236.923077 4238.974359 4302.051282 4227.179487 4225.128205 4218.461538 4218.974359 4198.974359 4207.179487 4230.256410 4216.410256 4202.564103 4217.435897 4267.179487
4232.307692 4234.358974 4294.358974 4222.051282 4231.282051 4212.307692 4214.358974 4188.205128 4199.487179 4232.307692 4207.179487 4196.923077 4213.333333 4268.205128
4223.589744 4226.153846 4283.076923 4209.743590 4226.153846 4207.692308 4205.641026 4189.743590 4201.538462 4228.717949 4205.641026 4193.333333 4210.769231 4263.589744
4226.666667 4228.717949 4283.076923 4214.871795 4227.692308 4209.230769 4206.666667 4189.230769 4204.615385 4226.153846 4206.153846 4198.974359 4207.692308 4267.692308
4233.846154 4238.461538 4282.564103 4225.128205 4227.179487 4210.256410 4213.846154 4190.769231 4210.256410 4229.230769 4207.692308 4200.512821 4210.769231 4268.205128
4237.435897 4236.410256 4275.384615 4225.128205 4221.025641 4210.256410 4216.923077 4203.589744 4218.974359 4229.230769 4212.307692 4197.948718 4223.589744 4256.410256
4244.102564 4234.358974 4278.461538 4225.128205 4226.153846 4213.333333 4218.461538 4207.692308 4215.897436 4226.153846 4218.461538 4206.666667 4232.307692 4251.282051
4245.641026 4242.564103 4277.435897 4228.717949 4225.128205 4218.974359 4222.564103 4206.666667 4216.923077 4229.743590 4221.025641 4207.179487 4232.820513 4251.794872
4248.205128 4251.794872 4273.333333 4230.769231 4226.153846 4220.512821 4224.615385 4207.179487 4221.025641 4234.358974 4225.641026 4205.128205 4234.871795 4248.717949
4262.051282 4259.487179 4276.923077 4240.512821 4228.205128 4222.564103 4233.333333 4218.974359 4229.230769 4231.794872 4241.025641 4218.461538 4250.769231 4244.615385
4266.666667 4263.589744 4278.974359 4249.743590 4225.641026 4228.205128 4242.051282 4233.333333 4240.000000 4229.743590 4257.948718 4228.205128 4262.564103 4245.641026
4259.487179 4262.051282 4274.358974 4245.641026 4229.230769 4228.717949 4233.333333 4226.153846 4235.384615 4232.307692 4263.589744 4224.615385 4257.435897 4248.717949
4257.435897 4263.589744 4263.589744 4244.102564 4225.128205 4225.641026 4226.666667 4220.512821 4230.769231 4230.769231 4265.641026 4216.923077 4257.435897 4245.641026
4263.589744 4268.205128 4267.179487 4249.230769 4224.102564 4229.230769 4237.948718 4231.794872 4241.538462 4229.230769 4277.948718 4219.487179 4266.153846 4245.128205
4265.128205 4267.179487 4275.384615 4250.769231 4225.641026 4237.435897 4247.179487 4239.487179 4249.743590 4230.769231 4285.128205 4219.487179 4266.153846 4241.538462
4254.358974 4251.794872 4264.615385 4243.589744 4222.564103 4234.871795 4241.538462 4233.333333 4241.025641 4229.743590 4276.410256 4209.743590 4253.846154 4232.820513
4246.666667 4243.589744 4260.512821 4238.461538 4229.743590 4229.743590 4237.948718 4226.153846 4233.846154 4228.717949 4274.358974 4209.743590 4245.641026 4231.794872
4247.179487 4257.948718 4266.666667 4246.666667 4229.743590 4235.384615 4242.564103 4233.846154 4243.076923 4229.230769 4286.153846 4210.256410 4252.307692 4232.307692
4246.153846 4266.666667 4269.230769 4251.794872 4226.153846 4235.897436 4237.948718 4232.820513 4244.102564 4228.205128 4291.794872 4207.692308 4253.846154 4233.333333
4245.641026 4255.897436 4268.717949 4244.102564 4227.179487 4228.717949 4231.282051 4223.076923 4238.461538 4229.230769 4294.358974 4210.769231 4249.230769 4235.384615
4245.641026 4246.153846 4265.641026 4238.974359 4225.641026 4224.102564 4231.282051 4228.205128 4243.589744 4229.743590 4305.128205 4212.307692 4253.333333 4234.871795
4243.589744 4244.102564 4265.128205 4238.461538 4230.769231 4217.948718 4224.615385 4221.025641 4238.461538 4228.717949 4309.743590 4208.717949 4254.871795 4232.307692
4238.974359 4251.794872 4259.487179 4238.461538 4226.666667 4215.897436 4220.000000 4210.256410 4231.282051 4228.205128 4307.692308 4203.076923 4249.743590 4228.205128
4238.974359 4254.358974 4258.974359 4238.461538 4224.615385 4223.076923 4225.128205 4214.871795 4231.282051 4226.153846 4309.743590 4203.589744 4244.102564 4228.717949
4242.051282 4246.666667 4262.564103 4237.948718 4229.230769 4223.076923 4227.179487 4221.025641 4233.333333 4226.666667 4312.307692 4204.615385 4243.076923 4230.256410
4238.974359 4246.153846 4257.948718 4241.025641 4225.641026 4221.025641 4228.717949 4227.179487 4243.076923 4226.666667 4315.384615 4201.538462 4244.615385 4227.692308
4243.076923 4258.461538 4266.153846 4250.769231 4228.205128 4229.743590 4235.384615 4232.820513 4247.692308 4227.692308 4322.564103 4208.717949 4250.256410 4233.333333
4249.743590 4268.717949 4276.410256 4254.871795 4227.692308 4236.410256 4241.538462 4238.461538 4248.205128 4228.205128 4328.205128 4215.897436 4261.025641 4242.564103
4247.692308 4265.128205 4274.358974 4247.692308 4225.128205 4230.256410 4241.538462 4237.948718 4250.256410 4229.230769 4321.538462 4214.358974 4260.000000 4245.641026
4249.230769 4263.589744 4274.358974 4252.307692 4228.717949 4229.230769 4239.487179 4232.307692 4250.256410 4229.230769 4312.820513 4216.410256 4252.307692 4244.615385
4250.256410 4267.692308 4272.307692 4256.410256 4223.076923 4231.794872 4235.384615 4232.307692 4247.179487 4227.179487 4307.692308 4211.794872 4250.769231 4244.615385
4246.153846 4258.974359 4269.743590 4242.564103 4225.641026 4228.717949 4230.769231 4232.307692 4240.512821 4228.717949 4300.000000 4208.717949 4249.743590 4246.666667
4248.205128 4263.589744 4267.179487 4247.179487 4227.692308 4229.743590 4236.410256 4236.923077 4246.153846 4230.256410 4300.000000 4210.256410 4253.333333 4246.153846
4252.820513 4277.435897 4262.051282 4262.051282 4225.128205 4232.820513 4242.051282 4241.025641 4252.820513 4227.179487 4304.102564 4208.205128 4257.435897 4247.692308
4253.333333 4268.205128 4257.948718 4255.897436 4229.230769 4233.333333 4237.948718 4234.358974 4245.641026 4224.615385 4300.512821 4210.769231 4253.846154 4249.743590
4253.333333 4262.564103 4250.256410 4252.307692 4226.153846 4233.333333 4237.435897 4236.923077 4247.179487 4228.205128 4300.512821 4211.282051 4255.384615 4246.153846
4258.461538 4267.179487 4245.641026 4258.461538 4227.179487 4233.333333 4241.538462 4241.025641 4251.282051 4234.358974 4306.666667 4215.384615 4260.512821 4250.256410
4257.948718 4269.743590 4242.051282 4256.923077 4229.230769 4232.307692 4241.025641 4237.948718 4248.717949 4231.282051 4306.153846 4218.461538 4260.512821 4257.948718
4244.615385 4266.666667 4232.820513 4253.846154 4226.153846 4232.307692 4237.948718 4233.333333 4243.589744 4228.205128 4298.974359 4211.282051 4250.256410 4259.487179
4233.846154 4253.846154 4228.717949 4248.205128 4230.256410 4227.692308 4229.743590 4222.564103 4235.897436 4228.717949 4296.923077 4203.076923 4236.410256 4258.974359
4229.230769 4241.538462 4223.589744 4237.435897 4227.692308 4221.025641 4223.589744 4220.000000 4235.384615 4230.769231 4293.846154 4196.923077 4233.333333 4256.410256
4229.743590 4238.974359 4227.179487 4231.794872 4225.641026 4220.000000 4220.000000 4218.974359 4235.384615 4231.794872 4287.692308 4195.897436 4230.256410 4256.410256
4232.820513 4245.641026 4235.384615 4233.846154 4227.692308 4219.487179 4214.358974 4211.794872 4227.692308 4231.282051 4283.076923 4196.410256 4225.641026 4260.000000
4232.820513 4246.153846 4235.897436 4235.897436 4225.641026 4215.384615 4212.820513 4210.769231 4226.153846 4228.205128 4280.000000 4196.923077 4227.692308 4265.641026
4234.871795 4242.564103 4241.538462 4235.384615 4228.205128 4213.846154 4215.897436 4210.769231 4224.615385 4226.666667 4280.512821 4202.564103 4232.820513 4269.743590
4233.846154 4246.666667 4243.076923 4239.487179 4225.641026 4217.435897 4216.923077 4208.717949 4218.974359 4227.692308 4280.512821 4200.000000 4232.307692 4269.230769
4228.205128 4245.641026 4243.589744 4238.461538 4225.128205 4215.384615 4212.307692 4203.076923 4215.897436 4230.769231 4272.820513 4195.384615 4223.076923 4270.769231
4234.358974 4246.153846 4252.307692 4237.948718 4226.153846 4212.307692 4215.897436 4208.717949 4223.589744 4230.769231 4266.666667 4199.487179 4224.615385 4272.307692
4248.205128 4254.871795 4261.538462 4251.282051 4223.589744 4222.051282 4228.205128 4225.128205 4234.871795 4227.179487 4269.743590 4204.615385 4236.410256 4274.358974
4248.205128 4260.000000 4270.769231 4252.307692 4229.230769 4227.692308 4230.256410 4225.641026 4232.307692 4227.692308 4270.256410 4208.717949 4236.923077 4275.384615
4238.461538 4258.974359 4272.307692 4245.128205 4227.179487 4222.051282 4226.666667 4218.461538 4227.179487 4230.256410 4261.538462 4203.589744 4229.230769 4268.717949
4240.000000 4262.564103 4277.435897 4253.846154 4224.615385 4222.564103 4226.153846 4218.974359 4227.692308 4230.769231 4258.974359 4203.076923 4232.820513 4265.641026
4252.307692 4265.128205 4290.256410 4262.051282 4227.692308 4233.333333 4229.230769 4229.230769 4236.410256 4230.769231 4266.666667 4213.846154 4247.692308 4263.076923
4253.846154 4260.512821 4293.333333 4257.948718 4226.153846 4235.384615 4234.358974 4239.487179 4247.179487 4230.256410 4264.615385 4211.794872 4251.794872 4256.923077
4248.205128 4258.461538 4293.846154 4255.897436 4231.282051 4229.743590 4232.307692 4236.410256 4243.076923 4228.717949 4258.974359 4208.205128 4243.589744 4260.512821
4247.179487 4262.564103 4292.307692 4258.461538 4230.769231 4231.794872 4231.794872 4237.435897 4240.512821 4228.205128 4262.051282 4209.743590 4246.153846 4270.769231
4249.230769 4264.615385 4289.230769 4258.974359 4227.179487 4234.358974 4232.820513 4235.384615 4239.487179 4232.307692 4260.000000 4206.666667 4246.666667 4276.410256
4247.692308 4260.512821 4289.743590 4260.512821 4230.256410 4229.230769 4226.666667 4222.051282 4229.230769 4231.282051 4254.871795 4204.102564 4235.897436 4275.897436
4245.128205 4254.871795 4287.179487 4258.461538 4226.153846 4225.641026 4222.564103 4221.538462 4228.205128 4228.717949 4256.923077 4200.512821 4232.820513 4272.820513
4246.666667 4249.743590 4285.128205 4251.794872 4228.205128 4226.153846 4221.538462 4222.564103 4231.794872 4231.794872 4261.025641 4202.051282 4235.384615 4275.897436
4246.666667 4256.923077 4281.025641 4253.846154 4228.205128 4228.205128 4223.589744 4220.512821 4232.820513 4231.794872 4266.153846 4207.692308 4244.102564 4277.435897
4241.025641 4258.974359 4274.358974 4254.358974 4225.641026 4232.307692 4227.692308 4227.692308 4232.307692 4225.128205 4271.282051 4208.717949 4248.717949 4270.256410
4242.051282 4248.205128 4272.820513 4250.256410 4229.743590 4228.205128 4226.153846 4230.769231 4229.230769 4226.153846 4272.307692 4208.717949 4242.051282 4263.589744
4244.615385 4250.256410 4271.282051 4253.333333 4224.102564 4221.025641 4220.000000 4225.128205 4228.717949 4227.692308 4276.923077 4206.153846 4237.948718 4261.538462
4238.461538 4244.102564 4270.769231 4247.179487 4225.128205 4222.564103 4216.923077 4213.846154 4224.615385 4225.641026 4280.512821 4204.102564 4234.871795 4264.102564
4232.820513 4241.538462 4272.820513 4243.076923 4228.717949 4229.743590 4222.564103 4216.923077 4226.666667 4227.692308 4283.589744 4201.538462 4231.794872 4268.205128
4235.897436 4253.846154 4276.923077 4252.307692 4225.128205 4232.820513 4227.179487 4229.230769 4233.333333 4228.205128 4289.230769 4202.564103 4236.410256 4273.846154
4233.333333 4246.666667 4280.000000 4245.641026 4228.205128 4227.692308 4225.641026 4226.153846 4228.717949 4227.179487 4291.282051 4203.589744 4238.461538 4280.512821
4217.435897 4223.589744 4266.666667 4228.717949 4226.153846 4220.000000 4224.615385 4223.076923 4228.717949 4228.205128 4287.692308 4195.897436 4228.717949 4278.974359
4221.025641 4221.538462 4265.128205 4232.820513 4225.128205 4223.589744 4226.666667 4225.641026 4231.794872 4230.256410 4289.743590 4201.538462 4225.128205 4278.974359
4236.923077 4242.564103 4276.923077 4249.230769 4225.641026 4232.307692 4228.205128 4224.615385 4226.153846 4228.205128 4295.384615 4208.205128 4232.820513 4280.000000
4228.717949 4245.128205 4272.820513 4245.641026 4224.102564 4228.717949 4224.615385 4222.564103 4225.128205 4225.641026 4292.820513 4201.025641 4232.820513 4276.410256
4226.666667 4235.384615 4271.794872 4238.461538 4230.769231 4225.128205 4222.051282 4220.512821 4232.820513 4229.230769 4293.846154 4206.153846 4229.230769 4274.358974
4237.435897 4238.974359 4275.897436 4246.666667 4226.666667 4232.820513 4226.666667 4222.564103 4235.897436 4229.743590 4297.435897 4209.743590 4234.358974 4271.282051
4237.948718 4246.666667 4275.384615 4251.794872 4225.641026 4234.358974 4226.666667 4222.051282 4229.230769 4227.179487 4298.461538 4206.666667 4240.512821 4268.717949
4235.897436 4249.743590 4274.871795 4248.205128 4231.282051 4232.307692 4228.717949 4224.615385 4229.230769 4228.205128 4301.025641 4209.743590 4242.051282 4267.179487
4232.820513 4245.128205 4271.794872 4244.102564 4226.153846 4233.846154 4231.282051 4226.153846 4230.769231 4228.717949 4297.948718 4207.692308 4236.923077 4265.128205
4227.692308 4238.461538 4273.846154 4241.538462 4227.692308 4227.179487 4221.025641 4213.846154 4222.564103 4226.666667 4293.846154 4204.102564 4232.307692 4267.692308
4226.666667 4240.000000 4273.846154 4241.025641 4227.179487 4223.589744 4213.333333 4214.358974 4224.102564 4227.692308 4303.589744 4204.102564 4241.538462 4268.205128
4227.179487 4237.948718 4271.282051 4234.871795 4227.179487 4225.641026 4215.897436 4220.512821 4226.153846 4231.282051 4308.717949 4203.076923 4242.051282 4264.102564
4226.153846 4231.282051 4271.794872 4227.692308 4226.153846 4220.000000 4216.923077 4214.358974 4220.512821 4228.205128 4300.000000 4199.487179 4231.794872 4259.487179
4227.179487 4233.333333 4274.358974 4232.307692 4221.025641 4221.538462 4218.974359 4216.410256 4225.641026 4229.743590 4298.461538 4198.461538 4232.820513 4255.384615
4229.230769 4234.871795 4282.564103 4234.358974 4227.692308 4230.256410 4222.564103 4220.512821 4227.692308 4234.871795 4303.589744 4203.589744 4241.538462 4256.923077
4227.692308 4234.871795 4285.128205 4234.358974 4227.692308 4226.666667 4222.564103 4217.948718 4224.102564 4231.282051 4301.538462 4202.564103 4249.743590 4254.358974
4224.102564 4235.384615 4281.538462 4234.871795 4224.102564 4221.538462 4220.000000 4212.820513 4221.538462 4228.205128 4290.256410 4201.025641 4246.666667 4250.769231
4220.000000 4230.256410 4283.589744 4225.641026 4228.205128 4223.076923 4217.948718 4209.230769 4218.461538 4231.282051 4282.051282 4200.512821 4235.897436 4252.307692
4223.076923 4234.358974 4287.179487 4226.153846 4226.666667 4224.102564 4216.410256 4215.384615 4221.025641 4231.794872 4288.717949 4195.897436 4235.384615 4257.435897
4234.358974 4245.641026 4295.384615 4237.948718 4227.692308 4226.666667 4219.487179 4222.564103 4227.692308 4229.230769 4300.512821 4200.512821 4244.615385 4266.153846
4229.743590 4242.564103 4294.358974 4233.333333 4226.153846 4230.769231 4225.641026 4226.666667 4236.923077 4228.205128 4298.974359 4203.076923 4247.692308 4264.102564
4218.974359 4231.282051 4289.743590 4223.076923 4225.128205 4227.179487 4223.076923 4223.076923 4237.435897 4231.282051 4292.820513 4195.384615 4241.538462 4255.897436
4227.179487 4232.820513 4294.358974 4228.717949 4228.717949 4224.615385 4217.948718 4215.384615 4226.153846 4230.769231 4294.871795 4194.871795 4243.076923 4252.820513
4229.743590 4238.974359 4292.307692 4229.230769 4223.589744 4225.641026 4218.974359 4213.333333 4220.512821 4229.743590 4292.820513 4194.871795 4244.102564 4249.230769
4223.589744 4237.435897 4291.794872 4224.102564 4228.205128 4226.153846 4218.461538 4210.256410 4218.974359 4231.282051 4288.717949 4197.948718 4238.974359 4249.743590
4231.794872 4243.589744 4297.435897 4235.384615 4231.794872 4231.794872 4221.538462 4217.435897 4223.076923 4231.794872 4292.820513 4203.076923 4246.153846 4256.410256
4237.435897 4249.230769 4296.410256 4242.051282 4223.589744 4231.794872 4225.641026 4226.666667 4230.769231 4230.256410 4297.435897 4203.076923 4256.410256 4260.512821
4231.282051 4240.512821 4292.820513 4229.743590 4225.641026 4227.692308 4217.435897 4216.923077 4228.717949 4229.230769 4297.948718 4205.128205 4254.871795 4257.948718
4234.358974 4242.051282 4289.230769 4229.230769 4225.641026 4231.794872 4213.846154 4217.435897 4228.205128 4230.256410 4304.102564 4207.692308 4258.974359 4251.282051
4247.179487 4245.128205 4294.871795 4241.538462 4226.666667 4235.897436 4224.615385 4226.153846 4232.307692 4232.307692 4315.897436 4211.794872 4269.230769 4248.205128
4248.205128 4243.589744 4294.871795 4243.589744 4226.666667 4233.333333 4228.205128 4222.564103 4230.769231 4231.282051 4316.410256 4211.282051 4274.871795 4238.461538
4242.564103 4246.153846 4286.666667 4237.435897 4224.102564 4229.743590 4221.025641 4215.384615 4226.666667 4230.769231 4309.230769 4205.641026 4276.410256 4223.589744
4249.743590 4251.282051 4288.717949 4235.897436 4229.743590 4231.794872 4221.538462 4217.948718 4226.666667 4232.307692 4310.256410 4210.256410 4277.435897 4215.384615
4255.384615 4262.051282 4288.205128 4240.512821 4225.641026 4237.948718 4230.769231 4230.256410 4238.974359 4231.794872 4315.384615 4215.384615 4284.102564 4206.666667
4248.717949 4263.589744 4286.153846 4236.923077 4226.153846 4238.974359 4227.692308 4226.666667 4237.435897 4230.769231 4308.717949 4217.435897 4282.564103 4200.512821
4245.641026 4261.538462 4285.641026 4236.410256 4230.256410 4233.333333 4222.564103 4220.000000 4226.153846 4230.256410 4296.923077 4215.897436 4275.384615 4196.923077
4248.717949 4266.153846 4280.512821 4244.615385 4223.589744 4235.897436 4227.179487 4229.743590 4233.333333 4231.282051 4292.307692 4212.307692 4278.461538 4190.769231
4253.846154 4267.692308 4282.051282 4245.641026 4224.102564 4240.000000 4230.769231 4233.333333 4242.564103 4233.333333 4288.717949 4218.461538 4284.615385 4185.128205
4254.871795 4271.794872 4284.102564 4247.179487 4226.153846 4238.974359 4233.333333 4231.282051 4237.435897 4230.769231 4283.589744 4219.487179 4282.564103 4180.512821
4249.230769 4271.794872 4278.974359 4244.615385 4228.205128 4238.974359 4234.871795 4226.666667 4225.641026 4230.769231 4276.410256 4211.794872 4273.333333 4179.487179
4242.564103 4267.692308 4275.384615 4234.358974 4230.256410 4237.948718 4232.820513 4223.589744 4225.641026 4234.871795 4268.717949 4212.820513 4272.820513 4184.102564
4240.000000 4266.666667 4269.743590 4232.820513 4224.615385 4241.025641 4231.794872 4230.256410 4235.897436 4229.743590 4270.256410 4217.435897 4279.487179 4192.820513
4243.076923 4267.179487 4266.666667 4240.000000 4226.666667 4242.051282 4228.205128 4228.717949 4234.871795 4224.615385 4267.179487 4217.435897 4270.256410 4205.128205
4245.128205 4269.230769 4260.512821 4240.000000 4228.205128 4236.923077 4229.230769 4223.589744 4229.743590 4229.230769 4254.871795 4211.794872 4263.076923 4208.205128
4245.128205 4274.358974 4253.846154 4237.435897 4228.717949 4234.871795 4232.307692 4226.666667 4227.692308 4232.307692 4249.230769 4211.794872 4268.717949 4209.230769
4250.769231 4281.538462 4256.923077 4247.179487 4230.256410 4244.615385 4235.897436 4231.794872 4232.307692 4229.743590 4254.871795 4221.538462 4277.435897 4212.820513
4254.871795 4279.487179 4258.974359 4253.846154 4224.615385 4250.256410 4240.512821 4238.461538 4244.102564 4229.743590 4256.923077 4223.076923 4280.512821 4215.384615
4255.384615 4284.102564 4261.025641 4252.820513 4227.179487 4246.666667 4239.487179 4237.435897 4242.564103 4230.769231 4252.820513 4224.102564 4275.384615 4220.000000
4254.871795 4298.974359 4258.461538 4256.410256 4228.205128 4247.179487 4238.461538 4235.897436 4234.358974 4231.282051 4252.307692 4225.641026 4278.974359 4218.974359
4256.410256 4291.794872 4255.897436 4257.948718 4227.179487 4247.692308 4241.025641 4240.000000 4236.410256 4231.794872 4250.256410 4224.102564 4288.717949 4216.410256
4258.461538 4279.487179 4257.948718 4252.307692 4232.820513 4247.179487 4237.948718 4240.000000 4240.512821 4230.769231 4242.051282 4224.615385 4285.641026 4220.512821
4251.282051 4287.179487 4250.256410 4250.769231 4227.692308 4247.692308 4236.923077 4239.487179 4238.461538 4231.282051 4229.230769 4221.025641 4274.358974 4223.589744
4252.820513 4285.641026 4247.692308 4253.333333 4228.205128 4248.205128 4243.589744 4245.128205 4241.025641 4232.820513 4229.743590 4223.589744 4273.846154 4226.666667
4263.076923 4280.512821 4253.333333 4258.461538 4227.692308 4249.230769 4247.692308 4252.820513 4248.717949 4230.256410 4236.410256 4228.717949 4282.564103 4224.615385
4260.000000 4287.692308 4251.794872 4258.974359 4223.589744 4248.717949 4241.025641 4244.615385 4240.000000 4230.256410 4224.615385 4223.589744 4277.948718 4213.846154
4252.820513 4287.179487 4248.717949 4251.282051 4228.717949 4244.102564 4237.435897 4229.743590 4226.666667 4231.794872 4214.871795 4222.564103 4273.333333 4202.051282
4253.333333 4284.615385 4247.179487 4252.820513 4226.666667 4241.538462 4244.615385 4236.410256 4234.871795 4230.256410 4214.871795 4221.025641 4278.974359 4188.717949
4258.461538 4290.769231 4250.256410 4261.538462 4226.666667 4245.128205 4246.666667 4242.564103 4241.025641 4232.820513 4209.743590 4224.102564 4282.564103 4178.461538
4261.025641 4297.948718 4250.769231 4264.102564 4225.641026 4248.205128 4242.051282 4240.512821 4237.948718 4234.358974 4208.717949 4229.743590 4290.256410 4170.256410
4260.000000 4297.435897 4248.205128 4262.051282 4224.615385 4246.666667 4242.051282 4243.076923 4237.948718 4224.102564 4213.846154 4216.923077 4294.358974 4166.153846
4263.076923 4290.256410 4250.769231 4260.512821 4231.282051 4245.128205 4243.076923 4247.692308 4238.974359 4220.000000 4211.794872 4189.230769 4286.666667 4162.564103
4258.974359 4278.974359 4244.615385 4254.871795 4229.230769 4249.230769 4240.000000 4253.333333 4241.025641 4228.717949 4209.230769 4172.307692 4282.051282 4147.179487
4248.205128 4271.282051 4239.487179 4246.153846 4228.717949 4247.179487 4233.333333 4244.102564 4232.820513 4232.307692 4215.384615 4176.923077 4281.538462 4133.333333
4249.230769 4281.538462 4240.000000 4248.205128 4229.743590 4237.948718 4231.794872 4236.923077 4229.230769 4229.230769 4220.512821 4177.948718 4282.051282 4130.256410
4254.358974 4283.076923 4238.461538 4255.384615 4225.641026 4240.512821 4234.871795 4244.615385 4237.948718 4226.153846 4227.692308 4174.871795 4276.923077 4131.282051
4254.871795 4276.410256 4240.000000 4255.384615 4230.256410 4243.076923 4233.333333 4240.512821 4231.794872 4227.179487 4234.871795 4182.051282 4275.897436 4127.179487
4251.794872 4280.000000 4235.384615 4251.794872 4226.666667 4237.948718 4232.307692 4233.333333 4226.666667 4229.743590 4235.897436 4181.538462 4285.128205 4122.051282
4248.717949 4272.307692 4230.256410 4248.205128 4224.615385 4238.461538 4233.333333 4236.410256 4232.820513 4231.282051 4230.256410 4179.487179 4286.153846 4131.282051
4247.179487 4270.256410 4231.794872 4249.230769 4230.256410 4240.000000 4232.307692 4240.000000 4235.384615 4230.256410 4223.076923 4181.538462 4277.948718 4140.512821
4242.564103 4277.948718 4230.256410 4247.692308 4227.692308 4234.871795 4230.256410 4242.051282 4234.358974 4227.692308 4217.435897 4175.897436 4275.897436 4143.076923
4241.538462 4266.666667 4230.256410 4240.000000 4229.743590 4233.846154 4225.641026 4234.871795 4229.743590 4227.179487 4215.384615 4176.923077 4275.384615 4153.333333
4242.564103 4261.025641 4225.128205 4240.000000 4227.692308 4236.923077 4229.230769 4234.358974 4233.846154 4228.205128 4216.923077 4177.435897 4275.897436 4168.205128
4241.025641 4266.666667 4223.076923 4241.538462 4225.641026 4232.820513 4232.820513 4241.025641 4237.948718 4230.769231 4218.461538 4173.846154 4277.948718 4179.487179
4236.410256 4262.564103 4223.076923 4238.461538 4229.743590 4229.743590 4227.179487 4233.846154 4228.717949 4231.794872 4211.794872 4172.820513 4268.717949 4186.153846
4232.820513 4261.538462 4212.820513 4238.461538 4227.179487 4232.307692 4217.948718 4223.076923 4220.000000 4227.692308 4204.102564 4167.179487 4253.846154 4188.205128
4237.948718 4257.948718 4212.307692 4237.948718 4230.256410 4228.717949 4214.358974 4220.512821 4216.410256 4226.153846 4204.615385 4167.692308 4256.410256 4192.307692
4243.589744 4254.871795 4216.923077 4238.974359 4228.205128 4225.128205 4219.487179 4229.743590 4223.076923 4228.205128 4212.820513 4172.307692 4264.615385 4194.871795
4242.564103 4265.128205 4214.358974 4242.051282 4224.615385 4227.179487 4220.512821 4228.205128 4227.179487 4229.230769 4217.435897 4169.230769 4252.307692 4193.333333
4243.589744 4265.128205 4213.333333 4241.025641 4229.743590 4228.205128 4215.897436 4219.487179 4222.051282 4228.717949 4225.641026 4170.769231 4248.205128 4195.897436
4245.641026 4255.384615 4211.794872 4238.461538 4228.205128 4226.666667 4219.487179 4228.717949 4227.179487 4230.256410 4240.000000 4174.871795 4266.666667 4197.435897
4242.051282 4254.871795 4211.794872 4237.435897 4230.256410 4226.666667 4223.589744 4235.897436 4230.769231 4232.307692 4247.692308 4173.846154 4265.641026 4196.923077
4238.461538 4258.974359 4209.743590 4238.461538 4228.717949 4228.717949 4224.102564 4237.435897 4229.230769 4231.794872 4255.384615 4168.717949 4260.512821 4197.435897
4241.538462 4264.615385 4210.256410 4242.051282 4226.153846 4231.282051 4225.641026 4238.974359 4231.794872 4227.692308 4271.282051 4171.282051 4269.230769 4202.564103
4246.666667 4265.641026 4217.948718 4242.564103 4230.769231 4226.666667 4223.076923 4232.820513 4230.256410 4227.179487 4284.615385 4175.897436 4270.256410 4207.179487
4238.974359 4248.205128 4212.820513 4230.256410 4226.666667 4219.487179 4217.435897 4229.743590 4227.692308 4229.230769 4280.000000 4165.641026 4263.589744 4205.128205
4230.256410 4234.358974 4208.205128 4221.025641 4227.179487 4221.025641 4215.897436 4231.794872 4226.666667 4228.205128 4274.871795 4162.564103 4263.589744 4209.230769
4238.461538 4252.820513 4213.333333 4233.333333 4229.230769 4226.153846 4223.076923 4236.410256 4230.256410 4226.153846 4294.871795 4170.769231 4279.487179 4213.333333
4243.589744 4260.512821 4212.820513 4241.025641 4226.153846 4226.153846 4225.641026 4240.000000 4231.282051 4229.230769 4309.743590 4171.282051 4288.717949 4210.256410
4242.051282 4249.743590 4212.307692 4232.820513 4229.743590 4227.692308 4220.512821 4236.410256 4226.666667 4232.820513 4306.153846 4173.846154 4282.051282 4211.794872
4250.769231 4258.461538 4220.000000 4238.461538 4226.153846 4231.794872 4224.615385 4237.948718 4233.846154 4228.717949 4313.846154 4179.487179 4285.641026 4214.358974
4261.538462 4260.512821 4230.256410 4248.205128 4226.153846 4231.794872 4230.769231 4240.512821 4238.974359 4226.666667 4325.641026 4184.102564 4298.974359 4218.461538
4257.435897 4248.717949 4229.743590 4241.538462 4228.717949 4232.820513 4227.692308 4238.461538 4228.717949 4230.256410 4321.025641 4184.102564 4302.564103 4220.512821
4247.179487 4245.128205 4225.641026 4233.333333 4225.641026 4233.333333 4223.589744 4234.871795 4224.102564 4226.666667 4318.974359 4180.512821 4293.333333 4221.538462
4250.769231 4251.282051 4235.384615 4234.871795 4230.256410 4232.307692 4223.076923 4231.282051 4227.179487 4224.615385 4326.666667 4184.102564 4291.282051 4228.717949
4255.897436 4258.974359 4242.564103 4242.051282 4227.179487 4233.846154 4226.666667 4235.897436 4230.769231 4227.179487 4326.153846 4184.615385 4301.538462 4230.769231
4250.769231 4251.282051 4245.641026 4242.051282 4227.179487 4231.794872 4230.256410 4238.974359 4229.743590 4227.179487 4324.102564 4186.666667 4306.666667 4226.666667
4246.153846 4237.435897 4247.692308 4233.846154 4229.743590 4229.743590 4231.794872 4234.871795 4229.230769 4225.128205 4325.641026 4191.794872 4306.153846 4226.153846
4247.179487 4243.076923 4243.589744 4233.333333 4223.589744 4232.820513 4228.717949 4234.871795 4231.282051 4225.641026 4323.076923 4190.256410 4313.333333 4231.794872
4251.282051 4253.846154 4250.256410 4239.487179 4228.205128 4230.256410 4225.128205 4233.846154 4227.692308 4228.717949 4325.128205 4190.769231 4328.205128 4240.000000
4247.179487 4249.230769 4255.897436 4240.000000 4228.717949 4223.076923 4224.615385 4234.358974 4227.692308 4227.179487 4326.666667 4188.717949 4336.410256 4243.076923
4241.025641 4239.487179 4253.333333 4234.358974 4227.179487 4222.051282 4217.948718 4232.820513 4228.717949 4227.179487 4318.461538 4186.666667 4340.512821 4244.615385
4242.051282 4244.615385 4255.897436 4233.333333 4229.230769 4222.564103 4214.358974 4231.282051 4226.666667 4229.230769 4313.846154 4189.230769 4356.410256 4246.666667
4237.948718 4240.512821 4254.358974 4231.282051 4224.615385 4217.948718 4216.410256 4228.205128 4220.512821 4228.717949 4312.307692 4185.641026 4360.512821 4253.846154
4231.794872 4224.102564 4252.820513 4225.128205 4227.179487 4214.871795 4210.256410 4213.333333 4211.282051 4228.205128 4300.512821 4180.512821 4338.974359 4264.615385
4228.717949 4230.256410 4251.282051 4227.692308 4226.666667 4216.410256 4206.153846 4212.820513 4214.871795 4228.205128 4296.410256 4180.000000 4331.794872 4264.615385
4222.051282 4231.282051 4250.769231 4222.564103 4226.153846 4216.410256 4207.692308 4218.461538 4212.820513 4228.205128 4305.128205 4180.512821 4344.615385 4263.589744
4221.538462 4216.410256 4254.871795 4212.820513 4228.717949 4216.410256 4211.282051 4212.307692 4203.076923 4225.641026 4307.179487 4177.435897 4350.769231 4269.230769
4227.179487 4224.102564 4256.410256 4221.025641 4225.128205 4215.897436 4214.358974 4217.435897 4213.846154 4228.205128 4312.307692 4177.435897 4357.435897 4270.769231
4230.769231 4233.846154 4266.666667 4228.717949 4229.230769 4215.897436 4212.307692 4226.153846 4225.128205 4233.846154 4327.179487 4187.692308 4368.717949 4273.333333
4232.820513 4229.230769 4271.794872 4227.179487 4228.717949 4219.487179 4213.846154 4228.205128 4222.051282 4230.256410 4334.358974 4186.153846 4375.897436 4270.769231
4228.205128 4227.179487 4267.692308 4225.641026 4226.666667 4218.974359 4218.461538 4226.666667 4216.410256 4225.128205 4321.538462 4174.358974 4369.743590 4263.589744
4223.076923 4226.666667 4270.769231 4223.076923 4230.256410 4212.307692 4215.897436 4221.538462 4213.846154 4226.153846 4310.256410 4175.384615 4355.384615 4260.512821
4224.615385 4225.641026 4271.794872 4222.051282 4224.615385 4214.358974 4211.794872 4220.512821 4215.384615 4227.692308 4313.846154 4176.923077 4350.769231 4258.461538
4228.717949 4230.256410 4275.897436 4222.051282 4227.692308 4216.410256 4209.743590 4216.923077 4211.282051 4227.179487 4316.923077 4178.461538 4364.102564 4256.410256
4225.128205 4231.282051 4282.564103 4220.512821 4232.307692 4208.717949 4207.692308 4215.384615 4207.179487 4228.717949 4310.256410 4179.487179 4369.230769 4248.205128
4219.487179 4224.615385 4287.692308 4221.538462 4225.641026 4206.666667 4209.743590 4219.487179 4210.256410 4228.205128 4305.128205 4176.923077 4361.538462 4237.948718
4223.076923 4226.666667 4291.282051 4221.025641 4226.666667 4207.179487 4211.794872 4217.435897 4210.256410 4227.179487 4309.230769 4179.487179 4369.230769 4229.230769
4222.051282 4242.564103 4293.333333 4224.102564 4226.666667 4207.692308 4209.743590 4217.435897 4210.769231 4229.230769 4317.435897 4177.948718 4383.589744 4211.794872
4218.461538 4240.000000 4302.564103 4223.589744 4228.205128 4210.769231 4206.666667 4221.025641 4212.820513 4230.256410 4324.102564 4180.512821 4382.564103 4200.000000
4216.410256 4222.564103 4307.179487 4213.333333 4227.179487 4206.666667 4207.179487 4221.025641 4212.820513 4228.717949 4322.564103 4185.641026 4381.025641 4198.974359
4211.794872 4223.076923 4306.153846 4212.307692 4223.076923 4204.102564 4209.230769 4217.435897 4212.820513 4229.230769 4316.410256 4182.564103 4382.051282 4197.948718
4213.846154 4234.871795 4316.410256 4221.025641 4228.717949 4209.230769 4209.230769 4216.410256 4212.820513 4229.743590 4321.538462 4185.128205 4384.615385 4198.461538
4219.487179 4239.487179 4323.076923 4229.230769 4226.153846 4212.820513 4211.282051 4229.743590 4221.025641 4228.205128 4326.153846 4187.179487 4394.871795 4203.589744
4218.461538 4239.487179 4326.153846 4230.256410 4224.615385 4209.230769 4213.846154 4232.820513 4223.589744 4229.230769 4324.615385 4189.743590 4395.384615 4212.307692
4215.384615 4246.153846 4330.256410 4228.205128 4228.717949 4210.256410 4213.846154 4222.564103 4215.897436 4229.743590 4325.128205 4192.307692 4382.564103 4218.461538
4213.333333 4238.974359 4329.230769 4225.128205 4226.666667 4214.358974 4213.846154 4223.589744 4214.871795 4227.179487 4324.615385 4188.205128 4378.974359 4227.692308
4212.307692 4226.666667 4329.743590 4221.538462 4230.256410 4211.794872 4210.769231 4224.102564 4213.333333 4227.179487 4322.051282 4187.692308 4392.307692 4238.461538
4209.230769 4237.435897 4321.025641 4224.615385 4227.179487 4208.717949 4210.256410 4223.076923 4212.820513 4227.692308 4325.641026 4188.205128 4393.333333 4235.384615
4210.769231 4246.666667 4301.538462 4229.743590 4225.641026 4211.794872 4216.410256 4224.102564 4215.384615 4227.692308 4325.641026 4187.692308 4376.410256 4231.794872
4214.358974 4244.102564 4275.384615 4231.794872 4229.230769 4213.333333 4221.538462 4228.205128 4218.974359 4227.179487 4322.051282 4188.205128 4373.846154 4238.974359
4204.615385 4237.435897 4242.564103 4223.076923 4224.102564 4207.179487 4218.461538 4226.153846 4217.948718 4229.743590 4331.282051 4183.076923 4377.948718 4242.564103
4192.820513 4221.025641 4228.205128 4208.205128 4226.153846 4200.512821 4207.179487 4207.179487 4204.102564 4233.333333 4328.717949 4177.948718 4363.589744 4239.487179
4187.179487 4213.333333 4228.205128 4204.615385 4225.641026 4201.025641 4205.128205 4203.076923 4201.538462 4230.256410 4316.923077 4173.333333 4361.538462 4237.435897
4191.794872 4229.743590 4236.410256 4217.948718 4223.076923 4205.641026 4209.743590 4217.948718 4218.461538 4227.179487 4327.179487 4177.948718 4380.000000 4242.051282
4209.743590 4249.743590 4255.384615 4230.256410 4227.179487 4209.230769 4214.358974 4223.076923 4230.769231 4229.230769 4339.487179 4190.256410 4385.641026 4241.538462
4208.717949 4250.769231 4257.435897 4226.666667 4224.102564 4211.794872 4214.871795 4214.358974 4222.564103 4228.205128 4329.230769 4183.589744 4372.307692 4232.820513
4189.743590 4232.307692 4249.743590 4219.487179 4227.179487 4209.230769 4207.692308 4200.512821 4202.051282 4225.128205 4315.897436 4175.384615 4360.000000 4229.743590
4190.769231 4229.230769 4253.333333 4222.051282 4229.230769 4207.179487 4207.179487 4204.615385 4205.128205 4227.179487 4328.717949 4179.487179 4371.794872 4228.717949
4207.179487 4247.179487 4263.076923 4226.666667 4225.641026 4208.717949 4216.410256 4221.538462 4224.102564 4229.230769 4338.461538 4184.102564 4387.692308 4230.256410
4213.333333 4254.358974 4271.282051 4231.282051 4228.717949 4214.358974 4220.512821 4225.641026 4228.205128 4226.666667 4334.871795 4189.230769 4384.615385 4231.282051
4209.230769 4252.820513 4270.769231 4238.461538 4225.641026 4218.974359 4221.538462 4225.128205 4224.615385 4226.153846 4339.487179 4188.717949 4386.153846 4223.076923
4210.769231 4261.025641 4274.871795 4236.923077 4226.666667 4218.461538 4223.589744 4224.615385 4220.000000 4232.307692 4344.102564 4189.743590 4395.897436 4215.384615
4215.897436 4271.282051 4278.461538 4240.000000 4226.153846 4218.974359 4227.179487 4229.230769 4226.666667 4230.769231 4341.538462 4192.820513 4401.025641 4208.717949
4214.358974 4263.076923 4276.923077 4249.743590 4224.615385 4222.564103 4229.743590 4239.487179 4240.512821 4223.589744 4339.487179 4193.846154 4392.307692 4201.025641
4218.461538 4259.487179 4283.589744 4249.743590 4230.769231 4230.256410 4231.282051 4240.512821 4238.461538 4227.179487 4344.102564 4200.000000 4388.205128 4194.871795
4228.717949 4284.102564 4289.743590 4256.410256 4227.179487 4235.384615 4235.384615 4240.512821 4238.974359 4230.256410 4346.666667 4207.692308 4408.205128 4191.282051
4231.282051 4295.384615 4291.794872 4266.666667 4227.692308 4232.307692 4232.307692 4244.615385 4245.641026 4226.666667 4342.564103 4211.282051 4411.282051 4190.256410
4228.205128 4284.615385 4289.743590 4265.128205 4231.282051 4231.282051 4228.717949 4249.230769 4247.692308 4226.666667 4347.692308 4212.820513 4404.615385 4185.641026
4234.871795 4282.564103 4292.820513 4266.153846 4226.666667 4233.846154 4232.820513 4253.846154 4247.692308 4229.230769 4352.820513 4216.923077 4416.923077 4184.102564
4241.025641 4290.256410 4297.435897 4269.743590 4226.153846 4233.333333 4232.307692 4252.307692 4247.692308 4226.153846 4343.589744 4220.000000 4411.282051 4189.230769
4230.769231 4278.461538 4284.102564 4260.512821 4224.102564 4231.282051 4228.717949 4252.820513 4253.846154 4227.692308 4330.256410 4212.307692 4386.666667 4189.230769
4226.666667 4266.666667 4278.974359 4252.307692 4228.717949 4230.769231 4230.256410 4251.282051 4251.794872 4234.871795 4330.769231 4213.846154 4387.692308 4192.820513
4237.435897 4286.666667 4285.641026 4263.589744 4229.230769 4231.282051 4231.794872 4248.717949 4243.589744 4232.307692 4336.410256 4221.025641 4403.589744 4200.512821
4236.410256 4296.923077 4278.974359 4269.230769 4222.051282 4230.769231 4229.230769 4247.692308 4245.641026 4228.717949 4326.666667 4214.871795 4390.769231 4200.512821
4232.307692 4278.974359 4276.923077 4266.153846 4228.205128 4230.769231 4227.692308 4241.538462 4245.641026 4233.333333 4315.897436 4213.333333 4377.948718 4203.076923
4238.461538 4285.128205 4280.512821 4272.820513 4228.205128 4232.307692 4233.333333 4249.230769 4246.666667 4231.282051 4321.025641 4221.025641 4387.692308 4204.615385
4244.102564 4297.435897 4274.871795 4274.358974 4226.153846 4231.794872 4236.410256 4253.333333 4245.128205 4224.615385 4320.000000 4226.153846 4386.666667 4202.051282
4245.128205 4288.717949 4266.153846 4270.256410 4229.230769 4230.256410 4233.846154 4244.615385 4243.589744 4225.641026 4301.538462 4224.615385 4381.538462 4202.564103
4244.102564 4287.179487 4260.000000 4271.282051 4225.641026 4233.333333 4228.717949 4247.692308 4245.128205 4227.179487 4289.230769 4221.025641 4381.025641 4206.666667
4244.102564 4289.743590 4259.487179 4268.205128 4227.692308 4228.205128 4224.615385 4244.102564 4241.025641 4222.564103 4286.666667 4224.102564 4372.307692 4211.794872
4234.871795 4276.923077 4249.743590 4259.487179 4226.666667 4218.461538 4223.076923 4232.307692 4233.333333 4226.153846 4270.769231 4216.923077 4361.538462 4213.333333
4225.641026 4268.717949 4240.000000 4253.333333 4227.692308 4220.000000 4220.512821 4232.820513 4230.769231 4232.307692 4258.974359 4210.769231 4354.871795 4216.410256
4227.692308 4276.923077 4240.000000 4254.871795 4233.333333 4223.076923 4224.615385 4242.051282 4238.974359 4230.256410 4264.615385 4216.923077 4352.820513 4225.128205
4226.666667 4279.487179 4234.871795 4257.435897 4227.179487 4224.102564 4233.333333 4243.589744 4243.076923 4225.641026 4257.948718 4216.923077 4355.897436 4231.794872
4226.153846 4272.307692 4231.282051 4254.358974 4227.179487 4226.153846 4230.256410 4236.410256 4234.358974 4228.205128 4239.487179 4219.487179 4350.256410 4235.897436
4224.615385 4276.410256 4229.230769 4254.871795 4227.179487 4228.717949 4226.666667 4238.461538 4238.461538 4230.256410 4229.743590 4218.461538 4335.384615 4235.897436
4218.461538 4281.538462 4225.128205 4257.948718 4225.128205 4230.256410 4230.769231 4244.102564 4244.615385 4228.717949 4236.923077 4213.333333 4337.435897 4242.564103
4220.000000 4275.897436 4222.051282 4256.923077 4227.692308 4227.692308 4231.794872 4245.641026 4240.512821 4225.641026 4241.538462 4218.974359 4349.230769 4249.743590
4222.564103 4272.307692 4211.282051 4255.384615 4224.102564 4226.666667 4230.256410 4248.205128 4246.666667 4228.717949 4224.102564 4219.487179 4342.564103 4250.256410
4223.589744 4273.846154 4210.769231 4252.820513 4228.205128 4225.128205 4226.666667 4241.025641 4244.102564 4233.846154 4209.743590 4217.435897 4332.307692 4256.410256
4227.692308 4281.538462 4214.871795 4255.897436 4228.717949 4222.564103 4226.153846 4238.461538 4233.333333 4229.743590 4220.000000 4220.000000 4329.230769 4261.538462
4223.589744 4285.641026 4208.205128 4257.435897 4225.641026 4225.128205 4229.743590 4244.102564 4238.461538 4229.743590 4219.487179 4218.974359 4322.051282 4262.564103
4223.076923 4281.025641 4204.102564 4257.435897 4229.230769 4227.179487 4231.282051 4235.897436 4238.974359 4235.897436 4201.025641 4218.461538 4321.538462 4268.205128
4231.794872 4284.615385 4204.102564 4261.538462 4225.641026 4227.692308 4232.307692 4234.358974 4231.282051 4231.282051 4208.717949 4223.076923 4333.333333 4271.282051
4235.384615 4281.025641 4205.641026 4258.974359 4227.179487 4229.230769 4234.358974 4242.564103 4233.846154 4226.666667 4217.948718 4230.256410 4333.333333 4270.256410
4231.794872 4273.333333 4200.000000 4252.820513 4230.256410 4230.256410 4233.846154 4242.051282 4242.051282 4230.256410 4198.461538 4225.641026 4324.102564 4266.666667
4230.256410 4273.846154 4188.717949 4251.282051 4228.717949 4227.692308 4228.205128 4231.282051 4235.384615 4229.230769 4180.512821 4216.923077 4321.538462 4263.076923
4230.769231 4275.897436 4180.512821 4250.769231 4232.820513 4224.102564 4224.615385 4226.153846 4226.666667 4228.717949 4175.384615 4216.923077 4315.897436 4265.128205
4223.076923 4270.256410 4169.743590 4248.205128 4226.153846 4221.538462 4224.615385 4234.358974 4233.846154 4229.743590 4175.384615 4213.333333 4303.589744 4264.102564
4213.333333 4255.384615 4167.692308 4241.025641 4223.076923 4217.948718 4220.512821 4228.205128 4230.769231 4228.205128 4180.000000 4211.282051 4293.333333 4260.512821
4216.410256 4254.871795 4169.743590 4238.974359 4227.692308 4219.487179 4219.487179 4219.487179 4222.564103 4228.717949 4180.512821 4214.871795 4296.923077 4258.461538
4222.564103 4268.717949 4169.230769 4247.692308 4226.153846 4220.512821 4224.615385 4231.794872 4227.179487 4229.743590 4170.256410 4213.846154 4301.025641 4255.384615
4216.923077 4264.102564 4173.333333 4245.128205 4230.769231 4215.384615 4220.000000 4236.923077 4227.179487 4227.692308 4164.615385 4213.846154 4289.230769 4253.846154
4209.743590 4257.435897 4176.410256 4241.538462 4227.692308 4216.410256 4214.358974 4233.333333 4226.153846 4226.666667 4173.333333 4212.307692 4283.076923 4251.282051
4217.435897 4259.487179 4180.000000 4249.743590 4226.153846 4225.128205 4218.974359 4235.897436 4229.743590 4228.717949 4181.538462 4214.871795 4293.333333 4253.333333
4219.487179 4257.435897 4173.846154 4247.692308 4231.282051 4227.692308 4223.589744 4238.974359 4228.717949 4228.205128 4175.897436 4214.871795 4300.512821 4252.307692
4207.692308 4251.282051 4154.358974 4237.435897 4229.743590 4218.974359 4216.410256 4236.410256 4228.205128 4227.179487 4163.589744 4206.666667 4283.076923 4238.974359
4207.692308 4249.230769 4149.230769 4238.461538 4229.230769 4215.384615 4209.230769 4227.179487 4226.666667 4231.794872 4158.974359 4207.692308 4267.692308 4230.256410
4210.769231 4251.282051 4148.205128 4241.025641 4225.128205 4217.435897 4207.692308 4223.589744 4221.025641 4231.794872 4160.512821 4207.692308 4280.512821 4230.769231
4206.153846 4250.256410 4141.025641 4235.897436 4227.179487 4214.358974 4207.179487 4223.076923 4216.923077 4228.205128 4159.487179 4203.589744 4278.461538 4233.333333
4211.794872 4253.333333 4137.435897 4236.923077 4231.282051 4214.358974 4209.230769 4227.179487 4224.615385 4226.666667 4160.000000 4210.256410 4266.153846 4235.384615
4216.410256 4254.358974 4130.769231 4243.076923 4225.641026 4217.435897 4212.820513 4235.384615 4233.846154 4229.743590 4164.615385 4214.358974 4280.000000 4241.538462
4211.794872 4249.230769 4126.666667 4242.564103 4231.282051 4216.410256 4211.794872 4232.820513 4227.692308 4234.358974 4164.615385 4214.358974 4287.179487 4249.230769
4211.282051 4248.717949 4123.076923 4241.538462 4232.307692 4216.923077 4212.820513 4235.897436 4228.717949 4229.743590 4164.102564 4211.282051 4273.846154 4248.205128
4212.820513 4249.743590 4115.897436 4241.025641 4229.230769 4218.974359 4212.820513 4241.025641 4233.846154 4224.102564 4161.025641 4209.230769 4262.564103 4247.179487
4210.256410 4247.692308 4112.820513 4236.410256 4232.820513 4217.948718 4209.230769 4234.358974 4227.179487 4229.743590 4157.435897 4211.282051 4272.307692 4246.153846
4205.641026 4242.564103 4106.153846 4235.897436 4228.205128 4215.897436 4208.717949 4230.769231 4223.076923 4231.282051 4154.871795 4211.794872 4283.589744 4242.051282
4211.794872 4244.615385 4106.666667 4242.051282 4228.205128 4216.410256 4211.282051 4232.820513 4223.076923 4226.153846 4153.333333 4216.410256 4281.025641 4245.641026
4220.512821 4254.871795 4106.666667 4244.615385 4228.205128 4218.461538 4218.461538 4237.435897 4224.615385 4225.641026 4157.435897 4215.897436 4285.641026 4243.589744
4216.410256 4248.717949 4097.948718 4238.974359 4227.179487 4224.615385 4220.000000 4237.948718 4223.589744 4229.230769 4160.512821 4209.743590 4286.666667 4227.692308
4212.307692 4241.025641 4098.974359 4237.435897 4233.846154 4225.128205 4212.820513 4234.358974 4220.512821 4227.179487 4158.974359 4211.794872 4263.589744 4218.461538
4209.230769 4249.230769 4098.974359 4241.025641 4229.743590 4222.564103 4215.897436 4238.461538 4225.641026 4228.205128 4151.794872 4211.282051 4248.205128 4223.589744
4206.153846 4242.564103 4096.410256 4234.871795 4229.230769 4221.538462 4216.923077 4235.384615 4226.153846 4234.871795 4148.717949 4207.692308 4260.000000 4231.282051
4210.256410 4235.897436 4100.000000 4235.384615 4230.256410 4220.512821 4213.333333 4230.769231 4226.153846 4233.846154 4154.871795 4207.692308 4277.435897 4229.743590
4212.307692 4243.076923 4101.538462 4240.512821 4226.666667 4222.051282 4216.410256 4236.410256 4231.794872 4228.205128 4154.871795 4207.179487 4276.410256 4230.256410
4213.333333 4240.512821 4100.512821 4235.897436 4229.743590 4223.589744 4218.461538 4238.461538 4229.743590 4227.692308 4153.333333 4210.256410 4269.230769 4238.974359
4216.410256 4240.000000 4098.974359 4240.000000 4228.205128 4225.641026 4220.512821 4241.538462 4231.282051 4229.743590 4160.000000 4210.769231 4270.769231 4238.974359
4221.538462 4251.282051 4102.564103 4248.205128 4229.230769 4229.743590 4224.102564 4242.051282 4234.871795 4230.256410 4157.948718 4211.282051 4270.256410 4236.923077
4224.615385 4256.410256 4104.102564 4244.615385 4229.230769 4231.794872 4224.102564 4240.512821 4231.794872 4229.230769 4155.384615 4215.384615 4266.666667 4237.948718
4223.076923 4250.256410 4098.974359 4238.461538 4226.153846 4232.820513 4224.102564 4242.564103 4229.743590 4227.692308 4157.948718 4213.333333 4263.076923 4238.461538
4218.974359 4247.692308 4098.974359 4240.000000 4230.769231 4230.256410 4225.641026 4238.974359 4226.666667 4228.205128 4151.794872 4209.230769 4264.102564 4241.538462
4211.282051 4250.256410 4093.333333 4243.076923 4225.641026 4225.641026 4221.538462 4235.897436 4226.666667 4227.692308 4145.641026 4203.589744 4270.769231 4242.051282
4212.307692 4245.128205 4094.358974 4241.538462 4224.102564 4225.128205 4216.923077 4232.820513 4225.128205 4227.179487 4146.153846 4205.641026 4263.076923 4242.564103
4223.076923 4244.102564 4103.589744 4241.538462 4230.769231 4231.282051 4222.051282 4237.435897 4230.769231 4230.769231 4148.717949 4213.333333 4246.666667 4242.564103
4224.102564 4259.487179 4101.025641 4246.666667 4227.179487 4234.871795 4228.205128 4251.282051 4239.487179 4228.205128 4149.743590 4214.358974 4244.102564 4238.461538
4219.487179 4261.538462 4097.948718 4246.153846 4227.179487 4230.256410 4224.102564 4249.743590 4230.769231 4226.153846 4148.717949 4215.384615 4248.205128 4234.871795
4215.384615 4247.179487 4092.820513 4239.487179 4226.666667 4225.128205 4217.435897 4234.358974 4219.487179 4228.717949 4135.384615 4208.205128 4233.333333 4228.717949
4213.846154 4239.487179 4088.205128 4235.384615 4229.743590 4226.666667 4217.435897 4226.153846 4216.410256 4228.205128 4121.538462 4201.538462 4217.435897 4227.179487
4210.256410 4239.487179 4083.589744 4236.410256 4229.743590 4225.641026 4217.435897 4227.692308 4214.358974 4225.641026 4123.076923 4201.538462 4228.205128 4225.128205
4203.589744 4232.820513 4077.948718 4230.256410 4222.051282 4222.051282 4214.871795 4228.717949 4210.769231 4230.256410 4122.564103 4199.487179 4238.461538 4218.974359
4206.153846 4225.128205 4081.025641 4222.564103 4227.692308 4222.051282 4217.435897 4221.025641 4205.128205 4235.897436 4120.512821 4201.025641 4236.410256 4220.000000
4208.717949 4234.358974 4078.461538 4229.230769 4228.205128 4223.589744 4224.102564 4224.102564 4209.743590 4229.743590 4120.512821 4200.512821 4230.769231 4217.948718
4201.538462 4234.358974 4073.333333 4231.794872 4224.615385 4225.128205 4221.025641 4228.717949 4214.871795 4224.615385 4115.384615 4198.974359 4219.487179 4213.333333
4200.512821 4224.615385 4077.948718 4223.589744 4229.230769 4228.717949 4216.410256 4226.153846 4214.871795 4230.256410 4111.282051 4202.564103 4215.384615 4214.871795
4203.589744 4220.512821 4073.333333 4221.025641 4225.128205 4227.692308 4220.512821 4230.256410 4218.461538 4230.256410 4111.282051 4201.025641 4229.230769 4214.871795
4202.564103 4215.384615 4067.692308 4220.512821 4229.230769 4220.512821 4215.897436 4223.589744 4211.282051 4225.128205 4104.615385 4197.948718 4231.282051 4212.307692
4201.025641 4217.948718 4069.230769 4220.512821 4230.256410 4217.948718 4210.256410 4213.333333 4203.589744 4226.666667 4097.948718 4196.410256 4215.897436 4211.282051
4203.076923 4224.102564 4069.743590 4222.564103 4225.128205 4217.948718 4212.820513 4216.410256 4208.717949 4229.230769 4098.974359 4196.410256 4212.820513 4213.333333
4207.179487 4223.589744 4069.743590 4222.564103 4228.717949 4217.435897 4213.846154 4217.948718 4210.769231 4226.666667 4098.974359 4201.025641 4224.102564 4215.897436
4201.538462 4216.923077 4065.641026 4216.410256 4227.692308 4218.974359 4210.769231 4213.846154 4203.076923 4225.128205 4095.897436 4196.923077 4222.564103 4214.871795
4196.410256 4210.769231 4064.102564 4211.282051 4229.743590 4214.358974 4207.692308 4208.205128 4198.461538 4228.205128 4091.794872 4194.871795 4207.692308 4220.512821
4198.974359 4210.256410 4061.025641 4214.358974 4230.769231 4214.358974 4207.179487 4209.743590 4207.692308 4229.743590 4090.769231 4196.410256 4213.333333 4227.692308
4199.487179 4211.282051 4061.025641 4217.948718 4225.641026 4223.589744 4210.769231 4212.820513 4210.256410 4226.153846 4103.589744 4196.410256 4231.794872 4232.307692
4203.076923 4219.487179 4067.692308 4216.410256 4228.717949 4224.615385 4211.794872 4209.743590 4202.051282 4227.179487 4116.923077 4200.000000 4229.743590 4240.000000
4205.128205 4223.589744 4062.051282 4216.410256 4228.717949 4218.974359 4210.769231 4214.871795 4205.128205 4230.769231 4111.282051 4196.410256 4213.333333 4244.615385
4202.564103 4215.897436 4059.487179 4216.923077 4231.282051 4223.589744 4213.333333 4218.461538 4210.769231 4227.692308 4100.512821 4193.846154 4205.128205 4244.615385
4207.692308 4225.128205 4068.205128 4225.641026 4230.769231 4233.846154 4222.051282 4224.615385 4217.435897 4224.615385 4104.615385 4199.487179 4209.230769 4247.179487
4214.358974 4237.948718 4072.307692 4236.923077 4225.128205 4234.871795 4225.641026 4234.358974 4226.153846 4227.692308 4117.948718 4204.102564 4210.769231 4255.384615
4214.871795 4228.205128 4073.333333 4234.871795 4227.179487 4233.333333 4224.102564 4229.230769 4223.589744 4228.717949 4122.051282 4205.128205 4201.538462 4263.589744
4210.256410 4225.128205 4071.794872 4229.230769 4225.128205 4234.871795 4224.615385 4228.205128 4225.128205 4226.153846 4112.307692 4200.512821 4202.051282 4261.538462
4206.153846 4228.205128 4072.307692 4223.589744 4227.179487 4230.256410 4221.025641 4230.769231 4225.128205 4227.692308 4100.512821 4196.923077 4210.769231 4255.384615
4205.128205 4227.179487 4073.333333 4222.564103 4230.256410 4230.769231 4220.000000 4225.128205 4216.923077 4228.717949 4097.435897 4195.384615 4215.897436 4248.717949
4201.025641 4226.666667 4073.333333 4226.666667 4224.615385 4232.307692 4222.564103 4220.512821 4218.461538 4228.205128 4097.948718 4192.307692 4206.153846 4247.179487
4202.051282 4221.025641 4084.615385 4225.128205 4228.717949 4226.666667 4220.000000 4223.076923 4225.128205 4228.205128 4105.128205 4200.000000 4196.923077 4249.743590
4209.230769 4220.512821 4091.794872 4224.615385 4227.692308 4225.128205 4221.538462 4229.743590 4224.615385 4229.230769 4115.384615 4203.589744 4209.743590 4244.615385
4210.256410 4221.025641 4094.358974 4228.717949 4226.666667 4230.256410 4223.076923 4225.641026 4218.974359 4232.820513 4105.128205 4196.410256 4214.358974 4240.512821
4203.589744 4217.948718 4100.512821 4225.641026 4229.743590 4232.307692 4218.461538 4217.948718 4219.487179 4232.307692 4097.435897 4193.846154 4213.333333 4243.589744
4205.128205 4221.025641 4106.153846 4223.589744 4222.051282 4231.794872 4222.051282 4223.076923 4224.102564 4227.179487 4112.307692 4196.923077 4225.128205 4247.179487
4215.384615 4217.948718 4114.358974 4224.615385 4223.589744 4232.820513 4226.666667 4225.641026 4220.000000 4230.256410 4118.974359 4201.538462 4217.435897 4251.282051
4209.743590 4207.692308 4111.282051 4217.948718 4225.128205 4232.307692 4222.051282 4223.076923 4217.948718 4230.256410 4107.692308 4194.358974 4196.410256 4247.692308
4198.461538 4207.179487 4109.743590 4216.923077 4226.153846 4231.282051 4218.461538 4220.000000 4214.358974 4224.102564 4106.666667 4185.128205 4200.000000 4244.102564
4204.615385 4209.743590 4122.564103 4223.076923 4229.743590 4225.128205 4218.461538 4214.358974 4203.589744 4225.128205 4106.666667 4185.128205 4206.666667 4244.615385
4214.871795 4210.256410 4125.128205 4220.000000 4225.128205 4222.051282 4216.410256 4213.846154 4203.589744 4227.179487 4097.948718 4185.641026 4197.435897 4246.666667
