4266.666667 4256.410256 4310.769231 4324.615385 4225.128205 4314.871795 4316.410256 4298.974359 4287.692308 4226.666667 4231.794872 4234.358974 4290.769231 4220.000000
4256.410256 4247.692308 4298.974359 4321.538462 4216.923077 4292.820513 4281.538462 4262.051282 4260.512821 4230.769231 4219.487179 4243.076923 4273.846154 4222.051282
4256.410256 4243.076923 4295.897436 4320.000000 4213.846154 4310.769231 4306.153846 4258.461538 4244.102564 4225.641026 4214.358974 4240.512821 4276.410256 4232.307692
4263.589744 4250.256410 4295.897436 4315.897436 4227.692308 4310.769231 4324.615385 4290.769231 4264.615385 4226.666667 4225.128205 4239.487179 4279.487179 4233.333333
4271.282051 4253.846154 4315.384615 4325.641026 4233.333333 4291.282051 4298.974359 4296.923077 4280.000000 4230.256410 4238.974359 4247.692308 4300.000000 4214.871795
4271.794872 4241.538462 4324.615385 4333.333333 4212.307692 4293.846154 4284.615385 4276.923077 4272.307692 4226.153846 4234.871795 4236.410256 4309.230769 4212.820513
4282.564103 4251.282051 4316.410256 4333.846154 4223.076923 4327.179487 4325.128205 4296.410256 4287.692308 4229.743590 4235.897436 4250.256410 4291.282051 4249.743590
4280.000000 4255.384615 4315.384615 4333.333333 4229.743590 4336.410256 4355.384615 4330.769231 4310.256410 4226.666667 4240.512821 4249.230769 4293.333333 4237.948718
4261.538462 4243.076923 4306.666667 4323.589744 4217.435897 4282.564103 4298.974359 4285.641026 4270.256410 4224.615385 4224.615385 4239.487179 4284.615385 4214.358974
4268.205128 4245.128205 4318.461538 4336.410256 4215.384615 4291.794872 4299.487179 4267.179487 4256.410256 4230.769231 4224.615385 4256.923077 4283.589744 4239.487179
4283.589744 4250.256410 4335.897436 4352.820513 4215.384615 4346.666667 4370.256410 4329.743590 4311.794872 4226.666667 4239.487179 4252.820513 4303.589744 4247.179487
4281.025641 4256.923077 4319.487179 4339.487179 4236.410256 4318.974359 4351.282051 4340.000000 4316.923077 4222.051282 4234.871795 4243.589744 4299.487179 4227.692308
4267.179487 4252.307692 4313.846154 4328.717949 4233.333333 4280.000000 4284.102564 4286.666667 4262.564103 4222.051282 4227.692308 4233.846154 4297.435897 4206.666667
4260.000000 4242.564103 4307.179487 4321.025641 4216.410256 4289.743590 4270.769231 4248.205128 4234.871795 4226.153846 4225.128205 4234.871795 4279.487179 4221.538462
4261.025641 4248.717949 4287.692308 4310.256410 4227.179487 4312.307692 4308.205128 4270.769231 4261.538462 4227.692308 4226.666667 4250.256410 4255.384615 4244.615385
4268.717949 4255.384615 4310.769231 4328.717949 4224.615385 4329.743590 4341.025641 4322.564103 4302.564103 4230.769231 4240.000000 4250.769231 4299.487179 4234.871795
4285.641026 4262.564103 4350.769231 4357.435897 4221.538462 4316.410256 4320.512821 4316.410256 4300.000000 4235.384615 4246.666667 4263.589744 4342.051282 4233.846154
4273.333333 4254.358974 4329.743590 4335.897436 4214.358974 4287.179487 4284.102564 4268.717949 4265.128205 4222.564103 4230.256410 4251.282051 4300.000000 4232.307692
4252.307692 4248.205128 4284.102564 4296.410256 4218.461538 4281.025641 4284.102564 4271.282051 4261.025641 4223.076923 4226.666667 4234.871795 4258.974359 4230.256410
4271.282051 4265.128205 4314.358974 4318.461538 4236.923077 4308.717949 4317.948718 4328.205128 4302.051282 4238.461538 4255.384615 4257.948718 4310.769231 4223.076923
4280.000000 4261.025641 4344.102564 4334.871795 4220.512821 4320.000000 4325.128205 4333.846154 4307.692308 4229.743590 4256.410256 4250.769231 4336.410256 4209.230769
4256.410256 4247.692308 4285.128205 4287.179487 4222.051282 4286.666667 4285.641026 4268.717949 4254.871795 4215.897436 4220.512821 4235.897436 4254.358974 4230.769231
4253.846154 4247.692308 4271.282051 4281.025641 4235.897436 4291.282051 4292.820513 4273.333333 4259.487179 4220.000000 4220.512821 4243.589744 4240.000000 4241.538462
4284.102564 4255.384615 4339.487179 4336.410256 4224.102564 4331.282051 4334.871795 4332.307692 4310.256410 4233.333333 4253.846154 4259.487179 4319.487179 4233.333333
4300.512821 4262.564103 4368.205128 4357.948718 4217.435897 4342.564103 4332.307692 4329.743590 4309.230769 4236.923077 4262.564103 4273.333333 4350.256410 4236.410256
4281.025641 4252.820513 4339.487179 4333.846154 4211.794872 4344.102564 4328.205128 4308.717949 4286.153846 4226.153846 4246.666667 4255.897436 4323.076923 4227.692308
4266.666667 4252.820513 4308.717949 4309.743590 4227.179487 4328.717949 4328.717949 4319.487179 4289.230769 4226.153846 4238.461538 4244.102564 4285.128205 4223.076923
4267.179487 4257.435897 4310.769231 4304.615385 4235.384615 4290.256410 4292.820513 4323.076923 4298.461538 4228.205128 4245.641026 4242.051282 4290.256410 4210.769231
4264.102564 4253.333333 4317.948718 4300.000000 4220.512821 4275.897436 4262.564103 4292.307692 4289.230769 4226.666667 4244.102564 4241.538462 4306.666667 4216.410256
4253.846154 4253.333333 4290.256410 4278.461538 4227.692308 4297.948718 4293.333333 4295.897436 4294.871795 4222.051282 4229.230769 4247.692308 4267.692308 4239.487179
4230.769231 4238.461538 4254.358974 4249.743590 4228.205128 4287.692308 4298.461538 4322.051282 4311.794872 4216.923077 4215.384615 4228.205128 4221.538462 4220.512821
4234.358974 4235.384615 4270.256410 4255.384615 4224.615385 4255.384615 4243.589744 4276.410256 4273.333333 4232.820513 4222.051282 4242.564103 4243.076923 4220.000000
4265.641026 4251.794872 4325.128205 4297.435897 4217.948718 4307.692308 4272.820513 4241.538462 4225.641026 4237.435897 4242.564103 4270.256410 4302.564103 4236.923077
4270.256410 4256.923077 4327.692308 4301.538462 4211.794872 4350.769231 4327.179487 4275.384615 4243.076923 4226.153846 4245.641026 4253.333333 4304.102564 4233.333333
4258.974359 4255.384615 4297.435897 4281.025641 4235.897436 4301.538462 4288.717949 4295.897436 4271.794872 4228.717949 4242.051282 4248.205128 4278.974359 4222.051282
4247.692308 4238.974359 4292.820513 4278.461538 4232.307692 4271.794872 4255.384615 4279.487179 4262.051282 4225.641026 4238.974359 4240.000000 4274.358974 4204.102564
4252.820513 4237.948718 4292.820513 4280.512821 4218.974359 4291.282051 4274.871795 4260.000000 4249.230769 4221.538462 4229.230769 4243.589744 4256.410256 4231.282051
4274.358974 4260.000000 4308.205128 4300.000000 4225.128205 4324.102564 4312.820513 4287.179487 4281.025641 4220.512821 4237.435897 4260.000000 4270.256410 4257.948718
4262.564103 4251.282051 4302.051282 4302.051282 4219.487179 4309.743590 4309.743590 4315.384615 4304.102564 4222.564103 4243.076923 4240.000000 4282.564103 4231.794872
4258.974359 4247.692308 4300.000000 4303.589744 4227.179487 4293.333333 4297.948718 4313.846154 4293.846154 4233.846154 4244.615385 4248.717949 4280.512821 4227.692308
4279.487179 4257.435897 4339.487179 4330.769231 4224.102564 4323.589744 4321.025641 4316.923077 4298.974359 4229.743590 4254.358974 4265.128205 4317.948718 4228.717949
4271.794872 4249.743590 4318.461538 4308.717949 4218.974359 4304.102564 4304.615385 4301.538462 4294.358974 4223.076923 4243.076923 4250.256410 4301.538462 4221.025641
4261.025641 4248.717949 4279.487179 4270.769231 4232.820513 4271.794872 4287.179487 4297.948718 4284.102564 4224.102564 4237.948718 4243.076923 4264.102564 4221.025641
4261.025641 4243.589744 4290.256410 4269.230769 4224.102564 4268.717949 4274.871795 4289.230769 4269.743590 4224.615385 4243.589744 4240.512821 4278.974359 4218.461538
4266.153846 4242.051282 4297.948718 4272.307692 4222.564103 4269.230769 4262.564103 4261.538462 4252.820513 4230.769231 4239.487179 4257.435897 4279.487179 4239.487179
4278.974359 4249.743590 4308.205128 4280.512821 4224.102564 4304.102564 4318.461538 4305.128205 4287.692308 4228.205128 4249.743590 4258.461538 4285.128205 4247.179487
4277.948718 4245.641026 4314.871795 4283.076923 4222.564103 4298.461538 4317.948718 4321.025641 4288.205128 4226.153846 4258.974359 4245.641026 4296.923077 4227.179487
4269.743590 4235.897436 4317.948718 4282.051282 4224.102564 4268.205128 4259.487179 4261.538462 4238.461538 4233.333333 4253.846154 4258.461538 4298.461538 4221.025641
4281.538462 4240.512821 4333.846154 4294.871795 4211.794872 4305.128205 4295.897436 4273.846154 4257.948718 4232.307692 4263.076923 4265.128205 4318.974359 4240.000000
4302.564103 4262.564103 4335.384615 4302.051282 4228.717949 4331.282051 4347.179487 4335.384615 4312.307692 4227.179487 4278.974359 4265.128205 4330.256410 4253.333333
4290.769231 4257.435897 4331.282051 4297.948718 4237.948718 4296.923077 4313.333333 4339.487179 4311.282051 4224.102564 4274.358974 4251.794872 4327.179487 4219.487179
4276.410256 4239.487179 4329.743590 4294.358974 4217.948718 4274.358974 4269.743590 4291.794872 4273.846154 4229.743590 4259.487179 4250.256410 4324.102564 4210.769231
4285.128205 4245.128205 4313.846154 4287.179487 4217.435897 4285.128205 4275.897436 4259.487179 4251.794872 4229.743590 4252.820513 4268.205128 4307.692308 4242.564103
4276.923077 4242.051282 4291.794872 4270.256410 4218.461538 4284.102564 4284.102564 4260.000000 4253.333333 4221.025641 4248.205128 4252.820513 4283.076923 4241.025641
4265.128205 4241.025641 4289.230769 4261.025641 4232.307692 4261.025641 4262.564103 4268.205128 4261.025641 4229.743590 4247.692308 4250.769231 4272.820513 4227.692308
4274.358974 4245.641026 4319.487179 4283.589744 4228.717949 4269.230769 4268.205128 4282.564103 4267.179487 4237.435897 4262.051282 4262.051282 4306.666667 4216.410256
4286.666667 4247.179487 4332.307692 4299.487179 4211.282051 4293.846154 4302.564103 4298.461538 4280.000000 4230.256410 4271.794872 4258.974359 4325.641026 4225.641026
4293.846154 4262.564103 4317.948718 4292.820513 4234.871795 4297.948718 4326.153846 4329.743590 4317.435897 4225.128205 4277.948718 4261.538462 4314.358974 4244.615385
4280.000000 4259.487179 4309.230769 4284.102564 4237.948718 4291.794872 4314.871795 4331.282051 4310.256410 4224.102564 4270.256410 4245.128205 4312.820513 4226.153846
4263.076923 4247.179487 4296.923077 4275.384615 4219.487179 4281.538462 4285.128205 4270.256410 4247.179487 4227.692308 4248.717949 4253.333333 4287.692308 4234.358974
4265.128205 4248.717949 4295.897436 4275.384615 4213.333333 4299.487179 4305.641026 4267.692308 4256.410256 4223.589744 4250.256410 4271.794872 4278.974359 4258.974359
4266.666667 4249.743590 4301.025641 4273.333333 4221.538462 4298.461538 4312.820513 4311.282051 4296.923077 4221.538462 4264.102564 4254.358974 4303.589744 4241.025641
4269.743590 4255.897436 4315.384615 4282.564103 4238.974359 4271.282051 4273.846154 4302.051282 4275.897436 4231.282051 4268.205128 4257.435897 4317.435897 4217.948718
4272.820513 4251.794872 4334.358974 4300.000000 4222.564103 4276.410256 4269.743590 4289.743590 4265.641026 4232.820513 4263.589744 4262.051282 4320.512821 4214.358974
4274.871795 4250.769231 4314.358974 4290.769231 4217.435897 4280.512821 4287.692308 4303.076923 4285.128205 4226.153846 4256.923077 4257.435897 4297.948718 4237.948718
4270.256410 4256.923077 4294.871795 4277.948718 4235.384615 4272.820513 4283.076923 4300.000000 4282.051282 4218.974359 4259.487179 4250.256410 4287.692308 4237.435897
4254.871795 4246.153846 4295.384615 4278.461538 4226.153846 4267.179487 4258.974359 4266.666667 4249.743590 4222.564103 4257.435897 4242.564103 4297.435897 4215.897436
4255.384615 4243.076923 4293.333333 4283.076923 4218.461538 4271.794872 4270.256410 4268.717949 4253.333333 4233.333333 4254.358974 4266.666667 4295.384615 4230.769231
4259.487179 4242.051282 4293.333333 4276.410256 4212.820513 4288.717949 4304.615385 4315.897436 4306.153846 4229.743590 4261.025641 4268.205128 4297.435897 4236.923077
4258.461538 4244.102564 4288.205128 4260.000000 4223.589744 4272.820513 4281.025641 4298.974359 4293.333333 4225.641026 4262.564103 4257.948718 4292.307692 4228.717949
4268.717949 4253.846154 4312.307692 4278.461538 4231.282051 4266.666667 4263.589744 4263.076923 4240.512821 4228.205128 4266.666667 4266.666667 4304.615385 4226.666667
4271.794872 4247.179487 4327.179487 4296.410256 4209.743590 4282.564103 4281.538462 4279.487179 4253.846154 4229.230769 4266.666667 4256.410256 4310.256410 4230.256410
4265.641026 4245.128205 4293.846154 4276.923077 4225.128205 4278.461538 4285.128205 4294.358974 4280.000000 4227.692308 4254.871795 4252.307692 4277.435897 4242.051282
4256.410256 4245.641026 4276.923077 4263.076923 4238.461538 4271.282051 4284.102564 4293.333333 4267.179487 4220.512821 4251.282051 4245.128205 4270.256410 4225.128205
4249.230769 4238.974359 4282.051282 4264.102564 4220.512821 4260.512821 4266.153846 4275.897436 4249.230769 4227.179487 4253.333333 4247.692308 4282.564103 4222.051282
4252.307692 4235.384615 4284.102564 4266.153846 4215.897436 4263.076923 4257.435897 4263.076923 4258.461538 4231.794872 4253.333333 4266.153846 4287.179487 4246.153846
4251.794872 4228.717949 4280.512821 4257.948718 4218.974359 4267.692308 4266.666667 4277.435897 4274.358974 4224.102564 4253.333333 4257.948718 4290.769231 4237.435897
4255.384615 4227.179487 4283.076923 4253.333333 4230.769231 4245.128205 4253.333333 4281.025641 4258.974359 4230.256410 4257.435897 4259.487179 4293.333333 4216.410256
4256.923077 4218.461538 4290.769231 4257.435897 4217.948718 4245.128205 4250.256410 4261.025641 4232.307692 4233.333333 4254.358974 4261.025641 4292.820513 4212.820513
4269.230769 4227.179487 4295.384615 4269.230769 4210.769231 4282.051282 4291.282051 4281.025641 4262.051282 4230.256410 4256.410256 4263.076923 4291.794872 4248.205128
4293.333333 4258.974359 4314.871795 4293.846154 4237.948718 4312.307692 4323.076923 4334.358974 4315.384615 4225.641026 4276.923077 4270.256410 4323.589744 4252.820513
4269.743590 4244.615385 4297.435897 4282.564103 4232.820513 4273.846154 4278.461538 4314.871795 4291.794872 4218.461538 4264.102564 4244.615385 4317.948718 4204.615385
4240.000000 4221.538462 4254.871795 4250.769231 4216.923077 4232.307692 4232.820513 4258.461538 4254.358974 4227.692308 4233.846154 4250.769231 4252.820513 4219.487179
4256.410256 4235.897436 4275.897436 4268.205128 4214.871795 4282.051282 4271.282051 4264.102564 4262.051282 4232.307692 4250.256410 4269.743590 4262.051282 4250.769231
4273.333333 4253.846154 4310.256410 4288.717949 4222.051282 4304.615385 4294.871795 4288.205128 4269.230769 4229.743590 4283.589744 4263.076923 4312.307692 4233.846154
4273.333333 4252.820513 4308.717949 4276.923077 4234.871795 4252.307692 4264.102564 4301.538462 4291.794872 4232.307692 4291.282051 4270.256410 4310.769231 4214.358974
4269.230769 4235.897436 4300.512821 4268.717949 4218.974359 4249.743590 4262.051282 4302.564103 4294.358974 4231.282051 4280.512821 4265.128205 4289.230769 4213.846154
4275.897436 4246.153846 4289.743590 4270.769231 4223.076923 4282.564103 4279.487179 4271.794872 4249.230769 4227.179487 4269.230769 4262.564103 4275.384615 4235.897436
4274.358974 4260.512821 4289.743590 4266.153846 4237.948718 4270.769231 4265.641026 4264.615385 4250.256410 4222.051282 4271.282051 4258.461538 4286.666667 4229.743590
4266.153846 4243.076923 4295.384615 4257.948718 4220.512821 4240.512821 4227.692308 4260.000000 4268.205128 4226.666667 4268.205128 4250.769231 4295.384615 4217.435897
4269.230769 4231.794872 4285.641026 4257.435897 4213.333333 4249.743590 4236.410256 4236.923077 4240.512821 4232.307692 4252.307692 4267.179487 4274.358974 4243.076923
4264.615385 4232.307692 4275.384615 4253.846154 4213.333333 4269.230769 4275.384615 4255.897436 4244.615385 4222.564103 4248.717949 4261.025641 4261.025641 4244.615385
4269.230769 4246.153846 4284.615385 4254.358974 4231.794872 4250.769231 4255.384615 4280.000000 4279.487179 4225.128205 4267.692308 4257.948718 4275.897436 4223.589744
4277.435897 4251.794872 4307.179487 4271.794872 4235.897436 4241.025641 4231.794872 4272.820513 4274.358974 4233.333333 4281.025641 4267.692308 4303.076923 4210.256410
4271.794872 4243.076923 4299.487179 4273.333333 4210.256410 4260.000000 4263.076923 4267.692308 4259.487179 4232.820513 4270.256410 4263.589744 4293.333333 4223.076923
4269.743590 4253.333333 4269.230769 4255.897436 4227.179487 4277.435897 4289.230769 4281.025641 4273.333333 4228.717949 4264.102564 4264.615385 4256.410256 4242.564103
4256.410256 4247.179487 4256.410256 4245.128205 4240.000000 4265.641026 4259.487179 4280.000000 4286.666667 4221.025641 4258.461538 4245.128205 4246.153846 4219.487179
4251.794872 4234.358974 4265.641026 4255.897436 4226.666667 4238.974359 4231.794872 4262.564103 4276.923077 4226.666667 4246.666667 4247.179487 4254.358974 4214.871795
4275.384615 4246.153846 4290.769231 4279.487179 4217.948718 4269.743590 4284.102564 4279.487179 4274.358974 4232.307692 4252.820513 4273.846154 4272.820513 4236.410256
4272.307692 4248.205128 4275.897436 4265.128205 4220.000000 4271.794872 4293.333333 4290.256410 4282.564103 4222.564103 4250.769231 4255.897436 4258.974359 4227.179487
4260.512821 4232.820513 4258.461538 4253.846154 4236.923077 4210.769231 4226.153846 4266.666667 4281.025641 4225.641026 4243.076923 4251.282051 4245.128205 4216.923077
4282.051282 4210.769231 4307.179487 4297.948718 4220.512821 4232.307692 4238.461538 4263.589744 4276.923077 4234.871795 4261.025641 4271.282051 4301.538462 4218.461538
4291.794872 4209.230769 4307.692308 4296.410256 4209.743590 4272.820513 4270.256410 4241.025641 4248.205128 4228.205128 4261.538462 4273.333333 4301.025641 4235.384615
4274.358974 4226.666667 4249.743590 4240.512821 4230.256410 4240.000000 4240.512821 4209.230769 4225.641026 4218.974359 4238.461538 4258.461538 4236.923077 4238.974359
4270.769231 4227.179487 4253.333333 4235.384615 4225.128205 4222.564103 4230.769231 4225.641026 4244.615385 4228.717949 4238.974359 4250.256410 4241.025641 4225.128205
4292.820513 4231.282051 4298.461538 4275.897436 4217.948718 4251.282051 4261.538462 4241.538462 4253.333333 4238.974359 4253.846154 4273.846154 4277.435897 4235.897436
4295.384615 4235.384615 4299.487179 4283.076923 4210.769231 4262.564103 4275.897436 4236.410256 4251.282051 4225.641026 4248.205128 4265.641026 4266.666667 4237.435897
4279.487179 4229.743590 4265.128205 4253.333333 4218.461538 4230.769231 4256.923077 4238.974359 4255.897436 4224.102564 4231.282051 4246.153846 4231.282051 4223.589744
4287.692308 4240.000000 4278.974359 4256.923077 4238.974359 4224.615385 4255.384615 4257.948718 4266.153846 4235.384615 4245.641026 4260.000000 4250.769231 4215.384615
4303.076923 4256.410256 4315.384615 4286.153846 4223.589744 4261.538462 4288.717949 4277.435897 4279.487179 4230.769231 4266.666667 4263.076923 4294.358974 4221.538462
4300.000000 4257.948718 4290.256410 4273.846154 4221.538462 4269.230769 4302.051282 4268.717949 4276.410256 4224.615385 4252.307692 4264.615385 4265.641026 4243.076923
4283.076923 4241.538462 4254.358974 4245.641026 4230.256410 4252.307692 4283.076923 4261.025641 4272.820513 4221.025641 4236.923077 4255.384615 4221.538462 4232.820513
4278.974359 4232.307692 4262.564103 4257.435897 4225.641026 4245.128205 4273.333333 4266.153846 4268.205128 4226.153846 4246.153846 4253.846154 4228.717949 4221.025641
4278.461538 4232.307692 4268.717949 4271.794872 4221.025641 4236.410256 4270.769231 4252.820513 4257.948718 4228.717949 4241.538462 4266.153846 4238.461538 4228.205128
4267.692308 4221.025641 4255.384615 4262.564103 4211.282051 4227.692308 4253.333333 4236.923077 4262.051282 4224.615385 4228.205128 4248.205128 4229.743590 4224.102564
4284.615385 4236.923077 4267.692308 4275.897436 4231.282051 4231.794872 4253.333333 4265.641026 4288.717949 4231.282051 4251.282051 4253.333333 4245.641026 4230.256410
4298.461538 4249.743590 4297.948718 4300.000000 4239.487179 4242.564103 4279.487179 4301.025641 4304.615385 4232.820513 4272.307692 4263.076923 4283.589744 4215.897436
4279.487179 4231.794872 4281.538462 4284.615385 4217.948718 4230.256410 4253.846154 4244.615385 4253.333333 4225.128205 4244.615385 4245.641026 4267.692308 4209.230769
4278.461538 4238.974359 4254.871795 4272.307692 4225.641026 4237.435897 4235.384615 4189.743590 4211.282051 4221.538462 4227.692308 4254.358974 4232.307692 4242.564103
4289.230769 4251.794872 4267.692308 4283.076923 4227.692308 4268.717949 4283.589744 4243.589744 4252.820513 4221.025641 4245.128205 4259.487179 4247.179487 4240.512821
4278.461538 4241.538462 4266.153846 4271.282051 4222.051282 4237.435897 4263.076923 4251.282051 4256.410256 4226.153846 4239.487179 4257.948718 4239.487179 4218.974359
4262.564103 4226.153846 4248.717949 4258.461538 4215.384615 4213.846154 4214.871795 4194.358974 4215.897436 4230.769231 4219.487179 4261.538462 4213.333333 4225.128205
4267.692308 4229.743590 4247.179487 4261.538462 4212.820513 4242.051282 4242.051282 4216.410256 4243.589744 4229.230769 4228.205128 4257.435897 4224.615385 4237.948718
4274.871795 4244.615385 4244.102564 4244.615385 4238.974359 4230.256410 4247.179487 4260.512821 4278.974359 4226.153846 4242.564103 4257.948718 4229.230769 4225.641026
4251.282051 4231.794872 4234.871795 4221.025641 4233.846154 4195.384615 4203.076923 4225.641026 4240.000000 4223.076923 4228.205128 4245.128205 4213.333333 4198.461538
4252.820513 4233.846154 4238.974359 4235.384615 4218.974359 4217.948718 4212.820513 4199.487179 4223.076923 4228.205128 4221.025641 4253.333333 4211.282051 4230.256410
4278.461538 4255.897436 4256.410256 4268.205128 4227.179487 4260.512821 4270.769231 4252.307692 4280.000000 4225.128205 4240.000000 4262.564103 4227.179487 4253.846154
4262.051282 4246.153846 4247.692308 4258.461538 4224.102564 4229.230769 4243.589744 4252.307692 4274.358974 4218.461538 4234.871795 4238.974359 4212.820513 4220.512821
4251.282051 4240.512821 4245.128205 4249.743590 4223.589744 4206.666667 4204.615385 4198.974359 4208.205128 4232.307692 4226.153846 4252.307692 4205.128205 4223.076923
4268.205128 4247.692308 4273.333333 4275.897436 4211.282051 4259.487179 4255.897436 4216.410256 4210.769231 4233.846154 4238.974359 4264.615385 4242.051282 4238.461538
4264.102564 4246.666667 4251.794872 4264.615385 4215.384615 4250.256410 4256.410256 4230.256410 4234.358974 4224.102564 4232.820513 4251.282051 4228.205128 4228.717949
4255.897436 4246.153846 4235.384615 4240.512821 4234.871795 4209.230769 4215.384615 4226.666667 4240.512821 4226.666667 4229.230769 4251.282051 4210.769231 4218.461538
4272.820513 4251.794872 4276.923077 4257.435897 4225.128205 4245.641026 4256.410256 4269.743590 4269.230769 4231.282051 4252.820513 4258.974359 4256.923077 4224.615385
4267.692308 4252.820513 4255.897436 4244.615385 4225.128205 4243.076923 4253.333333 4247.179487 4246.666667 4222.564103 4236.923077 4255.897436 4229.743590 4232.820513
4225.641026 4227.692308 4188.717949 4194.358974 4225.128205 4168.205128 4161.025641 4163.076923 4188.205128 4215.897436 4197.435897 4229.230769 4157.948718 4217.948718
4241.025641 4231.794872 4228.205128 4229.230769 4222.051282 4183.076923 4170.256410 4188.205128 4220.000000 4236.923077 4220.512821 4247.692308 4206.153846 4225.128205
4294.871795 4265.641026 4318.461538 4314.358974 4220.512821 4278.461538 4275.384615 4272.307692 4277.435897 4241.538462 4265.128205 4286.153846 4292.820513 4240.000000
4284.615385 4258.974359 4291.794872 4297.948718 4208.717949 4280.512821 4286.153846 4269.743590 4264.102564 4218.974359 4250.256410 4263.076923 4254.358974 4232.307692
4260.512821 4254.358974 4233.333333 4245.128205 4228.205128 4227.692308 4244.102564 4255.384615 4259.487179 4220.512821 4229.230769 4254.871795 4198.974359 4232.820513
4261.025641 4262.051282 4251.282051 4250.769231 4236.410256 4229.743590 4250.256410 4280.000000 4285.128205 4230.256410 4239.487179 4257.948718 4229.743590 4213.846154
4248.717949 4249.743590 4249.743590 4241.025641 4218.461538 4224.615385 4223.076923 4229.743590 4237.435897 4227.179487 4229.230769 4243.076923 4224.615385 4208.205128
4234.871795 4241.538462 4210.256410 4207.692308 4222.051282 4196.923077 4178.974359 4160.000000 4174.871795 4220.000000 4211.794872 4245.641026 4182.564103 4234.358974
4223.076923 4235.897436 4194.871795 4194.358974 4223.076923 4177.948718 4170.769231 4165.128205 4181.538462 4217.435897 4207.179487 4238.461538 4173.333333 4230.256410
4227.179487 4237.948718 4219.487179 4211.282051 4224.615385 4172.820513 4172.307692 4187.692308 4205.641026 4230.769231 4216.410256 4250.769231 4192.820513 4225.641026
4259.487179 4251.794872 4281.538462 4257.435897 4214.871795 4226.666667 4236.410256 4242.051282 4250.256410 4241.025641 4249.743590 4274.871795 4262.051282 4232.307692
4275.384615 4262.564103 4291.794872 4267.692308 4213.846154 4271.282051 4294.358974 4287.692308 4281.025641 4233.333333 4266.153846 4266.153846 4289.743590 4231.794872
4258.974359 4263.589744 4253.846154 4241.538462 4237.435897 4241.538462 4263.076923 4274.871795 4269.230769 4222.564103 4255.384615 4253.333333 4254.871795 4222.564103
4240.512821 4249.743590 4253.333333 4236.923077 4226.153846 4212.307692 4233.333333 4274.358974 4272.307692 4224.102564 4250.769231 4247.179487 4256.923077 4206.153846
4251.794872 4253.333333 4267.179487 4247.692308 4215.897436 4234.871795 4256.923077 4274.871795 4275.897436 4233.846154 4249.743590 4266.666667 4260.512821 4228.205128
4260.512821 4261.538462 4253.846154 4245.641026 4218.974359 4265.641026 4263.589744 4236.923077 4244.102564 4223.076923 4241.538462 4266.153846 4236.410256 4249.743590
4236.410256 4244.102564 4218.461538 4215.897436 4214.871795 4205.128205 4185.641026 4181.025641 4195.384615 4214.358974 4232.820513 4239.487179 4212.820513 4231.282051
4229.743590 4240.000000 4222.051282 4208.205128 4223.076923 4148.205128 4149.230769 4178.974359 4192.820513 4229.743590 4243.589744 4255.897436 4222.051282 4216.410256
4246.153846 4246.153846 4254.871795 4235.897436 4213.333333 4201.538462 4216.923077 4220.000000 4226.666667 4233.333333 4258.461538 4264.102564 4252.820513 4223.589744
4258.974359 4260.000000 4246.153846 4241.025641 4221.025641 4239.487179 4251.794872 4240.000000 4248.205128 4226.153846 4256.923077 4256.410256 4250.769231 4249.743590
4259.487179 4268.205128 4238.974359 4234.871795 4240.512821 4219.487179 4241.025641 4261.538462 4267.179487 4223.076923 4261.538462 4252.307692 4261.025641 4231.794872
4248.717949 4253.846154 4249.230769 4236.923077 4226.153846 4206.153846 4225.641026 4254.871795 4260.000000 4227.179487 4262.564103 4247.692308 4278.974359 4203.589744
4250.256410 4252.820513 4243.076923 4241.025641 4217.948718 4225.128205 4233.333333 4226.153846 4240.000000 4230.256410 4251.282051 4264.102564 4261.025641 4238.974359
4257.435897 4263.589744 4237.948718 4251.794872 4217.948718 4254.358974 4272.820513 4257.435897 4275.384615 4222.564103 4252.820513 4258.461538 4256.410256 4252.820513
4253.846154 4266.153846 4237.948718 4257.435897 4230.256410 4228.205128 4253.333333 4276.410256 4291.794872 4222.564103 4256.923077 4250.256410 4261.538462 4219.487179
4247.179487 4255.384615 4247.692308 4257.948718 4233.333333 4204.102564 4213.333333 4234.358974 4234.358974 4228.205128 4248.717949 4258.974359 4260.512821 4202.051282
4246.666667 4249.743590 4246.666667 4252.307692 4215.897436 4227.692308 4235.897436 4220.000000 4210.256410 4227.692308 4238.461538 4250.256410 4253.333333 4218.461538
4246.666667 4263.589744 4222.051282 4234.871795 4233.846154 4215.384615 4233.846154 4234.871795 4237.948718 4226.666667 4232.307692 4249.743590 4229.743590 4232.820513
4237.948718 4261.025641 4226.666667 4228.717949 4238.461538 4191.282051 4200.512821 4231.282051 4240.512821 4226.666667 4232.307692 4249.743590 4237.948718 4215.384615
4245.128205 4256.410256 4253.333333 4239.487179 4220.512821 4208.205128 4209.230769 4218.461538 4226.153846 4229.230769 4236.410256 4257.435897 4257.435897 4223.076923
4263.076923 4266.666667 4265.128205 4250.256410 4220.512821 4247.692308 4252.307692 4228.205128 4238.461538 4228.717949 4243.076923 4266.666667 4252.820513 4246.153846
4255.897436 4264.102564 4259.487179 4248.717949 4221.538462 4255.384615 4262.564103 4237.435897 4238.974359 4225.641026 4241.025641 4250.769231 4247.692308 4236.410256
4236.923077 4256.923077 4238.461538 4229.743590 4228.205128 4205.641026 4216.410256 4208.717949 4200.000000 4226.666667 4226.153846 4249.230769 4234.871795 4221.538462
4234.871795 4248.205128 4241.538462 4225.128205 4218.461538 4194.871795 4210.256410 4203.589744 4207.692308 4227.692308 4226.153846 4254.358974 4243.589744 4218.461538
4249.230769 4247.692308 4257.435897 4242.564103 4216.923077 4227.692308 4245.128205 4229.230769 4244.615385 4228.717949 4238.974359 4257.948718 4258.974359 4234.358974
4238.974359 4252.307692 4240.000000 4237.948718 4235.897436 4215.384615 4232.307692 4227.692308 4228.205128 4225.641026 4233.333333 4250.769231 4237.435897 4227.692308
4211.794872 4241.025641 4219.487179 4215.897436 4224.615385 4179.487179 4195.384615 4199.487179 4191.282051 4226.153846 4217.948718 4233.333333 4217.435897 4203.589744
4224.615385 4244.615385 4232.307692 4224.615385 4219.487179 4204.615385 4232.307692 4213.846154 4213.846154 4236.923077 4228.205128 4261.538462 4232.307692 4228.205128
4242.051282 4251.282051 4244.102564 4241.538462 4220.000000 4263.076923 4309.230769 4268.205128 4266.666667 4228.205128 4243.076923 4267.692308 4247.179487 4242.564103
4233.333333 4246.666667 4228.717949 4228.717949 4221.538462 4239.487179 4281.025641 4255.897436 4247.179487 4218.461538 4236.923077 4240.000000 4233.333333 4229.230769
4239.487179 4253.846154 4242.564103 4234.871795 4234.358974 4197.435897 4226.153846 4229.743590 4218.974359 4231.282051 4242.051282 4254.358974 4251.794872 4222.051282
4240.512821 4244.102564 4261.025641 4249.743590 4218.461538 4216.410256 4247.179487 4243.076923 4235.897436 4235.384615 4247.692308 4260.512821 4271.282051 4215.384615
4225.641026 4236.410256 4222.051282 4221.538462 4221.025641 4225.128205 4258.974359 4231.794872 4234.358974 4227.692308 4235.384615 4248.205128 4223.589744 4228.717949
4211.794872 4233.333333 4191.282051 4192.820513 4238.461538 4198.461538 4235.897436 4220.000000 4220.512821 4221.025641 4229.230769 4235.897436 4197.435897 4219.487179
4211.282051 4221.538462 4206.153846 4203.076923 4232.307692 4178.461538 4215.384615 4213.846154 4214.358974 4228.717949 4229.743590 4240.000000 4207.692308 4206.666667
4237.435897 4230.769231 4240.000000 4239.487179 4227.179487 4222.564103 4255.897436 4224.615385 4227.179487 4235.897436 4240.000000 4270.256410 4223.076923 4236.410256
4247.179487 4236.923077 4249.743590 4246.666667 4216.923077 4267.692308 4312.820513 4265.641026 4254.358974 4222.564103 4244.615385 4258.461538 4234.871795 4239.487179
4233.333333 4233.846154 4225.128205 4218.461538 4227.692308 4215.384615 4269.743590 4255.897436 4237.948718 4220.000000 4229.743590 4240.512821 4215.897436 4218.974359
4228.205128 4231.282051 4226.153846 4215.897436 4231.282051 4176.923077 4207.179487 4203.076923 4201.025641 4229.230769 4224.615385 4248.717949 4211.794872 4210.256410
4227.692308 4226.666667 4230.256410 4224.615385 4213.333333 4208.205128 4227.692308 4203.589744 4209.230769 4231.282051 4227.692308 4252.307692 4215.384615 4226.153846
4226.153846 4233.333333 4203.589744 4210.256410 4229.743590 4214.358974 4263.076923 4237.948718 4230.256410 4226.666667 4224.102564 4252.820513 4195.897436 4237.948718
4217.948718 4226.153846 4197.435897 4200.512821 4238.461538 4181.538462 4233.846154 4227.179487 4217.948718 4219.487179 4222.564103 4234.358974 4198.461538 4213.846154
4230.256410 4222.564103 4230.769231 4225.128205 4227.179487 4187.692308 4212.307692 4208.205128 4210.769231 4229.743590 4232.307692 4248.717949 4225.641026 4220.000000
4249.230769 4232.307692 4255.384615 4247.692308 4217.948718 4233.846154 4263.076923 4235.897436 4226.666667 4234.358974 4239.487179 4269.230769 4237.948718 4237.435897
4235.384615 4230.769231 4226.153846 4223.076923 4217.435897 4217.435897 4270.256410 4247.179487 4234.358974 4223.589744 4229.743590 4243.076923 4211.794872 4224.102564
4229.743590 4231.794872 4217.948718 4213.333333 4237.435897 4178.461538 4229.230769 4231.282051 4236.410256 4226.153846 4233.333333 4245.128205 4214.358974 4217.948718
4232.307692 4224.615385 4245.128205 4231.794872 4224.102564 4191.794872 4235.384615 4236.923077 4227.692308 4232.307692 4241.025641 4254.871795 4246.153846 4211.794872
4221.025641 4217.435897 4218.461538 4212.307692 4211.282051 4196.410256 4244.615385 4220.000000 4190.256410 4228.717949 4223.076923 4252.820513 4207.692308 4225.128205
4223.589744 4213.333333 4200.000000 4198.461538 4229.230769 4192.307692 4229.230769 4195.897436 4183.076923 4221.538462 4220.512821 4254.871795 4174.871795 4235.384615
4245.128205 4196.410256 4245.641026 4232.307692 4228.717949 4211.794872 4238.461538 4227.692308 4233.333333 4228.717949 4250.769231 4255.897436 4225.128205 4222.051282
4261.538462 4190.769231 4270.769231 4255.897436 4224.615385 4229.230769 4265.641026 4258.974359 4253.846154 4235.897436 4263.589744 4269.230769 4256.923077 4232.307692
4242.564103 4184.102564 4235.897436 4234.871795 4213.846154 4220.512821 4251.282051 4220.000000 4205.641026 4218.974359 4235.384615 4250.769231 4216.923077 4237.435897
4232.820513 4186.153846 4215.897436 4215.897436 4216.923077 4197.435897 4226.153846 4200.512821 4192.307692 4220.512821 4224.615385 4242.564103 4200.000000 4233.846154
4260.000000 4210.256410 4266.153846 4249.230769 4232.820513 4219.487179 4271.282051 4274.358974 4256.410256 4236.410256 4260.000000 4268.205128 4263.589744 4225.128205
4262.051282 4203.589744 4280.000000 4262.051282 4214.871795 4240.000000 4291.282051 4290.769231 4269.230769 4230.769231 4258.974359 4256.410256 4271.282051 4215.384615
4242.564103 4187.692308 4220.512821 4223.589744 4218.461538 4196.923077 4230.769231 4217.435897 4214.358974 4220.512821 4222.051282 4244.615385 4192.820513 4232.307692
4245.128205 4199.487179 4223.076923 4225.128205 4234.358974 4185.641026 4227.692308 4231.282051 4226.666667 4221.538462 4236.923077 4249.230769 4207.692308 4229.743590
4251.794872 4209.743590 4259.487179 4252.820513 4231.282051 4200.512821 4245.128205 4262.564103 4246.666667 4226.153846 4258.974359 4251.282051 4259.487179 4216.410256
4232.307692 4193.333333 4226.153846 4232.820513 4224.615385 4180.000000 4209.743590 4205.641026 4202.564103 4223.076923 4228.205128 4250.256410 4212.820513 4227.692308
4215.897436 4178.461538 4195.897436 4205.128205 4212.307692 4175.897436 4209.230769 4185.641026 4189.743590 4218.461538 4210.256410 4241.025641 4176.410256 4240.000000
4241.538462 4213.846154 4233.333333 4226.153846 4227.692308 4206.153846 4246.153846 4225.641026 4209.230769 4228.717949 4242.564103 4256.410256 4216.923077 4240.000000
4266.666667 4247.692308 4286.666667 4266.666667 4229.743590 4235.384615 4262.564103 4249.743590 4215.897436 4234.871795 4270.256410 4267.179487 4270.769231 4218.461538
4256.923077 4239.487179 4274.358974 4263.076923 4215.384615 4225.128205 4248.205128 4247.179487 4222.051282 4229.743590 4257.435897 4256.410256 4260.000000 4220.000000
4242.051282 4234.358974 4227.179487 4230.769231 4231.794872 4199.487179 4229.230769 4238.461538 4230.256410 4221.538462 4237.948718 4252.820513 4205.128205 4238.974359
4232.307692 4231.282051 4211.282051 4215.897436 4234.871795 4187.179487 4214.358974 4229.230769 4223.589744 4217.948718 4232.820513 4234.871795 4190.769231 4219.487179
4233.846154 4225.641026 4220.512821 4221.025641 4226.153846 4184.615385 4205.641026 4210.769231 4194.358974 4229.743590 4230.256410 4244.102564 4205.128205 4216.410256
4239.487179 4221.538462 4244.102564 4237.948718 4213.333333 4220.512821 4241.025641 4218.461538 4188.205128 4231.794872 4234.871795 4263.076923 4222.564103 4236.410256
4240.000000 4226.153846 4243.589744 4246.153846 4212.307692 4233.846154 4250.769231 4227.179487 4202.051282 4224.102564 4243.076923 4251.794872 4235.384615 4234.871795
4231.282051 4234.358974 4212.307692 4233.333333 4234.871795 4170.769231 4182.564103 4202.051282 4191.794872 4225.641026 4241.025641 4245.128205 4230.256410 4210.256410
4212.307692 4215.897436 4205.641026 4224.102564 4221.025641 4137.435897 4153.846154 4192.307692 4180.512821 4230.769231 4231.282051 4243.589744 4221.025641 4197.948718
4230.256410 4220.512821 4232.307692 4245.128205 4212.820513 4196.923077 4225.641026 4235.897436 4225.641026 4234.871795 4243.076923 4265.641026 4233.333333 4240.512821
4255.897436 4243.589744 4239.487179 4257.435897 4231.282051 4248.717949 4278.974359 4280.512821 4271.794872 4221.538462 4259.487179 4263.076923 4258.461538 4250.256410
4226.153846 4221.025641 4197.948718 4213.846154 4230.256410 4193.846154 4211.794872 4218.461538 4195.384615 4214.358974 4234.871795 4230.256410 4228.205128 4211.282051
4214.871795 4204.615385 4201.025641 4201.538462 4221.538462 4154.358974 4171.282051 4155.384615 4124.102564 4232.307692 4221.538462 4253.333333 4207.692308 4218.461538
4243.589744 4216.923077 4251.794872 4246.153846 4206.666667 4212.307692 4243.076923 4220.512821 4196.923077 4234.871795 4246.153846 4266.153846 4254.358974 4241.025641
4244.615385 4216.923077 4231.282051 4247.692308 4220.512821 4209.230769 4238.461538 4243.076923 4229.230769 4223.589744 4244.102564 4244.615385 4245.641026 4234.358974
4222.051282 4196.410256 4199.487179 4226.153846 4238.974359 4151.282051 4172.307692 4187.179487 4165.641026 4228.205128 4228.717949 4240.512821 4216.410256 4205.128205
4226.666667 4188.205128 4228.205128 4244.615385 4222.564103 4180.000000 4207.692308 4206.153846 4180.000000 4237.435897 4239.487179 4251.794872 4244.102564 4206.153846
4253.333333 4209.743590 4249.230769 4264.615385 4225.128205 4245.128205 4284.102564 4269.743590 4249.230769 4228.205128 4249.230769 4267.692308 4253.333333 4244.615385
4244.615385 4205.641026 4227.692308 4250.769231 4227.179487 4223.076923 4259.487179 4254.871795 4231.282051 4214.358974 4237.435897 4248.205128 4227.179487 4232.820513
4227.692308 4197.435897 4212.820513 4243.589744 4223.589744 4157.948718 4183.076923 4189.743590 4160.512821 4226.666667 4231.794872 4242.051282 4221.025641 4212.307692
4248.717949 4214.358974 4248.717949 4276.923077 4224.615385 4189.743590 4216.923077 4203.589744 4173.333333 4236.410256 4250.769231 4266.666667 4264.102564 4229.743590
4259.487179 4213.846154 4261.538462 4289.230769 4215.897436 4236.410256 4272.820513 4248.717949 4221.538462 4225.641026 4255.384615 4257.435897 4276.923077 4235.384615
4249.743590 4212.820513 4226.666667 4260.512821 4232.820513 4192.820513 4227.692308 4231.794872 4213.846154 4224.615385 4247.179487 4249.743590 4239.487179 4224.102564
4246.153846 4212.820513 4229.743590 4248.717949 4234.871795 4163.589744 4191.282051 4213.846154 4203.076923 4229.743590 4253.333333 4248.717949 4253.333333 4208.205128
4247.692308 4202.051282 4240.000000 4246.153846 4218.461538 4174.871795 4198.461538 4195.897436 4184.615385 4229.743590 4245.128205 4246.666667 4260.512821 4217.948718
4251.282051 4208.205128 4231.282051 4244.102564 4223.589744 4194.871795 4223.589744 4188.717949 4172.820513 4224.615385 4235.384615 4253.333333 4231.794872 4238.974359
4253.333333 4215.897436 4236.923077 4249.743590 4222.051282 4217.948718 4262.564103 4237.435897 4215.897436 4221.538462 4245.128205 4246.153846 4240.000000 4233.333333
4250.769231 4210.769231 4239.487179 4253.333333 4224.615385 4206.666667 4253.846154 4249.743590 4226.153846 4229.743590 4242.564103 4253.846154 4246.153846 4227.179487
4254.871795 4205.641026 4249.743590 4269.743590 4218.974359 4200.000000 4228.717949 4211.282051 4192.307692 4230.256410 4240.000000 4258.461538 4253.333333 4228.205128
4268.717949 4214.871795 4256.923077 4278.461538 4220.000000 4206.666667 4229.743590 4206.666667 4192.820513 4223.589744 4253.846154 4250.256410 4272.307692 4236.410256
4272.307692 4222.564103 4254.358974 4270.256410 4237.948718 4198.461538 4238.461538 4240.000000 4221.025641 4225.641026 4266.666667 4256.923077 4279.487179 4228.717949
4256.923077 4211.282051 4253.846154 4264.102564 4226.153846 4177.948718 4225.128205 4242.051282 4223.589744 4227.179487 4261.538462 4249.230769 4274.871795 4206.666667
4256.923077 4215.897436 4247.179487 4263.076923 4222.564103 4167.692308 4210.256410 4207.692308 4207.692308 4228.717949 4251.282051 4253.333333 4254.871795 4232.820513
4264.102564 4222.051282 4248.205128 4271.282051 4226.666667 4201.538462 4243.589744 4224.102564 4216.923077 4224.615385 4258.974359 4257.948718 4254.358974 4251.282051
4258.461538 4217.435897 4253.333333 4274.871795 4225.128205 4211.794872 4249.230769 4248.205128 4220.512821 4223.076923 4263.076923 4245.641026 4264.615385 4226.666667
4255.384615 4218.461538 4261.025641 4272.820513 4227.692308 4180.512821 4212.820513 4217.948718 4202.564103 4231.282051 4253.846154 4253.333333 4265.641026 4215.897436
4254.871795 4207.179487 4266.153846 4271.794872 4206.153846 4190.256410 4225.641026 4200.000000 4190.256410 4232.307692 4248.717949 4255.897436 4266.666667 4224.102564
4263.589744 4214.358974 4253.333333 4270.256410 4216.410256 4218.974359 4262.051282 4223.076923 4191.794872 4226.666667 4255.384615 4260.000000 4263.589744 4244.615385
4264.615385 4226.666667 4250.769231 4265.641026 4240.512821 4209.230769 4253.333333 4245.128205 4210.256410 4220.512821 4264.102564 4254.358974 4275.384615 4229.743590
4258.461538 4214.358974 4264.615385 4260.000000 4227.692308 4194.358974 4234.871795 4240.000000 4224.102564 4227.179487 4266.666667 4249.743590 4288.717949 4214.871795
4278.974359 4220.512821 4281.538462 4273.846154 4222.564103 4236.410256 4282.051282 4247.692308 4229.230769 4232.820513 4272.820513 4274.871795 4294.358974 4247.692308
4282.051282 4226.666667 4283.589744 4274.871795 4220.000000 4259.487179 4301.538462 4253.333333 4224.615385 4217.948718 4272.307692 4262.564103 4300.000000 4246.153846
4258.461538 4214.871795 4264.102564 4243.076923 4225.128205 4188.205128 4217.435897 4221.025641 4202.051282 4218.461538 4263.076923 4246.153846 4291.794872 4217.948718
4244.102564 4200.512821 4252.307692 4223.589744 4228.717949 4141.538462 4164.615385 4193.333333 4173.846154 4232.307692 4256.410256 4253.333333 4282.564103 4204.615385
4245.641026 4197.435897 4249.743590 4225.128205 4217.435897 4174.358974 4199.487179 4195.897436 4168.717949 4234.358974 4254.358974 4254.358974 4273.333333 4220.000000
4269.230769 4223.076923 4266.153846 4247.179487 4233.333333 4215.384615 4249.230769 4233.333333 4209.230769 4228.205128 4271.794872 4269.230769 4282.564103 4243.589744
4276.923077 4231.794872 4290.256410 4268.717949 4239.487179 4226.153846 4271.794872 4276.410256 4249.743590 4222.564103 4288.717949 4260.000000 4315.897436 4223.589744
4261.538462 4217.435897 4284.615385 4262.564103 4226.153846 4217.435897 4268.717949 4272.820513 4245.128205 4229.230769 4280.512821 4257.948718 4320.000000 4218.461538
4255.897436 4214.871795 4269.230769 4251.282051 4218.974359 4223.589744 4269.743590 4249.743590 4226.153846 4226.153846 4272.820513 4269.743590 4296.923077 4239.487179
4256.923077 4215.384615 4265.128205 4247.179487 4219.487179 4226.666667 4269.230769 4245.641026 4222.051282 4218.974359 4273.846154 4254.871795 4281.025641 4238.461538
4272.307692 4226.153846 4293.333333 4264.615385 4236.923077 4225.128205 4278.974359 4275.897436 4247.179487 4230.769231 4288.205128 4268.205128 4310.256410 4231.282051
4275.384615 4224.615385 4320.000000 4277.948718 4223.076923 4232.820513 4284.615385 4285.128205 4254.358974 4233.333333 4293.333333 4272.820513 4348.205128 4215.897436
4253.846154 4212.307692 4272.820513 4239.487179 4213.333333 4193.846154 4223.589744 4210.769231 4197.948718 4221.538462 4263.076923 4251.282051 4288.717949 4220.512821
4248.205128 4217.435897 4242.564103 4219.487179 4237.435897 4167.692308 4193.846154 4184.102564 4180.512821 4221.538462 4256.410256 4251.282051 4240.000000 4230.256410
4269.230769 4223.589744 4297.435897 4261.025641 4232.307692 4213.333333 4256.410256 4257.435897 4230.769231 4232.820513 4288.717949 4263.076923 4303.589744 4222.564103
4282.051282 4227.692308 4321.025641 4280.512821 4224.615385 4231.794872 4279.487179 4270.769231 4234.358974 4235.384615 4292.307692 4275.897436 4327.179487 4229.743590
4265.641026 4221.538462 4284.102564 4252.820513 4221.025641 4208.205128 4245.128205 4230.256410 4211.794872 4223.076923 4271.794872 4263.589744 4279.487179 4231.794872
4258.974359 4220.000000 4273.846154 4246.153846 4222.564103 4198.461538 4236.923077 4230.256410 4216.923077 4226.153846 4278.974359 4260.512821 4277.948718 4224.615385
4266.666667 4227.692308 4303.589744 4269.743590 4229.743590 4221.538462 4271.282051 4257.435897 4223.076923 4234.871795 4294.871795 4278.461538 4323.076923 4217.948718
4253.846154 4213.846154 4292.820513 4260.512821 4210.256410 4231.794872 4278.974359 4253.333333 4217.948718 4226.153846 4277.948718 4264.102564 4313.846154 4219.487179
4250.256410 4217.948718 4253.846154 4234.358974 4218.974359 4207.692308 4246.666667 4231.282051 4218.974359 4225.128205 4264.102564 4263.076923 4264.615385 4244.102564
4272.820513 4238.974359 4287.179487 4257.435897 4237.435897 4218.461538 4267.692308 4272.307692 4262.564103 4229.230769 4292.820513 4273.846154 4303.589744 4233.846154
4284.615385 4241.538462 4332.307692 4286.153846 4226.666667 4240.000000 4294.871795 4302.564103 4277.948718 4228.717949 4309.743590 4270.769231 4349.230769 4213.846154
4274.358974 4234.358974 4303.076923 4267.692308 4220.512821 4223.076923 4263.589744 4245.641026 4219.487179 4224.615385 4286.153846 4271.282051 4302.564103 4232.307692
4256.410256 4223.589744 4261.538462 4238.461538 4216.923077 4201.538462 4247.692308 4215.897436 4202.051282 4219.487179 4274.358974 4260.000000 4259.487179 4242.051282
4268.717949 4234.871795 4283.589744 4252.820513 4232.307692 4207.179487 4269.230769 4265.641026 4255.384615 4229.743590 4302.051282 4273.333333 4287.179487 4237.435897
4290.256410 4247.179487 4332.820513 4287.179487 4231.282051 4224.615385 4276.923077 4295.384615 4279.487179 4235.897436 4328.205128 4286.153846 4337.948718 4223.589744
4275.897436 4236.410256 4311.794872 4271.282051 4211.282051 4211.282051 4258.974359 4258.461538 4242.564103 4227.179487 4311.282051 4269.230769 4318.461538 4223.589744
4267.692308 4240.000000 4278.461538 4248.205128 4228.717949 4206.666667 4264.615385 4249.743590 4229.230769 4223.589744 4299.487179 4270.769231 4290.769231 4235.897436
4277.948718 4246.666667 4301.538462 4266.666667 4234.871795 4227.179487 4278.461538 4273.333333 4242.051282 4228.205128 4315.384615 4270.769231 4329.743590 4219.487179
4280.512821 4244.102564 4309.743590 4275.897436 4224.615385 4214.871795 4249.230769 4241.538462 4219.487179 4233.333333 4313.333333 4276.410256 4336.923077 4222.051282
4267.692308 4232.820513 4289.743590 4260.512821 4215.384615 4201.025641 4234.871795 4211.282051 4210.769231 4224.102564 4291.794872 4273.333333 4301.538462 4238.974359
4264.615385 4226.666667 4285.128205 4255.897436 4215.897436 4216.923077 4258.974359 4238.974359 4237.948718 4222.564103 4290.256410 4261.025641 4301.025641 4237.948718
4284.615385 4240.512821 4309.743590 4275.384615 4237.435897 4230.256410 4273.333333 4265.128205 4248.717949 4236.410256 4310.256410 4276.923077 4334.871795 4227.692308
4285.641026 4235.897436 4324.615385 4281.025641 4225.128205 4226.153846 4262.564103 4258.974359 4246.666667 4235.384615 4312.307692 4273.333333 4343.076923 4210.256410
4277.948718 4232.307692 4295.897436 4259.487179 4217.948718 4206.153846 4242.564103 4236.410256 4243.589744 4227.692308 4293.333333 4268.205128 4302.051282 4229.230769
4281.538462 4242.564103 4280.512821 4254.871795 4233.333333 4208.205128 4253.333333 4243.589744 4246.153846 4222.051282 4291.282051 4270.256410 4292.820513 4244.102564
4276.410256 4234.358974 4290.769231 4257.948718 4225.128205 4214.871795 4261.025641 4256.923077 4236.410256 4223.589744 4295.384615 4259.487179 4312.820513 4222.051282
4274.871795 4228.717949 4291.794872 4251.282051 4222.564103 4210.769231 4250.256410 4235.384615 4217.435897 4229.743590 4288.205128 4274.871795 4305.128205 4228.717949
4282.564103 4227.692308 4300.000000 4262.051282 4220.512821 4231.282051 4266.666667 4233.846154 4238.974359 4225.641026 4291.794872 4281.538462 4309.743590 4244.102564
4284.615385 4230.769231 4299.487179 4267.692308 4229.230769 4222.564103 4266.666667 4251.794872 4254.358974 4223.589744 4302.051282 4273.333333 4317.948718 4235.384615
4272.820513 4229.743590 4291.794872 4259.487179 4236.410256 4192.820513 4243.589744 4249.743590 4226.153846 4229.743590 4299.487179 4274.871795 4320.512821 4210.256410
4273.333333 4219.487179 4306.153846 4274.358974 4216.410256 4214.358974 4256.410256 4247.692308 4226.153846 4235.384615 4296.923077 4278.974359 4340.512821 4216.410256
4300.000000 4235.384615 4321.538462 4300.000000 4227.692308 4250.256410 4288.717949 4262.564103 4264.102564 4231.794872 4314.358974 4292.307692 4350.769231 4250.769231
4295.384615 4240.000000 4306.666667 4287.179487 4237.948718 4237.435897 4281.025641 4261.538462 4260.000000 4220.000000 4321.538462 4272.307692 4329.743590 4229.230769
4271.282051 4219.487179 4289.230769 4256.410256 4225.641026 4201.538462 4245.128205 4230.256410 4218.461538 4227.692308 4305.128205 4262.051282 4308.717949 4209.743590
4282.564103 4220.512821 4314.358974 4271.282051 4219.487179 4225.641026 4265.128205 4227.692308 4216.923077 4236.410256 4309.743590 4289.743590 4329.743590 4238.974359
4292.820513 4226.666667 4324.102564 4289.230769 4214.871795 4255.384615 4297.435897 4249.743590 4243.076923 4223.589744 4319.487179 4283.076923 4339.487179 4246.666667
4285.641026 4229.743590 4301.538462 4283.589744 4237.435897 4229.230769 4280.512821 4263.589744 4261.538462 4224.615385 4315.384615 4277.948718 4315.384615 4232.307692
4282.564103 4222.051282 4309.743590 4291.282051 4240.000000 4222.051282 4274.358974 4273.333333 4265.641026 4231.282051 4315.897436 4281.025641 4325.128205 4212.307692
4278.461538 4207.179487 4307.692308 4287.692308 4218.974359 4225.641026 4260.512821 4235.384615 4225.641026 4228.717949 4307.179487 4274.358974 4319.487179 4220.512821
4280.000000 4210.769231 4294.871795 4274.358974 4226.153846 4224.102564 4256.410256 4222.051282 4222.564103 4227.179487 4304.615385 4283.589744 4306.153846 4238.974359
4281.025641 4208.717949 4301.025641 4269.743590 4232.820513 4231.794872 4280.512821 4267.692308 4266.666667 4225.641026 4311.282051 4276.410256 4325.641026 4221.025641
4278.974359 4189.230769 4298.974359 4261.538462 4233.846154 4230.769231 4274.358974 4258.461538 4244.102564 4229.230769 4296.410256 4277.435897 4315.897436 4220.512821
4281.538462 4167.692308 4300.512821 4265.641026 4220.512821 4251.794872 4283.076923 4237.435897 4219.487179 4227.179487 4285.128205 4285.128205 4299.487179 4237.435897
4281.025641 4166.666667 4296.923077 4264.102564 4215.897436 4252.307692 4289.743590 4244.102564 4242.051282 4224.615385 4291.282051 4277.435897 4293.846154 4236.410256
4276.410256 4180.000000 4290.256410 4253.846154 4235.384615 4222.051282 4265.128205 4251.282051 4257.948718 4229.230769 4296.410256 4280.000000 4294.358974 4222.564103
4266.666667 4172.307692 4295.897436 4252.820513 4224.102564 4222.564103 4260.000000 4258.974359 4256.410256 4228.717949 4297.948718 4274.358974 4312.307692 4210.256410
4266.153846 4171.282051 4282.564103 4250.769231 4220.512821 4226.666667 4258.461538 4227.692308 4231.794872 4226.153846 4292.820513 4274.358974 4301.538462 4231.794872
4266.153846 4175.897436 4265.641026 4245.641026 4230.769231 4221.538462 4249.743590 4201.025641 4215.384615 4222.564103 4283.589744 4271.794872 4284.615385 4241.025641
4263.076923 4175.384615 4278.461538 4253.846154 4226.153846 4228.717949 4266.666667 4232.307692 4234.871795 4228.205128 4287.179487 4271.794872 4300.000000 4233.846154
4285.641026 4190.769231 4317.948718 4286.666667 4226.153846 4262.051282 4313.333333 4271.794872 4260.512821 4234.358974 4309.230769 4297.435897 4334.871795 4245.128205
4289.743590 4186.153846 4321.025641 4286.666667 4213.846154 4272.307692 4306.666667 4250.256410 4247.692308 4226.153846 4309.230769 4288.205128 4334.871795 4240.512821
4272.307692 4177.948718 4283.589744 4249.743590 4221.025641 4229.743590 4243.589744 4212.820513 4227.692308 4225.128205 4292.307692 4277.948718 4298.974359 4235.384615
4278.461538 4190.769231 4299.487179 4258.974359 4234.871795 4226.153846 4254.358974 4253.846154 4259.487179 4229.743590 4308.717949 4287.179487 4321.538462 4227.692308
4288.717949 4190.256410 4328.205128 4280.512821 4219.487179 4264.102564 4310.769231 4296.923077 4283.589744 4231.282051 4322.051282 4281.538462 4348.205128 4223.076923
4281.538462 4189.230769 4304.102564 4264.615385 4223.076923 4275.384615 4310.769231 4271.282051 4264.615385 4229.230769 4306.153846 4285.641026 4311.794872 4240.000000
4275.384615 4192.307692 4295.897436 4260.512821 4228.205128 4264.615385 4290.256410 4267.692308 4275.384615 4222.051282 4306.153846 4281.025641 4321.025641 4235.384615
4285.641026 4195.897436 4312.820513 4274.871795 4228.205128 4243.589744 4260.512821 4267.179487 4274.871795 4221.025641 4316.410256 4280.000000 4352.820513 4230.769231
4277.948718 4188.717949 4297.435897 4261.025641 4223.589744 4224.615385 4223.076923 4208.717949 4210.769231 4222.051282 4296.923077 4278.974359 4315.897436 4230.256410
4258.974359 4178.461538 4278.461538 4240.512821 4214.358974 4208.717949 4217.435897 4180.000000 4189.230769 4224.102564 4280.000000 4266.666667 4283.589744 4228.205128
4283.076923 4195.897436 4304.615385 4260.512821 4232.820513 4206.153846 4235.897436 4214.358974 4232.820513 4232.307692 4305.128205 4284.615385 4326.153846 4236.923077
4306.153846 4200.000000 4341.538462 4290.769231 4230.769231 4231.282051 4265.128205 4252.307692 4258.461538 4232.307692 4328.717949 4291.794872 4375.384615 4223.076923
4290.256410 4184.102564 4325.128205 4280.000000 4221.538462 4236.923077 4277.948718 4251.794872 4246.666667 4229.230769 4314.871795 4283.589744 4345.641026 4222.051282
4269.743590 4176.923077 4283.589744 4248.717949 4230.769231 4219.487179 4274.358974 4243.589744 4241.025641 4224.102564 4292.820513 4278.974359 4296.410256 4237.435897
4275.897436 4180.512821 4289.743590 4255.384615 4224.615385 4226.153846 4277.948718 4262.564103 4258.461538 4223.076923 4302.051282 4276.410256 4314.358974 4233.333333
4303.589744 4205.641026 4334.871795 4291.794872 4227.179487 4250.769231 4287.179487 4286.666667 4275.897436 4231.794872 4330.769231 4298.461538 4359.487179 4229.230769
4289.230769 4201.025641 4325.641026 4280.512821 4220.000000 4238.461538 4258.974359 4259.487179 4255.897436 4225.641026 4317.435897 4284.102564 4342.051282 4216.410256
4256.410256 4173.846154 4263.589744 4231.794872 4216.410256 4188.717949 4199.487179 4205.128205 4225.641026 4223.076923 4277.948718 4263.076923 4275.897436 4224.102564
4280.512821 4193.333333 4293.333333 4255.384615 4233.333333 4207.179487 4222.051282 4234.358974 4251.282051 4234.871795 4301.025641 4291.282051 4303.076923 4238.461538
4300.512821 4224.615385 4348.205128 4295.897436 4218.974359 4255.384615 4254.871795 4255.384615 4252.820513 4232.307692 4329.230769 4288.205128 4358.974359 4221.538462
4281.538462 4238.974359 4308.205128 4271.794872 4218.461538 4236.410256 4226.153846 4209.230769 4218.461538 4229.230769 4304.102564 4277.435897 4321.025641 4227.692308
4273.333333 4245.128205 4283.589744 4259.487179 4229.230769 4237.435897 4251.282051 4235.897436 4258.974359 4228.717949 4301.538462 4279.487179 4304.102564 4242.051282
4279.487179 4250.256410 4305.128205 4274.358974 4225.128205 4253.333333 4273.846154 4265.128205 4277.435897 4225.641026 4315.384615 4275.384615 4328.205128 4232.307692
4277.948718 4254.358974 4309.743590 4275.384615 4225.641026 4234.871795 4242.564103 4228.717949 4225.641026 4227.179487 4303.589744 4284.615385 4322.051282 4224.102564
4270.769231 4246.153846 4308.717949 4271.794872 4214.358974 4237.435897 4242.051282 4220.000000 4217.435897 4226.666667 4299.487179 4282.051282 4317.948718 4223.076923
4259.487179 4244.102564 4275.897436 4247.179487 4228.717949 4217.435897 4220.512821 4212.820513 4224.102564 4222.564103 4298.461538 4270.256410 4288.717949 4225.641026
4235.384615 4232.820513 4228.717949 4210.769231 4243.076923 4166.666667 4180.512821 4207.179487 4226.153846 4220.512821 4281.025641 4257.435897 4234.871795 4214.358974
4244.615385 4219.487179 4250.256410 4231.794872 4223.076923 4180.512821 4210.769231 4239.487179 4257.948718 4226.666667 4281.025641 4268.205128 4242.564103 4227.179487
4293.333333 4240.512821 4321.538462 4296.923077 4217.948718 4256.923077 4268.205128 4247.179487 4266.153846 4228.205128 4312.307692 4301.538462 4310.256410 4258.974359
4307.179487 4252.307692 4345.641026 4318.974359 4218.974359 4294.871795 4285.128205 4233.846154 4244.102564 4222.564103 4329.743590 4290.256410 4348.717949 4247.179487
4289.230769 4246.666667 4325.128205 4298.974359 4224.615385 4254.871795 4260.000000 4243.589744 4241.538462 4227.692308 4323.076923 4277.948718 4331.794872 4227.692308
4275.897436 4234.871795 4321.025641 4289.230769 4223.589744 4223.076923 4218.461538 4227.692308 4228.717949 4230.256410 4312.820513 4285.641026 4318.974359 4214.871795
4271.282051 4226.666667 4308.717949 4281.538462 4218.461538 4231.282051 4210.256410 4201.538462 4214.358974 4228.205128 4307.692308 4283.076923 4310.769231 4221.538462
4277.435897 4243.076923 4290.769231 4274.358974 4234.871795 4241.025641 4240.512821 4231.794872 4249.743590 4227.692308 4314.871795 4283.589744 4303.076923 4244.102564
4266.666667 4243.076923 4287.692308 4268.717949 4229.743590 4225.128205 4233.846154 4248.205128 4265.128205 4222.051282 4312.307692 4264.615385 4305.641026 4226.153846
4257.435897 4230.769231 4282.564103 4262.051282 4226.153846 4205.128205 4210.769231 4211.794872 4231.794872 4227.692308 4297.435897 4269.230769 4289.230769 4223.589744
4271.794872 4239.487179 4297.948718 4280.512821 4231.282051 4244.102564 4266.153846 4237.435897 4249.743590 4228.717949 4308.205128 4290.769231 4297.435897 4242.564103
4270.256410 4246.666667 4306.153846 4287.692308 4220.512821 4256.410256 4283.589744 4272.307692 4278.461538 4223.589744 4318.974359 4276.410256 4316.410256 4233.333333
4266.666667 4247.179487 4306.666667 4283.076923 4225.128205 4218.461538 4236.923077 4250.769231 4259.487179 4232.820513 4313.333333 4282.051282 4319.487179 4223.076923
4274.871795 4243.589744 4330.256410 4302.051282 4219.487179 4247.179487 4269.230769 4260.000000 4255.384615 4235.897436 4315.384615 4290.256410 4336.923077 4217.948718
4276.923077 4246.666667 4321.025641 4302.564103 4221.025641 4275.384615 4296.410256 4275.897436 4267.179487 4230.256410 4313.846154 4284.102564 4325.128205 4226.666667
4266.666667 4248.717949 4289.743590 4281.538462 4237.948718 4229.230769 4234.871795 4237.948718 4252.307692 4227.179487 4304.102564 4278.974359 4299.487179 4221.025641
4251.282051 4234.871795 4285.128205 4277.435897 4226.666667 4198.974359 4190.769231 4191.794872 4217.435897 4225.128205 4294.871795 4269.230769 4293.846154 4205.128205
4251.282051 4236.410256 4280.000000 4276.923077 4225.128205 4227.692308 4218.461538 4196.923077 4220.512821 4228.205128 4292.820513 4284.102564 4274.358974 4233.846154
4257.948718 4242.051282 4275.897436 4268.205128 4223.076923 4251.794872 4252.820513 4233.333333 4258.974359 4223.589744 4300.000000 4283.589744 4272.307692 4247.692308
4269.743590 4248.205128 4295.384615 4277.948718 4224.615385 4244.615385 4252.307692 4249.230769 4266.153846 4224.615385 4312.820513 4281.538462 4306.153846 4231.794872
4276.923077 4255.384615 4315.384615 4301.538462 4231.794872 4250.769231 4247.179487 4250.769231 4251.794872 4231.282051 4323.076923 4290.256410 4332.820513 4221.025641
4248.717949 4234.871795 4282.051282 4277.948718 4214.871795 4238.461538 4220.000000 4216.410256 4226.153846 4225.641026 4299.487179 4267.692308 4295.897436 4214.358974
4228.717949 4222.564103 4231.794872 4236.923077 4226.153846 4199.487179 4186.666667 4181.538462 4205.128205 4225.128205 4272.307692 4266.153846 4234.871795 4225.641026
4253.333333 4235.897436 4272.820513 4265.641026 4237.948718 4229.743590 4230.256410 4241.538462 4254.358974 4233.333333 4305.128205 4288.205128 4279.487179 4226.153846
4277.435897 4246.666667 4326.666667 4306.153846 4226.153846 4272.820513 4270.769231 4287.179487 4295.384615 4232.820513 4333.846154 4293.333333 4336.923077 4224.615385
4273.846154 4243.589744 4309.743590 4298.974359 4224.102564 4267.692308 4253.333333 4238.974359 4256.923077 4224.102564 4313.846154 4290.769231 4298.461538 4238.974359
4266.153846 4238.461538 4291.794872 4290.256410 4220.000000 4261.025641 4249.743590 4229.743590 4246.666667 4221.538462 4304.615385 4281.538462 4270.769231 4240.000000
4278.461538 4252.820513 4313.333333 4304.615385 4232.820513 4255.897436 4253.846154 4273.333333 4289.743590 4232.307692 4326.153846 4292.307692 4310.256410 4231.794872
4275.897436 4248.717949 4322.564103 4306.666667 4226.666667 4249.230769 4227.692308 4260.512821 4282.051282 4232.820513 4323.589744 4288.717949 4336.923077 4212.820513
4250.769231 4227.179487 4275.897436 4271.794872 4210.769231 4223.076923 4186.666667 4203.076923 4228.717949 4227.179487 4291.282051 4271.282051 4285.128205 4220.512821
4246.153846 4235.384615 4250.769231 4254.358974 4229.743590 4212.820513 4196.923077 4209.743590 4224.615385 4224.615385 4288.205128 4280.000000 4249.230769 4237.948718
4258.461538 4241.025641 4288.717949 4275.384615 4229.230769 4245.641026 4242.051282 4258.974359 4268.205128 4224.102564 4310.256410 4281.025641 4285.641026 4226.666667
4284.102564 4248.205128 4330.256410 4310.769231 4216.923077 4282.051282 4260.512821 4264.102564 4287.179487 4230.769231 4324.615385 4300.512821 4325.128205 4244.615385
4285.128205 4254.358974 4324.615385 4315.897436 4213.333333 4287.692308 4254.358974 4241.538462 4261.538462 4223.076923 4316.923077 4303.589744 4319.487179 4251.282051
4238.974359 4235.897436 4264.102564 4259.487179 4217.435897 4229.230769 4203.589744 4207.692308 4221.538462 4218.974359 4286.153846 4270.256410 4261.025641 4218.974359
4234.358974 4225.641026 4261.538462 4246.666667 4232.307692 4213.333333 4189.230769 4214.871795 4242.564103 4236.410256 4293.333333 4286.153846 4267.179487 4212.820513
4267.692308 4214.871795 4320.000000 4297.948718 4222.051282 4283.076923 4257.435897 4274.871795 4298.461538 4236.923077 4330.256410 4303.589744 4346.666667 4223.076923
4264.615385 4202.564103 4301.538462 4292.820513 4224.615385 4296.410256 4272.820513 4273.846154 4280.000000 4222.051282 4324.615385 4290.769231 4326.666667 4236.410256
4232.820513 4192.307692 4247.179487 4244.615385 4240.000000 4249.743590 4216.410256 4218.974359 4228.717949 4215.897436 4299.487179 4274.358974 4258.461538 4228.205128
4232.820513 4185.641026 4259.487179 4243.076923 4229.230769 4252.307692 4207.692308 4215.384615 4235.384615 4229.230769 4307.179487 4281.025641 4270.769231 4224.102564
4260.000000 4200.512821 4294.871795 4274.871795 4222.564103 4285.128205 4243.589744 4243.589744 4259.487179 4235.897436 4320.000000 4305.641026 4297.948718 4242.564103
4240.512821 4194.871795 4268.717949 4256.923077 4214.358974 4261.025641 4231.794872 4231.282051 4252.820513 4218.974359 4295.384615 4285.641026 4262.564103 4230.256410
4217.948718 4188.205128 4233.333333 4229.743590 4224.615385 4230.769231 4202.564103 4211.282051 4235.897436 4221.538462 4280.000000 4278.461538 4227.179487 4225.128205
4248.717949 4211.794872 4283.076923 4279.487179 4235.384615 4275.897436 4241.538462 4259.487179 4260.512821 4238.461538 4315.897436 4302.051282 4279.487179 4232.307692
4270.256410 4221.025641 4326.666667 4331.794872 4218.974359 4311.794872 4277.948718 4303.589744 4296.410256 4233.846154 4337.435897 4296.923077 4331.282051 4227.179487
4252.307692 4211.794872 4283.589744 4305.128205 4229.743590 4281.025641 4249.230769 4255.897436 4268.205128 4220.000000 4311.794872 4290.256410 4287.692308 4230.769231
4226.153846 4193.333333 4242.564103 4267.179487 4232.820513 4251.282051 4215.384615 4211.794872 4232.820513 4215.897436 4290.256410 4277.435897 4242.564103 4224.102564
4231.794872 4191.794872 4260.000000 4275.384615 4223.589744 4231.794872 4187.179487 4213.846154 4233.846154 4230.256410 4299.487179 4284.102564 4262.051282 4225.128205
4262.564103 4208.717949 4310.256410 4309.230769 4225.128205 4251.794872 4211.282051 4241.025641 4258.974359 4237.948718 4321.025641 4309.743590 4309.743590 4236.410256
4272.307692 4210.256410 4330.256410 4324.102564 4217.435897 4297.435897 4264.615385 4269.743590 4281.538462 4227.179487 4326.153846 4298.974359 4321.538462 4234.358974
4260.000000 4207.179487 4298.974359 4305.128205 4228.717949 4281.025641 4250.769231 4269.230769 4277.435897 4227.179487 4315.384615 4291.794872 4293.333333 4230.769231
4247.692308 4198.461538 4279.487179 4289.743590 4225.641026 4258.461538 4224.615385 4255.897436 4270.256410 4231.282051 4310.256410 4290.769231 4290.769231 4217.435897
4248.717949 4193.846154 4273.846154 4291.282051 4216.923077 4269.230769 4230.256410 4236.410256 4264.102564 4227.692308 4304.615385 4290.769231 4290.256410 4230.769231
4249.230769 4195.897436 4262.564103 4289.230769 4231.794872 4272.307692 4246.666667 4260.512821 4290.769231 4223.076923 4301.025641 4295.384615 4284.102564 4245.128205
4243.589744 4184.615385 4267.692308 4284.102564 4225.641026 4263.589744 4246.153846 4291.282051 4314.358974 4224.102564 4308.205128 4279.487179 4300.512821 4220.000000
4251.282051 4183.589744 4277.435897 4290.769231 4220.000000 4253.846154 4211.794872 4231.282051 4260.000000 4231.794872 4305.128205 4287.692308 4293.846154 4223.589744
4258.461538 4189.230769 4282.051282 4304.102564 4217.948718 4270.256410 4213.846154 4189.230769 4223.589744 4230.256410 4293.333333 4297.948718 4270.256410 4244.102564
4253.846154 4192.820513 4275.897436 4295.897436 4221.538462 4279.487179 4238.974359 4222.564103 4246.666667 4225.641026 4293.846154 4289.743590 4266.153846 4237.948718
4246.153846 4194.358974 4269.230769 4277.435897 4235.897436 4258.461538 4222.051282 4234.871795 4252.820513 4228.717949 4303.589744 4292.820513 4276.923077 4219.487179
4242.051282 4183.076923 4277.435897 4283.589744 4221.025641 4264.615385 4231.794872 4258.974359 4284.102564 4235.384615 4310.256410 4294.358974 4301.025641 4220.000000
4247.692308 4185.641026 4266.666667 4288.205128 4220.512821 4292.820513 4267.179487 4285.641026 4321.025641 4229.743590 4309.230769 4296.410256 4298.974359 4246.666667
4209.230769 4172.820513 4196.923077 4231.794872 4231.282051 4247.692308 4192.820513 4185.641026 4222.564103 4207.179487 4270.256410 4265.128205 4222.564103 4227.692308
4177.435897 4153.333333 4167.179487 4195.384615 4223.076923 4191.282051 4120.512821 4106.153846 4141.538462 4217.948718 4246.666667 4258.461538 4176.410256 4215.384615
4241.538462 4185.641026 4268.717949 4276.410256 4221.025641 4270.256410 4234.358974 4228.205128 4262.051282 4247.692308 4309.230769 4316.923077 4288.717949 4263.076923
4290.256410 4210.256410 4338.974359 4335.897436 4215.384615 4344.102564 4317.948718 4325.641026 4364.615385 4232.307692 4357.435897 4318.461538 4404.102564 4263.076923
4261.025641 4204.102564 4284.102564 4291.282051 4231.282051 4285.641026 4243.076923 4277.948718 4317.435897 4216.410256 4335.897436 4292.307692 4368.205128 4225.128205
4229.230769 4187.179487 4247.692308 4259.487179 4238.461538 4266.666667 4233.333333 4254.358974 4265.128205 4226.666667 4316.923077 4292.307692 4314.358974 4208.717949
4216.923077 4164.102564 4239.487179 4252.307692 4216.410256 4291.794872 4253.333333 4234.871795 4238.974359 4229.230769 4299.487179 4284.615385 4293.333333 4224.102564
4220.512821 4171.282051 4225.641026 4246.666667 4223.076923 4264.615385 4202.564103 4200.512821 4241.538462 4222.564103 4292.307692 4290.769231 4278.461538 4248.717949
4217.948718 4176.923077 4224.615385 4243.589744 4225.641026 4234.871795 4178.974359 4219.487179 4275.384615 4220.000000 4301.538462 4282.564103 4278.974359 4231.794872
4200.512821 4158.974359 4206.666667 4213.846154 4224.615385 4212.307692 4165.128205 4202.051282 4248.717949 4228.205128 4283.076923 4277.435897 4246.666667 4221.025641
4206.666667 4158.461538 4226.666667 4221.025641 4222.564103 4235.384615 4176.410256 4183.076923 4223.589744 4231.282051 4282.051282 4296.923077 4258.974359 4238.974359
4226.666667 4174.871795 4263.076923 4260.000000 4214.358974 4279.487179 4223.076923 4230.769231 4265.641026 4228.205128 4312.820513 4296.923077 4306.666667 4244.615385
4215.897436 4181.538462 4232.307692 4244.615385 4229.743590 4257.948718 4221.538462 4257.435897 4290.769231 4229.743590 4309.230769 4288.205128 4277.435897 4231.794872
4194.358974 4173.846154 4209.230769 4222.564103 4225.641026 4236.410256 4205.128205 4248.205128 4282.564103 4229.743590 4291.794872 4281.538462 4262.051282 4216.410256
4200.000000 4178.974359 4220.000000 4232.307692 4221.025641 4249.230769 4203.076923 4219.487179 4252.820513 4227.692308 4288.717949 4288.717949 4277.435897 4233.846154
4207.692308 4186.153846 4217.435897 4234.871795 4234.358974 4263.589744 4211.794872 4206.153846 4235.897436 4221.538462 4285.641026 4286.153846 4260.000000 4243.076923
4199.487179 4177.435897 4212.307692 4229.743590 4226.153846 4256.923077 4217.948718 4234.871795 4267.692308 4222.564103 4285.128205 4272.307692 4251.282051 4230.256410
4204.615385 4182.564103 4222.564103 4242.051282 4225.641026 4247.692308 4211.282051 4243.589744 4281.538462 4230.769231 4291.282051 4288.717949 4269.743590 4237.435897
4201.025641 4178.461538 4222.564103 4242.051282 4218.461538 4252.307692 4196.410256 4208.717949 4245.128205 4224.615385 4285.128205 4282.564103 4271.794872 4229.743590
4185.128205 4171.794872 4197.435897 4218.974359 4221.538462 4235.384615 4176.923077 4188.717949 4221.538462 4224.102564 4279.487179 4270.256410 4243.589744 4223.076923
4189.230769 4184.615385 4202.564103 4223.589744 4239.487179 4226.666667 4191.282051 4233.846154 4264.615385 4231.794872 4294.871795 4284.615385 4252.820513 4223.076923
4195.384615 4180.512821 4224.615385 4241.538462 4226.153846 4247.179487 4217.435897 4261.538462 4292.820513 4232.307692 4300.000000 4282.564103 4276.923077 4215.384615
4192.820513 4173.333333 4208.717949 4229.230769 4218.461538 4255.897436 4210.769231 4211.794872 4246.666667 4229.230769 4284.102564 4284.615385 4248.205128 4234.358974
4173.333333 4168.205128 4174.871795 4198.974359 4216.410256 4236.410256 4182.051282 4166.153846 4210.769231 4220.512821 4262.051282 4272.820513 4204.615385 4238.461538
4154.871795 4163.589744 4156.923077 4178.974359 4220.000000 4201.025641 4152.307692 4167.179487 4217.948718 4224.615385 4247.692308 4262.564103 4182.051282 4226.153846
4158.461538 4164.102564 4167.179487 4185.641026 4227.692308 4198.461538 4154.358974 4172.307692 4214.358974 4231.794872 4251.794872 4278.461538 4191.282051 4219.487179
4155.897436 4156.410256 4165.641026 4185.641026 4213.846154 4216.923077 4174.358974 4164.615385 4209.230769 4227.179487 4252.307692 4271.282051 4203.076923 4223.076923
4158.974359 4163.076923 4149.230769 4175.897436 4226.153846 4230.769231 4195.897436 4186.153846 4235.384615 4227.692308 4249.743590 4271.282051 4185.641026 4240.512821
4163.076923 4169.230769 4162.051282 4185.641026 4237.948718 4235.897436 4197.435897 4208.205128 4245.641026 4226.666667 4261.025641 4271.282051 4195.384615 4218.461538
4156.923077 4166.153846 4170.769231 4193.333333 4226.153846 4199.487179 4151.794872 4172.307692 4223.076923 4225.641026 4263.589744 4266.666667 4213.333333 4203.076923
4164.102564 4178.974359 4166.666667 4194.358974 4223.076923 4184.102564 4141.025641 4153.333333 4230.769231 4228.205128 4255.897436 4282.051282 4206.153846 4238.461538
4172.820513 4184.102564 4177.948718 4202.051282 4211.282051 4222.564103 4180.512821 4181.538462 4253.333333 4224.615385 4262.051282 4275.897436 4214.358974 4243.076923
4168.205128 4179.487179 4181.538462 4203.076923 4219.487179 4210.256410 4157.948718 4169.230769 4231.794872 4228.205128 4268.717949 4270.769231 4221.025641 4217.948718
4156.410256 4167.179487 4171.794872 4193.846154 4224.102564 4176.410256 4122.051282 4137.948718 4205.128205 4231.282051 4257.948718 4271.282051 4205.128205 4207.692308
4152.820513 4161.025641 4155.897436 4180.000000 4212.307692 4187.179487 4138.974359 4141.025641 4203.589744 4228.205128 4244.615385 4264.102564 4181.025641 4217.435897
4161.025641 4176.410256 4151.282051 4173.333333 4229.230769 4203.076923 4159.487179 4168.205128 4221.538462 4229.230769 4253.333333 4274.871795 4182.051282 4222.051282
4169.230769 4180.000000 4175.384615 4178.974359 4230.256410 4224.615385 4196.923077 4216.923077 4257.435897 4226.666667 4271.282051 4272.820513 4217.435897 4214.871795
4166.666667 4171.794872 4162.564103 4161.538462 4220.000000 4219.487179 4183.589744 4175.384615 4213.846154 4221.538462 4250.769231 4261.538462 4191.282051 4228.717949
4148.717949 4164.615385 4121.538462 4128.205128 4218.974359 4180.000000 4117.435897 4091.794872 4149.230769 4220.512821 4220.512821 4254.871795 4137.948718 4233.333333
4154.358974 4170.256410 4141.025641 4137.435897 4215.897436 4176.410256 4121.538462 4128.205128 4203.076923 4228.717949 4240.512821 4264.615385 4169.743590 4231.282051
4191.282051 4194.871795 4203.589744 4180.512821 4222.051282 4209.743590 4172.307692 4201.538462 4280.000000 4235.384615 4280.000000 4292.820513 4240.512821 4242.564103
4188.205128 4184.615385 4205.128205 4180.000000 4209.743590 4213.333333 4164.102564 4180.000000 4255.897436 4227.179487 4273.846154 4277.435897 4236.923077 4225.641026
4160.512821 4168.205128 4145.641026 4141.025641 4216.410256 4176.923077 4115.384615 4122.564103 4196.923077 4227.179487 4244.102564 4258.461538 4171.282051 4222.051282
4160.512821 4178.974359 4137.435897 4138.461538 4241.025641 4181.538462 4129.230769 4138.461538 4201.025641 4228.717949 4245.128205 4261.538462 4160.000000 4222.564103
4146.153846 4168.205128 4134.358974 4127.692308 4229.743590 4181.025641 4133.846154 4144.102564 4202.051282 4222.051282 4231.282051 4245.128205 4146.666667 4202.564103
4132.820513 4158.461538 4107.692308 4105.128205 4222.051282 4158.461538 4110.769231 4114.871795 4187.179487 4226.666667 4211.282051 4256.923077 4108.717949 4221.025641
4149.230769 4174.358974 4127.179487 4127.692308 4220.512821 4181.025641 4133.846154 4127.179487 4205.128205 4226.666667 4227.692308 4264.615385 4132.307692 4236.410256
4167.179487 4191.794872 4153.846154 4151.794872 4225.641026 4194.358974 4144.615385 4140.000000 4210.769231 4224.615385 4244.102564 4261.025641 4165.641026 4226.666667
4181.025641 4198.461538 4177.435897 4167.692308 4222.564103 4207.179487 4152.820513 4155.897436 4223.076923 4232.307692 4257.435897 4278.974359 4202.564103 4224.102564
4191.282051 4201.538462 4194.358974 4185.641026 4203.076923 4233.333333 4174.871795 4182.564103 4258.461538 4229.743590 4268.205128 4275.897436 4229.230769 4230.769231
4186.666667 4210.256410 4162.051282 4182.564103 4226.666667 4220.512821 4177.435897 4189.743590 4262.051282 4222.051282 4256.410256 4265.128205 4185.641026 4235.897436
4160.000000 4189.743590 4124.615385 4168.717949 4240.512821 4194.358974 4161.538462 4179.487179 4232.820513 4221.538462 4235.384615 4249.230769 4149.743590 4214.358974
4157.435897 4176.923077 4138.974359 4177.948718 4221.025641 4207.179487 4151.794872 4160.000000 4224.102564 4232.307692 4238.461538 4256.923077 4174.358974 4218.974359
4168.205128 4191.282051 4150.769231 4189.743590 4218.461538 4237.435897 4169.230769 4153.333333 4228.717949 4227.692308 4245.641026 4270.256410 4171.794872 4236.410256
4140.512821 4178.974359 4110.256410 4163.076923 4221.025641 4200.000000 4154.871795 4142.564103 4198.461538 4217.435897 4226.153846 4242.564103 4120.512821 4215.897436
4143.076923 4177.948718 4113.333333 4157.948718 4229.743590 4151.794872 4104.102564 4116.923077 4173.846154 4230.256410 4228.717949 4255.384615 4130.769231 4211.282051
4179.487179 4192.820513 4172.820513 4198.461538 4216.410256 4193.846154 4121.538462 4132.820513 4219.487179 4237.435897 4258.461538 4278.461538 4201.538462 4217.948718
4176.923077 4187.692308 4160.000000 4196.410256 4210.256410 4219.487179 4157.948718 4155.897436 4248.205128 4227.179487 4253.333333 4261.025641 4188.717949 4220.000000
4153.333333 4185.641026 4111.794872 4158.461538 4237.435897 4169.230769 4122.051282 4128.717949 4206.153846 4220.512821 4228.717949 4248.205128 4128.205128 4215.897436
4155.897436 4188.717949 4132.307692 4161.538462 4232.307692 4158.461538 4096.410256 4108.205128 4189.743590 4226.153846 4234.358974 4248.717949 4147.179487 4204.615385
4173.846154 4186.666667 4157.435897 4183.589744 4218.461538 4195.897436 4135.897436 4126.153846 4212.820513 4233.846154 4248.205128 4268.205128 4175.897436 4225.641026
4165.128205 4180.512821 4138.461538 4171.794872 4214.871795 4210.256410 4173.333333 4162.564103 4231.794872 4224.615385 4237.948718 4264.615385 4153.846154 4235.897436
4143.589744 4197.435897 4110.769231 4143.589744 4218.461538 4181.025641 4143.076923 4152.307692 4221.025641 4220.000000 4220.000000 4245.128205 4118.974359 4221.538462
4153.846154 4231.794872 4126.153846 4155.384615 4230.769231 4171.794872 4115.897436 4111.794872 4193.846154 4230.256410 4227.692308 4262.564103 4134.871795 4218.461538
4181.538462 4235.384615 4175.897436 4194.358974 4215.897436 4210.769231 4159.487179 4138.974359 4211.794872 4234.871795 4254.871795 4273.333333 4195.897436 4224.615385
4193.333333 4236.410256 4189.230769 4200.000000 4222.051282 4227.179487 4199.487179 4209.230769 4269.743590 4234.871795 4266.666667 4276.923077 4210.769231 4236.923077
4187.179487 4248.205128 4180.000000 4188.717949 4238.461538 4231.282051 4211.282051 4243.589744 4303.589744 4225.641026 4266.153846 4271.794872 4205.641026 4220.512821
4180.512821 4239.487179 4174.871795 4187.179487 4221.025641 4238.461538 4197.948718 4194.358974 4247.692308 4221.025641 4248.205128 4258.461538 4202.051282 4208.717949
4178.461538 4231.282051 4161.025641 4178.974359 4215.384615 4231.282051 4171.282051 4131.282051 4175.897436 4227.179487 4222.051282 4265.128205 4166.153846 4232.820513
4162.051282 4228.205128 4135.384615 4153.846154 4217.948718 4204.615385 4143.589744 4124.102564 4179.487179 4222.564103 4211.794872 4253.846154 4131.282051 4229.230769
4161.025641 4232.820513 4125.641026 4145.128205 4233.333333 4170.256410 4119.487179 4142.564103 4212.307692 4225.128205 4222.051282 4255.897436 4145.641026 4213.846154
4187.692308 4248.717949 4174.358974 4185.128205 4234.358974 4194.358974 4147.179487 4182.051282 4243.589744 4234.358974 4249.743590 4274.871795 4215.897436 4209.230769
4189.230769 4249.743590 4188.205128 4196.923077 4215.897436 4227.692308 4183.589744 4197.435897 4251.794872 4227.692308 4247.179487 4262.051282 4222.051282 4213.846154
4166.153846 4225.128205 4128.205128 4153.333333 4230.769231 4208.205128 4170.769231 4162.051282 4228.717949 4217.948718 4215.384615 4250.256410 4146.666667 4225.128205
4151.282051 4187.179487 4110.256410 4136.923077 4232.307692 4185.641026 4140.512821 4135.384615 4207.179487 4218.461538 4206.666667 4245.128205 4132.820513 4213.846154
4169.743590 4191.794872 4155.897436 4168.205128 4219.487179 4197.435897 4142.051282 4145.128205 4211.794872 4232.820513 4231.282051 4265.128205 4182.564103 4224.102564
4189.230769 4211.282051 4178.461538 4187.692308 4218.461538 4228.717949 4183.076923 4168.205128 4236.410256 4229.230769 4242.051282 4275.897436 4196.410256 4242.564103
4175.384615 4194.871795 4149.230769 4163.589744 4216.410256 4222.051282 4188.717949 4160.000000 4230.256410 4218.461538 4226.153846 4252.307692 4168.717949 4229.230769
4177.435897 4196.923077 4155.897436 4170.256410 4229.743590 4203.589744 4177.435897 4168.205128 4230.256410 4232.820513 4237.948718 4266.666667 4184.615385 4218.461538
4192.307692 4203.076923 4196.410256 4202.051282 4222.564103 4231.282051 4216.410256 4218.974359 4268.205128 4239.487179 4257.948718 4276.410256 4224.615385 4211.794872
4188.205128 4197.948718 4179.487179 4178.974359 4217.948718 4240.512821 4213.333333 4197.435897 4252.820513 4228.205128 4244.102564 4261.538462 4195.384615 4225.128205
4181.025641 4203.589744 4149.230769 4144.102564 4237.435897 4208.717949 4163.076923 4137.435897 4204.102564 4220.512821 4230.769231 4255.897436 4169.230769 4231.282051
4181.538462 4197.435897 4164.615385 4156.410256 4227.179487 4206.666667 4170.769231 4158.461538 4218.461538 4224.615385 4236.923077 4253.846154 4195.897436 4216.923077
4196.923077 4206.666667 4192.820513 4184.615385 4220.000000 4238.974359 4211.282051 4201.538462 4253.333333 4235.384615 4248.205128 4276.923077 4210.769231 4230.256410
4206.153846 4226.666667 4208.205128 4194.358974 4216.410256 4262.051282 4224.615385 4209.230769 4267.692308 4229.230769 4256.410256 4278.974359 4220.000000 4235.384615
4200.512821 4227.179487 4196.410256 4185.128205 4219.487179 4238.461538 4202.564103 4207.692308 4268.205128 4222.051282 4254.358974 4260.000000 4216.410256 4221.538462
4196.410256 4226.153846 4187.692308 4178.974359 4230.769231 4215.384615 4182.051282 4199.487179 4248.205128 4227.692308 4247.179487 4264.102564 4205.641026 4209.743590
4188.205128 4219.487179 4190.769231 4174.871795 4214.871795 4229.230769 4188.717949 4186.153846 4237.435897 4232.307692 4237.948718 4259.487179 4201.538462 4207.692308
4176.410256 4200.512821 4153.333333 4151.282051 4218.461538 4212.820513 4171.282051 4159.487179 4226.153846 4225.641026 4215.384615 4253.333333 4152.307692 4228.717949
4166.666667 4178.974359 4127.179487 4137.948718 4229.230769 4179.487179 4137.948718 4141.025641 4201.538462 4216.410256 4208.205128 4245.128205 4122.564103 4223.589744
4168.717949 4179.487179 4152.307692 4152.307692 4225.128205 4188.205128 4150.256410 4158.461538 4214.358974 4227.692308 4221.538462 4247.179487 4152.307692 4210.256410
4178.974359 4190.256410 4173.333333 4165.641026 4224.615385 4233.333333 4197.948718 4180.000000 4236.410256 4234.871795 4222.564103 4265.641026 4164.102564 4225.641026
4175.384615 4178.461538 4160.000000 4161.538462 4213.846154 4238.461538 4189.230769 4157.435897 4209.743590 4221.538462 4209.230769 4251.282051 4141.025641 4231.794872
4188.205128 4189.230769 4166.666667 4174.871795 4228.205128 4207.179487 4164.102564 4162.564103 4212.307692 4226.153846 4226.153846 4257.948718 4160.512821 4230.769231
4213.333333 4214.871795 4221.538462 4212.820513 4231.282051 4229.230769 4209.230769 4236.923077 4280.512821 4236.410256 4262.051282 4277.948718 4238.974359 4216.923077
4210.256410 4224.615385 4229.230769 4210.769231 4210.769231 4248.205128 4231.282051 4244.102564 4286.153846 4229.743590 4256.410256 4266.153846 4245.128205 4216.923077
4194.358974 4238.974359 4181.025641 4178.974359 4227.179487 4229.743590 4209.743590 4193.846154 4238.461538 4218.974359 4233.333333 4260.512821 4182.564103 4235.384615
4191.282051 4244.102564 4171.794872 4174.358974 4235.384615 4232.820513 4217.435897 4210.256410 4248.205128 4219.487179 4238.974359 4256.923077 4183.589744 4224.102564
4203.076923 4243.589744 4198.974359 4190.256410 4227.179487 4227.179487 4207.692308 4228.205128 4270.769231 4230.769231 4251.282051 4264.102564 4220.000000 4214.871795
4192.307692 4232.820513 4184.102564 4183.076923 4217.948718 4186.666667 4159.487179 4169.743590 4226.666667 4227.179487 4228.205128 4257.948718 4191.794872 4216.410256
4170.256410 4226.666667 4147.179487 4162.051282 4218.461538 4176.410256 4148.717949 4134.871795 4186.153846 4222.051282 4201.025641 4243.076923 4138.974359 4221.025641
4188.205128 4250.769231 4175.384615 4179.487179 4238.461538 4209.230769 4184.615385 4187.179487 4231.794872 4230.256410 4222.564103 4262.051282 4162.051282 4223.589744
4219.487179 4256.410256 4222.564103 4211.282051 4228.717949 4227.179487 4207.692308 4232.307692 4287.179487 4229.743590 4249.743590 4263.589744 4217.435897 4213.333333
4234.358974 4249.230769 4203.076923 4203.589744 4222.564103 4209.230769 4183.589744 4192.820513 4252.820513 4223.589744 4237.948718 4256.410256 4200.512821 4228.205128
4231.282051 4249.743590 4173.846154 4183.076923 4232.307692 4201.025641 4167.692308 4160.000000 4206.666667 4220.512821 4223.076923 4254.871795 4168.205128 4231.794872
4226.153846 4239.487179 4188.717949 4191.794872 4220.000000 4222.564103 4201.025641 4195.384615 4226.666667 4227.179487 4236.410256 4252.820513 4193.333333 4217.435897
4244.102564 4237.948718 4217.948718 4219.487179 4215.897436 4249.743590 4240.000000 4233.333333 4262.051282 4235.384615 4256.410256 4277.435897 4223.076923 4236.410256
4249.743590 4240.512821 4226.666667 4225.641026 4212.820513 4252.820513 4238.974359 4240.512821 4275.384615 4225.641026 4254.358974 4273.846154 4217.435897 4238.461538
4224.615385 4237.948718 4183.589744 4191.282051 4222.051282 4196.410256 4174.358974 4191.794872 4231.794872 4219.487179 4226.666667 4247.692308 4166.153846 4217.435897
4209.743590 4231.282051 4159.487179 4178.461538 4235.384615 4164.102564 4143.589744 4153.846154 4183.076923 4229.230769 4216.410256 4249.743590 4150.769231 4205.128205
4220.000000 4227.692308 4187.179487 4204.102564 4223.076923 4201.025641 4189.230769 4183.589744 4208.205128 4231.794872 4233.846154 4256.923077 4191.794872 4211.282051
4235.384615 4245.128205 4189.230769 4210.769231 4228.717949 4226.666667 4216.923077 4210.256410 4248.717949 4226.153846 4238.974359 4267.179487 4189.743590 4236.923077
4230.256410 4243.589744 4171.794872 4201.538462 4229.230769 4223.589744 4210.256410 4217.435897 4253.846154 4218.974359 4229.230769 4254.871795 4173.846154 4232.820513
4214.871795 4222.564103 4163.076923 4191.282051 4220.512821 4189.743590 4170.256410 4182.051282 4213.846154 4224.102564 4220.000000 4247.179487 4165.128205 4220.512821
4225.128205 4228.205128 4187.179487 4201.025641 4219.487179 4194.871795 4171.794872 4156.410256 4196.923077 4232.820513 4227.179487 4268.205128 4177.435897 4231.282051
4245.641026 4245.641026 4219.487179 4220.512821 4210.256410 4241.025641 4234.358974 4221.538462 4264.615385 4230.769231 4247.179487 4271.282051 4216.923077 4234.358974
4253.846154 4255.897436 4221.538462 4227.692308 4225.641026 4247.179487 4268.205128 4288.205128 4316.923077 4229.230769 4261.025641 4273.333333 4229.230769 4229.743590
4240.512821 4243.076923 4212.307692 4222.051282 4227.179487 4228.717949 4238.461538 4251.794872 4271.794872 4224.102564 4253.333333 4260.512821 4219.487179 4209.230769
4215.897436 4224.102564 4178.461538 4183.076923 4213.333333 4189.230769 4172.307692 4160.000000 4197.435897 4222.051282 4222.564103 4246.666667 4182.051282 4212.820513
