4154.358974 4163.076923 4136.923077 4173.846154 4228.205128 4145.128205 4134.871795 4135.897436 4147.692308 4221.538462 4173.846154 4224.102564 4139.487179 4239.487179
4127.179487 4145.128205 4109.230769 4141.025641 4228.205128 4112.820513 4113.846154 4146.153846 4151.282051 4214.358974 4165.128205 4201.538462 4128.205128 4213.333333
4118.461538 4141.025641 4106.153846 4131.794872 4225.128205 4078.974359 4064.615385 4096.923077 4111.282051 4229.743590 4161.025641 4217.948718 4132.307692 4215.384615
4140.000000 4153.846154 4147.179487 4167.179487 4209.230769 4130.769231 4117.435897 4122.564103 4144.102564 4238.974359 4184.102564 4237.948718 4184.615385 4232.307692
4138.461538 4150.256410 4136.410256 4162.564103 4215.384615 4160.000000 4169.230769 4182.564103 4181.538462 4226.666667 4188.205128 4221.538462 4185.641026 4226.666667
4106.153846 4134.358974 4089.743590 4121.025641 4237.948718 4095.384615 4095.897436 4134.358974 4122.051282 4219.487179 4162.564103 4205.128205 4133.846154 4198.461538
4098.461538 4129.743590 4101.538462 4126.153846 4220.512821 4083.589744 4054.871795 4084.102564 4087.179487 4230.256410 4162.051282 4208.205128 4143.589744 4193.333333
4111.794872 4134.871795 4104.102564 4135.897436 4217.948718 4126.153846 4109.743590 4110.769231 4121.025641 4230.769231 4166.153846 4222.564103 4147.179487 4226.153846
4090.769231 4119.487179 4053.333333 4099.487179 4227.179487 4086.153846 4086.666667 4114.871795 4129.743590 4213.846154 4147.692308 4196.410256 4098.974359 4218.974359
4087.179487 4121.538462 4053.846154 4100.000000 4221.538462 4028.717949 4014.871795 4096.923077 4134.871795 4224.102564 4154.871795 4193.333333 4106.666667 4211.794872
4127.179487 4147.692308 4129.230769 4158.974359 4216.410256 4090.256410 4070.769231 4141.538462 4189.743590 4241.538462 4191.282051 4233.333333 4186.153846 4233.333333
4123.076923 4137.435897 4128.205128 4154.358974 4207.692308 4138.461538 4128.205128 4151.794872 4183.076923 4225.641026 4177.948718 4214.358974 4182.051282 4222.051282
4095.384615 4130.256410 4066.666667 4106.666667 4224.615385 4076.923077 4061.025641 4083.589744 4105.128205 4220.000000 4146.153846 4195.897436 4110.769231 4207.179487
4102.564103 4141.538462 4097.435897 4129.743590 4228.717949 4072.307692 4047.179487 4093.333333 4110.256410 4235.897436 4168.717949 4212.307692 4142.564103 4201.538462
4116.410256 4141.538462 4140.512821 4162.564103 4212.307692 4124.615385 4121.538462 4167.179487 4187.692308 4242.051282 4189.230769 4220.000000 4180.512821 4216.923077
4116.410256 4146.666667 4112.820513 4145.128205 4225.128205 4140.512821 4150.769231 4171.794872 4198.461538 4224.615385 4173.846154 4217.948718 4138.461538 4236.410256
4097.435897 4143.076923 4081.538462 4119.487179 4226.666667 4114.358974 4096.410256 4111.282051 4142.564103 4211.794872 4161.538462 4194.871795 4113.846154 4214.358974
4087.692308 4135.384615 4089.743590 4117.435897 4222.564103 4067.179487 4045.641026 4097.948718 4147.692308 4232.307692 4170.256410 4204.615385 4135.897436 4206.666667
4101.025641 4134.871795 4116.410256 4132.820513 4216.923077 4085.641026 4085.641026 4144.615385 4190.769231 4240.000000 4178.974359 4224.102564 4162.051282 4218.461538
4093.846154 4131.794872 4090.256410 4114.871795 4212.307692 4100.000000 4085.128205 4111.282051 4150.769231 4223.076923 4158.461538 4200.512821 4127.179487 4212.820513
4081.025641 4137.435897 4061.025641 4092.307692 4232.820513 4063.076923 4035.897436 4078.974359 4132.307692 4225.128205 4152.820513 4195.897436 4098.461538 4203.589744
4087.692308 4134.358974 4089.743590 4105.128205 4227.692308 4075.384615 4072.820513 4140.512821 4177.948718 4234.358974 4168.717949 4201.538462 4133.333333 4196.923077
4080.512821 4126.153846 4075.897436 4087.692308 4218.974359 4081.538462 4072.820513 4091.282051 4112.307692 4225.641026 4144.102564 4191.794872 4102.564103 4211.282051
4064.102564 4131.794872 4030.256410 4055.897436 4225.641026 4047.179487 4017.435897 4012.820513 4056.923077 4214.358974 4123.589744 4182.051282 4046.153846 4227.179487
4086.666667 4150.769231 4062.564103 4087.179487 4228.205128 4047.692308 4032.820513 4093.333333 4155.897436 4226.153846 4157.948718 4195.897436 4094.871795 4226.153846
4121.025641 4167.179487 4129.230769 4142.051282 4230.256410 4084.615385 4067.692308 4144.615385 4198.974359 4238.974359 4185.641026 4221.025641 4169.230769 4221.538462
4111.794872 4156.923077 4131.282051 4143.589744 4210.256410 4100.000000 4066.666667 4087.179487 4134.871795 4227.692308 4172.820513 4206.153846 4163.589744 4215.384615
4103.076923 4157.948718 4096.410256 4122.051282 4220.000000 4094.358974 4074.871795 4090.256410 4134.871795 4223.076923 4165.641026 4199.487179 4115.897436 4224.615385
4107.692308 4165.128205 4099.487179 4124.615385 4240.000000 4089.230769 4077.948718 4137.948718 4175.897436 4225.641026 4177.435897 4204.615385 4120.000000 4208.717949
4098.461538 4153.333333 4107.179487 4112.820513 4221.025641 4067.179487 4040.000000 4108.205128 4152.307692 4226.666667 4176.410256 4191.282051 4142.051282 4189.230769
4102.051282 4157.435897 4095.384615 4088.717949 4221.025641 4073.846154 4045.128205 4081.025641 4131.282051 4227.692308 4167.692308 4205.128205 4130.769231 4221.025641
4098.974359 4156.410256 4085.128205 4076.923077 4221.025641 4102.564103 4086.666667 4106.153846 4150.769231 4219.487179 4159.487179 4198.461538 4109.743590 4227.692308
4092.820513 4148.205128 4081.538462 4075.897436 4221.025641 4083.076923 4073.846154 4117.435897 4155.897436 4225.641026 4157.435897 4189.743590 4097.435897 4218.974359
4108.717949 4156.410256 4109.230769 4098.461538 4225.128205 4094.871795 4082.564103 4124.615385 4155.384615 4235.897436 4167.692308 4207.692308 4124.615385 4223.076923
4106.153846 4155.384615 4116.923077 4103.589744 4209.230769 4121.025641 4106.153846 4132.307692 4172.820513 4228.717949 4162.051282 4195.384615 4132.307692 4215.897436
4093.846154 4157.948718 4082.051282 4077.435897 4222.564103 4075.384615 4067.179487 4129.743590 4183.076923 4223.589744 4153.846154 4190.769231 4096.410256 4216.923077
4087.179487 4154.358974 4069.743590 4063.589744 4233.846154 4044.102564 4032.307692 4107.692308 4145.128205 4223.589744 4156.923077 4186.666667 4090.256410 4199.487179
4081.538462 4144.102564 4073.846154 4063.076923 4223.589744 4053.333333 4028.205128 4055.384615 4090.769231 4225.641026 4146.153846 4185.128205 4088.717949 4198.461538
4100.000000 4155.384615 4090.769231 4078.461538 4222.051282 4078.974359 4045.128205 4054.871795 4112.307692 4227.692308 4153.846154 4205.641026 4093.333333 4232.820513
4124.102564 4169.230769 4119.487179 4098.974359 4222.051282 4109.230769 4081.538462 4120.000000 4172.820513 4224.615385 4186.666667 4201.538462 4136.410256 4234.358974
4127.179487 4171.282051 4133.333333 4104.102564 4231.282051 4111.282051 4105.128205 4153.333333 4184.102564 4230.256410 4196.923077 4200.512821 4168.717949 4212.820513
4112.820513 4156.410256 4133.846154 4099.487179 4216.410256 4110.769231 4115.384615 4147.179487 4182.051282 4230.769231 4184.615385 4200.512821 4167.179487 4202.564103
4100.512821 4149.743590 4103.076923 4082.051282 4209.230769 4099.487179 4089.230769 4114.358974 4164.102564 4225.128205 4170.256410 4190.769231 4127.179487 4213.846154
4094.871795 4160.000000 4076.923077 4066.153846 4235.897436 4074.871795 4059.487179 4103.076923 4149.743590 4225.641026 4167.692308 4189.230769 4100.512821 4209.743590
4089.743590 4154.358974 4090.256410 4070.256410 4227.692308 4087.179487 4085.641026 4152.307692 4195.384615 4227.692308 4172.307692 4181.025641 4127.692308 4192.307692
4102.051282 4157.435897 4100.000000 4083.076923 4212.820513 4131.794872 4129.230769 4163.076923 4208.717949 4230.769231 4169.230769 4193.846154 4136.410256 4218.461538
4112.307692 4166.153846 4091.282051 4083.589744 4218.974359 4143.076923 4127.692308 4118.461538 4157.435897 4222.051282 4164.102564 4193.333333 4120.512821 4233.846154
4096.923077 4157.435897 4070.769231 4062.051282 4227.179487 4091.794872 4070.769231 4084.615385 4121.025641 4216.410256 4153.846154 4175.897436 4105.128205 4212.820513
4088.205128 4148.717949 4069.743590 4053.846154 4230.769231 4055.897436 4036.923077 4085.128205 4127.692308 4228.205128 4150.256410 4188.717949 4103.076923 4202.051282
4101.538462 4144.615385 4099.487179 4074.871795 4211.794872 4078.461538 4065.128205 4117.435897 4161.025641 4236.923077 4164.615385 4195.384615 4128.717949 4204.102564
4122.051282 4161.538462 4114.358974 4093.333333 4220.000000 4102.051282 4093.846154 4137.948718 4182.051282 4234.358974 4182.051282 4198.974359 4146.153846 4223.076923
4124.102564 4175.897436 4120.512821 4100.512821 4235.384615 4125.641026 4119.487179 4142.564103 4173.846154 4224.102564 4189.743590 4195.897436 4158.974359 4216.410256
4110.256410 4162.051282 4117.435897 4094.358974 4221.025641 4127.179487 4115.384615 4124.615385 4142.564103 4224.615385 4176.923077 4185.128205 4150.769231 4198.974359
4109.230769 4155.897436 4098.461538 4083.076923 4218.974359 4100.512821 4077.948718 4091.794872 4124.615385 4229.230769 4157.435897 4192.307692 4114.358974 4220.000000
4114.871795 4156.923077 4098.974359 4088.205128 4216.923077 4111.794872 4096.923077 4126.153846 4168.717949 4224.102564 4162.051282 4187.692308 4117.948718 4232.307692
4125.128205 4165.641026 4121.025641 4103.589744 4227.692308 4133.333333 4135.384615 4187.179487 4224.615385 4227.692308 4186.153846 4193.846154 4155.897436 4223.589744
4129.743590 4169.230769 4136.923077 4114.358974 4229.230769 4125.641026 4124.102564 4183.589744 4217.435897 4229.230769 4194.871795 4201.025641 4176.410256 4205.128205
4125.128205 4160.000000 4124.615385 4106.153846 4211.794872 4114.358974 4100.000000 4144.102564 4182.051282 4224.102564 4178.461538 4187.179487 4158.461538 4204.615385
4128.205128 4164.102564 4104.102564 4097.948718 4228.717949 4118.974359 4104.102564 4136.923077 4173.846154 4224.615385 4169.230769 4189.743590 4132.307692 4222.564103
4123.076923 4160.000000 4105.641026 4105.128205 4234.871795 4120.512821 4107.692308 4141.538462 4164.615385 4221.025641 4174.871795 4181.538462 4140.000000 4207.692308
4123.589744 4156.923077 4117.435897 4117.435897 4222.564103 4126.153846 4116.410256 4136.923077 4146.666667 4227.692308 4178.974359 4187.692308 4148.205128 4209.230769
4131.794872 4162.564103 4122.564103 4128.717949 4216.923077 4157.948718 4145.128205 4136.410256 4150.256410 4229.230769 4173.333333 4201.025641 4136.410256 4227.179487
4122.051282 4156.923077 4107.692308 4120.000000 4213.333333 4128.205128 4108.717949 4114.358974 4151.282051 4220.000000 4159.487179 4181.025641 4123.076923 4216.923077
4129.230769 4164.615385 4118.974359 4126.153846 4228.205128 4097.435897 4087.692308 4134.871795 4169.743590 4231.794872 4174.871795 4191.794872 4150.256410 4215.897436
4144.615385 4171.794872 4158.974359 4153.333333 4219.487179 4148.205128 4136.923077 4178.974359 4201.538462 4236.923077 4198.974359 4200.512821 4194.358974 4209.230769
4146.666667 4176.923077 4152.820513 4150.769231 4215.384615 4162.051282 4138.461538 4156.410256 4196.923077 4226.153846 4193.333333 4192.820513 4183.589744 4216.410256
4147.692308 4187.179487 4128.717949 4137.948718 4237.948718 4143.589744 4136.410256 4169.743590 4212.820513 4218.974359 4195.384615 4191.282051 4164.615385 4228.717949
4135.384615 4170.769231 4123.076923 4136.923077 4228.717949 4149.230769 4156.923077 4195.384615 4216.410256 4219.487179 4194.358974 4172.307692 4153.846154 4209.743590
4134.358974 4163.589744 4133.846154 4149.743590 4214.871795 4151.794872 4132.820513 4129.743590 4154.358974 4227.692308 4179.487179 4188.717949 4140.512821 4218.461538
4152.307692 4176.923077 4163.589744 4175.384615 4209.743590 4174.871795 4151.794872 4146.153846 4177.435897 4230.256410 4195.897436 4208.205128 4174.358974 4237.948718
4153.333333 4183.076923 4165.641026 4176.923077 4222.051282 4185.128205 4207.179487 4258.974359 4273.846154 4231.282051 4223.589744 4193.333333 4194.358974 4224.102564
4145.128205 4176.923077 4154.871795 4162.564103 4234.871795 4145.128205 4168.717949 4236.410256 4244.615385 4231.794872 4223.076923 4183.076923 4187.179487 4194.871795
4138.974359 4164.102564 4155.384615 4148.717949 4211.794872 4112.820513 4082.564103 4106.153846 4128.717949 4226.666667 4198.974359 4176.923077 4180.512821 4189.743590
4140.512821 4171.794872 4140.000000 4135.384615 4216.410256 4126.666667 4090.256410 4089.230769 4119.487179 4226.153846 4187.692308 4189.743590 4143.589744 4226.153846
4151.794872 4190.256410 4155.897436 4153.333333 4232.307692 4186.153846 4197.435897 4213.846154 4222.051282 4228.205128 4215.897436 4195.897436 4164.615385 4234.358974
4172.820513 4198.461538 4195.897436 4178.974359 4224.102564 4213.333333 4224.102564 4242.564103 4239.487179 4229.230769 4242.051282 4195.384615 4232.307692 4220.512821
4176.923077 4194.871795 4192.307692 4168.205128 4220.000000 4186.666667 4164.102564 4158.461538 4176.410256 4226.666667 4227.179487 4203.076923 4223.589744 4224.615385
4148.717949 4175.897436 4161.025641 4142.051282 4209.743590 4172.307692 4157.948718 4154.871795 4181.025641 4221.538462 4204.615385 4185.128205 4173.846154 4224.615385
4138.461538 4170.256410 4152.307692 4134.871795 4220.512821 4158.974359 4160.512821 4186.666667 4196.923077 4227.179487 4211.282051 4185.641026 4167.179487 4221.025641
4148.205128 4165.641026 4173.333333 4143.589744 4225.128205 4146.666667 4134.358974 4167.692308 4173.846154 4231.794872 4224.102564 4193.846154 4192.307692 4202.564103
4148.205128 4151.282051 4172.820513 4142.051282 4213.333333 4162.564103 4151.282051 4157.948718 4168.205128 4229.230769 4213.333333 4185.641026 4177.948718 4208.205128
4156.410256 4157.948718 4163.589744 4151.282051 4229.230769 4195.384615 4219.487179 4213.846154 4208.717949 4227.692308 4213.846154 4195.384615 4166.153846 4236.923077
4166.666667 4162.564103 4183.076923 4171.794872 4230.256410 4201.025641 4222.564103 4246.666667 4242.564103 4225.128205 4232.307692 4192.307692 4205.641026 4221.538462
4166.153846 4158.974359 4184.615385 4165.641026 4220.512821 4175.384615 4149.230769 4174.358974 4195.384615 4229.230769 4226.666667 4192.307692 4212.820513 4213.846154
4156.923077 4151.282051 4167.692308 4153.333333 4211.282051 4190.256410 4168.205128 4157.435897 4164.615385 4228.717949 4210.769231 4196.923077 4184.102564 4230.256410
4152.820513 4153.846154 4166.153846 4158.974359 4211.282051 4205.128205 4227.179487 4236.923077 4215.384615 4227.692308 4217.948718 4188.717949 4178.974359 4226.666667
4166.666667 4179.487179 4189.230769 4174.871795 4234.358974 4171.794872 4180.000000 4231.794872 4225.128205 4233.333333 4234.358974 4196.923077 4208.205128 4208.205128
4174.358974 4176.923077 4205.128205 4187.179487 4223.589744 4162.564103 4132.820513 4155.384615 4164.102564 4229.743590 4225.128205 4192.307692 4225.641026 4195.897436
4156.410256 4158.974359 4157.948718 4164.102564 4213.333333 4167.179487 4145.641026 4127.179487 4127.692308 4222.564103 4191.282051 4181.538462 4165.641026 4216.923077
4140.512821 4163.076923 4126.666667 4146.153846 4227.692308 4157.435897 4159.487179 4156.923077 4163.589744 4221.538462 4185.128205 4182.051282 4137.948718 4227.179487
4160.512821 4171.282051 4178.461538 4181.538462 4226.153846 4161.538462 4170.256410 4200.000000 4215.897436 4229.743590 4218.974359 4190.256410 4213.846154 4216.923077
4189.230769 4175.897436 4223.589744 4219.487179 4221.538462 4185.128205 4185.128205 4209.230769 4217.435897 4235.384615 4238.461538 4209.230769 4255.384615 4226.153846
4176.410256 4169.230769 4203.589744 4208.205128 4208.205128 4209.743590 4198.461538 4182.051282 4180.000000 4223.589744 4221.025641 4192.307692 4213.846154 4227.692308
4155.384615 4162.564103 4162.051282 4171.282051 4215.384615 4181.538462 4172.307692 4151.282051 4147.692308 4221.025641 4197.435897 4176.410256 4165.128205 4218.461538
4146.153846 4153.846154 4150.769231 4150.256410 4229.230769 4137.948718 4133.846154 4148.717949 4144.615385 4228.717949 4187.692308 4184.615385 4149.743590 4198.461538
4146.666667 4150.256410 4168.205128 4157.948718 4210.769231 4149.230769 4141.538462 4154.871795 4150.256410 4233.333333 4189.743590 4184.615385 4161.025641 4200.000000
4182.051282 4185.128205 4201.538462 4191.794872 4220.512821 4190.256410 4185.641026 4174.358974 4170.769231 4235.384615 4215.897436 4202.564103 4200.512821 4240.000000
4195.384615 4202.051282 4214.871795 4206.153846 4230.769231 4201.025641 4191.794872 4197.435897 4190.256410 4221.538462 4234.358974 4192.820513 4231.794872 4228.717949
4160.000000 4176.923077 4174.871795 4171.282051 4220.000000 4152.307692 4124.615385 4153.333333 4151.794872 4220.000000 4207.179487 4171.282051 4189.230769 4200.512821
4138.974359 4160.000000 4145.641026 4147.179487 4216.923077 4129.230769 4100.512821 4103.589744 4109.743590 4229.743590 4176.923077 4182.564103 4137.435897 4213.846154
4145.128205 4165.128205 4153.846154 4153.333333 4213.846154 4162.051282 4152.820513 4138.974359 4134.358974 4227.179487 4180.512821 4184.102564 4145.641026 4229.230769
4170.256410 4192.307692 4181.025641 4180.000000 4229.230769 4194.871795 4198.461538 4214.358974 4201.025641 4229.743590 4212.820513 4197.435897 4193.333333 4234.871795
4185.128205 4201.025641 4214.358974 4208.717949 4227.179487 4209.230769 4211.282051 4240.000000 4225.128205 4231.282051 4234.871795 4196.410256 4240.000000 4211.282051
4171.794872 4181.025641 4197.435897 4195.384615 4214.358974 4202.051282 4193.333333 4197.948718 4184.615385 4227.692308 4216.410256 4181.538462 4215.384615 4208.717949
4167.692308 4180.512821 4169.743590 4170.769231 4227.179487 4206.666667 4202.051282 4194.871795 4175.897436 4222.051282 4204.102564 4188.717949 4177.435897 4237.948718
4171.282051 4188.205128 4180.512821 4163.589744 4226.666667 4212.307692 4219.487179 4232.307692 4203.589744 4216.923077 4218.461538 4177.948718 4193.333333 4225.128205
4149.743590 4171.282051 4160.512821 4128.717949 4224.102564 4151.794872 4140.512821 4162.051282 4151.282051 4220.000000 4197.435897 4170.769231 4164.615385 4200.512821
4129.230769 4146.666667 4137.948718 4104.102564 4214.358974 4117.948718 4094.358974 4087.179487 4099.487179 4225.128205 4168.717949 4180.000000 4125.128205 4212.820513
4154.871795 4165.641026 4171.282051 4138.461538 4211.282051 4169.743590 4185.641026 4162.051282 4160.000000 4230.769231 4191.282051 4190.769231 4158.974359 4238.974359
4181.538462 4196.923077 4201.538462 4171.794872 4230.256410 4187.179487 4210.256410 4225.641026 4198.461538 4229.230769 4216.923077 4192.307692 4195.384615 4220.000000
4169.230769 4180.512821 4196.410256 4161.538462 4220.000000 4140.000000 4118.974359 4166.153846 4156.923077 4225.641026 4205.128205 4173.333333 4188.205128 4189.743590
4180.000000 4185.128205 4206.666667 4169.743590 4216.410256 4157.948718 4137.948718 4151.794872 4168.205128 4233.333333 4208.205128 4192.307692 4187.692308 4230.256410
4208.205128 4213.846154 4234.871795 4209.230769 4226.153846 4227.692308 4238.974359 4228.717949 4221.538462 4226.153846 4230.769231 4204.102564 4212.820513 4246.153846
4196.410256 4202.564103 4221.025641 4201.025641 4222.564103 4187.692308 4190.769231 4222.564103 4200.512821 4220.000000 4218.461538 4176.410256 4194.358974 4205.128205
4192.307692 4193.333333 4218.974359 4189.230769 4220.000000 4147.179487 4140.000000 4178.461538 4173.846154 4235.384615 4208.205128 4187.692308 4174.871795 4212.307692
4213.846154 4201.538462 4251.794872 4217.948718 4207.692308 4228.205128 4234.871795 4230.769231 4219.487179 4231.282051 4223.076923 4200.000000 4202.564103 4236.923077
4217.948718 4208.717949 4230.769231 4213.846154 4222.051282 4238.461538 4255.384615 4262.051282 4230.769231 4220.512821 4214.871795 4186.666667 4183.589744 4224.615385
4203.589744 4204.102564 4202.564103 4186.153846 4233.333333 4155.384615 4155.384615 4199.487179 4176.410256 4225.128205 4199.487179 4171.282051 4149.743590 4191.794872
4203.589744 4194.358974 4216.923077 4190.256410 4210.256410 4155.384615 4129.743590 4149.230769 4155.384615 4230.769231 4201.025641 4174.871795 4157.435897 4206.666667
4220.512821 4207.179487 4225.128205 4208.205128 4215.897436 4227.692308 4215.897436 4197.948718 4201.538462 4225.128205 4211.282051 4196.923077 4166.153846 4248.717949
4198.461538 4202.051282 4187.692308 4184.615385 4228.205128 4198.461538 4201.025641 4212.820513 4197.435897 4213.846154 4198.974359 4165.128205 4143.076923 4216.923077
4173.333333 4182.564103 4166.666667 4163.076923 4229.743590 4110.256410 4082.564103 4124.102564 4122.564103 4225.641026 4184.102564 4154.358974 4123.076923 4192.307692
4209.230769 4195.897436 4238.974359 4215.897436 4217.948718 4175.384615 4133.846154 4144.615385 4152.820513 4241.025641 4216.923077 4201.025641 4188.205128 4224.615385
4240.512821 4217.948718 4282.051282 4252.307692 4204.102564 4265.641026 4251.282051 4246.666667 4237.435897 4231.794872 4244.102564 4203.076923 4246.666667 4236.923077
4229.743590 4220.000000 4236.923077 4219.487179 4230.769231 4210.256410 4209.230769 4238.974359 4221.025641 4224.102564 4231.282051 4184.102564 4210.769231 4222.564103
4217.435897 4203.589744 4230.256410 4205.128205 4234.358974 4181.025641 4172.820513 4214.871795 4190.256410 4225.641026 4228.205128 4178.974359 4197.948718 4206.153846
4226.153846 4203.589744 4254.358974 4219.487179 4215.897436 4233.333333 4238.461538 4244.102564 4200.000000 4227.692308 4234.358974 4192.820513 4217.435897 4225.641026
4234.871795 4215.897436 4243.076923 4215.384615 4225.128205 4250.769231 4276.923077 4274.871795 4227.692308 4223.589744 4230.769231 4202.564103 4205.641026 4245.641026
4224.615385 4206.153846 4228.717949 4201.025641 4223.589744 4223.589744 4231.282051 4261.025641 4231.282051 4220.000000 4228.717949 4179.487179 4193.333333 4223.076923
4223.589744 4201.025641 4244.102564 4210.256410 4217.435897 4207.179487 4186.153846 4220.512821 4201.538462 4231.794872 4233.846154 4188.717949 4218.461538 4216.923077
4226.666667 4200.000000 4253.846154 4222.564103 4207.692308 4224.615385 4215.384615 4237.948718 4215.384615 4233.333333 4234.871795 4200.512821 4245.128205 4222.051282
4215.897436 4202.051282 4221.538462 4204.102564 4216.410256 4225.641026 4230.256410 4252.307692 4218.974359 4224.102564 4222.564103 4185.128205 4203.589744 4218.461538
4212.307692 4213.846154 4212.820513 4197.435897 4239.487179 4212.307692 4195.384615 4208.205128 4164.102564 4225.128205 4220.000000 4181.025641 4178.974359 4205.128205
4227.179487 4215.384615 4254.358974 4228.205128 4225.128205 4226.666667 4185.128205 4189.230769 4151.282051 4231.794872 4233.846154 4185.128205 4229.230769 4198.974359
4249.743590 4220.512821 4270.256410 4247.692308 4215.897436 4250.256410 4207.692308 4205.128205 4184.102564 4230.769231 4241.025641 4200.000000 4246.666667 4233.333333
4245.128205 4222.051282 4255.897436 4240.512821 4217.948718 4261.538462 4233.333333 4222.564103 4191.794872 4217.435897 4238.461538 4192.820513 4226.153846 4242.051282
4232.820513 4217.948718 4256.923077 4235.384615 4223.076923 4234.358974 4214.871795 4227.692308 4185.641026 4220.512821 4240.000000 4187.692308 4231.282051 4221.538462
4238.461538 4217.948718 4269.743590 4241.538462 4228.205128 4210.769231 4181.538462 4213.846154 4181.538462 4234.358974 4242.564103 4205.641026 4246.666667 4215.897436
4230.769231 4206.153846 4262.564103 4237.435897 4210.769231 4218.461538 4189.230769 4205.128205 4177.948718 4230.769231 4234.358974 4192.820513 4234.871795 4214.871795
4235.384615 4224.102564 4258.974359 4241.025641 4224.102564 4240.512821 4232.307692 4249.743590 4217.948718 4231.282051 4242.564103 4199.487179 4232.820513 4230.256410
4244.102564 4243.589744 4276.410256 4257.948718 4238.974359 4271.794872 4271.794872 4303.076923 4260.512821 4230.256410 4263.076923 4206.153846 4265.128205 4216.410256
4225.128205 4217.435897 4260.000000 4242.564103 4218.974359 4248.205128 4235.897436 4265.128205 4229.230769 4226.153846 4242.051282 4188.717949 4246.153846 4197.948718
4223.589744 4207.692308 4240.512821 4228.205128 4218.974359 4222.564103 4208.205128 4228.717949 4218.461538 4226.666667 4222.051282 4202.564103 4212.820513 4228.205128
4227.179487 4214.871795 4242.051282 4229.743590 4222.051282 4246.153846 4239.487179 4251.794872 4240.000000 4221.025641 4232.307692 4195.897436 4220.000000 4233.333333
4217.435897 4214.358974 4237.948718 4223.076923 4225.128205 4248.717949 4232.820513 4236.410256 4207.692308 4228.205128 4233.846154 4187.179487 4218.974359 4217.435897
4230.256410 4218.974359 4272.820513 4246.153846 4219.487179 4251.794872 4221.538462 4223.076923 4202.051282 4240.000000 4242.051282 4209.230769 4248.205128 4217.435897
4250.256410 4228.205128 4295.897436 4267.692308 4212.307692 4264.615385 4242.051282 4249.230769 4245.128205 4232.820513 4256.410256 4214.358974 4271.794872 4227.179487
4246.153846 4233.333333 4264.615385 4250.769231 4234.871795 4259.487179 4250.256410 4278.461538 4265.128205 4222.564103 4256.410256 4205.128205 4242.051282 4226.666667
4228.717949 4218.461538 4255.897436 4239.487179 4233.333333 4252.820513 4246.153846 4291.282051 4262.051282 4223.589744 4253.333333 4189.230769 4241.025641 4202.564103
4233.333333 4209.743590 4274.358974 4249.230769 4218.974359 4260.512821 4251.282051 4271.794872 4246.153846 4233.333333 4254.358974 4204.102564 4262.564103 4214.871795
4248.717949 4215.897436 4285.128205 4261.025641 4215.384615 4279.487179 4268.205128 4262.564103 4243.076923 4227.179487 4258.461538 4220.512821 4267.179487 4242.564103
4248.205128 4217.435897 4282.051282 4258.461538 4212.307692 4284.102564 4270.769231 4281.025641 4251.282051 4220.512821 4258.974359 4204.102564 4261.538462 4237.948718
4242.051282 4221.538462 4282.564103 4256.923077 4226.153846 4275.384615 4263.589744 4276.410256 4232.307692 4229.743590 4254.358974 4209.230769 4259.487179 4222.051282
4248.205128 4224.615385 4311.794872 4278.461538 4215.897436 4291.282051 4272.820513 4271.282051 4236.923077 4230.256410 4261.538462 4216.923077 4290.256410 4216.923077
4263.076923 4237.948718 4317.435897 4287.692308 4215.897436 4300.000000 4277.435897 4291.794872 4274.871795 4226.153846 4269.230769 4215.384615 4299.487179 4234.358974
4252.820513 4241.538462 4282.051282 4262.051282 4237.948718 4283.589744 4280.512821 4311.794872 4277.435897 4222.564103 4259.487179 4204.102564 4271.794872 4224.615385
4229.743590 4221.538462 4267.692308 4249.230769 4225.128205 4268.717949 4270.256410 4292.307692 4244.615385 4221.538462 4244.615385 4193.846154 4263.076923 4201.025641
4226.666667 4215.897436 4262.051282 4248.717949 4215.384615 4235.384615 4202.051282 4210.256410 4199.487179 4223.589744 4228.717949 4207.692308 4239.487179 4218.974359
4228.717949 4214.871795 4250.769231 4241.538462 4213.333333 4237.948718 4205.128205 4205.128205 4210.769231 4223.589744 4223.076923 4205.641026 4215.897436 4235.897436
4245.641026 4222.564103 4278.461538 4264.102564 4220.000000 4295.384615 4318.461538 4330.256410 4293.846154 4230.769231 4250.256410 4211.282051 4260.512821 4238.461538
4267.692308 4237.948718 4322.564103 4300.000000 4226.666667 4316.410256 4334.871795 4369.743590 4314.871795 4231.282051 4272.820513 4225.128205 4317.435897 4221.538462
4256.923077 4229.230769 4306.666667 4285.128205 4210.256410 4279.487179 4235.897436 4261.538462 4239.487179 4221.025641 4250.256410 4204.615385 4292.820513 4206.666667
4253.333333 4231.282051 4272.820513 4262.564103 4224.615385 4265.128205 4220.512821 4226.666667 4215.384615 4224.615385 4242.051282 4208.717949 4261.025641 4233.333333
4264.102564 4239.487179 4295.897436 4283.589744 4236.410256 4306.666667 4309.743590 4326.153846 4288.205128 4230.769231 4269.230769 4216.923077 4301.538462 4234.358974
4258.461538 4233.333333 4310.256410 4293.333333 4220.000000 4318.461538 4326.153846 4348.717949 4302.051282 4231.282051 4265.128205 4210.256410 4306.666667 4216.410256
4252.307692 4233.846154 4290.256410 4278.974359 4212.820513 4301.538462 4283.589744 4277.948718 4245.128205 4226.666667 4245.641026 4214.871795 4268.205128 4231.282051
4251.794872 4236.410256 4275.897436 4272.820513 4216.410256 4289.230769 4269.743590 4257.435897 4238.461538 4221.025641 4248.717949 4203.076923 4263.589744 4237.435897
4254.871795 4242.564103 4283.076923 4286.153846 4233.846154 4271.794872 4268.717949 4281.025641 4259.487179 4229.230769 4254.871795 4208.205128 4275.897436 4226.666667
4256.410256 4237.948718 4310.256410 4309.743590 4221.538462 4271.794872 4263.589744 4284.102564 4252.307692 4232.820513 4257.948718 4215.897436 4298.461538 4208.717949
4250.769231 4227.692308 4296.410256 4302.051282 4206.153846 4265.641026 4245.128205 4259.487179 4239.487179 4226.666667 4252.820513 4205.641026 4286.153846 4221.025641
4241.025641 4233.333333 4252.307692 4275.897436 4234.358974 4265.641026 4262.564103 4270.769231 4246.666667 4222.051282 4240.512821 4203.589744 4235.384615 4236.410256
4228.717949 4231.282051 4248.717949 4270.256410 4231.282051 4276.923077 4281.025641 4281.025641 4235.897436 4222.051282 4234.871795 4195.384615 4229.743590 4213.846154
4241.538462 4231.794872 4275.384615 4287.179487 4213.333333 4271.794872 4252.307692 4250.256410 4231.794872 4232.820513 4248.205128 4215.384615 4266.666667 4230.256410
4264.102564 4238.974359 4304.102564 4311.794872 4212.307692 4289.743590 4263.589744 4263.076923 4267.692308 4231.794872 4271.794872 4228.205128 4309.230769 4254.871795
4271.282051 4249.230769 4317.948718 4321.538462 4220.512821 4309.743590 4307.179487 4321.025641 4298.974359 4227.179487 4284.615385 4215.897436 4331.282051 4240.512821
4282.564103 4265.641026 4336.923077 4335.897436 4234.358974 4311.282051 4329.230769 4367.179487 4331.794872 4231.794872 4294.358974 4230.256410 4344.102564 4230.769231
4279.487179 4253.846154 4345.128205 4346.153846 4214.871795 4321.025641 4323.076923 4347.692308 4316.923077 4226.666667 4286.666667 4224.615385 4338.461538 4224.102564
4262.051282 4241.538462 4301.025641 4316.410256 4213.846154 4302.564103 4275.897436 4264.615385 4235.897436 4223.589744 4261.025641 4211.794872 4291.282051 4232.820513
4258.461538 4250.256410 4278.974359 4299.487179 4236.410256 4284.615385 4265.128205 4258.461538 4232.820513 4224.102564 4265.128205 4213.846154 4283.076923 4235.384615
4261.025641 4245.128205 4304.102564 4320.000000 4227.692308 4303.589744 4316.923077 4335.384615 4295.897436 4225.641026 4280.000000 4213.333333 4309.743590 4224.102564
4259.487179 4238.974359 4306.153846 4326.666667 4215.384615 4302.564103 4310.769231 4318.974359 4272.307692 4228.717949 4261.025641 4220.000000 4289.230769 4232.820513
4247.692308 4235.384615 4283.076923 4308.205128 4210.769231 4275.384615 4259.487179 4254.358974 4232.307692 4226.153846 4240.000000 4207.692308 4259.487179 4234.871795
4248.717949 4242.564103 4283.589744 4307.692308 4226.153846 4271.282051 4261.538462 4267.692308 4256.410256 4227.179487 4256.410256 4209.230769 4269.230769 4231.794872
4270.769231 4260.000000 4330.256410 4342.564103 4231.282051 4309.743590 4313.333333 4328.205128 4293.846154 4232.820513 4291.282051 4228.717949 4325.641026 4218.974359
4279.487179 4262.051282 4354.871795 4353.846154 4209.743590 4324.615385 4328.205128 4339.487179 4302.051282 4233.333333 4294.358974 4226.666667 4353.846154 4215.384615
4275.897436 4265.128205 4322.564103 4328.205128 4222.051282 4311.794872 4316.923077 4311.282051 4288.717949 4224.615385 4275.897436 4228.717949 4315.384615 4240.000000
4273.846154 4267.179487 4306.666667 4320.512821 4229.230769 4327.179487 4340.000000 4330.769231 4306.666667 4214.358974 4276.923077 4216.923077 4305.641026 4237.948718
4272.820513 4261.538462 4317.948718 4326.153846 4216.410256 4325.641026 4334.358974 4345.641026 4323.589744 4223.589744 4283.076923 4216.410256 4322.564103 4230.256410
4265.128205 4252.820513 4313.333333 4315.384615 4212.820513 4320.512821 4320.512821 4311.794872 4290.769231 4229.743590 4268.205128 4231.282051 4301.025641 4239.487179
4253.846154 4246.666667 4291.794872 4294.871795 4212.820513 4321.025641 4324.615385 4288.205128 4268.717949 4221.025641 4251.794872 4216.410256 4268.717949 4240.000000
4266.153846 4261.538462 4294.871795 4298.974359 4232.307692 4294.871795 4312.820513 4312.820513 4293.846154 4225.641026 4263.589744 4221.025641 4284.615385 4234.358974
4267.179487 4255.384615 4312.307692 4310.256410 4228.205128 4285.128205 4294.358974 4317.435897 4282.564103 4228.717949 4267.179487 4222.051282 4303.076923 4209.743590
4253.333333 4246.153846 4289.230769 4296.410256 4217.435897 4289.230769 4269.743590 4259.487179 4224.102564 4225.128205 4245.641026 4213.333333 4265.128205 4219.487179
4275.897436 4273.333333 4297.435897 4307.179487 4234.358974 4310.256410 4295.384615 4281.025641 4263.076923 4226.153846 4266.153846 4228.717949 4284.102564 4254.358974
4301.025641 4286.153846 4344.102564 4342.051282 4228.717949 4351.794872 4369.743590 4381.025641 4354.358974 4227.179487 4304.615385 4229.743590 4355.384615 4239.487179
4295.384615 4284.615385 4343.589744 4347.179487 4220.512821 4362.051282 4384.615385 4385.641026 4332.820513 4230.256410 4296.410256 4234.358974 4344.615385 4220.512821
4281.538462 4285.641026 4324.102564 4341.538462 4209.743590 4342.051282 4340.512821 4321.025641 4278.461538 4224.102564 4277.435897 4233.333333 4311.282051 4227.692308
4281.538462 4290.769231 4313.846154 4330.769231 4212.307692 4317.435897 4311.282051 4302.564103 4291.794872 4221.025641 4279.487179 4227.179487 4304.102564 4241.025641
4291.282051 4292.820513 4319.487179 4320.512821 4232.307692 4313.333333 4317.948718 4324.102564 4304.102564 4229.230769 4289.743590 4237.435897 4312.820513 4228.717949
4277.435897 4262.051282 4314.871795 4304.615385 4217.435897 4304.102564 4310.256410 4321.025641 4281.538462 4229.743590 4276.410256 4220.512821 4308.205128 4202.051282
4262.051282 4241.025641 4282.051282 4279.487179 4216.410256 4277.948718 4291.794872 4301.538462 4284.615385 4229.743590 4251.794872 4217.948718 4263.589744 4228.717949
4283.076923 4262.564103 4300.000000 4295.897436 4232.307692 4310.769231 4336.923077 4347.692308 4335.384615 4227.692308 4274.871795 4233.846154 4282.051282 4248.205128
4309.230769 4279.487179 4344.615385 4329.230769 4230.769231 4344.615385 4353.333333 4361.025641 4319.487179 4225.128205 4305.128205 4232.307692 4340.000000 4225.641026
4297.948718 4262.051282 4331.794872 4318.974359 4221.538462 4310.256410 4298.461538 4285.128205 4246.666667 4228.205128 4280.000000 4232.820513 4321.538462 4219.487179
4271.794872 4242.564103 4302.564103 4297.948718 4203.589744 4307.179487 4313.333333 4287.179487 4268.205128 4227.692308 4258.461538 4225.641026 4285.641026 4231.794872
4281.538462 4261.025641 4305.128205 4303.076923 4221.538462 4332.820513 4350.256410 4340.000000 4311.794872 4228.717949 4278.461538 4228.717949 4292.820513 4238.461538
4290.256410 4270.256410 4322.051282 4318.974359 4238.461538 4302.564103 4304.102564 4320.512821 4285.641026 4230.256410 4291.794872 4228.717949 4320.000000 4208.205128
4278.974359 4254.358974 4317.435897 4324.102564 4218.974359 4277.948718 4274.358974 4283.076923 4260.000000 4232.307692 4275.384615 4224.102564 4315.897436 4206.153846
4283.589744 4263.076923 4304.102564 4326.666667 4222.051282 4324.615385 4333.333333 4303.589744 4281.025641 4226.666667 4268.205128 4237.435897 4292.307692 4248.205128
4288.205128 4265.128205 4306.153846 4321.025641 4227.692308 4340.512821 4350.769231 4332.820513 4315.897436 4215.897436 4278.974359 4226.153846 4297.435897 4238.974359
4284.102564 4250.256410 4309.230769 4305.641026 4225.641026 4283.589744 4291.794872 4314.871795 4304.102564 4226.153846 4277.948718 4225.128205 4306.153846 4213.846154
4285.641026 4244.615385 4318.974359 4306.153846 4220.512821 4287.179487 4302.051282 4308.205128 4275.384615 4232.820513 4267.692308 4239.487179 4311.794872 4222.564103
4300.000000 4256.410256 4331.794872 4321.538462 4214.358974 4333.846154 4355.384615 4342.051282 4310.256410 4229.743590 4274.871795 4235.897436 4334.358974 4240.512821
4319.487179 4279.487179 4344.615385 4335.897436 4233.333333 4334.358974 4355.897436 4369.743590 4360.512821 4232.820513 4302.051282 4242.564103 4363.589744 4233.333333
4301.025641 4266.153846 4335.897436 4323.076923 4230.256410 4312.820513 4320.512821 4335.384615 4315.897436 4225.641026 4296.410256 4226.666667 4353.846154 4202.564103
4272.820513 4245.128205 4297.948718 4292.820513 4216.410256 4287.692308 4285.641026 4273.846154 4257.948718 4223.589744 4262.051282 4221.025641 4300.000000 4222.564103
4285.128205 4256.923077 4304.615385 4303.076923 4221.025641 4310.256410 4322.564103 4304.615385 4302.051282 4227.692308 4270.769231 4242.564103 4303.076923 4252.820513
4294.871795 4255.384615 4334.358974 4322.051282 4219.487179 4331.794872 4356.410256 4351.282051 4329.743590 4226.153846 4291.794872 4234.871795 4343.589744 4230.256410
4289.743590 4245.641026 4338.974359 4321.025641 4221.538462 4309.743590 4337.948718 4348.717949 4323.076923 4232.820513 4289.743590 4240.000000 4353.846154 4223.076923
4295.897436 4247.692308 4347.179487 4328.205128 4209.743590 4343.076923 4371.282051 4366.666667 4348.205128 4232.820513 4290.769231 4245.641026 4360.512821 4232.307692
4298.974359 4256.923077 4325.641026 4315.897436 4214.871795 4352.820513 4366.153846 4343.076923 4316.923077 4223.589744 4283.076923 4233.846154 4334.358974 4231.794872
4297.435897 4268.717949 4314.871795 4304.615385 4237.435897 4316.923077 4326.666667 4321.538462 4290.256410 4225.641026 4289.743590 4234.358974 4328.205128 4222.564103
4300.512821 4273.333333 4351.282051 4326.153846 4226.666667 4329.743590 4353.846154 4357.948718 4330.769231 4229.743590 4314.358974 4234.871795 4371.794872 4216.923077
4296.923077 4274.358974 4336.923077 4318.974359 4224.615385 4324.102564 4339.487179 4325.641026 4314.358974 4223.076923 4304.615385 4237.948718 4346.666667 4232.820513
4269.230769 4258.461538 4275.897436 4274.871795 4230.769231 4278.461538 4287.179487 4271.794872 4272.820513 4214.871795 4276.923077 4221.025641 4285.128205 4226.666667
4259.487179 4251.282051 4275.897436 4273.846154 4230.256410 4269.743590 4303.076923 4312.307692 4301.025641 4227.692308 4285.128205 4224.615385 4291.282051 4218.974359
4288.205128 4270.256410 4337.948718 4322.051282 4226.153846 4313.333333 4361.025641 4374.358974 4355.384615 4238.461538 4310.256410 4258.974359 4347.692308 4236.923077
4297.948718 4271.282051 4351.794872 4331.282051 4211.794872 4337.435897 4364.102564 4356.923077 4356.410256 4227.692308 4309.230769 4249.230769 4366.153846 4238.461538
4282.564103 4269.230769 4304.102564 4296.410256 4230.256410 4306.666667 4313.846154 4297.435897 4300.000000 4223.589744 4302.564103 4235.384615 4329.743590 4226.153846
4274.871795 4268.717949 4300.000000 4291.282051 4238.461538 4280.512821 4287.692308 4288.205128 4278.461538 4227.179487 4315.384615 4233.333333 4325.128205 4208.717949
4277.435897 4260.000000 4319.487179 4301.538462 4216.923077 4279.487179 4295.897436 4298.461538 4293.846154 4228.205128 4313.333333 4235.384615 4332.307692 4221.025641
4276.923077 4260.000000 4301.538462 4289.230769 4218.461538 4289.743590 4308.205128 4281.025641 4289.230769 4224.102564 4293.333333 4244.102564 4305.641026 4245.128205
4267.179487 4258.461538 4279.487179 4276.410256 4220.512821 4282.564103 4298.461538 4282.051282 4294.871795 4218.461538 4288.717949 4227.692308 4290.769231 4232.307692
4272.820513 4261.025641 4294.358974 4290.769231 4225.128205 4274.358974 4299.487179 4304.102564 4301.538462 4229.230769 4296.923077 4237.435897 4305.128205 4231.794872
4287.692308 4258.461538 4334.871795 4323.076923 4216.410256 4324.102564 4348.717949 4317.435897 4293.333333 4236.410256 4305.641026 4257.948718 4337.948718 4235.384615
4297.948718 4258.974359 4347.692308 4332.307692 4209.230769 4352.820513 4367.179487 4324.102564 4314.358974 4231.794872 4318.461538 4252.820513 4356.923077 4233.846154
4308.717949 4275.897436 4342.564103 4327.692308 4238.461538 4323.076923 4348.205128 4345.641026 4354.358974 4228.205128 4335.897436 4251.794872 4362.564103 4234.358974
4300.000000 4266.666667 4349.743590 4329.230769 4233.846154 4311.794872 4354.358974 4366.666667 4360.000000 4226.666667 4332.820513 4243.076923 4368.717949 4213.846154
4297.435897 4258.461538 4345.128205 4324.615385 4218.974359 4318.974359 4348.717949 4337.435897 4331.282051 4231.794872 4313.846154 4250.769231 4346.666667 4226.666667
4308.205128 4268.717949 4333.846154 4325.641026 4225.128205 4321.025641 4334.358974 4306.153846 4315.384615 4225.128205 4311.282051 4255.897436 4332.820513 4247.692308
4303.076923 4268.205128 4333.846154 4328.205128 4222.051282 4309.230769 4329.230769 4310.256410 4306.153846 4221.025641 4314.871795 4240.000000 4345.128205 4229.230769
4297.435897 4265.641026 4340.512821 4325.641026 4220.512821 4296.410256 4314.871795 4304.615385 4291.794872 4232.307692 4307.179487 4249.743590 4342.051282 4215.384615
4294.358974 4253.846154 4337.435897 4326.153846 4208.205128 4305.128205 4321.538462 4305.128205 4306.666667 4233.333333 4295.897436 4251.794872 4322.051282 4222.051282
4295.384615 4257.435897 4319.487179 4336.410256 4218.974359 4318.461538 4357.948718 4335.384615 4339.487179 4228.717949 4301.538462 4249.743590 4309.230769 4240.000000
4297.948718 4275.897436 4323.589744 4346.666667 4240.512821 4312.307692 4362.051282 4356.923077 4347.692308 4224.615385 4317.948718 4248.205128 4330.769231 4225.128205
4297.435897 4269.230769 4344.102564 4345.128205 4225.641026 4307.179487 4343.589744 4348.717949 4338.974359 4228.205128 4320.512821 4242.564103 4357.948718 4209.743590
4318.974359 4267.692308 4366.666667 4358.974359 4218.974359 4346.153846 4382.051282 4358.461538 4355.384615 4235.384615 4325.128205 4269.230769 4376.410256 4242.051282
4322.051282 4274.871795 4362.564103 4362.051282 4220.512821 4364.102564 4394.358974 4355.897436 4360.512821 4220.512821 4325.641026 4261.025641 4375.897436 4247.179487
4290.769231 4272.307692 4315.384615 4319.487179 4226.153846 4303.076923 4318.974359 4300.000000 4314.358974 4217.435897 4303.076923 4238.461538 4329.743590 4230.256410
4290.256410 4267.179487 4320.000000 4314.358974 4222.051282 4288.717949 4313.846154 4296.410256 4303.076923 4234.358974 4302.051282 4256.923077 4327.179487 4229.743590
4311.794872 4266.666667 4351.794872 4340.000000 4205.641026 4334.871795 4376.410256 4338.461538 4328.717949 4232.820513 4314.358974 4261.538462 4360.000000 4233.846154
4308.205128 4284.102564 4325.641026 4323.076923 4227.179487 4326.666667 4363.076923 4329.230769 4313.846154 4222.564103 4309.743590 4254.871795 4338.461538 4236.923077
4294.358974 4294.358974 4312.307692 4303.589744 4236.923077 4288.717949 4316.923077 4320.512821 4315.384615 4224.615385 4310.256410 4248.205128 4332.820513 4218.461538
4299.487179 4292.820513 4326.153846 4310.769231 4223.589744 4278.461538 4320.512821 4335.897436 4349.230769 4234.358974 4312.820513 4254.358974 4344.615385 4221.538462
4306.666667 4298.974359 4323.589744 4319.487179 4224.615385 4308.717949 4355.897436 4330.256410 4335.384615 4226.666667 4307.692308 4263.589744 4330.256410 4243.076923
4301.025641 4295.897436 4316.923077 4316.410256 4221.538462 4317.948718 4347.179487 4303.589744 4288.717949 4216.923077 4306.153846 4245.128205 4328.205128 4232.307692
4307.179487 4290.769231 4328.205128 4316.923077 4228.717949 4290.256410 4316.923077 4304.615385 4296.923077 4231.794872 4314.358974 4251.282051 4346.666667 4226.666667
4318.461538 4293.333333 4351.794872 4335.384615 4220.512821 4309.743590 4341.538462 4336.410256 4340.000000 4238.974359 4322.051282 4265.641026 4368.205128 4226.666667
4320.512821 4305.128205 4346.153846 4341.025641 4213.333333 4330.769231 4349.230769 4326.666667 4329.743590 4227.692308 4316.410256 4258.461538 4358.461538 4232.820513
4305.641026 4306.153846 4305.641026 4312.820513 4236.410256 4292.820513 4311.794872 4300.000000 4303.589744 4217.948718 4301.538462 4244.102564 4320.000000 4226.666667
4282.051282 4282.051282 4282.051282 4283.589744 4233.333333 4261.538462 4298.461538 4303.076923 4303.589744 4222.051282 4287.179487 4228.205128 4293.846154 4204.615385
4298.461538 4287.179487 4301.025641 4301.025641 4221.538462 4286.666667 4321.025641 4300.000000 4299.487179 4233.333333 4289.743590 4254.871795 4302.051282 4230.256410
4321.538462 4300.000000 4325.641026 4329.230769 4216.410256 4331.794872 4363.589744 4309.230769 4312.820513 4227.179487 4303.589744 4266.666667 4328.717949 4256.410256
4307.692308 4288.717949 4312.820513 4313.846154 4220.000000 4309.230769 4352.820513 4319.487179 4325.641026 4220.512821 4299.487179 4242.564103 4322.564103 4240.000000
4293.846154 4285.641026 4301.538462 4296.923077 4234.358974 4256.410256 4287.692308 4282.051282 4285.641026 4227.692308 4285.641026 4244.615385 4306.666667 4215.384615
4292.820513 4273.846154 4307.692308 4303.589744 4220.000000 4266.666667 4284.102564 4252.307692 4248.717949 4229.230769 4281.025641 4247.692308 4307.692308 4215.384615
4312.820513 4277.948718 4315.897436 4318.974359 4223.076923 4325.128205 4369.743590 4317.948718 4305.641026 4230.769231 4299.487179 4260.512821 4315.384615 4249.230769
4322.564103 4293.846154 4324.615385 4327.179487 4240.000000 4336.410256 4397.435897 4378.974359 4357.948718 4226.153846 4317.435897 4256.410256 4330.256410 4234.358974
4300.000000 4284.615385 4307.179487 4306.666667 4229.743590 4274.358974 4306.153846 4302.564103 4294.871795 4224.102564 4297.435897 4236.923077 4316.410256 4204.615385
4309.230769 4283.076923 4311.794872 4311.282051 4223.589744 4282.564103 4311.794872 4281.025641 4292.307692 4234.358974 4290.769231 4265.641026 4320.000000 4243.076923
4331.794872 4288.205128 4340.512821 4336.923077 4220.000000 4345.128205 4399.487179 4368.717949 4371.282051 4227.692308 4309.743590 4269.230769 4355.897436 4258.461538
4311.794872 4279.487179 4315.384615 4314.358974 4230.769231 4287.692308 4322.051282 4313.333333 4309.230769 4217.948718 4298.974359 4246.153846 4333.333333 4223.589744
4294.358974 4265.128205 4306.153846 4295.897436 4228.717949 4226.153846 4235.384615 4218.461538 4224.615385 4227.179487 4291.794872 4252.820513 4321.538462 4208.717949
4315.384615 4270.769231 4342.564103 4328.205128 4207.179487 4295.384615 4328.205128 4287.692308 4289.230769 4236.923077 4311.794872 4268.717949 4355.897436 4238.461538
4330.256410 4291.794872 4341.025641 4356.923077 4223.589744 4339.487179 4394.358974 4355.897436 4344.615385 4230.256410 4315.384615 4270.256410 4352.820513 4256.923077
4311.794872 4286.153846 4315.897436 4352.307692 4235.897436 4299.487179 4341.538462 4329.230769 4321.025641 4217.948718 4305.641026 4246.153846 4339.487179 4223.589744
4312.307692 4277.435897 4323.076923 4350.256410 4228.717949 4299.487179 4332.820513 4318.461538 4315.897436 4226.666667 4311.794872 4255.384615 4343.589744 4222.051282
4329.743590 4284.102564 4347.692308 4370.769231 4218.974359 4355.384615 4395.897436 4345.641026 4338.974359 4231.282051 4316.923077 4277.435897 4341.538462 4252.307692
4317.948718 4277.948718 4334.358974 4369.743590 4212.307692 4337.948718 4373.846154 4328.205128 4326.153846 4218.974359 4299.487179 4251.794872 4325.641026 4240.000000
4306.153846 4276.410256 4315.384615 4351.794872 4234.358974 4272.307692 4300.512821 4296.923077 4302.564103 4225.128205 4292.307692 4251.794872 4318.974359 4219.487179
4317.948718 4282.564103 4348.205128 4371.282051 4230.769231 4300.000000 4341.025641 4343.076923 4342.564103 4236.923077 4311.794872 4273.846154 4358.461538 4217.435897
4322.564103 4282.564103 4350.256410 4378.974359 4215.897436 4334.358974 4374.358974 4356.923077 4360.000000 4231.794872 4308.717949 4272.820513 4356.923077 4231.794872
4298.461538 4272.307692 4289.743590 4333.846154 4232.820513 4300.512821 4322.564103 4298.974359 4304.102564 4217.948718 4280.512821 4252.307692 4290.256410 4230.769231
4277.948718 4259.487179 4272.307692 4313.333333 4234.358974 4273.333333 4297.948718 4290.256410 4282.564103 4221.538462 4278.974359 4243.589744 4283.076923 4215.897436
4308.205128 4276.410256 4329.743590 4351.794872 4226.153846 4288.205128 4321.538462 4322.051282 4327.179487 4238.461538 4307.179487 4281.025641 4348.205128 4235.384615
4334.358974 4287.692308 4366.666667 4379.487179 4213.333333 4328.205128 4356.923077 4333.846154 4355.384615 4228.717949 4316.410256 4284.615385 4378.974359 4247.692308
4311.794872 4274.871795 4328.205128 4350.256410 4220.000000 4318.974359 4347.179487 4314.358974 4320.000000 4214.358974 4291.282051 4253.846154 4335.384615 4234.358974
4295.897436 4270.256410 4309.230769 4329.230769 4234.358974 4274.358974 4295.384615 4292.820513 4290.769231 4224.102564 4284.102564 4258.974359 4320.000000 4217.948718
4308.717949 4268.205128 4339.487179 4341.025641 4215.384615 4289.743590 4301.538462 4302.051282 4314.871795 4236.923077 4299.487179 4271.794872 4350.769231 4222.051282
4327.692308 4281.538462 4343.076923 4347.179487 4222.564103 4345.641026 4371.282051 4349.743590 4356.410256 4231.794872 4308.717949 4282.564103 4350.769231 4250.769231
4318.461538 4289.230769 4323.589744 4332.307692 4237.435897 4336.410256 4365.641026 4362.051282 4350.769231 4215.384615 4302.051282 4260.000000 4335.897436 4229.743590
4302.564103 4277.948718 4314.871795 4311.794872 4225.128205 4275.384615 4284.615385 4298.974359 4298.974359 4222.564103 4288.205128 4244.615385 4324.102564 4209.230769
4322.564103 4282.051282 4341.025641 4335.897436 4218.461538 4301.538462 4314.871795 4290.256410 4301.025641 4237.948718 4298.461538 4281.538462 4337.948718 4244.102564
4336.410256 4284.102564 4358.974359 4364.615385 4211.794872 4363.589744 4395.897436 4338.974359 4335.897436 4228.717949 4309.743590 4281.025641 4354.871795 4252.307692
4324.102564 4284.615385 4335.384615 4341.025641 4228.717949 4324.615385 4354.358974 4331.794872 4328.717949 4224.102564 4300.000000 4266.153846 4340.000000 4229.230769
4320.512821 4285.641026 4342.051282 4327.179487 4233.333333 4281.538462 4295.897436 4322.051282 4330.769231 4231.794872 4303.076923 4275.384615 4354.358974 4210.256410
4322.564103 4279.487179 4344.615385 4329.230769 4214.358974 4286.666667 4296.410256 4312.820513 4329.743590 4229.230769 4296.410256 4273.846154 4351.794872 4222.051282
4315.897436 4278.974359 4306.153846 4309.230769 4227.692308 4282.051282 4298.974359 4284.615385 4297.948718 4221.025641 4275.384615 4269.230769 4298.974359 4248.717949
4309.743590 4280.512821 4306.153846 4309.230769 4235.384615 4294.358974 4310.769231 4300.000000 4294.358974 4221.025641 4284.615385 4263.589744 4309.743590 4236.410256
4319.487179 4288.717949 4343.589744 4334.871795 4225.641026 4312.820513 4330.256410 4326.153846 4313.333333 4234.358974 4305.128205 4278.461538 4356.410256 4227.692308
4326.666667 4290.769231 4354.871795 4346.153846 4215.897436 4324.615385 4356.410256 4343.589744 4342.051282 4233.333333 4304.615385 4288.205128 4363.076923 4240.000000
4320.512821 4287.179487 4336.410256 4340.512821 4218.461538 4336.410256 4364.615385 4350.256410 4345.128205 4221.025641 4298.974359 4272.307692 4345.641026 4240.512821
4318.461538 4295.897436 4331.282051 4344.102564 4236.410256 4326.666667 4336.923077 4329.230769 4308.205128 4224.615385 4303.076923 4272.820513 4340.512821 4227.692308
4318.974359 4292.307692 4351.794872 4353.846154 4224.102564 4309.743590 4330.256410 4336.923077 4317.435897 4230.769231 4310.256410 4277.948718 4364.102564 4218.974359
4313.333333 4281.538462 4333.333333 4333.846154 4215.384615 4293.333333 4324.615385 4336.410256 4329.743590 4224.102564 4296.410256 4276.923077 4341.538462 4236.923077
4290.256410 4274.871795 4278.974359 4290.256410 4226.666667 4272.820513 4285.128205 4276.410256 4273.846154 4213.333333 4270.256410 4258.461538 4281.025641 4237.948718
4280.512821 4271.794872 4276.410256 4280.000000 4227.179487 4256.923077 4268.205128 4270.769231 4270.256410 4224.615385 4273.846154 4254.358974 4279.487179 4225.641026
4311.794872 4283.589744 4332.820513 4323.076923 4228.205128 4286.153846 4316.923077 4341.538462 4340.000000 4241.025641 4303.589744 4289.230769 4328.205128 4236.923077
4322.564103 4281.025641 4350.256410 4341.538462 4215.897436 4329.743590 4351.794872 4347.179487 4341.025641 4228.717949 4303.076923 4282.564103 4337.435897 4234.358974
4300.000000 4272.820513 4305.128205 4308.205128 4222.051282 4295.897436 4298.461538 4290.256410 4298.974359 4221.025641 4280.512821 4264.615385 4297.948718 4228.717949
4294.871795 4271.794872 4302.051282 4300.512821 4236.923077 4253.333333 4256.923077 4287.179487 4303.076923 4230.256410 4287.179487 4273.333333 4306.666667 4218.461538
4301.538462 4265.128205 4331.282051 4320.000000 4221.025641 4276.410256 4284.102564 4310.256410 4311.794872 4233.333333 4297.435897 4271.794872 4339.487179 4216.410256
4309.230769 4271.794872 4321.538462 4321.538462 4221.538462 4307.179487 4312.820513 4311.794872 4311.282051 4229.743590 4293.333333 4277.435897 4322.051282 4245.128205
4308.205128 4276.410256 4299.487179 4305.128205 4229.230769 4303.076923 4313.846154 4326.153846 4330.256410 4220.512821 4292.820513 4266.153846 4301.538462 4241.538462
4306.666667 4272.307692 4305.128205 4299.487179 4228.205128 4281.025641 4293.333333 4327.179487 4324.102564 4224.102564 4295.384615 4265.641026 4314.358974 4225.641026
4318.461538 4272.820513 4342.051282 4328.717949 4222.564103 4298.974359 4298.461538 4313.846154 4303.589744 4231.794872 4305.641026 4291.282051 4347.692308 4235.384615
4315.384615 4266.666667 4343.076923 4337.435897 4207.692308 4310.256410 4301.025641 4300.512821 4298.974359 4224.102564 4307.179487 4275.384615 4342.564103 4235.384615
4304.102564 4271.794872 4309.230769 4308.717949 4229.230769 4273.846154 4269.230769 4288.717949 4296.410256 4225.128205 4305.128205 4269.743590 4313.333333 4232.307692
4307.179487 4275.897436 4329.230769 4314.358974 4232.820513 4272.820513 4272.820513 4310.256410 4309.230769 4233.333333 4315.897436 4283.589744 4345.641026 4220.000000
4306.666667 4262.051282 4338.461538 4320.512821 4211.794872 4277.948718 4281.025641 4301.538462 4299.487179 4231.794872 4300.000000 4277.948718 4343.589744 4223.076923
4296.923077 4257.435897 4296.923077 4292.307692 4228.717949 4268.205128 4277.948718 4273.333333 4277.435897 4223.076923 4274.358974 4275.897436 4283.076923 4245.128205
4301.538462 4262.564103 4305.641026 4299.487179 4233.846154 4294.871795 4309.230769 4316.410256 4311.794872 4220.000000 4292.820513 4273.846154 4305.128205 4239.487179
4308.717949 4260.512821 4326.666667 4312.820513 4227.179487 4282.564103 4289.743590 4323.589744 4313.846154 4228.205128 4300.000000 4278.974359 4330.256410 4228.205128
4287.179487 4237.948718 4294.871795 4281.538462 4214.358974 4244.102564 4240.512821 4256.923077 4262.051282 4228.205128 4266.153846 4272.307692 4276.410256 4227.179487
4291.794872 4238.974359 4293.333333 4281.538462 4210.769231 4271.794872 4287.692308 4280.512821 4285.128205 4230.256410 4272.307692 4273.846154 4276.410256 4244.615385
4334.871795 4278.461538 4350.769231 4332.820513 4238.974359 4309.743590 4352.307692 4376.410256 4355.897436 4231.794872 4322.564103 4296.410256 4357.435897 4246.153846
4326.666667 4268.205128 4357.435897 4332.307692 4231.282051 4285.641026 4312.820513 4366.666667 4347.692308 4221.025641 4320.000000 4277.948718 4374.871795 4216.923077
4304.102564 4246.153846 4304.615385 4292.820513 4218.461538 4265.641026 4268.205128 4277.435897 4283.589744 4220.000000 4281.025641 4271.794872 4313.333333 4235.897436
4317.948718 4266.153846 4302.051282 4298.461538 4226.666667 4301.538462 4307.179487 4261.025641 4260.000000 4221.025641 4280.512821 4281.025641 4305.128205 4255.897436
4310.256410 4265.641026 4308.205128 4297.435897 4226.153846 4272.820513 4272.820513 4259.487179 4250.256410 4221.538462 4280.512821 4262.564103 4310.769231 4224.615385
4286.666667 4244.102564 4286.666667 4272.820513 4225.128205 4201.538462 4178.461538 4213.846154 4229.743590 4230.256410 4261.025641 4268.717949 4279.487179 4215.897436
4293.846154 4244.102564 4301.538462 4283.589744 4214.358974 4230.769231 4217.435897 4235.384615 4249.230769 4233.846154 4270.769231 4280.000000 4295.384615 4234.871795
4323.076923 4268.205128 4330.769231 4313.333333 4222.564103 4298.461538 4315.384615 4317.435897 4303.076923 4235.384615 4303.076923 4290.256410 4341.538462 4247.692308
4331.282051 4274.871795 4344.102564 4322.564103 4235.897436 4301.025641 4320.512821 4351.794872 4334.358974 4232.307692 4314.871795 4289.743590 4368.717949 4223.589744
4311.282051 4254.358974 4328.717949 4302.564103 4224.615385 4257.435897 4260.000000 4293.333333 4290.256410 4228.205128 4288.205128 4272.307692 4342.564103 4209.743590
4312.820513 4255.384615 4313.333333 4295.384615 4225.641026 4264.615385 4272.307692 4269.230769 4273.333333 4229.743590 4275.384615 4285.641026 4306.153846 4248.205128
4322.564103 4260.512821 4317.948718 4307.179487 4222.564103 4300.512821 4324.615385 4324.615385 4326.153846 4222.051282 4292.820513 4283.589744 4318.461538 4254.358974
4313.846154 4262.051282 4311.282051 4300.000000 4226.153846 4272.820513 4295.384615 4313.846154 4311.794872 4222.051282 4290.256410 4274.358974 4323.076923 4231.794872
4310.769231 4263.589744 4323.589744 4310.256410 4225.128205 4258.974359 4267.692308 4275.897436 4272.307692 4232.820513 4281.025641 4286.666667 4326.153846 4224.102564
4319.487179 4258.974359 4334.358974 4330.256410 4207.179487 4282.051282 4286.666667 4289.743590 4294.358974 4231.794872 4285.641026 4287.179487 4334.358974 4232.820513
4332.820513 4272.820513 4322.051282 4327.692308 4229.230769 4283.589744 4303.076923 4317.435897 4317.435897 4227.692308 4294.358974 4293.333333 4328.717949 4248.205128
4326.666667 4274.871795 4322.051282 4317.948718 4242.564103 4273.846154 4309.743590 4324.615385 4308.205128 4224.615385 4296.923077 4283.589744 4334.358974 4222.564103
4313.846154 4261.538462 4315.897436 4307.179487 4227.179487 4262.051282 4290.256410 4288.205128 4277.435897 4227.179487 4285.128205 4276.410256 4320.512821 4214.358974
4320.512821 4262.564103 4301.025641 4303.589744 4226.666667 4270.256410 4287.692308 4273.846154 4272.307692 4225.641026 4280.512821 4286.666667 4294.871795 4246.666667
4323.076923 4264.615385 4295.384615 4296.410256 4227.179487 4273.846154 4295.384615 4295.897436 4298.974359 4218.461538 4286.666667 4275.384615 4292.820513 4247.692308
4314.871795 4265.641026 4299.487179 4280.512821 4232.820513 4238.974359 4262.051282 4279.487179 4291.794872 4223.589744 4289.743590 4275.897436 4303.076923 4227.179487
4302.051282 4255.897436 4302.564103 4270.769231 4216.923077 4233.333333 4248.205128 4242.564103 4243.589744 4229.230769 4278.461538 4277.435897 4303.076923 4214.358974
4301.538462 4250.769231 4287.692308 4264.615385 4211.282051 4253.846154 4273.846154 4247.179487 4235.897436 4231.794872 4265.128205 4280.000000 4271.282051 4236.410256
4317.435897 4268.205128 4288.205128 4274.358974 4237.948718 4263.589744 4292.820513 4287.179487 4283.589744 4227.692308 4278.461538 4290.769231 4271.282051 4249.743590
4318.974359 4272.307692 4310.256410 4288.205128 4230.256410 4267.179487 4288.717949 4299.487179 4299.487179 4224.615385 4294.358974 4278.461538 4313.333333 4223.076923
4311.282051 4264.102564 4306.666667 4281.538462 4216.923077 4252.820513 4271.794872 4264.615385 4262.051282 4230.769231 4284.615385 4282.051282 4305.641026 4226.153846
4309.743590 4260.000000 4296.410256 4276.410256 4219.487179 4245.641026 4271.794872 4247.692308 4250.256410 4222.564103 4277.435897 4286.666667 4284.615385 4248.205128
4312.820513 4262.564103 4297.948718 4285.641026 4229.230769 4250.769231 4279.487179 4273.846154 4277.948718 4218.974359 4281.025641 4281.025641 4296.923077 4247.179487
4314.358974 4267.179487 4310.769231 4300.000000 4238.461538 4251.794872 4286.153846 4294.358974 4289.743590 4231.794872 4286.666667 4288.717949 4314.358974 4227.179487
4310.256410 4263.076923 4328.205128 4309.230769 4218.461538 4255.384615 4297.948718 4293.333333 4284.615385 4234.871795 4290.256410 4286.153846 4318.461538 4224.615385
4318.461538 4274.871795 4323.589744 4312.820513 4221.538462 4267.692308 4308.205128 4298.461538 4292.307692 4227.692308 4295.384615 4294.871795 4306.153846 4255.384615
4320.512821 4277.435897 4314.358974 4319.487179 4233.333333 4276.923077 4305.128205 4302.051282 4289.230769 4221.025641 4296.923077 4291.282051 4309.743590 4243.589744
4305.641026 4255.897436 4307.179487 4314.871795 4224.102564 4256.410256 4282.051282 4268.717949 4252.820513 4225.128205 4284.102564 4278.974359 4307.692308 4223.589744
4302.051282 4251.794872 4293.333333 4295.897436 4223.589744 4248.205128 4283.076923 4248.205128 4240.000000 4227.179487 4272.307692 4292.307692 4284.102564 4248.717949
4295.384615 4251.282051 4281.025641 4280.512821 4217.948718 4264.615385 4304.102564 4269.743590 4266.666667 4217.948718 4271.794872 4284.102564 4276.410256 4249.230769
4289.230769 4249.230769 4283.589744 4278.974359 4229.743590 4247.692308 4278.974359 4264.102564 4261.025641 4222.051282 4277.435897 4281.538462 4284.102564 4227.179487
4289.230769 4239.487179 4305.641026 4283.589744 4231.282051 4226.153846 4251.794872 4243.076923 4244.102564 4229.230769 4281.025641 4291.282051 4300.000000 4215.897436
4292.820513 4232.307692 4311.794872 4279.487179 4211.794872 4242.564103 4272.307692 4254.871795 4258.974359 4228.717949 4280.000000 4289.743590 4304.102564 4233.333333
4305.128205 4253.333333 4302.564103 4284.102564 4229.743590 4278.974359 4308.717949 4289.743590 4283.076923 4225.641026 4285.128205 4295.384615 4303.076923 4252.307692
4292.820513 4250.769231 4290.256410 4282.564103 4236.923077 4279.487179 4314.871795 4308.717949 4290.256410 4221.025641 4284.102564 4281.025641 4306.666667 4225.641026
4277.435897 4232.307692 4279.487179 4266.153846 4223.589744 4236.410256 4277.435897 4276.923077 4266.666667 4227.692308 4272.307692 4285.128205 4290.256410 4223.076923
4285.641026 4236.410256 4290.256410 4277.435897 4216.923077 4245.641026 4280.000000 4266.153846 4261.025641 4228.717949 4272.820513 4300.000000 4282.051282 4247.179487
4286.666667 4238.461538 4292.820513 4291.282051 4215.384615 4265.128205 4310.256410 4301.025641 4286.153846 4221.025641 4275.897436 4285.641026 4285.128205 4244.102564
4283.076923 4240.000000 4289.743590 4285.128205 4231.282051 4231.282051 4288.205128 4302.051282 4280.512821 4227.692308 4273.333333 4289.743590 4288.717949 4228.717949
4280.000000 4236.923077 4302.564103 4280.512821 4225.128205 4224.615385 4260.000000 4277.948718 4251.794872 4231.282051 4274.358974 4291.794872 4299.487179 4210.769231
4272.307692 4233.846154 4274.871795 4262.564103 4223.076923 4234.358974 4256.410256 4260.000000 4234.871795 4225.641026 4265.641026 4284.615385 4268.717949 4224.615385
4265.128205 4235.384615 4242.051282 4243.589744 4241.538462 4217.948718 4249.230769 4253.333333 4231.282051 4218.461538 4258.974359 4278.974359 4240.000000 4235.384615
4256.923077 4226.153846 4251.282051 4238.974359 4233.333333 4189.230769 4208.717949 4231.794872 4224.102564 4220.000000 4260.000000 4266.153846 4247.692308 4213.333333
4262.051282 4227.692308 4264.102564 4245.641026 4222.051282 4187.692308 4204.102564 4217.435897 4222.564103 4231.282051 4260.512821 4287.179487 4245.128205 4229.743590
4282.051282 4241.538462 4289.230769 4271.794872 4213.846154 4251.282051 4291.794872 4271.282051 4261.538462 4229.743590 4276.410256 4300.512821 4277.948718 4259.487179
4288.205128 4247.692308 4299.487179 4281.538462 4220.512821 4274.358974 4310.256410 4295.384615 4278.461538 4223.589744 4286.666667 4284.615385 4308.717949 4249.230769
4268.717949 4235.384615 4278.974359 4260.512821 4231.282051 4218.461538 4236.410256 4249.743590 4243.589744 4227.692308 4272.307692 4281.025641 4281.538462 4218.461538
4258.974359 4220.512821 4274.871795 4260.512821 4212.307692 4210.769231 4234.358974 4238.974359 4231.794872 4234.871795 4262.051282 4283.589744 4261.538462 4219.487179
4281.025641 4238.974359 4286.153846 4288.717949 4220.512821 4251.794872 4283.589744 4265.641026 4249.230769 4231.282051 4274.358974 4293.846154 4269.230769 4250.769231
4281.538462 4247.179487 4282.564103 4291.794872 4233.333333 4249.230769 4279.487179 4281.025641 4261.538462 4215.897436 4280.000000 4278.461538 4266.153846 4235.897436
4256.410256 4234.358974 4261.025641 4265.641026 4224.615385 4210.256410 4237.948718 4259.487179 4238.974359 4221.538462 4264.102564 4268.717949 4239.487179 4215.384615
4261.538462 4237.435897 4266.153846 4272.307692 4220.000000 4218.461538 4243.589744 4234.358974 4220.512821 4235.897436 4259.487179 4295.384615 4242.051282 4239.487179
4277.435897 4240.000000 4284.615385 4295.897436 4212.820513 4247.692308 4283.589744 4258.461538 4252.307692 4230.256410 4272.307692 4296.410256 4269.230769 4254.871795
4285.128205 4250.256410 4296.923077 4300.512821 4231.794872 4232.307692 4289.230769 4302.051282 4286.666667 4228.205128 4285.641026 4296.410256 4285.641026 4245.128205
4284.102564 4252.307692 4319.487179 4307.692308 4232.820513 4228.717949 4276.923077 4305.128205 4276.923077 4232.307692 4290.769231 4296.410256 4309.230769 4216.410256
4271.282051 4236.923077 4296.923077 4293.333333 4211.282051 4229.230769 4247.692308 4238.461538 4222.051282 4230.769231 4270.769231 4286.666667 4280.512821 4220.512821
4272.820513 4245.128205 4268.717949 4282.051282 4226.153846 4230.769231 4255.897436 4230.256410 4223.076923 4228.205128 4267.692308 4295.384615 4249.743590 4249.230769
4281.025641 4251.794872 4293.846154 4305.641026 4233.333333 4249.230769 4290.256410 4294.871795 4274.358974 4225.641026 4290.256410 4287.179487 4291.794872 4232.820513
4278.461538 4240.512821 4303.589744 4312.307692 4228.205128 4230.769231 4254.358974 4272.307692 4253.846154 4231.282051 4284.102564 4290.256410 4296.923077 4223.589744
4269.743590 4231.282051 4288.205128 4296.410256 4218.974359 4221.025641 4233.333333 4225.128205 4225.128205 4230.256410 4264.102564 4299.487179 4263.076923 4237.435897
4263.589744 4234.358974 4272.820513 4282.051282 4216.923077 4232.307692 4260.512821 4247.692308 4249.743590 4223.076923 4261.538462 4288.205128 4254.358974 4236.923077
4263.589744 4243.589744 4264.102564 4275.384615 4236.923077 4224.615385 4261.025641 4273.333333 4261.538462 4226.666667 4266.153846 4289.743590 4256.923077 4224.102564
4263.589744 4238.974359 4282.051282 4285.641026 4228.205128 4235.897436 4268.205128 4277.948718 4255.384615 4232.820513 4269.230769 4289.230769 4269.743590 4217.435897
4283.076923 4252.307692 4306.153846 4308.717949 4224.102564 4277.435897 4317.435897 4300.000000 4285.128205 4233.333333 4284.615385 4305.128205 4286.153846 4249.230769
4287.692308 4262.051282 4290.769231 4299.487179 4235.384615 4286.153846 4335.897436 4321.538462 4314.871795 4218.461538 4289.743590 4303.076923 4273.333333 4250.769231
4253.846154 4233.333333 4246.666667 4257.435897 4227.692308 4225.128205 4263.589744 4277.435897 4268.717949 4216.923077 4264.102564 4274.358974 4230.769231 4217.948718
4251.794872 4223.076923 4254.871795 4261.538462 4225.128205 4208.717949 4232.820513 4233.846154 4216.923077 4234.871795 4258.461538 4293.333333 4235.384615 4228.717949
4275.384615 4235.384615 4296.923077 4290.256410 4215.384615 4262.564103 4293.846154 4264.615385 4238.974359 4233.333333 4278.461538 4307.179487 4282.564103 4243.589744
4284.615385 4246.666667 4296.410256 4278.974359 4223.589744 4268.717949 4314.358974 4295.384615 4273.333333 4226.666667 4284.615385 4302.564103 4291.282051 4241.538462
4283.076923 4247.692308 4295.897436 4272.307692 4238.461538 4244.102564 4284.102564 4292.820513 4275.897436 4230.256410 4283.589744 4298.974359 4299.487179 4220.512821
4266.153846 4230.769231 4290.769231 4271.282051 4220.512821 4235.897436 4266.666667 4276.410256 4257.948718 4232.820513 4270.256410 4286.666667 4293.846154 4208.205128
4256.410256 4230.256410 4257.948718 4255.897436 4221.025641 4247.692308 4292.307692 4278.461538 4251.794872 4229.230769 4252.307692 4299.487179 4243.589744 4241.538462
4269.230769 4244.102564 4263.076923 4262.564103 4226.666667 4282.564103 4332.820513 4314.871795 4276.410256 4223.589744 4268.717949 4301.538462 4252.820513 4250.769231
4281.025641 4249.743590 4292.307692 4280.000000 4226.666667 4275.897436 4306.666667 4306.153846 4268.717949 4229.230769 4283.589744 4294.871795 4293.846154 4231.794872
4261.538462 4231.794872 4275.384615 4265.641026 4222.564103 4229.230769 4248.717949 4235.384615 4213.333333 4228.717949 4255.897436 4292.820513 4262.564103 4222.051282
4238.461538 4211.282051 4241.025641 4238.974359 4210.769231 4215.384615 4242.051282 4212.307692 4206.153846 4224.615385 4237.435897 4283.076923 4219.487179 4231.282051
4259.487179 4232.307692 4255.897436 4246.153846 4230.256410 4236.410256 4273.846154 4269.743590 4263.589744 4232.307692 4265.128205 4301.025641 4245.641026 4243.076923
4274.358974 4244.102564 4292.307692 4267.692308 4234.358974 4254.358974 4300.000000 4312.307692 4295.897436 4231.794872 4286.153846 4305.128205 4297.435897 4218.461538
4264.615385 4227.179487 4281.538462 4267.692308 4220.512821 4239.487179 4283.076923 4278.461538 4269.230769 4227.179487 4272.307692 4296.410256 4285.128205 4220.000000
4272.820513 4230.256410 4272.820513 4269.230769 4225.641026 4256.410256 4288.717949 4266.666667 4260.512821 4226.153846 4273.846154 4303.589744 4269.743590 4249.230769
4274.358974 4230.769231 4281.025641 4267.692308 4224.102564 4289.230769 4326.666667 4303.589744 4277.435897 4221.025641 4283.589744 4289.743590 4281.538462 4236.410256
4254.358974 4218.461538 4258.461538 4258.461538 4227.692308 4236.410256 4269.743590 4256.923077 4229.230769 4224.102564 4262.564103 4290.256410 4254.871795 4220.512821
4246.666667 4210.256410 4249.230769 4276.923077 4217.948718 4201.025641 4203.589744 4191.282051 4182.564103 4229.743590 4249.230769 4301.025641 4241.538462 4232.307692
4263.589744 4222.051282 4267.179487 4302.051282 4211.794872 4249.230769 4255.897436 4244.615385 4240.000000 4229.743590 4271.282051 4301.538462 4268.717949 4250.769231
4274.358974 4237.435897 4275.384615 4298.974359 4232.820513 4266.666667 4302.564103 4312.820513 4292.307692 4226.666667 4290.769231 4297.435897 4287.179487 4233.333333
4261.538462 4223.589744 4277.948718 4293.333333 4226.666667 4227.179487 4256.923077 4285.128205 4253.846154 4227.179487 4277.435897 4285.128205 4290.769231 4203.076923
4269.743590 4226.153846 4281.538462 4302.051282 4220.512821 4225.128205 4234.871795 4241.025641 4223.589744 4231.794872 4268.717949 4301.538462 4285.641026 4236.923077
4283.589744 4246.666667 4288.205128 4305.641026 4227.692308 4265.641026 4283.076923 4272.820513 4265.641026 4223.076923 4285.641026 4306.666667 4292.820513 4259.487179
4276.410256 4244.102564 4290.769231 4295.897436 4226.666667 4254.358974 4289.230769 4311.794872 4291.282051 4221.538462 4291.282051 4293.333333 4302.051282 4232.820513
4281.538462 4237.435897 4306.666667 4303.076923 4225.128205 4240.000000 4274.871795 4311.794872 4285.128205 4233.846154 4288.717949 4312.307692 4318.974359 4229.743590
4285.128205 4234.358974 4312.307692 4310.256410 4211.794872 4268.205128 4290.769231 4292.307692 4277.435897 4227.692308 4287.692308 4308.205128 4329.230769 4236.923077
4277.435897 4240.512821 4281.025641 4289.230769 4228.717949 4265.641026 4282.051282 4276.923077 4262.564103 4222.051282 4278.461538 4296.410256 4293.846154 4236.410256
4274.358974 4241.538462 4278.461538 4284.615385 4246.666667 4235.384615 4255.897436 4294.358974 4264.102564 4226.153846 4281.025641 4295.897436 4289.743590 4217.435897
4274.871795 4229.743590 4296.923077 4297.435897 4224.102564 4244.102564 4269.230769 4303.076923 4267.179487 4228.205128 4290.256410 4296.923077 4316.923077 4215.897436
4281.538462 4237.948718 4286.666667 4298.974359 4221.538462 4302.051282 4332.307692 4304.615385 4266.153846 4226.666667 4288.205128 4313.846154 4302.051282 4250.769231
4277.948718 4240.512821 4270.256410 4288.205128 4224.615385 4300.512821 4320.000000 4304.102564 4272.820513 4218.461538 4282.051282 4300.000000 4281.025641 4245.641026
4268.205128 4230.769231 4271.794872 4276.923077 4228.205128 4208.717949 4201.538462 4245.128205 4235.897436 4225.641026 4276.410256 4290.769231 4282.564103 4222.051282
4270.256410 4225.641026 4294.871795 4288.717949 4223.076923 4196.410256 4190.769231 4221.538462 4213.846154 4237.948718 4280.000000 4309.230769 4305.641026 4223.589744
4275.384615 4226.153846 4290.256410 4293.846154 4209.230769 4258.461538 4277.948718 4279.487179 4265.128205 4231.282051 4284.615385 4307.179487 4305.641026 4238.461538
4280.000000 4240.512821 4268.717949 4281.538462 4231.282051 4261.538462 4275.897436 4298.974359 4287.179487 4222.051282 4286.153846 4303.076923 4280.000000 4240.512821
4281.538462 4240.000000 4289.230769 4289.743590 4233.333333 4244.615385 4241.025641 4269.230769 4240.000000 4223.589744 4291.794872 4296.410256 4293.846154 4215.384615
4290.769231 4230.769231 4306.666667 4301.538462 4220.512821 4251.282051 4254.358974 4258.461538 4223.589744 4234.871795 4296.410256 4305.641026 4312.307692 4224.102564
4298.974359 4234.871795 4294.358974 4296.923077 4227.692308 4266.153846 4289.230769 4297.948718 4279.487179 4230.256410 4300.512821 4315.897436 4305.128205 4249.743590
4293.333333 4235.384615 4285.128205 4289.743590 4227.179487 4274.358974 4305.641026 4336.410256 4309.743590 4220.512821 4303.076923 4296.923077 4301.538462 4240.512821
4285.128205 4229.230769 4277.435897 4277.435897 4230.256410 4249.743590 4260.512821 4279.487179 4244.615385 4226.153846 4294.871795 4296.923077 4299.487179 4225.128205
4266.153846 4210.256410 4257.435897 4259.487179 4214.358974 4224.615385 4210.769231 4201.538462 4182.564103 4228.717949 4276.410256 4298.461538 4283.589744 4218.461538
4259.487179 4206.666667 4233.333333 4249.230769 4212.307692 4220.000000 4212.820513 4211.794872 4202.051282 4228.717949 4267.692308 4295.897436 4260.512821 4236.923077
4272.820513 4220.000000 4242.051282 4253.846154 4237.435897 4233.846154 4248.717949 4281.538462 4262.051282 4232.307692 4287.179487 4300.000000 4288.205128 4238.461538
4263.589744 4206.666667 4253.333333 4245.128205 4232.820513 4232.820513 4232.307692 4271.282051 4252.820513 4228.717949 4293.333333 4287.179487 4318.974359 4208.717949
4248.717949 4196.410256 4231.794872 4227.179487 4222.051282 4212.820513 4197.435897 4200.512821 4197.435897 4226.666667 4277.435897 4299.487179 4290.256410 4227.179487
4252.820513 4201.538462 4225.128205 4227.692308 4216.410256 4248.205128 4273.333333 4254.871795 4232.820513 4224.102564 4283.076923 4305.128205 4281.025641 4253.333333
4255.384615 4205.128205 4235.384615 4227.179487 4225.128205 4251.282051 4290.769231 4310.256410 4272.820513 4225.128205 4295.384615 4293.846154 4302.051282 4237.948718
4251.794872 4207.692308 4246.153846 4228.717949 4229.743590 4190.769231 4175.897436 4227.179487 4220.512821 4227.692308 4294.358974 4301.025641 4314.871795 4216.923077
4242.051282 4192.307692 4228.717949 4218.974359 4205.128205 4164.615385 4132.307692 4172.307692 4193.846154 4223.589744 4278.461538 4292.820513 4291.794872 4222.564103
4238.974359 4189.230769 4189.743590 4191.794872 4221.025641 4171.282051 4176.410256 4212.820513 4230.256410 4224.102564 4263.589744 4288.717949 4242.564103 4246.666667
4235.897436 4194.871795 4186.666667 4186.153846 4243.076923 4170.769231 4173.846154 4225.128205 4230.256410 4223.076923 4270.769231 4279.487179 4240.512821 4221.538462
4210.256410 4175.897436 4165.641026 4166.666667 4225.641026 4131.794872 4104.102564 4147.692308 4155.897436 4226.153846 4254.871795 4267.692308 4218.461538 4200.000000
4199.487179 4166.666667 4135.897436 4146.666667 4215.897436 4127.179487 4116.923077 4131.794872 4149.743590 4232.307692 4229.743590 4290.256410 4171.794872 4239.487179
4222.564103 4180.512821 4168.717949 4171.794872 4216.410256 4178.974359 4188.205128 4205.641026 4226.666667 4229.230769 4248.205128 4296.923077 4205.128205 4249.230769
4241.025641 4196.923077 4203.589744 4191.282051 4232.307692 4179.487179 4176.923077 4223.589744 4238.974359 4231.794872 4272.307692 4290.769231 4249.230769 4221.538462
4225.128205 4189.230769 4197.435897 4174.871795 4228.205128 4147.179487 4142.051282 4192.820513 4210.769231 4233.333333 4258.461538 4285.641026 4242.564103 4204.615385
4213.333333 4183.076923 4173.846154 4151.282051 4207.179487 4148.205128 4151.794872 4177.435897 4207.179487 4227.692308 4238.974359 4284.102564 4213.333333 4226.153846
4224.615385 4202.051282 4162.564103 4142.564103 4224.102564 4156.410256 4152.820513 4176.410256 4207.692308 4224.615385 4244.102564 4287.692308 4194.358974 4246.666667
4212.307692 4195.384615 4161.025641 4130.769231 4231.794872 4130.769231 4120.512821 4177.435897 4204.615385 4222.051282 4249.230769 4262.564103 4193.846154 4216.410256
4203.076923 4178.974359 4153.333333 4123.589744 4224.102564 4116.923077 4115.897436 4172.820513 4207.179487 4229.230769 4238.974359 4268.717949 4184.102564 4217.948718
4212.307692 4184.102564 4146.153846 4132.307692 4215.384615 4147.179487 4146.153846 4169.230769 4209.230769 4227.692308 4227.179487 4285.641026 4169.743590 4246.666667
4202.051282 4193.846154 4132.820513 4126.666667 4214.871795 4144.615385 4134.358974 4162.564103 4207.692308 4221.025641 4221.538462 4266.153846 4156.410256 4238.461538
4196.410256 4193.333333 4138.461538 4121.025641 4237.435897 4108.717949 4100.512821 4167.179487 4213.333333 4229.743590 4233.333333 4268.717949 4165.641026 4213.333333
4200.000000 4171.794872 4153.846154 4124.615385 4225.128205 4105.641026 4098.974359 4166.666667 4207.692308 4233.333333 4238.461538 4270.256410 4181.025641 4204.615385
4203.589744 4169.743590 4136.923077 4116.923077 4217.435897 4131.794872 4129.743590 4160.512821 4193.846154 4228.205128 4223.076923 4269.230769 4149.743590 4231.794872
4203.589744 4186.666667 4125.128205 4113.333333 4236.410256 4145.641026 4145.128205 4177.435897 4205.641026 4218.974359 4219.487179 4265.641026 4127.692308 4228.717949
4194.871795 4178.461538 4128.717949 4108.717949 4230.256410 4112.307692 4094.358974 4161.538462 4203.076923 4220.512821 4216.923077 4251.794872 4134.358974 4200.512821
4192.820513 4173.333333 4114.358974 4092.820513 4226.153846 4082.564103 4053.846154 4107.692308 4158.974359 4228.205128 4202.051282 4263.589744 4123.076923 4220.512821
4203.589744 4179.487179 4113.846154 4093.333333 4221.538462 4108.717949 4087.179487 4109.230769 4148.205128 4223.589744 4205.641026 4266.153846 4132.307692 4236.923077
4217.948718 4188.205128 4129.230769 4107.692308 4228.205128 4105.641026 4083.076923 4126.666667 4166.153846 4224.102564 4221.538462 4261.025641 4155.384615 4221.025641
4202.051282 4173.846154 4111.282051 4095.384615 4234.358974 4059.487179 4023.076923 4085.128205 4125.641026 4228.717949 4202.051282 4257.948718 4127.179487 4197.948718
4181.538462 4142.051282 4083.589744 4080.000000 4212.307692 4051.794872 4017.435897 4058.974359 4082.564103 4231.282051 4174.358974 4247.179487 4087.692308 4205.641026
4209.743590 4162.564103 4108.717949 4110.256410 4222.051282 4084.102564 4064.102564 4107.692308 4134.358974 4235.897436 4199.487179 4267.179487 4114.871795 4237.948718
4216.923077 4177.435897 4134.358974 4122.051282 4236.410256 4091.794872 4083.076923 4156.923077 4195.897436 4226.666667 4222.051282 4262.564103 4151.282051 4220.512821
4194.871795 4163.589744 4117.948718 4097.948718 4225.641026 4070.256410 4064.615385 4136.923077 4170.256410 4227.179487 4201.538462 4252.820513 4130.769231 4205.641026
4220.000000 4192.307692 4143.076923 4124.102564 4218.461538 4110.769231 4094.871795 4126.666667 4153.333333 4236.410256 4210.256410 4284.102564 4146.666667 4237.948718
4239.487179 4219.487179 4178.461538 4152.307692 4215.384615 4171.282051 4157.435897 4176.410256 4201.025641 4226.153846 4236.923077 4281.538462 4189.230769 4247.179487
4221.538462 4206.153846 4154.358974 4121.538462 4231.794872 4144.102564 4149.743590 4206.153846 4228.717949 4223.589744 4229.743590 4265.641026 4174.358974 4229.230769
4211.794872 4185.641026 4145.641026 4114.871795 4227.179487 4107.692308 4108.717949 4182.051282 4201.025641 4231.282051 4218.461538 4264.615385 4165.128205 4205.128205
4217.435897 4185.128205 4146.153846 4133.846154 4213.846154 4117.948718 4090.256410 4122.051282 4145.128205 4228.717949 4207.179487 4266.666667 4151.282051 4216.923077
4217.948718 4194.358974 4129.230769 4130.256410 4229.230769 4136.410256 4108.717949 4116.923077 4147.179487 4220.000000 4199.487179 4270.769231 4118.974359 4243.076923
4204.615385 4182.564103 4120.000000 4113.333333 4230.769231 4116.410256 4100.000000 4139.487179 4170.256410 4216.923077 4200.000000 4251.794872 4114.871795 4218.974359
4205.641026 4178.974359 4127.179487 4115.384615 4226.666667 4080.512821 4060.000000 4111.282051 4140.512821 4229.743590 4198.461538 4264.102564 4121.538462 4210.769231
4225.128205 4191.282051 4157.948718 4144.615385 4216.410256 4116.410256 4103.076923 4129.743590 4156.923077 4232.307692 4209.230769 4285.128205 4149.230769 4235.384615
4233.333333 4202.564103 4163.076923 4147.692308 4216.410256 4154.871795 4152.820513 4183.589744 4210.256410 4225.641026 4218.974359 4271.282051 4163.076923 4239.487179
4224.102564 4206.153846 4141.538462 4128.205128 4238.461538 4120.000000 4106.153846 4168.205128 4198.461538 4224.102564 4215.897436 4263.076923 4153.333333 4214.871795
4211.282051 4192.307692 4144.615385 4129.743590 4218.974359 4087.692308 4058.461538 4116.923077 4155.897436 4226.666667 4212.820513 4260.000000 4159.487179 4201.538462
4223.589744 4201.025641 4158.461538 4146.666667 4211.794872 4114.871795 4092.820513 4124.102564 4168.717949 4232.307692 4225.641026 4276.923077 4169.743590 4240.512821
4236.923077 4222.051282 4162.051282 4152.307692 4233.846154 4157.435897 4147.179487 4180.512821 4213.846154 4224.102564 4245.128205 4276.923077 4180.512821 4245.641026
4224.615385 4220.512821 4154.871795 4136.923077 4231.282051 4148.205128 4131.794872 4181.025641 4209.230769 4219.487179 4242.564103 4261.025641 4179.487179 4215.897436
4221.025641 4222.564103 4163.076923 4140.512821 4222.564103 4137.948718 4112.820513 4148.205128 4184.102564 4231.794872 4234.358974 4281.025641 4178.974359 4226.666667
4223.076923 4228.717949 4174.871795 4156.410256 4209.230769 4168.205128 4147.179487 4157.948718 4191.282051 4228.717949 4235.897436 4278.461538 4188.205128 4237.435897
4218.461538 4241.538462 4156.410256 4144.102564 4223.076923 4157.435897 4149.230769 4176.923077 4201.025641 4222.051282 4233.333333 4265.641026 4171.794872 4232.307692
4212.307692 4248.717949 4161.025641 4141.538462 4240.512821 4120.512821 4123.589744 4198.974359 4223.076923 4228.205128 4237.948718 4268.717949 4180.512821 4209.743590
4208.717949 4242.051282 4180.000000 4165.641026 4224.615385 4122.564103 4121.538462 4200.512821 4231.282051 4232.307692 4242.051282 4267.179487 4195.897436 4206.666667
4205.128205 4246.666667 4154.871795 4165.128205 4227.692308 4152.307692 4136.410256 4160.000000 4186.153846 4225.128205 4226.153846 4269.743590 4148.205128 4236.410256
4192.307692 4246.666667 4129.743590 4146.666667 4230.256410 4167.692308 4150.256410 4161.538462 4173.333333 4217.435897 4211.794872 4253.846154 4122.051282 4233.333333
4177.435897 4236.923077 4125.641026 4136.410256 4226.153846 4114.871795 4087.692308 4143.589744 4166.666667 4224.615385 4207.692308 4249.230769 4133.846154 4211.794872
4167.692308 4227.179487 4128.205128 4132.820513 4216.923077 4085.128205 4031.794872 4073.846154 4114.871795 4229.743590 4198.974359 4266.153846 4128.717949 4214.358974
4175.897436 4230.256410 4136.923077 4136.923077 4205.641026 4140.000000 4095.897436 4103.076923 4127.179487 4227.179487 4198.974359 4267.692308 4132.307692 4234.871795
4195.897436 4252.820513 4148.205128 4150.256410 4229.230769 4154.358974 4142.564103 4188.205128 4196.923077 4230.256410 4218.974359 4269.230769 4163.589744 4235.897436
4190.256410 4253.846154 4159.487179 4161.538462 4231.794872 4118.461538 4097.435897 4178.974359 4203.076923 4229.743590 4226.666667 4257.948718 4186.153846 4203.076923
4174.871795 4242.564103 4149.230769 4153.846154 4217.435897 4122.564103 4081.025641 4130.769231 4174.358974 4227.179487 4205.641026 4257.948718 4148.717949 4215.897436
4176.410256 4244.615385 4130.769231 4147.179487 4225.128205 4156.923077 4119.487179 4137.435897 4173.333333 4218.974359 4194.358974 4262.564103 4110.769231 4242.564103
4171.794872 4238.974359 4128.205128 4146.153846 4229.230769 4143.076923 4108.717949 4145.641026 4173.333333 4217.948718 4200.512821 4243.076923 4121.538462 4221.538462
4168.205128 4237.435897 4138.461538 4140.512821 4233.333333 4107.179487 4078.461538 4147.179487 4184.615385 4231.282051 4205.641026 4254.358974 4136.410256 4214.358974
4168.205128 4233.846154 4144.615385 4134.871795 4217.435897 4121.538462 4095.897436 4157.435897 4194.871795 4228.205128 4205.128205 4265.128205 4143.589744 4224.615385
4168.205128 4238.461538 4134.358974 4132.307692 4215.384615 4144.102564 4106.153846 4145.128205 4176.923077 4225.128205 4209.743590 4258.461538 4146.153846 4230.256410
4184.615385 4256.923077 4161.025641 4158.461538 4238.461538 4163.589744 4128.205128 4172.820513 4201.025641 4235.897436 4236.410256 4270.256410 4185.128205 4224.102564
4190.769231 4251.282051 4199.487179 4181.538462 4224.615385 4184.102564 4168.205128 4223.589744 4245.128205 4234.358974 4247.179487 4272.307692 4218.974359 4210.769231
4180.512821 4245.128205 4180.000000 4166.666667 4217.435897 4179.487179 4164.615385 4194.871795 4214.358974 4226.153846 4221.025641 4273.333333 4183.076923 4234.358974
4171.794872 4246.153846 4149.743590 4154.871795 4226.153846 4178.974359 4150.256410 4164.102564 4185.128205 4216.410256 4210.256410 4256.923077 4155.897436 4240.000000
4148.717949 4230.256410 4121.538462 4141.025641 4225.128205 4154.871795 4116.923077 4148.717949 4174.871795 4217.948718 4202.051282 4236.410256 4137.948718 4210.256410
4129.230769 4218.974359 4113.333333 4134.358974 4224.102564 4124.615385 4079.487179 4107.692308 4143.076923 4230.769231 4183.076923 4256.410256 4119.487179 4210.769231
4141.538462 4224.102564 4148.205128 4152.820513 4213.846154 4142.564103 4099.487179 4115.384615 4160.512821 4232.820513 4195.897436 4266.666667 4154.358974 4231.794872
4162.051282 4239.487179 4153.846154 4152.820513 4228.717949 4147.692308 4114.871795 4152.820513 4197.435897 4228.717949 4219.487179 4263.589744 4174.358974 4235.384615
4153.846154 4238.974359 4141.025641 4137.948718 4237.435897 4131.794872 4107.179487 4169.230769 4202.564103 4227.692308 4215.897436 4256.923077 4164.102564 4211.794872
