4204.615385 4200.000000 4215.384615 4168.205128 4223.589744 4194.871795 4203.076923 4197.435897 4133.846154 4229.230769 4217.948718 4210.769231 4183.076923 4209.743590
4217.948718 4214.358974 4226.153846 4177.435897 4225.641026 4197.435897 4215.384615 4197.948718 4152.820513 4228.717949 4220.512821 4215.384615 4206.153846 4223.589744
4237.435897 4222.051282 4238.974359 4187.179487 4228.717949 4205.641026 4225.641026 4209.743590 4240.512821 4229.230769 4220.000000 4225.128205 4227.692308 4234.871795
4216.923077 4201.025641 4221.025641 4170.769231 4221.538462 4199.487179 4213.846154 4200.000000 4188.717949 4230.256410 4222.564103 4216.410256 4215.897436 4224.615385
4186.153846 4190.256410 4218.461538 4163.076923 4230.256410 4201.538462 4202.564103 4187.179487 4132.307692 4229.743590 4220.512821 4212.820513 4195.897436 4221.538462
4200.000000 4192.307692 4229.230769 4160.000000 4230.256410 4205.128205 4215.384615 4194.358974 4154.871795 4226.153846 4216.410256 4212.820513 4210.769231 4218.461538
4220.512821 4201.538462 4228.205128 4166.666667 4225.128205 4206.153846 4224.615385 4204.102564 4187.179487 4226.153846 4230.769231 4218.461538 4225.128205 4234.358974
4214.871795 4197.948718 4221.538462 4171.282051 4232.820513 4210.256410 4225.641026 4205.641026 4192.307692 4227.179487 4245.641026 4220.000000 4220.512821 4236.923077
4214.358974 4197.435897 4222.051282 4168.717949 4227.179487 4204.615385 4225.641026 4208.205128 4181.025641 4228.717949 4243.589744 4214.358974 4222.051282 4231.794872
4228.205128 4215.897436 4233.333333 4181.025641 4226.153846 4205.641026 4236.410256 4219.487179 4227.179487 4228.717949 4244.615385 4221.538462 4219.487179 4245.641026
4226.666667 4210.769231 4228.205128 4173.333333 4227.179487 4210.256410 4246.153846 4222.051282 4225.641026 4228.717949 4249.230769 4221.538462 4222.564103 4241.538462
4206.153846 4202.564103 4217.948718 4162.051282 4224.102564 4209.230769 4217.948718 4209.743590 4163.076923 4231.794872 4236.923077 4212.307692 4206.153846 4238.461538
4197.435897 4203.589744 4220.000000 4161.538462 4225.128205 4212.820513 4204.102564 4212.307692 4157.948718 4231.282051 4224.615385 4207.692308 4180.512821 4231.282051
4220.512821 4207.692308 4227.692308 4163.589744 4217.435897 4215.384615 4237.435897 4226.666667 4195.384615 4229.743590 4237.948718 4209.230769 4207.179487 4229.743590
4246.153846 4221.538462 4238.461538 4182.051282 4223.589744 4220.000000 4250.769231 4229.743590 4251.794872 4232.820513 4248.717949 4221.025641 4235.897436 4247.179487
4242.564103 4213.333333 4228.717949 4174.871795 4226.666667 4216.923077 4234.358974 4222.564103 4226.666667 4230.769231 4237.435897 4216.923077 4226.153846 4236.410256
4215.897436 4200.512821 4218.974359 4158.461538 4218.974359 4206.666667 4216.923077 4211.794872 4152.307692 4227.179487 4227.692308 4206.666667 4200.512821 4227.179487
4197.435897 4197.948718 4224.615385 4160.512821 4224.102564 4207.692308 4205.128205 4204.615385 4138.974359 4227.692308 4220.000000 4207.179487 4173.846154 4223.076923
4207.692308 4195.897436 4221.538462 4160.000000 4221.025641 4209.743590 4208.717949 4204.615385 4137.948718 4228.717949 4221.538462 4207.692308 4179.487179 4222.051282
4214.358974 4200.000000 4229.743590 4171.794872 4227.179487 4218.461538 4223.589744 4211.794872 4184.615385 4230.769231 4237.435897 4215.897436 4203.589744 4241.538462
4216.410256 4197.435897 4237.435897 4174.358974 4231.794872 4221.538462 4239.487179 4215.384615 4213.333333 4229.743590 4245.128205 4216.923077 4222.051282 4236.410256
4230.256410 4198.974359 4231.794872 4170.769231 4220.512821 4218.974359 4238.461538 4210.769231 4186.153846 4224.615385 4240.000000 4214.871795 4217.435897 4233.333333
4226.666667 4205.128205 4237.948718 4176.410256 4228.717949 4226.666667 4227.179487 4211.794872 4203.589744 4227.692308 4230.769231 4218.974359 4193.846154 4240.000000
4207.179487 4192.820513 4233.846154 4168.205128 4224.615385 4222.051282 4217.435897 4210.256410 4173.333333 4229.230769 4218.461538 4209.230769 4186.153846 4233.333333
4202.564103 4193.333333 4233.333333 4170.769231 4220.000000 4222.564103 4210.769231 4207.179487 4152.307692 4225.641026 4210.769231 4209.743590 4182.051282 4244.102564
4218.974359 4202.051282 4240.512821 4172.307692 4224.102564 4231.282051 4225.641026 4210.256410 4179.487179 4225.641026 4211.794872 4213.846154 4188.205128 4244.102564
4231.794872 4207.179487 4240.512821 4168.717949 4219.487179 4231.282051 4241.025641 4211.282051 4188.205128 4227.692308 4215.384615 4208.205128 4202.051282 4240.512821
4223.076923 4208.205128 4238.974359 4174.871795 4228.717949 4235.897436 4231.794872 4212.307692 4213.846154 4227.179487 4207.692308 4210.769231 4181.025641 4241.025641
4211.282051 4195.897436 4225.641026 4163.076923 4226.153846 4228.205128 4217.435897 4205.128205 4157.435897 4227.179487 4200.512821 4203.589744 4163.076923 4229.743590
4223.589744 4205.641026 4237.435897 4164.615385 4223.589744 4228.717949 4223.076923 4201.025641 4152.820513 4229.743590 4211.282051 4205.641026 4182.564103 4248.205128
4244.102564 4216.410256 4254.871795 4167.692308 4229.230769 4240.512821 4243.076923 4210.769231 4238.461538 4229.743590 4221.538462 4213.846154 4212.307692 4254.871795
4234.871795 4203.589744 4235.897436 4156.923077 4220.000000 4234.871795 4232.820513 4208.205128 4195.384615 4227.692308 4214.358974 4204.615385 4205.641026 4242.564103
4216.410256 4197.435897 4229.743590 4162.051282 4227.179487 4237.435897 4217.435897 4202.564103 4163.076923 4228.205128 4206.666667 4202.051282 4178.974359 4246.666667
4232.307692 4198.461538 4238.461538 4158.461538 4225.641026 4238.974359 4232.307692 4210.769231 4189.230769 4227.692308 4214.358974 4202.564103 4200.512821 4246.153846
4250.769231 4206.153846 4246.666667 4164.102564 4220.512821 4238.974359 4238.461538 4217.948718 4218.974359 4228.205128 4221.025641 4210.769231 4224.102564 4254.871795
4222.564103 4194.871795 4236.410256 4158.974359 4231.794872 4238.461538 4216.410256 4211.282051 4184.102564 4228.205128 4205.128205 4205.128205 4188.205128 4239.487179
4205.128205 4183.589744 4221.538462 4137.948718 4224.615385 4229.743590 4209.743590 4204.102564 4118.974359 4226.153846 4202.051282 4190.769231 4178.461538 4226.666667
4241.538462 4208.717949 4247.692308 4158.461538 4224.615385 4241.025641 4248.205128 4226.666667 4231.794872 4225.128205 4222.564103 4210.769231 4229.230769 4256.410256
4251.282051 4207.692308 4245.128205 4156.410256 4223.589744 4242.564103 4258.461538 4239.487179 4257.435897 4227.692308 4218.461538 4210.769231 4234.358974 4251.794872
4213.333333 4195.897436 4219.487179 4142.564103 4223.076923 4234.871795 4221.025641 4224.615385 4153.846154 4228.717949 4202.564103 4195.897436 4182.564103 4238.974359
4200.512821 4198.974359 4225.641026 4147.179487 4234.358974 4236.923077 4221.025641 4222.051282 4172.820513 4226.666667 4209.743590 4200.512821 4177.948718 4240.512821
4232.307692 4202.051282 4236.410256 4145.641026 4222.051282 4231.794872 4249.743590 4233.846154 4209.743590 4230.256410 4221.025641 4203.076923 4225.128205 4240.512821
4257.948718 4221.025641 4245.128205 4162.564103 4219.487179 4236.923077 4245.641026 4242.564103 4234.358974 4232.820513 4217.435897 4209.230769 4226.666667 4248.205128
4243.076923 4215.384615 4235.384615 4157.435897 4220.512821 4235.897436 4227.692308 4234.358974 4196.923077 4229.230769 4209.230769 4202.051282 4202.051282 4233.333333
4225.641026 4197.948718 4234.358974 4143.589744 4218.461538 4229.230769 4222.564103 4224.102564 4167.692308 4232.307692 4211.282051 4198.461538 4202.051282 4232.307692
4228.205128 4195.897436 4246.666667 4148.717949 4228.717949 4233.846154 4217.435897 4222.564103 4203.076923 4234.871795 4206.666667 4203.589744 4188.717949 4229.230769
4230.769231 4191.282051 4234.358974 4146.153846 4221.025641 4226.153846 4211.794872 4212.820513 4168.205128 4226.153846 4200.000000 4193.333333 4180.512821 4216.410256
4216.923077 4188.717949 4234.871795 4149.743590 4226.153846 4227.179487 4208.205128 4207.179487 4166.666667 4221.538462 4201.538462 4196.410256 4189.743590 4230.256410
4216.923077 4182.564103 4245.128205 4145.641026 4229.230769 4233.333333 4215.897436 4213.846154 4182.564103 4228.205128 4202.564103 4200.512821 4208.205128 4227.692308
4239.487179 4191.794872 4246.666667 4160.512821 4222.564103 4233.846154 4240.000000 4221.025641 4193.333333 4230.256410 4217.948718 4202.564103 4231.794872 4236.410256
4244.102564 4198.461538 4250.256410 4180.512821 4231.794872 4239.487179 4256.410256 4225.128205 4252.307692 4225.128205 4229.230769 4211.282051 4237.435897 4246.153846
4236.410256 4187.692308 4243.589744 4166.666667 4222.051282 4233.846154 4245.128205 4221.538462 4230.256410 4228.205128 4218.461538 4205.128205 4238.461538 4229.743590
4234.871795 4194.871795 4248.205128 4176.923077 4224.102564 4240.000000 4236.410256 4216.410256 4221.025641 4233.846154 4217.435897 4203.589744 4236.923077 4235.897436
4239.487179 4193.846154 4251.794872 4185.128205 4235.384615 4245.641026 4242.051282 4214.358974 4236.923077 4229.743590 4227.692308 4201.538462 4244.102564 4237.435897
4234.871795 4185.128205 4240.512821 4180.000000 4225.641026 4232.820513 4226.153846 4203.589744 4193.846154 4228.717949 4221.538462 4194.358974 4243.076923 4232.820513
4237.948718 4197.948718 4246.666667 4192.820513 4228.717949 4238.461538 4233.333333 4208.205128 4229.743590 4234.871795 4214.871795 4202.564103 4236.410256 4235.897436
4257.948718 4204.615385 4251.282051 4192.307692 4225.128205 4243.589744 4263.589744 4223.076923 4268.717949 4229.230769 4228.717949 4202.564103 4268.205128 4231.794872
4246.666667 4200.512821 4248.717949 4191.282051 4224.615385 4237.435897 4237.435897 4218.461538 4239.487179 4223.589744 4227.179487 4201.025641 4267.179487 4232.820513
4215.897436 4186.153846 4238.974359 4185.128205 4228.205128 4229.230769 4207.179487 4202.564103 4173.333333 4228.205128 4206.153846 4193.846154 4226.153846 4220.000000
4230.256410 4193.846154 4237.435897 4189.230769 4221.025641 4230.256410 4234.358974 4206.666667 4185.641026 4231.282051 4212.820513 4190.256410 4237.948718 4224.615385
4254.871795 4216.923077 4255.897436 4212.820513 4229.230769 4242.051282 4252.820513 4224.102564 4298.461538 4228.717949 4225.641026 4201.538462 4263.076923 4234.871795
4228.717949 4195.897436 4239.487179 4192.820513 4223.589744 4230.256410 4223.589744 4210.256410 4218.461538 4228.717949 4213.333333 4187.692308 4241.538462 4210.256410
4200.512821 4182.051282 4226.666667 4176.410256 4221.538462 4222.051282 4195.384615 4190.769231 4106.666667 4232.307692 4200.512821 4180.000000 4201.025641 4209.230769
4222.564103 4198.461538 4245.128205 4189.230769 4229.743590 4231.282051 4218.974359 4206.153846 4185.641026 4230.769231 4208.205128 4191.282051 4214.358974 4213.333333
4255.897436 4211.282051 4252.307692 4200.512821 4218.461538 4237.948718 4258.461538 4228.205128 4275.897436 4226.666667 4229.743590 4196.410256 4274.358974 4213.333333
4241.025641 4206.153846 4253.333333 4203.589744 4227.692308 4249.743590 4247.692308 4232.820513 4282.564103 4229.743590 4224.615385 4195.384615 4275.897436 4211.282051
4206.666667 4182.564103 4241.025641 4181.538462 4230.256410 4240.000000 4217.948718 4221.538462 4184.615385 4230.769231 4200.512821 4179.487179 4238.974359 4182.051282
4214.358974 4191.794872 4244.102564 4190.256410 4224.102564 4236.410256 4230.256410 4222.564103 4196.923077 4228.205128 4207.692308 4184.102564 4246.666667 4193.846154
4235.384615 4203.589744 4253.333333 4207.179487 4229.743590 4247.179487 4251.282051 4231.794872 4282.051282 4229.743590 4223.076923 4194.871795 4272.820513 4208.717949
4225.641026 4189.230769 4241.538462 4191.282051 4221.538462 4237.948718 4229.743590 4226.153846 4212.307692 4229.743590 4215.897436 4184.615385 4258.974359 4193.846154
4211.794872 4191.794872 4245.641026 4194.358974 4227.179487 4235.897436 4215.384615 4224.615385 4191.794872 4227.179487 4209.743590 4187.692308 4233.846154 4199.487179
4226.153846 4198.461538 4244.102564 4202.051282 4227.179487 4237.948718 4237.435897 4225.641026 4230.256410 4228.205128 4219.487179 4187.692308 4260.512821 4206.666667
4229.230769 4201.538462 4240.000000 4210.769231 4223.076923 4240.000000 4233.846154 4211.794872 4224.615385 4229.743590 4227.179487 4185.641026 4267.692308 4214.358974
4226.153846 4206.153846 4250.769231 4214.871795 4232.820513 4245.128205 4226.153846 4206.153846 4244.615385 4228.717949 4226.153846 4189.230769 4250.256410 4207.692308
4240.000000 4206.153846 4245.641026 4203.076923 4221.538462 4235.897436 4234.358974 4208.717949 4228.205128 4227.692308 4229.743590 4185.128205 4264.615385 4203.076923
4229.743590 4209.230769 4246.666667 4205.128205 4226.666667 4235.384615 4223.076923 4206.153846 4213.333333 4228.205128 4226.666667 4192.307692 4247.692308 4218.974359
4218.461538 4203.076923 4248.717949 4194.358974 4230.769231 4234.871795 4221.538462 4204.102564 4198.974359 4228.205128 4222.564103 4192.307692 4230.769231 4206.666667
4230.769231 4208.205128 4249.743590 4192.820513 4221.025641 4231.794872 4230.769231 4206.666667 4200.000000 4230.769231 4234.871795 4189.230769 4256.410256 4201.025641
4234.358974 4212.307692 4255.897436 4199.487179 4229.743590 4236.410256 4229.743590 4212.307692 4234.358974 4232.820513 4243.076923 4192.307692 4267.692308 4204.102564
4224.615385 4195.384615 4243.589744 4178.461538 4225.128205 4227.179487 4222.564103 4208.205128 4187.179487 4228.205128 4241.538462 4184.102564 4263.076923 4196.410256
4229.230769 4200.000000 4250.769231 4179.487179 4226.666667 4230.256410 4224.615385 4206.153846 4201.025641 4227.692308 4243.076923 4188.717949 4276.410256 4211.794872
4247.179487 4209.230769 4261.025641 4183.076923 4228.205128 4237.435897 4234.871795 4209.743590 4254.358974 4229.230769 4246.153846 4190.769231 4303.076923 4215.384615
4254.358974 4210.769231 4256.410256 4181.025641 4220.000000 4231.794872 4231.282051 4210.256410 4249.230769 4227.692308 4249.230769 4187.179487 4305.641026 4214.358974
4238.461538 4202.051282 4254.871795 4184.102564 4228.717949 4231.794872 4216.923077 4206.153846 4246.153846 4228.717949 4245.128205 4189.743590 4270.769231 4211.282051
4223.076923 4187.179487 4245.641026 4174.358974 4225.641026 4226.153846 4208.717949 4197.948718 4203.589744 4229.743590 4240.000000 4180.000000 4258.974359 4203.589744
4231.282051 4201.025641 4249.743590 4188.717949 4226.153846 4227.692308 4214.358974 4201.025641 4212.820513 4229.230769 4243.076923 4182.051282 4278.974359 4218.461538
4233.333333 4202.564103 4246.153846 4191.282051 4227.692308 4229.743590 4218.974359 4205.128205 4201.538462 4227.179487 4240.512821 4181.025641 4272.307692 4204.615385
4219.487179 4196.923077 4236.410256 4186.666667 4219.487179 4227.692308 4211.282051 4196.410256 4147.692308 4226.153846 4237.948718 4177.435897 4251.794872 4198.461538
4224.615385 4209.230769 4251.794872 4204.102564 4231.282051 4240.000000 4224.615385 4197.948718 4196.923077 4226.153846 4242.051282 4189.230769 4265.128205 4217.435897
4233.333333 4208.717949 4251.794872 4200.512821 4229.230769 4241.025641 4236.923077 4202.564103 4200.000000 4226.666667 4244.615385 4189.743590 4286.666667 4209.743590
4212.307692 4206.153846 4243.589744 4196.410256 4221.025641 4235.897436 4200.512821 4193.846154 4167.179487 4230.769231 4239.487179 4188.205128 4247.179487 4201.538462
4192.820513 4197.435897 4238.461538 4190.256410 4222.051282 4231.282051 4177.948718 4192.820513 4175.897436 4231.282051 4234.871795 4182.051282 4211.794872 4190.256410
4186.153846 4186.666667 4233.333333 4178.974359 4221.025641 4219.487179 4197.948718 4213.333333 4161.025641 4225.641026 4242.051282 4175.897436 4219.487179 4195.384615
4178.974359 4192.307692 4238.974359 4182.564103 4229.230769 4218.461538 4212.307692 4244.102564 4184.102564 4226.153846 4249.230769 4185.641026 4213.846154 4207.692308
4187.179487 4197.948718 4235.897436 4180.000000 4219.487179 4217.435897 4213.846154 4257.435897 4193.846154 4228.205128 4249.230769 4188.717949 4223.589744 4198.974359
4189.743590 4203.076923 4239.487179 4185.641026 4220.512821 4221.538462 4217.948718 4252.820513 4185.641026 4228.205128 4247.179487 4194.871795 4231.794872 4209.230769
4173.846154 4188.717949 4240.512821 4175.897436 4234.871795 4224.102564 4223.589744 4245.641026 4171.282051 4227.179487 4240.512821 4192.820513 4211.282051 4203.076923
4177.435897 4183.589744 4233.846154 4164.102564 4225.128205 4216.923077 4221.538462 4243.076923 4154.871795 4229.230769 4234.871795 4186.666667 4210.256410 4195.384615
4186.666667 4198.461538 4240.000000 4176.410256 4230.256410 4223.589744 4212.307692 4246.666667 4178.974359 4228.717949 4229.230769 4199.487179 4212.307692 4201.025641
4162.051282 4171.282051 4222.051282 4155.384615 4230.256410 4218.461538 4196.410256 4233.846154 4076.410256 4227.692308 4213.846154 4189.743590 4187.692308 4172.307692
4166.153846 4174.358974 4223.076923 4160.512821 4222.564103 4220.512821 4198.461538 4235.897436 4080.000000 4230.256410 4205.641026 4186.153846 4174.358974 4177.435897
4214.358974 4210.769231 4249.743590 4189.230769 4227.179487 4242.051282 4230.769231 4266.666667 4276.410256 4229.743590 4208.717949 4203.589744 4204.102564 4208.205128
4213.333333 4201.538462 4240.000000 4178.974359 4221.538462 4232.307692 4226.666667 4262.051282 4251.794872 4230.769231 4202.564103 4198.974359 4212.820513 4204.102564
4173.846154 4186.666667 4227.179487 4178.461538 4224.615385 4214.358974 4186.666667 4235.897436 4117.435897 4233.333333 4184.615385 4193.333333 4171.794872 4184.615385
4173.333333 4187.692308 4223.076923 4178.974359 4219.487179 4210.256410 4192.307692 4235.897436 4104.102564 4228.717949 4182.051282 4191.282051 4176.923077 4166.666667
4198.461538 4197.948718 4234.358974 4188.205128 4217.948718 4218.461538 4219.487179 4251.282051 4202.564103 4225.128205 4195.384615 4195.897436 4211.282051 4185.641026
4198.974359 4194.358974 4246.153846 4197.948718 4231.794872 4224.615385 4213.333333 4253.846154 4249.230769 4228.717949 4192.307692 4198.974359 4196.410256 4192.307692
4193.846154 4188.717949 4236.923077 4189.743590 4221.025641 4214.871795 4206.666667 4243.076923 4175.384615 4229.230769 4185.641026 4192.820513 4195.384615 4182.051282
4198.974359 4203.076923 4244.102564 4198.974359 4224.615385 4222.051282 4215.384615 4243.076923 4204.615385 4227.179487 4192.820513 4201.538462 4213.333333 4197.948718
4189.230769 4193.333333 4240.512821 4192.820513 4229.230769 4225.128205 4208.717949 4244.102564 4207.179487 4228.717949 4185.641026 4195.897436 4200.000000 4186.153846
4180.000000 4187.692308 4231.794872 4190.256410 4220.512821 4217.435897 4191.794872 4238.974359 4142.051282 4228.717949 4169.743590 4190.769231 4187.692308 4178.461538
4196.923077 4202.051282 4248.717949 4206.666667 4228.205128 4225.128205 4211.282051 4245.641026 4197.948718 4226.666667 4176.410256 4206.666667 4212.820513 4188.717949
4223.076923 4207.692308 4252.820513 4212.307692 4223.076923 4226.666667 4241.538462 4256.410256 4263.076923 4228.717949 4195.897436 4207.692308 4242.051282 4191.282051
4229.230769 4213.846154 4250.769231 4224.615385 4224.615385 4225.128205 4244.102564 4262.051282 4309.230769 4233.333333 4201.025641 4206.666667 4228.205128 4196.410256
4213.846154 4205.128205 4242.051282 4217.435897 4225.641026 4220.512821 4232.307692 4257.435897 4284.102564 4231.282051 4192.307692 4201.025641 4208.717949 4178.974359
4183.589744 4193.333333 4225.641026 4203.589744 4218.974359 4211.794872 4202.564103 4235.897436 4171.282051 4226.666667 4178.974359 4191.282051 4185.128205 4171.282051
4184.615385 4202.564103 4234.358974 4212.820513 4228.717949 4215.897436 4205.641026 4236.923077 4183.076923 4227.692308 4170.256410 4198.461538 4181.025641 4182.051282
4230.769231 4217.948718 4253.333333 4220.000000 4223.076923 4214.871795 4248.717949 4260.000000 4281.538462 4228.205128 4181.025641 4208.717949 4237.435897 4190.256410
4218.461538 4214.871795 4252.820513 4220.000000 4223.589744 4218.461538 4235.384615 4256.923077 4285.641026 4228.205128 4180.000000 4208.717949 4236.410256 4196.923077
4165.641026 4184.102564 4229.743590 4195.897436 4228.717949 4214.871795 4191.794872 4232.820513 4163.589744 4228.205128 4156.410256 4189.743590 4176.923077 4176.923077
4197.948718 4197.435897 4235.897436 4200.512821 4220.512821 4211.282051 4214.871795 4238.974359 4176.923077 4228.717949 4164.615385 4196.410256 4197.948718 4189.230769
4241.538462 4226.153846 4259.487179 4228.205128 4227.692308 4219.487179 4249.743590 4262.564103 4312.820513 4228.717949 4185.641026 4217.948718 4237.948718 4212.820513
4207.692308 4194.871795 4236.923077 4204.102564 4220.000000 4203.589744 4218.461538 4252.307692 4222.564103 4226.153846 4172.307692 4201.025641 4216.923077 4190.769231
4197.435897 4189.230769 4235.897436 4201.538462 4220.000000 4199.487179 4198.461538 4241.025641 4166.666667 4228.205128 4163.589744 4202.564103 4203.589744 4194.358974
4233.333333 4210.769231 4258.974359 4219.487179 4228.205128 4212.820513 4233.333333 4252.820513 4278.974359 4228.717949 4175.384615 4217.435897 4226.153846 4201.538462
4220.000000 4197.435897 4242.564103 4205.128205 4218.974359 4209.230769 4234.871795 4254.871795 4263.076923 4228.205128 4172.307692 4207.692308 4221.025641 4190.769231
4186.153846 4181.025641 4230.769231 4195.384615 4227.692308 4211.282051 4209.230769 4250.256410 4195.384615 4229.743590 4160.512821 4206.153846 4199.487179 4188.717949
4201.538462 4186.153846 4234.871795 4192.307692 4228.205128 4210.769231 4220.512821 4250.256410 4186.153846 4228.717949 4161.025641 4208.205128 4214.358974 4190.769231
4229.230769 4208.717949 4249.230769 4207.179487 4224.102564 4213.333333 4241.538462 4259.487179 4249.230769 4226.666667 4168.717949 4218.461538 4229.743590 4204.102564
4234.358974 4212.820513 4253.846154 4212.307692 4231.282051 4221.025641 4245.128205 4265.641026 4266.153846 4226.666667 4173.846154 4226.153846 4239.487179 4189.743590
4221.538462 4200.512821 4238.461538 4196.923077 4224.102564 4216.410256 4226.153846 4255.384615 4190.769231 4228.717949 4171.282051 4218.461538 4248.205128 4175.384615
4193.846154 4192.307692 4236.410256 4191.282051 4225.641026 4220.000000 4201.538462 4251.282051 4196.410256 4230.256410 4154.871795 4213.846154 4207.179487 4176.410256
4180.000000 4181.025641 4231.794872 4178.461538 4222.564103 4220.512821 4195.897436 4251.282051 4181.025641 4228.205128 4144.102564 4205.641026 4175.384615 4159.487179
4205.128205 4201.538462 4239.487179 4194.871795 4223.589744 4223.076923 4216.923077 4254.358974 4197.435897 4226.666667 4162.051282 4214.358974 4205.128205 4176.410256
4230.769231 4219.487179 4252.820513 4220.000000 4231.794872 4234.358974 4242.564103 4266.153846 4299.487179 4228.717949 4181.538462 4229.743590 4244.102564 4194.358974
4215.384615 4201.025641 4236.923077 4207.692308 4219.487179 4229.230769 4224.102564 4255.897436 4248.717949 4229.230769 4182.051282 4218.974359 4233.333333 4182.051282
4192.307692 4188.205128 4235.897436 4201.025641 4225.128205 4227.692308 4194.871795 4240.512821 4178.974359 4227.692308 4173.333333 4213.846154 4190.769231 4178.461538
4212.307692 4193.333333 4245.641026 4205.128205 4228.717949 4228.717949 4215.384615 4249.743590 4223.076923 4227.692308 4174.358974 4220.000000 4204.615385 4179.487179
4239.487179 4213.846154 4253.333333 4223.589744 4221.538462 4233.846154 4240.000000 4263.076923 4294.358974 4229.230769 4192.307692 4232.820513 4249.230769 4203.076923
4206.666667 4202.051282 4243.076923 4215.384615 4227.692308 4235.384615 4215.384615 4249.743590 4245.128205 4228.205128 4187.179487 4228.205128 4218.461538 4194.358974
4177.435897 4177.435897 4226.666667 4191.282051 4219.487179 4226.666667 4195.384615 4233.846154 4131.794872 4226.153846 4170.769231 4212.820513 4184.615385 4169.743590
4214.358974 4205.128205 4250.256410 4220.512821 4224.102564 4238.974359 4229.743590 4256.923077 4248.205128 4229.743590 4187.179487 4231.282051 4229.743590 4201.538462
4228.205128 4212.307692 4252.820513 4226.153846 4226.666667 4239.487179 4243.589744 4270.256410 4308.717949 4230.256410 4196.410256 4234.358974 4251.794872 4209.230769
4195.384615 4192.820513 4232.307692 4209.743590 4219.487179 4229.230769 4210.769231 4250.256410 4185.641026 4228.205128 4182.564103 4222.564103 4205.641026 4184.102564
4206.666667 4201.025641 4245.641026 4224.615385 4228.717949 4239.487179 4226.153846 4256.410256 4223.076923 4227.692308 4187.692308 4232.307692 4205.641026 4175.384615
4245.128205 4214.871795 4256.410256 4231.282051 4222.564103 4238.974359 4264.615385 4277.435897 4314.871795 4228.205128 4208.717949 4235.897436 4263.076923 4191.794872
4218.461538 4207.179487 4247.179487 4229.743590 4226.153846 4234.871795 4233.846154 4265.641026 4270.769231 4229.230769 4204.615385 4231.282051 4243.589744 4203.589744
4177.435897 4186.153846 4229.230769 4217.948718 4228.717949 4230.256410 4201.538462 4247.692308 4169.230769 4229.230769 4188.717949 4220.512821 4193.333333 4170.769231
4197.435897 4195.897436 4236.410256 4226.153846 4218.974359 4227.179487 4225.641026 4259.487179 4204.615385 4228.205128 4191.794872 4224.615385 4210.769231 4172.307692
4230.256410 4218.974359 4261.538462 4252.307692 4229.743590 4236.923077 4256.410256 4278.974359 4336.923077 4227.179487 4199.487179 4239.487179 4249.230769 4202.564103
4231.282051 4214.871795 4252.820513 4243.076923 4224.615385 4233.846154 4260.000000 4276.410256 4318.461538 4227.692308 4202.051282 4234.871795 4268.205128 4195.897436
4209.230769 4206.153846 4242.051282 4228.717949 4221.538462 4233.846154 4233.333333 4264.102564 4258.461538 4232.307692 4193.846154 4232.820513 4238.461538 4185.128205
4208.717949 4202.564103 4246.153846 4224.102564 4226.153846 4238.974359 4229.230769 4265.128205 4266.666667 4230.769231 4187.179487 4234.871795 4226.666667 4184.102564
4235.384615 4220.000000 4250.769231 4238.974359 4222.051282 4241.025641 4258.461538 4274.358974 4309.230769 4225.128205 4201.538462 4238.974359 4267.692308 4206.666667
4230.769231 4226.153846 4252.307692 4247.179487 4232.820513 4248.717949 4258.974359 4276.923077 4338.974359 4225.128205 4204.615385 4244.102564 4261.538462 4207.179487
4206.666667 4201.025641 4235.384615 4218.461538 4226.666667 4243.589744 4228.205128 4264.615385 4245.641026 4229.230769 4191.794872 4233.846154 4230.769231 4184.102564
4219.487179 4212.307692 4243.076923 4225.128205 4220.000000 4242.051282 4228.205128 4264.102564 4233.333333 4231.794872 4200.000000 4241.538462 4244.615385 4207.179487
4232.307692 4222.051282 4255.897436 4236.410256 4224.102564 4242.564103 4248.205128 4272.820513 4286.153846 4231.282051 4210.256410 4246.666667 4261.538462 4207.692308
4212.820513 4204.102564 4243.589744 4224.615385 4218.974359 4234.358974 4231.794872 4265.641026 4233.846154 4227.179487 4204.615385 4234.871795 4246.153846 4192.820513
4207.692308 4211.282051 4245.641026 4229.230769 4225.641026 4240.512821 4221.025641 4266.153846 4258.974359 4226.153846 4204.615385 4240.512821 4233.333333 4204.615385
4222.051282 4219.487179 4245.128205 4224.615385 4220.512821 4238.461538 4238.974359 4272.307692 4292.820513 4226.666667 4210.769231 4238.461538 4246.666667 4198.974359
4236.410256 4229.230769 4253.333333 4240.000000 4221.025641 4241.025641 4255.897436 4276.923077 4321.025641 4227.179487 4218.974359 4245.641026 4266.153846 4215.384615
4247.179487 4238.461538 4264.102564 4249.743590 4231.794872 4252.820513 4264.615385 4282.564103 4362.564103 4228.717949 4223.589744 4256.923077 4281.538462 4226.666667
4222.564103 4226.666667 4244.615385 4217.435897 4220.000000 4237.435897 4232.307692 4265.128205 4269.230769 4228.717949 4210.256410 4241.025641 4250.769231 4203.076923
4194.871795 4215.897436 4242.564103 4201.025641 4222.051282 4230.769231 4200.000000 4250.256410 4221.025641 4229.743590 4194.871795 4236.410256 4205.641026 4200.000000
4228.717949 4223.589744 4256.410256 4207.179487 4220.512821 4236.410256 4229.743590 4261.025641 4257.435897 4229.743590 4207.179487 4246.666667 4243.076923 4216.923077
4256.410256 4241.538462 4260.512821 4224.615385 4221.538462 4240.512821 4250.256410 4268.717949 4293.846154 4227.179487 4221.025641 4258.461538 4284.615385 4231.794872
4231.282051 4230.256410 4252.820513 4221.538462 4232.307692 4241.025641 4232.307692 4264.102564 4308.205128 4225.641026 4209.230769 4254.871795 4266.153846 4218.974359
4227.692308 4218.974359 4246.153846 4212.820513 4221.538462 4231.794872 4236.923077 4262.564103 4300.000000 4232.307692 4206.666667 4245.128205 4262.051282 4221.538462
4233.333333 4227.692308 4251.282051 4231.282051 4226.666667 4234.358974 4252.820513 4267.179487 4315.384615 4235.384615 4209.743590 4252.820513 4256.410256 4240.000000
4223.589744 4213.846154 4240.000000 4224.615385 4227.692308 4231.282051 4249.230769 4264.102564 4282.051282 4229.230769 4200.512821 4246.666667 4248.205128 4225.641026
4226.666667 4210.256410 4241.025641 4216.410256 4222.564103 4230.769231 4246.666667 4265.128205 4292.820513 4231.282051 4207.179487 4243.076923 4260.512821 4234.871795
4218.974359 4212.820513 4246.666667 4214.871795 4231.282051 4238.461538 4249.230769 4269.230769 4317.435897 4233.333333 4213.333333 4242.051282 4252.820513 4242.051282
4200.512821 4199.487179 4229.230769 4198.974359 4223.076923 4228.717949 4235.897436 4257.435897 4224.615385 4227.692308 4201.025641 4226.153846 4232.820513 4229.743590
4211.282051 4206.153846 4240.000000 4208.717949 4229.230769 4233.846154 4235.384615 4257.948718 4241.025641 4228.717949 4197.435897 4231.794872 4234.358974 4249.743590
4237.435897 4212.820513 4251.282051 4210.256410 4230.256410 4238.461538 4252.820513 4270.256410 4306.666667 4230.769231 4203.076923 4237.948718 4260.512821 4260.000000
4237.435897 4213.846154 4242.051282 4208.205128 4218.974359 4233.846154 4250.769231 4268.717949 4291.794872 4227.179487 4203.589744 4236.410256 4264.102564 4264.102564
4230.256410 4213.333333 4247.692308 4215.384615 4229.230769 4238.974359 4247.692308 4264.615385 4292.820513 4227.692308 4198.461538 4242.051282 4243.076923 4272.820513
4242.564103 4205.128205 4249.743590 4208.205128 4223.589744 4235.384615 4253.333333 4269.230769 4289.743590 4229.230769 4197.948718 4241.538462 4257.435897 4281.538462
4249.743590 4214.871795 4253.333333 4222.564103 4224.615385 4239.487179 4251.794872 4278.461538 4350.769231 4229.743590 4204.615385 4248.717949 4268.205128 4296.410256
4235.897436 4208.717949 4245.128205 4221.025641 4231.282051 4238.461538 4245.641026 4270.256410 4346.666667 4229.743590 4202.564103 4243.076923 4249.743590 4273.333333
4224.615385 4200.512821 4235.897436 4209.743590 4225.128205 4230.769231 4231.282051 4254.358974 4253.846154 4228.205128 4196.410256 4232.307692 4239.487179 4265.128205
4234.871795 4216.410256 4247.692308 4225.641026 4228.717949 4242.564103 4237.948718 4264.102564 4303.589744 4227.179487 4196.923077 4242.564103 4244.615385 4280.512821
4244.102564 4218.461538 4248.205128 4229.230769 4221.538462 4248.205128 4251.794872 4270.256410 4335.384615 4228.717949 4198.461538 4241.538462 4249.230769 4270.769231
4246.666667 4227.179487 4254.358974 4240.512821 4222.051282 4253.333333 4242.564103 4264.615385 4323.076923 4229.743590 4197.948718 4243.076923 4247.692308 4276.410256
4258.974359 4234.871795 4257.435897 4244.615385 4226.153846 4258.461538 4247.179487 4270.769231 4339.487179 4228.205128 4203.589744 4244.102564 4268.205128 4279.487179
4274.871795 4241.025641 4252.820513 4249.230769 4221.025641 4256.923077 4265.641026 4276.410256 4367.179487 4230.769231 4213.846154 4240.000000 4290.769231 4287.692308
4269.743590 4245.641026 4256.923077 4263.076923 4231.794872 4258.974359 4252.820513 4273.333333 4394.358974 4233.333333 4205.128205 4238.974359 4272.307692 4292.307692
4248.205128 4228.717949 4245.641026 4247.179487 4223.589744 4249.230769 4224.102564 4259.487179 4302.051282 4228.717949 4190.256410 4223.076923 4260.000000 4275.897436
4250.769231 4234.871795 4248.205128 4252.307692 4218.461538 4251.794872 4226.153846 4256.923077 4282.564103 4226.666667 4200.000000 4226.666667 4275.384615 4289.743590
4283.589744 4251.794872 4260.512821 4267.692308 4224.615385 4261.538462 4262.051282 4271.282051 4381.025641 4228.717949 4216.923077 4238.461538 4304.102564 4306.666667
4296.410256 4252.307692 4257.435897 4260.000000 4218.461538 4258.974359 4272.307692 4276.923077 4400.000000 4231.282051 4220.000000 4235.384615 4321.025641 4319.487179
4280.512821 4245.128205 4257.948718 4252.820513 4229.230769 4264.615385 4250.256410 4271.794872 4397.435897 4232.820513 4213.333333 4236.410256 4306.153846 4329.230769
4272.820513 4234.358974 4249.230769 4240.512821 4226.153846 4262.051282 4235.897436 4262.564103 4360.512821 4228.717949 4208.717949 4227.692308 4295.384615 4319.487179
4261.538462 4234.358974 4245.641026 4245.128205 4222.051282 4261.538462 4230.256410 4256.410256 4329.230769 4225.641026 4205.128205 4225.641026 4276.923077 4322.051282
4253.846154 4230.769231 4253.333333 4245.128205 4233.333333 4269.230769 4238.461538 4261.025641 4348.205128 4228.717949 4200.512821 4228.205128 4265.128205 4321.025641
4283.076923 4241.538462 4257.435897 4243.589744 4223.589744 4267.692308 4257.948718 4267.179487 4376.923077 4229.230769 4210.256410 4230.256410 4303.076923 4335.897436
4281.538462 4253.846154 4260.512821 4255.384615 4223.589744 4269.230769 4251.282051 4265.128205 4393.846154 4225.641026 4212.820513 4239.487179 4309.230769 4350.256410
4231.794872 4222.564103 4241.025641 4230.769231 4226.666667 4260.512821 4217.435897 4248.717949 4283.589744 4228.205128 4188.717949 4225.128205 4262.564103 4317.435897
4242.564103 4225.128205 4241.538462 4226.153846 4227.692308 4258.461538 4223.589744 4254.358974 4263.076923 4233.846154 4188.717949 4222.051282 4260.000000 4323.076923
4287.692308 4253.333333 4260.512821 4246.153846 4230.256410 4270.769231 4260.512821 4273.333333 4385.641026 4230.769231 4210.256410 4234.358974 4297.435897 4346.153846
4273.846154 4238.461538 4247.692308 4232.820513 4218.461538 4265.641026 4244.102564 4265.128205 4361.025641 4228.205128 4207.179487 4226.666667 4287.692308 4333.846154
4253.846154 4226.666667 4246.666667 4226.153846 4225.641026 4265.128205 4216.923077 4261.025641 4314.358974 4234.358974 4191.282051 4226.666667 4243.589744 4330.769231
4273.846154 4232.820513 4254.871795 4227.179487 4227.179487 4266.153846 4244.102564 4272.307692 4326.666667 4230.256410 4198.974359 4233.333333 4259.487179 4336.410256
4274.871795 4233.333333 4257.948718 4231.282051 4217.948718 4261.538462 4248.717949 4270.769231 4344.615385 4224.615385 4208.205128 4238.461538 4277.435897 4347.179487
4253.846154 4221.025641 4260.512821 4230.256410 4223.589744 4262.051282 4211.794872 4264.102564 4341.538462 4230.256410 4190.769231 4236.410256 4239.487179 4331.282051
4262.564103 4218.974359 4254.358974 4224.102564 4218.974359 4259.487179 4216.923077 4264.102564 4304.615385 4231.282051 4189.230769 4232.307692 4242.051282 4319.487179
4264.102564 4227.692308 4256.410256 4237.948718 4230.769231 4266.153846 4244.102564 4267.692308 4340.000000 4224.615385 4208.205128 4246.153846 4273.333333 4340.000000
4245.128205 4213.846154 4245.128205 4230.256410 4233.333333 4257.435897 4235.897436 4264.615385 4322.051282 4225.641026 4206.153846 4242.564103 4261.025641 4331.282051
4246.666667 4219.487179 4242.564103 4229.230769 4220.000000 4249.743590 4230.256410 4262.051282 4290.256410 4227.692308 4196.410256 4237.435897 4245.128205 4332.820513
4250.769231 4230.256410 4257.435897 4237.948718 4229.230769 4263.589744 4251.794872 4263.589744 4337.435897 4225.128205 4192.820513 4248.717949 4254.358974 4340.512821
4243.076923 4215.897436 4247.692308 4223.076923 4225.641026 4256.410256 4248.205128 4260.000000 4297.435897 4225.128205 4189.230769 4241.538462 4258.461538 4332.307692
4242.564103 4221.025641 4245.128205 4234.358974 4227.692308 4249.743590 4232.820513 4265.128205 4302.051282 4228.717949 4200.000000 4242.051282 4250.769231 4355.384615
4247.179487 4220.512821 4251.282051 4236.923077 4231.282051 4254.871795 4249.230769 4272.307692 4358.974359 4229.230769 4213.333333 4246.153846 4260.512821 4364.615385
4238.461538 4211.282051 4243.589744 4221.025641 4218.974359 4253.846154 4244.102564 4260.512821 4308.205128 4227.179487 4202.051282 4238.974359 4250.769231 4350.256410
4242.051282 4227.692308 4249.230769 4235.897436 4225.128205 4260.512821 4229.230769 4261.025641 4313.333333 4227.179487 4195.897436 4245.641026 4236.410256 4344.615385
4269.230769 4240.000000 4260.512821 4250.769231 4229.743590 4261.538462 4248.205128 4276.923077 4387.692308 4230.256410 4213.333333 4256.923077 4276.923077 4352.307692
4274.358974 4224.102564 4248.717949 4233.846154 4212.307692 4248.205128 4251.794872 4274.358974 4356.923077 4233.333333 4212.307692 4249.743590 4293.846154 4350.769231
4248.205128 4221.025641 4245.641026 4233.846154 4223.076923 4254.358974 4231.794872 4263.589744 4329.230769 4230.256410 4193.333333 4245.128205 4252.820513 4336.923077
4244.102564 4235.897436 4255.384615 4250.769231 4241.538462 4265.641026 4227.692308 4262.051282 4367.692308 4231.282051 4192.820513 4252.820513 4244.615385 4339.487179
4261.025641 4224.102564 4241.538462 4238.974359 4223.076923 4256.923077 4240.000000 4266.153846 4333.846154 4233.333333 4203.076923 4243.076923 4276.410256 4337.435897
4267.179487 4233.846154 4246.666667 4250.256410 4218.974359 4261.025641 4252.307692 4273.846154 4355.384615 4230.256410 4205.641026 4247.692308 4284.615385 4352.307692
4263.589744 4248.717949 4263.589744 4260.512821 4229.743590 4265.641026 4252.820513 4274.358974 4412.307692 4228.205128 4196.923077 4261.538462 4271.282051 4364.615385
4244.615385 4216.923077 4242.564103 4235.897436 4223.589744 4250.256410 4234.871795 4264.615385 4330.769231 4229.230769 4180.000000 4247.179487 4249.230769 4328.205128
4239.487179 4216.923077 4236.923077 4241.538462 4221.538462 4241.025641 4225.128205 4258.974359 4283.076923 4229.230769 4178.461538 4245.641026 4244.102564 4323.076923
4254.358974 4237.948718 4258.974359 4257.435897 4225.128205 4244.615385 4235.897436 4261.538462 4344.615385 4229.230769 4186.153846 4260.000000 4263.589744 4340.000000
4241.538462 4224.102564 4251.794872 4245.128205 4220.000000 4240.512821 4228.717949 4256.410256 4321.025641 4229.230769 4181.025641 4252.820513 4254.358974 4328.205128
4220.512821 4215.384615 4234.871795 4243.076923 4222.564103 4238.461538 4217.948718 4249.743590 4254.358974 4226.153846 4177.435897 4249.230769 4236.923077 4326.153846
4235.897436 4231.794872 4249.230769 4256.923077 4232.820513 4246.666667 4242.564103 4264.102564 4317.948718 4226.666667 4186.153846 4262.051282 4258.461538 4330.256410
4257.435897 4238.461538 4256.410256 4252.307692 4219.487179 4244.102564 4257.948718 4272.820513 4370.769231 4229.230769 4191.282051 4265.128205 4277.435897 4332.820513
4247.692308 4235.384615 4250.769231 4251.282051 4222.051282 4247.179487 4250.256410 4269.743590 4353.846154 4230.769231 4188.717949 4266.666667 4266.153846 4338.461538
4243.076923 4233.333333 4247.179487 4248.205128 4228.717949 4253.333333 4257.948718 4269.743590 4335.384615 4230.769231 4190.256410 4269.230769 4274.871795 4327.179487
4234.358974 4225.641026 4244.102564 4240.512821 4220.512821 4250.769231 4247.692308 4264.102564 4323.076923 4229.230769 4185.128205 4266.153846 4271.282051 4317.948718
4208.205128 4212.820513 4240.000000 4236.410256 4227.179487 4254.358974 4215.384615 4251.794872 4294.358974 4228.717949 4172.820513 4258.974359 4227.692308 4304.615385
4223.589744 4220.000000 4241.538462 4235.384615 4224.102564 4252.820513 4224.102564 4251.794872 4270.256410 4227.692308 4183.076923 4256.410256 4244.615385 4308.717949
4256.923077 4238.974359 4261.538462 4253.333333 4229.230769 4255.897436 4250.769231 4266.666667 4364.102564 4227.179487 4196.410256 4274.358974 4285.641026 4336.923077
4246.153846 4226.153846 4253.846154 4245.641026 4229.230769 4247.179487 4239.487179 4261.538462 4351.282051 4226.666667 4189.743590 4268.205128 4267.179487 4328.205128
4228.205128 4222.051282 4238.461538 4239.487179 4220.000000 4237.435897 4222.051282 4249.230769 4254.358974 4228.205128 4192.307692 4255.897436 4244.102564 4322.051282
4232.307692 4232.307692 4252.307692 4249.743590 4228.717949 4244.102564 4230.256410 4261.538462 4299.487179 4229.230769 4200.000000 4266.153846 4243.076923 4329.743590
4243.589744 4229.230769 4252.820513 4242.564103 4221.025641 4237.948718 4244.615385 4267.692308 4321.025641 4228.205128 4204.102564 4266.666667 4258.461538 4330.256410
4240.000000 4235.897436 4255.384615 4253.846154 4226.666667 4243.076923 4246.666667 4260.000000 4317.435897 4229.230769 4208.717949 4271.794872 4258.461538 4340.000000
4228.717949 4230.769231 4252.307692 4250.256410 4234.358974 4245.641026 4236.410256 4251.794872 4295.384615 4229.230769 4200.512821 4270.769231 4245.128205 4330.256410
4232.820513 4224.615385 4245.128205 4242.564103 4221.538462 4233.333333 4226.153846 4250.256410 4272.307692 4226.153846 4194.358974 4265.128205 4244.615385 4331.794872
4234.358974 4227.179487 4256.923077 4254.358974 4227.692308 4236.410256 4222.051282 4255.384615 4311.794872 4225.128205 4193.846154 4270.256410 4236.923077 4335.897436
4222.051282 4211.282051 4246.666667 4238.461538 4224.102564 4229.743590 4211.794872 4244.102564 4253.333333 4225.128205 4188.205128 4258.974359 4223.589744 4312.307692
4235.897436 4224.102564 4248.205128 4251.282051 4225.641026 4233.333333 4228.717949 4244.615385 4273.333333 4229.743590 4197.435897 4265.128205 4238.974359 4320.000000
4278.461538 4253.846154 4267.179487 4282.051282 4230.769231 4246.666667 4279.487179 4269.743590 4405.128205 4230.769231 4214.871795 4284.102564 4290.256410 4335.897436
4271.282051 4244.615385 4253.333333 4272.820513 4220.512821 4241.538462 4262.564103 4270.256410 4362.564103 4225.128205 4208.717949 4276.923077 4281.025641 4323.589744
4216.923077 4217.948718 4232.820513 4250.769231 4231.282051 4234.871795 4199.487179 4244.102564 4244.102564 4226.153846 4188.205128 4261.538462 4200.000000 4298.974359
4214.358974 4215.384615 4230.769231 4241.538462 4225.641026 4228.717949 4202.051282 4235.384615 4215.897436 4229.743590 4187.692308 4256.410256 4201.538462 4288.717949
4250.769231 4243.589744 4247.692308 4265.641026 4218.461538 4232.307692 4230.769231 4250.769231 4297.435897 4229.230769 4202.051282 4268.717949 4247.179487 4307.692308
4250.769231 4246.153846 4245.641026 4274.358974 4224.615385 4234.871795 4232.820513 4256.923077 4323.076923 4225.641026 4203.589744 4266.666667 4237.435897 4295.384615
4239.487179 4233.333333 4234.358974 4268.205128 4216.923077 4230.256410 4231.794872 4251.794872 4270.256410 4226.666667 4206.666667 4255.897436 4231.282051 4284.102564
4251.794872 4245.128205 4249.230769 4282.564103 4225.128205 4242.051282 4240.512821 4259.487179 4340.512821 4231.282051 4218.974359 4268.205128 4246.153846 4313.333333
4255.384615 4241.025641 4246.153846 4273.846154 4225.128205 4235.384615 4238.974359 4261.025641 4351.282051 4228.205128 4220.000000 4265.128205 4251.282051 4327.692308
4242.564103 4236.410256 4243.076923 4274.871795 4224.102564 4229.230769 4231.794872 4258.974359 4311.282051 4226.153846 4213.333333 4260.000000 4241.538462 4335.384615
4248.205128 4244.102564 4254.358974 4286.153846 4231.282051 4240.512821 4243.589744 4270.256410 4354.871795 4228.205128 4216.410256 4267.692308 4249.743590 4330.256410
4247.692308 4237.435897 4242.564103 4270.256410 4217.435897 4228.717949 4236.923077 4267.179487 4317.435897 4228.717949 4218.461538 4262.564103 4258.461538 4313.846154
4218.461538 4230.769231 4236.923077 4266.153846 4223.589744 4222.564103 4209.230769 4253.333333 4264.102564 4226.153846 4201.025641 4256.410256 4218.974359 4302.051282
4214.871795 4227.692308 4239.487179 4263.589744 4226.153846 4223.589744 4211.794872 4249.230769 4247.179487 4226.153846 4193.333333 4248.205128 4207.692308 4289.230769
4237.435897 4237.948718 4242.051282 4269.743590 4221.538462 4225.128205 4230.256410 4255.384615 4269.743590 4231.794872 4208.717949 4253.846154 4235.384615 4306.666667
4235.897436 4238.974359 4240.512821 4272.820513 4230.256410 4230.256410 4230.256410 4261.025641 4297.948718 4231.794872 4212.307692 4258.461538 4237.948718 4302.564103
4230.769231 4232.820513 4229.230769 4262.051282 4217.948718 4221.538462 4224.102564 4256.923077 4259.487179 4225.641026 4212.820513 4248.717949 4232.307692 4276.923077
4239.487179 4248.717949 4238.461538 4275.897436 4221.538462 4226.666667 4233.333333 4255.897436 4295.384615 4225.641026 4226.666667 4258.974359 4230.256410 4284.615385
4246.153846 4246.153846 4238.974359 4274.358974 4228.205128 4228.717949 4242.564103 4256.923077 4312.307692 4228.205128 4230.769231 4262.564103 4237.435897 4284.615385
4243.589744 4238.974359 4232.820513 4267.692308 4222.051282 4225.128205 4227.692308 4251.794872 4277.435897 4228.717949 4217.435897 4257.948718 4234.358974 4282.564103
4236.923077 4245.128205 4237.948718 4268.717949 4226.666667 4229.743590 4219.487179 4236.410256 4272.307692 4229.230769 4208.205128 4259.487179 4217.435897 4274.358974
4234.358974 4237.948718 4230.769231 4256.923077 4217.435897 4223.076923 4225.641026 4211.282051 4222.051282 4228.717949 4209.743590 4252.820513 4216.923077 4263.589744
4237.435897 4235.897436 4243.076923 4282.564103 4225.128205 4228.717949 4228.205128 4215.897436 4274.358974 4229.743590 4209.743590 4261.538462 4219.487179 4277.435897
4243.589744 4232.820513 4247.692308 4308.717949 4227.179487 4228.717949 4229.743590 4223.589744 4307.179487 4226.666667 4210.256410 4264.102564 4226.666667 4272.307692
4232.307692 4227.692308 4234.358974 4315.897436 4217.435897 4220.000000 4226.153846 4203.076923 4220.000000 4222.051282 4214.358974 4256.923077 4225.641026 4267.179487
4208.717949 4220.000000 4235.897436 4318.461538 4230.769231 4225.641026 4222.051282 4199.487179 4218.974359 4225.128205 4207.692308 4258.461538 4204.102564 4266.153846
4211.794872 4213.846154 4229.743590 4307.692308 4225.128205 4220.512821 4227.179487 4209.743590 4232.307692 4229.743590 4208.205128 4254.871795 4211.794872 4263.076923
4229.743590 4228.205128 4237.948718 4320.000000 4226.666667 4224.615385 4238.974359 4209.230769 4259.487179 4229.230769 4224.102564 4264.615385 4236.410256 4280.000000
4229.230769 4225.641026 4241.538462 4317.948718 4232.820513 4229.230769 4240.000000 4201.538462 4264.102564 4228.205128 4221.538462 4264.102564 4231.794872 4272.820513
4216.923077 4216.410256 4224.615385 4309.230769 4223.076923 4222.564103 4229.743590 4193.333333 4210.769231 4229.230769 4213.846154 4250.769231 4209.743590 4261.538462
4226.666667 4227.692308 4232.307692 4326.666667 4233.333333 4230.769231 4244.102564 4196.923077 4250.769231 4227.179487 4227.692308 4258.461538 4216.410256 4268.205128
4248.717949 4230.769231 4242.051282 4325.128205 4228.717949 4231.282051 4253.333333 4200.512821 4267.692308 4226.153846 4236.923077 4260.512821 4250.256410 4267.692308
4229.743590 4229.230769 4233.846154 4317.948718 4222.564103 4225.128205 4220.512821 4190.769231 4219.487179 4229.743590 4222.564103 4252.307692 4227.179487 4264.102564
4204.615385 4223.076923 4222.564103 4314.871795 4225.641026 4224.615385 4211.282051 4183.589744 4197.948718 4229.743590 4210.769231 4245.128205 4199.487179 4250.256410
4224.102564 4222.564103 4228.717949 4316.923077 4218.974359 4227.692308 4230.256410 4190.769231 4230.256410 4228.717949 4218.974359 4250.256410 4229.743590 4257.435897
4239.487179 4226.153846 4246.153846 4326.153846 4225.128205 4235.384615 4224.102564 4198.461538 4282.564103 4229.230769 4219.487179 4252.820513 4233.846154 4265.641026
4232.307692 4223.589744 4236.923077 4317.435897 4220.000000 4225.641026 4219.487179 4190.256410 4240.000000 4228.717949 4217.435897 4235.384615 4225.641026 4255.897436
4233.846154 4233.846154 4230.769231 4324.102564 4222.051282 4226.153846 4232.307692 4188.717949 4232.820513 4230.769231 4233.846154 4236.410256 4241.025641 4271.794872
4230.256410 4228.717949 4232.307692 4324.615385 4231.794872 4236.410256 4232.307692 4192.307692 4247.692308 4230.256410 4240.000000 4235.384615 4238.461538 4265.641026
4210.769231 4211.282051 4222.564103 4309.743590 4222.051282 4229.230769 4218.461538 4186.666667 4185.641026 4226.666667 4233.333333 4218.974359 4223.076923 4247.692308
4208.717949 4215.897436 4229.743590 4316.410256 4228.717949 4232.820513 4221.025641 4189.743590 4203.589744 4225.641026 4236.410256 4222.051282 4222.564103 4251.282051
4237.948718 4225.128205 4234.871795 4321.025641 4226.153846 4233.333333 4243.589744 4198.974359 4248.205128 4228.205128 4254.871795 4225.641026 4253.846154 4252.820513
4251.794872 4234.358974 4236.410256 4329.743590 4223.589744 4234.871795 4252.820513 4205.641026 4284.615385 4229.230769 4275.384615 4230.769231 4270.256410 4267.179487
4229.230769 4223.589744 4233.333333 4321.538462 4233.846154 4238.974359 4241.538462 4204.615385 4280.512821 4228.717949 4269.743590 4230.769231 4244.615385 4266.666667
4210.256410 4204.615385 4218.974359 4297.435897 4218.974359 4225.128205 4220.000000 4192.307692 4184.615385 4228.205128 4253.846154 4214.871795 4220.000000 4256.410256
4219.487179 4216.410256 4229.743590 4312.307692 4222.564103 4229.743590 4224.615385 4200.000000 4216.410256 4228.717949 4256.923077 4220.512821 4221.025641 4263.589744
4236.923077 4223.589744 4235.897436 4317.435897 4230.256410 4240.000000 4246.153846 4217.435897 4274.871795 4226.666667 4264.615385 4227.179487 4247.179487 4262.564103
4237.948718 4222.564103 4231.282051 4312.820513 4224.615385 4240.000000 4239.487179 4215.384615 4254.358974 4227.692308 4262.564103 4223.589744 4257.948718 4266.666667
4236.410256 4223.589744 4233.846154 4316.410256 4227.692308 4237.435897 4233.846154 4215.384615 4269.230769 4230.769231 4263.076923 4221.538462 4247.692308 4259.487179
4231.794872 4218.461538 4228.717949 4304.102564 4223.076923 4229.743590 4234.358974 4213.333333 4251.282051 4227.692308 4264.615385 4214.358974 4247.692308 4248.205128
4208.717949 4217.435897 4231.794872 4303.076923 4228.717949 4235.897436 4222.564103 4207.179487 4230.769231 4226.666667 4253.846154 4215.384615 4233.846154 4254.871795
4199.487179 4211.282051 4226.153846 4293.846154 4223.589744 4231.794872 4225.641026 4209.743590 4196.410256 4228.205128 4248.205128 4210.769231 4226.666667 4249.230769
4218.974359 4213.846154 4227.179487 4294.358974 4219.487179 4228.205128 4235.897436 4217.948718 4204.615385 4227.692308 4254.358974 4213.846154 4236.923077 4257.435897
4226.153846 4215.897436 4236.923077 4302.564103 4234.358974 4238.974359 4234.358974 4215.384615 4253.333333 4227.179487 4257.435897 4221.025641 4236.410256 4258.974359
4225.128205 4211.794872 4225.128205 4293.846154 4225.641026 4235.384615 4233.846154 4214.871795 4227.179487 4228.717949 4277.435897 4211.794872 4245.641026 4251.794872
4246.153846 4230.256410 4235.897436 4311.282051 4229.743590 4244.615385 4241.025641 4250.256410 4300.000000 4230.769231 4309.743590 4217.948718 4260.512821 4270.769231
4247.179487 4225.641026 4236.923077 4303.589744 4231.282051 4248.205128 4227.692308 4265.128205 4309.230769 4228.205128 4314.358974 4210.256410 4249.230769 4261.538462
4215.897436 4210.769231 4217.948718 4283.076923 4217.948718 4235.897436 4196.923077 4238.461538 4189.230769 4228.205128 4302.564103 4195.897436 4211.282051 4249.743590
4202.051282 4213.333333 4222.564103 4289.230769 4228.205128 4238.974359 4190.769231 4228.717949 4184.615385 4228.205128 4302.564103 4202.051282 4189.743590 4247.692308
4225.641026 4212.820513 4224.102564 4285.641026 4223.076923 4232.307692 4209.230769 4240.512821 4218.461538 4226.153846 4319.487179 4198.461538 4223.076923 4241.025641
4239.487179 4223.589744 4227.179487 4296.410256 4222.051282 4230.256410 4218.461538 4250.256410 4266.153846 4228.717949 4329.230769 4202.051282 4240.512821 4258.974359
4229.743590 4224.615385 4224.102564 4296.923077 4226.666667 4230.256410 4221.025641 4247.179487 4265.641026 4230.256410 4316.410256 4203.589744 4225.641026 4260.000000
4230.769231 4223.076923 4217.948718 4293.846154 4221.538462 4225.641026 4224.615385 4242.564103 4233.333333 4228.717949 4309.743590 4201.025641 4229.230769 4263.589744
4233.846154 4227.692308 4227.179487 4304.102564 4233.846154 4232.307692 4224.102564 4247.179487 4272.307692 4229.230769 4310.256410 4207.692308 4231.794872 4275.384615
4240.512821 4225.641026 4227.179487 4296.923077 4224.102564 4225.641026 4227.179487 4248.205128 4261.538462 4228.717949 4303.589744 4207.179487 4241.025641 4270.256410
4230.769231 4229.743590 4225.641026 4300.000000 4219.487179 4221.025641 4213.846154 4241.025641 4225.128205 4228.205128 4291.794872 4206.666667 4226.666667 4267.692308
4208.717949 4223.076923 4217.948718 4296.410256 4227.692308 4222.564103 4200.000000 4234.871795 4200.000000 4228.717949 4285.128205 4196.410256 4199.487179 4251.282051
4220.000000 4222.051282 4214.871795 4295.897436 4218.974359 4220.512821 4215.897436 4240.512821 4207.179487 4229.230769 4296.923077 4191.282051 4216.923077 4252.307692
4242.051282 4236.923077 4233.846154 4315.897436 4227.692308 4227.179487 4236.923077 4258.461538 4294.871795 4227.179487 4311.794872 4205.128205 4240.000000 4263.589744
4230.769231 4228.717949 4225.128205 4305.128205 4226.153846 4220.000000 4220.512821 4250.256410 4246.153846 4226.666667 4306.666667 4196.410256 4224.615385 4246.153846
4210.769231 4223.076923 4212.307692 4297.435897 4222.564103 4218.461538 4201.538462 4234.358974 4173.846154 4229.230769 4297.435897 4189.230769 4203.589744 4244.102564
4223.076923 4231.282051 4219.487179 4307.692308 4229.743590 4231.794872 4223.076923 4248.205128 4237.948718 4229.230769 4305.128205 4196.923077 4224.615385 4247.692308
4225.641026 4229.743590 4216.410256 4305.128205 4224.102564 4227.692308 4215.384615 4249.743590 4221.025641 4229.743590 4309.743590 4192.307692 4233.846154 4243.589744
4196.410256 4220.000000 4211.282051 4298.974359 4228.717949 4219.487179 4178.461538 4234.871795 4156.410256 4230.256410 4295.384615 4185.128205 4186.666667 4233.333333
4201.538462 4217.948718 4211.794872 4294.358974 4223.589744 4211.282051 4194.871795 4241.025641 4166.153846 4229.743590 4299.487179 4183.589744 4186.666667 4225.128205
4230.769231 4236.410256 4224.102564 4310.256410 4221.538462 4214.358974 4225.128205 4259.487179 4245.128205 4232.820513 4324.615385 4197.435897 4230.256410 4246.666667
4222.564103 4234.358974 4223.076923 4311.282051 4229.743590 4220.000000 4212.820513 4255.384615 4252.307692 4230.769231 4328.205128 4200.512821 4221.025641 4245.641026
4209.743590 4225.128205 4209.743590 4297.948718 4217.435897 4211.794872 4200.512821 4242.051282 4183.589744 4229.230769 4319.487179 4191.282051 4201.538462 4237.435897
4227.179487 4242.051282 4225.128205 4311.794872 4222.051282 4220.512821 4219.487179 4252.820513 4244.615385 4231.794872 4319.487179 4203.589744 4212.307692 4256.923077
4232.307692 4239.487179 4226.153846 4307.692308 4226.153846 4219.487179 4222.564103 4256.410256 4255.897436 4231.794872 4314.871795 4201.538462 4219.487179 4257.435897
4228.717949 4239.487179 4221.025641 4310.769231 4223.589744 4213.333333 4216.410256 4251.794872 4243.589744 4230.256410 4315.384615 4200.000000 4228.205128 4265.641026
4240.512821 4252.820513 4230.769231 4328.205128 4231.794872 4221.025641 4228.717949 4259.487179 4311.282051 4231.794872 4322.564103 4209.230769 4250.256410 4272.820513
4228.205128 4243.076923 4219.487179 4314.871795 4222.051282 4212.820513 4216.410256 4250.769231 4236.410256 4229.743590 4318.461538 4198.461538 4238.974359 4261.538462
4190.256410 4226.666667 4212.307692 4307.179487 4227.179487 4211.282051 4186.666667 4240.000000 4156.923077 4227.179487 4306.666667 4190.769231 4190.256410 4254.358974
4174.358974 4212.307692 4204.102564 4295.897436 4229.743590 4210.769231 4175.897436 4236.410256 4142.564103 4229.230769 4295.897436 4183.589744 4176.923077 4238.974359
4188.717949 4219.487179 4204.102564 4296.410256 4222.564103 4207.692308 4183.076923 4233.846154 4145.641026 4230.256410 4297.435897 4188.717949 4195.897436 4246.153846
4231.282051 4248.205128 4232.820513 4324.615385 4230.256410 4221.538462 4225.641026 4254.358974 4262.564103 4230.256410 4319.487179 4211.794872 4237.435897 4265.128205
4256.410256 4254.358974 4236.410256 4327.179487 4225.128205 4222.051282 4251.282051 4266.153846 4322.051282 4226.666667 4331.282051 4211.794872 4272.307692 4269.743590
4200.512821 4227.179487 4211.794872 4309.743590 4230.769231 4214.871795 4203.589744 4240.512821 4223.076923 4225.641026 4303.076923 4195.384615 4213.846154 4257.435897
4149.230769 4199.487179 4192.307692 4288.717949 4230.256410 4206.153846 4168.717949 4217.435897 4088.717949 4228.717949 4276.923077 4183.076923 4152.307692 4234.358974
4170.256410 4211.282051 4200.000000 4294.871795 4220.512821 4204.615385 4192.820513 4221.025641 4098.974359 4227.179487 4287.179487 4190.769231 4170.256410 4252.307692
4192.820513 4227.179487 4214.358974 4310.769231 4231.794872 4213.846154 4218.974359 4232.820513 4198.461538 4225.128205 4295.384615 4201.538462 4190.256410 4265.641026
4198.461538 4224.102564 4209.743590 4304.102564 4224.615385 4208.717949 4223.076923 4238.461538 4201.538462 4229.230769 4293.846154 4196.923077 4212.307692 4251.282051
4208.205128 4230.769231 4218.461538 4308.205128 4224.102564 4208.717949 4209.743590 4229.743590 4201.538462 4235.897436 4292.820513 4202.564103 4223.589744 4251.794872
4211.282051 4228.717949 4221.025641 4301.538462 4229.743590 4210.256410 4203.076923 4202.564103 4191.794872 4230.256410 4284.102564 4203.589744 4210.256410 4236.923077
4200.512821 4221.538462 4207.179487 4296.410256 4222.564103 4206.666667 4202.564103 4185.128205 4153.846154 4223.589744 4281.538462 4197.948718 4204.615385 4233.846154
4191.282051 4222.564103 4210.769231 4307.692308 4234.358974 4209.230769 4198.974359 4190.769231 4179.487179 4228.717949 4283.076923 4199.487179 4201.538462 4248.205128
4187.179487 4214.871795 4205.641026 4296.410256 4228.717949 4198.974359 4191.282051 4186.666667 4142.051282 4230.769231 4277.948718 4189.743590 4192.820513 4242.051282
4173.846154 4207.179487 4198.974359 4290.256410 4223.076923 4202.564103 4175.384615 4176.410256 4093.846154 4228.205128 4275.384615 4189.230769 4168.205128 4241.025641
4177.435897 4202.051282 4206.666667 4288.717949 4228.205128 4210.256410 4174.871795 4181.025641 4116.923077 4228.205128 4280.000000 4193.846154 4168.205128 4240.512821
4196.410256 4209.743590 4209.230769 4287.692308 4222.564103 4203.589744 4181.025641 4181.538462 4129.743590 4228.717949 4284.615385 4191.282051 4188.717949 4249.230769
4190.769231 4219.487179 4210.769231 4301.025641 4229.743590 4210.769231 4180.000000 4178.974359 4150.769231 4231.282051 4277.435897 4196.923077 4180.000000 4258.974359
4176.923077 4207.179487 4203.589744 4295.384615 4225.128205 4210.769231 4181.025641 4176.923077 4121.538462 4228.717949 4271.282051 4193.333333 4171.794872 4253.846154
4192.307692 4220.512821 4209.743590 4304.102564 4224.615385 4209.743590 4195.897436 4185.641026 4158.461538 4223.076923 4282.051282 4200.000000 4184.615385 4273.846154
4212.820513 4237.435897 4218.461538 4314.358974 4230.769231 4214.358974 4211.282051 4198.974359 4240.000000 4223.589744 4291.282051 4207.179487 4196.410256 4284.102564
4198.974359 4218.461538 4202.564103 4296.923077 4220.512821 4207.692308 4188.717949 4187.692308 4167.179487 4226.666667 4283.589744 4195.384615 4184.102564 4276.923077
4182.564103 4210.256410 4203.076923 4295.897436 4229.230769 4211.794872 4167.692308 4179.487179 4129.230769 4226.666667 4279.487179 4195.384615 4168.717949 4272.307692
4196.410256 4217.948718 4204.615385 4296.923077 4228.205128 4210.769231 4185.641026 4188.205128 4157.435897 4226.153846 4289.743590 4196.923077 4189.743590 4263.589744
4202.051282 4221.025641 4201.025641 4300.512821 4222.051282 4206.153846 4187.692308 4191.282051 4160.512821 4228.205128 4288.717949 4198.461538 4192.820513 4266.666667
4188.205128 4209.230769 4203.076923 4297.435897 4231.282051 4206.666667 4168.717949 4183.589744 4125.128205 4227.179487 4273.333333 4196.923077 4161.025641 4257.435897
4214.358974 4219.487179 4210.769231 4300.000000 4223.076923 4204.102564 4192.820513 4188.717949 4147.692308 4227.692308 4284.102564 4202.051282 4191.794872 4270.769231
4238.461538 4241.025641 4223.076923 4321.025641 4224.615385 4210.256410 4220.512821 4206.666667 4266.153846 4231.794872 4298.461538 4220.512821 4224.102564 4300.512821
4207.692308 4215.897436 4205.128205 4300.512821 4225.641026 4204.102564 4198.461538 4198.461538 4214.871795 4229.230769 4286.153846 4210.769231 4196.923077 4287.692308
4197.435897 4208.717949 4201.538462 4293.333333 4222.564103 4202.051282 4182.051282 4188.205128 4157.435897 4225.128205 4286.153846 4206.666667 4192.307692 4292.307692
4212.307692 4222.051282 4214.358974 4308.205128 4231.282051 4211.794872 4192.307692 4196.410256 4217.435897 4225.128205 4290.256410 4213.846154 4201.025641 4298.461538
4198.974359 4209.743590 4199.487179 4293.333333 4222.051282 4200.512821 4189.743590 4190.769231 4157.948718 4228.205128 4278.974359 4200.512821 4185.641026 4281.025641
4200.000000 4213.846154 4205.128205 4300.512821 4227.179487 4204.615385 4194.358974 4191.282051 4164.102564 4232.307692 4278.461538 4208.717949 4185.641026 4284.615385
4215.897436 4217.435897 4209.230769 4304.615385 4229.743590 4210.256410 4197.948718 4195.384615 4201.538462 4227.692308 4277.948718 4214.871795 4196.923077 4281.538462
4197.948718 4209.230769 4197.948718 4292.820513 4221.538462 4204.102564 4173.333333 4183.076923 4131.794872 4222.564103 4266.666667 4204.615385 4166.666667 4276.923077
4189.743590 4213.846154 4203.589744 4291.794872 4229.743590 4211.794872 4181.025641 4183.076923 4131.282051 4226.153846 4269.743590 4208.205128 4155.897436 4276.923077
4220.000000 4222.051282 4205.641026 4294.871795 4224.615385 4214.871795 4210.256410 4193.333333 4172.820513 4229.743590 4284.102564 4215.897436 4203.076923 4274.358974
4235.897436 4231.794872 4210.769231 4311.282051 4227.179487 4221.538462 4206.666667 4202.051282 4229.743590 4230.256410 4285.128205 4221.538462 4213.333333 4281.538462
4227.692308 4227.179487 4210.256410 4302.564103 4228.205128 4220.512821 4204.615385 4205.128205 4236.410256 4229.230769 4277.948718 4215.384615 4197.948718 4276.923077
4220.000000 4222.564103 4205.128205 4292.307692 4220.000000 4212.820513 4213.846154 4198.974359 4189.743590 4227.692308 4278.461538 4212.820513 4198.461538 4280.512821
4209.230769 4220.000000 4209.230769 4300.512821 4231.282051 4217.435897 4207.179487 4195.384615 4180.000000 4227.692308 4273.846154 4213.846154 4183.589744 4279.487179
4217.948718 4217.948718 4205.641026 4294.871795 4224.615385 4213.333333 4201.025641 4201.025641 4170.256410 4227.692308 4273.333333 4209.230769 4188.717949 4270.769231
4239.487179 4233.333333 4215.897436 4304.615385 4224.615385 4219.487179 4214.871795 4215.897436 4235.897436 4228.205128 4282.051282 4224.615385 4213.333333 4282.564103
4231.794872 4228.717949 4213.846154 4303.076923 4231.282051 4221.538462 4220.000000 4215.384615 4245.128205 4226.666667 4281.025641 4225.128205 4214.358974 4276.410256
4220.512821 4217.948718 4198.461538 4292.820513 4225.128205 4210.769231 4201.025641 4203.589744 4169.743590 4225.641026 4275.384615 4213.846154 4201.025641 4276.410256
4230.769231 4223.076923 4210.256410 4298.974359 4231.282051 4214.358974 4188.717949 4210.256410 4199.487179 4228.205128 4269.230769 4219.487179 4195.897436 4281.025641
4235.897436 4220.512821 4208.717949 4289.230769 4222.051282 4214.358974 4196.410256 4217.948718 4201.025641 4228.717949 4267.692308 4215.897436 4207.179487 4265.641026
4218.974359 4222.564103 4199.487179 4292.820513 4224.615385 4216.923077 4208.205128 4217.948718 4190.256410 4227.179487 4274.358974 4214.358974 4201.025641 4265.128205
4203.076923 4220.000000 4198.461538 4295.384615 4236.923077 4218.974359 4216.410256 4219.487179 4202.051282 4226.153846 4275.897436 4213.333333 4189.230769 4257.948718
4193.333333 4212.820513 4189.230769 4284.102564 4222.564103 4209.230769 4203.076923 4218.974359 4154.871795 4227.179487 4268.717949 4203.076923 4184.615385 4248.717949
4189.230769 4214.871795 4189.743590 4285.641026 4223.076923 4212.307692 4189.230769 4224.615385 4150.256410 4229.743590 4261.025641 4201.025641 4156.410256 4246.666667
4211.282051 4220.000000 4195.384615 4286.666667 4221.538462 4213.846154 4211.794872 4231.794872 4183.589744 4228.717949 4265.641026 4205.128205 4172.820513 4247.692308
4223.076923 4228.205128 4206.666667 4296.410256 4227.179487 4218.461538 4230.769231 4229.743590 4228.205128 4228.717949 4276.410256 4218.461538 4214.871795 4269.230769
4211.282051 4222.564103 4205.128205 4295.384615 4236.923077 4221.025641 4224.102564 4224.615385 4223.589744 4228.205128 4277.435897 4221.025641 4213.846154 4268.717949
4221.025641 4222.564103 4200.512821 4289.743590 4221.538462 4214.871795 4214.871795 4223.076923 4188.205128 4228.205128 4274.358974 4214.358974 4211.282051 4263.076923
4230.256410 4233.333333 4217.435897 4298.974359 4225.128205 4223.589744 4207.692308 4224.102564 4223.076923 4226.153846 4265.641026 4222.051282 4216.410256 4267.692308
4238.461538 4228.717949 4217.948718 4292.307692 4226.666667 4224.102564 4222.051282 4225.641026 4231.794872 4227.179487 4268.205128 4223.589744 4232.307692 4262.564103
4238.974359 4232.307692 4207.179487 4295.384615 4223.589744 4219.487179 4226.153846 4229.230769 4231.282051 4232.820513 4278.974359 4222.051282 4231.794872 4270.769231
4208.717949 4225.128205 4196.923077 4293.333333 4229.230769 4217.948718 4200.512821 4225.641026 4208.205128 4230.769231 4269.230769 4210.256410 4198.974359 4258.974359
4195.384615 4213.846154 4187.179487 4279.487179 4218.974359 4207.692308 4190.769231 4221.538462 4138.974359 4229.230769 4258.974359 4198.974359 4186.153846 4248.205128
4207.692308 4221.538462 4196.923077 4290.769231 4223.076923 4214.358974 4202.564103 4232.820513 4171.794872 4230.769231 4260.512821 4209.743590 4182.051282 4263.076923
4212.820513 4220.512821 4197.948718 4286.666667 4224.102564 4221.025641 4213.333333 4240.512821 4194.871795 4229.743590 4265.641026 4209.230769 4196.923077 4258.461538
4230.256410 4228.717949 4204.102564 4289.743590 4220.512821 4223.076923 4224.615385 4250.256410 4226.666667 4231.282051 4275.384615 4213.846154 4237.948718 4262.051282
4251.282051 4240.000000 4216.923077 4302.564103 4227.692308 4230.256410 4237.948718 4268.717949 4309.743590 4232.307692 4278.461538 4225.128205 4248.205128 4264.102564
4222.564103 4221.025641 4196.410256 4283.589744 4221.538462 4225.128205 4214.358974 4254.358974 4222.051282 4230.769231 4263.076923 4206.666667 4208.205128 4247.692308
4179.487179 4207.179487 4190.769231 4276.923077 4229.230769 4227.692308 4182.051282 4235.384615 4134.358974 4230.256410 4246.666667 4197.948718 4170.256410 4243.076923
4204.615385 4220.512821 4207.179487 4282.051282 4230.256410 4230.256410 4206.666667 4253.846154 4197.435897 4229.743590 4256.410256 4209.230769 4203.076923 4253.333333
4243.589744 4243.589744 4215.384615 4295.897436 4221.025641 4232.307692 4240.512821 4271.282051 4275.384615 4226.666667 4278.974359 4221.025641 4245.641026 4284.615385
4228.717949 4241.538462 4216.410256 4301.025641 4232.307692 4236.923077 4233.333333 4263.589744 4281.025641 4227.179487 4272.307692 4222.051282 4233.846154 4281.538462
4200.512821 4220.000000 4200.512821 4275.384615 4226.153846 4219.487179 4200.000000 4246.666667 4181.538462 4228.717949 4254.358974 4205.641026 4208.205128 4250.256410
4194.358974 4220.512821 4200.512821 4274.358974 4227.179487 4214.871795 4186.666667 4244.615385 4153.846154 4228.717949 4257.435897 4206.153846 4188.717949 4255.384615
4212.820513 4228.717949 4209.743590 4283.076923 4229.230769 4223.076923 4210.256410 4248.205128 4186.666667 4228.717949 4269.743590 4211.282051 4199.487179 4261.025641
4226.153846 4230.769231 4211.282051 4283.076923 4222.051282 4222.564103 4217.948718 4248.205128 4184.615385 4227.692308 4273.846154 4210.256410 4214.358974 4262.564103
4217.435897 4231.794872 4211.794872 4285.128205 4233.846154 4225.128205 4211.282051 4252.820513 4212.820513 4227.692308 4277.948718 4209.230769 4210.769231 4265.641026
4221.538462 4231.794872 4206.153846 4278.974359 4224.102564 4219.487179 4224.615385 4258.461538 4224.102564 4229.230769 4286.153846 4206.666667 4240.000000 4266.153846
4234.871795 4244.102564 4219.487179 4288.205128 4222.564103 4225.641026 4237.435897 4266.666667 4264.615385 4232.307692 4285.128205 4218.461538 4258.974359 4272.820513
4228.205128 4241.025641 4216.923077 4283.076923 4230.769231 4229.743590 4233.846154 4266.666667 4263.076923 4231.794872 4274.358974 4212.820513 4235.897436 4254.871795
4200.512821 4228.205128 4192.820513 4270.769231 4223.076923 4217.948718 4213.333333 4254.871795 4174.871795 4228.205128 4269.230769 4194.358974 4214.358974 4241.538462
4192.820513 4231.794872 4202.564103 4277.435897 4230.256410 4220.000000 4206.153846 4253.333333 4178.974359 4227.692308 4270.769231 4197.435897 4214.871795 4243.076923
4222.564103 4240.512821 4214.871795 4278.974359 4225.128205 4218.974359 4232.307692 4258.461538 4229.230769 4228.205128 4277.435897 4203.076923 4250.769231 4253.333333
4233.333333 4253.846154 4211.282051 4294.358974 4225.128205 4221.538462 4247.692308 4261.025641 4274.358974 4228.205128 4283.589744 4208.205128 4262.051282 4280.512821
4203.589744 4239.487179 4198.974359 4283.076923 4233.846154 4221.538462 4223.076923 4252.307692 4230.769231 4228.717949 4274.358974 4198.974359 4229.230769 4271.282051
4197.948718 4226.153846 4198.461538 4259.487179 4223.589744 4210.769231 4197.948718 4241.538462 4153.846154 4230.256410 4266.666667 4187.692308 4217.948718 4262.051282
4232.307692 4246.153846 4221.538462 4282.564103 4225.641026 4219.487179 4212.307692 4253.333333 4247.179487 4230.769231 4273.846154 4201.538462 4234.358974 4275.897436
4239.487179 4247.179487 4213.846154 4290.256410 4223.076923 4223.589744 4228.205128 4257.435897 4267.179487 4227.692308 4273.333333 4200.512821 4242.564103 4259.487179
4214.358974 4237.435897 4207.179487 4282.051282 4227.179487 4223.589744 4217.435897 4244.615385 4191.282051 4227.179487 4261.538462 4193.333333 4229.230769 4250.769231
4220.000000 4235.384615 4222.051282 4281.538462 4235.897436 4224.615385 4218.461538 4245.128205 4212.307692 4228.717949 4258.461538 4197.948718 4232.820513 4253.333333
4238.974359 4237.948718 4220.512821 4282.051282 4222.564103 4218.461538 4227.179487 4250.769231 4238.974359 4227.179487 4268.205128 4197.948718 4246.153846 4256.923077
4224.102564 4241.025641 4216.410256 4287.179487 4228.205128 4223.589744 4224.615385 4245.128205 4228.717949 4228.717949 4267.692308 4196.923077 4225.641026 4257.435897
4216.923077 4236.410256 4211.794872 4280.000000 4228.205128 4220.512821 4223.589744 4238.974359 4181.538462 4228.205128 4264.615385 4189.230769 4221.025641 4244.102564
4246.153846 4250.769231 4223.589744 4293.333333 4224.102564 4218.974359 4234.358974 4251.282051 4234.871795 4227.692308 4276.923077 4196.410256 4248.205128 4256.923077
4255.384615 4253.846154 4233.846154 4300.000000 4232.307692 4223.589744 4240.512821 4258.461538 4300.512821 4229.230769 4279.487179 4201.025641 4249.743590 4257.435897
4226.153846 4234.871795 4214.871795 4278.461538 4221.538462 4212.820513 4218.461538 4239.487179 4198.461538 4227.692308 4267.692308 4182.564103 4222.564103 4240.000000
4206.666667 4234.358974 4212.820513 4281.538462 4227.179487 4214.871795 4200.000000 4236.410256 4164.615385 4226.153846 4263.589744 4178.461538 4198.974359 4241.538462
4224.615385 4240.512821 4219.487179 4286.666667 4229.743590 4216.410256 4217.435897 4248.717949 4214.358974 4229.743590 4271.794872 4184.102564 4217.948718 4243.076923
4234.358974 4242.564103 4220.512821 4288.205128 4221.025641 4213.846154 4224.102564 4247.179487 4227.692308 4233.846154 4275.897436 4188.205128 4236.923077 4253.846154
4213.333333 4234.871795 4216.923077 4284.102564 4228.205128 4214.358974 4206.666667 4242.564103 4204.102564 4230.769231 4264.615385 4181.025641 4218.974359 4248.205128
4208.717949 4230.769231 4207.692308 4274.871795 4225.128205 4209.230769 4206.153846 4241.538462 4161.538462 4227.179487 4260.000000 4170.769231 4216.923077 4238.974359
4229.230769 4245.641026 4221.538462 4293.333333 4230.256410 4221.025641 4227.179487 4249.743590 4236.410256 4227.179487 4269.230769 4187.179487 4229.230769 4255.384615
4233.846154 4241.025641 4225.128205 4287.692308 4226.153846 4222.564103 4229.230769 4247.692308 4252.820513 4228.205128 4267.179487 4188.205128 4226.153846 4254.358974
4213.333333 4230.256410 4212.820513 4275.897436 4218.461538 4210.769231 4207.179487 4229.230769 4158.461538 4228.717949 4259.487179 4174.871795 4205.641026 4252.820513
4201.538462 4231.282051 4211.794872 4284.102564 4232.307692 4214.358974 4206.666667 4228.205128 4155.384615 4228.205128 4260.000000 4176.923077 4196.410256 4253.333333
4212.307692 4228.717949 4207.692308 4276.923077 4225.641026 4213.846154 4215.384615 4235.897436 4165.641026 4229.743590 4262.564103 4174.358974 4213.333333 4251.794872
4235.897436 4244.102564 4226.666667 4286.153846 4226.153846 4220.512821 4221.538462 4244.615385 4237.948718 4231.282051 4267.692308 4184.615385 4232.307692 4273.846154
4257.948718 4255.384615 4239.487179 4293.333333 4230.256410 4224.102564 4236.923077 4251.794872 4303.589744 4230.769231 4278.974359 4192.307692 4255.897436 4280.512821
4248.205128 4248.205128 4225.128205 4287.692308 4222.051282 4217.435897 4235.384615 4247.179487 4256.410256 4232.307692 4281.538462 4184.615385 4250.769231 4276.410256
4227.692308 4245.128205 4222.051282 4286.666667 4228.717949 4221.025641 4224.615385 4243.589744 4242.051282 4232.307692 4271.282051 4181.538462 4215.384615 4271.794872
4223.076923 4237.948718 4214.358974 4274.358974 4223.076923 4214.358974 4215.384615 4236.923077 4206.666667 4229.230769 4265.641026 4174.871795 4206.666667 4266.666667
4211.794872 4232.820513 4211.282051 4276.410256 4224.615385 4213.846154 4202.051282 4230.256410 4167.692308 4228.205128 4265.641026 4174.871795 4192.307692 4269.743590
4223.076923 4240.000000 4223.076923 4284.102564 4229.743590 4219.487179 4226.666667 4243.076923 4216.923077 4228.717949 4273.333333 4177.435897 4208.717949 4263.589744
4253.846154 4255.384615 4229.743590 4289.743590 4223.076923 4215.384615 4250.769231 4255.384615 4281.025641 4230.769231 4282.051282 4183.076923 4251.794872 4269.743590
4249.230769 4258.461538 4230.256410 4297.435897 4232.820513 4220.512821 4239.487179 4249.743590 4295.897436 4233.846154 4274.358974 4188.717949 4240.000000 4268.717949
4239.487179 4250.256410 4221.538462 4290.256410 4224.615385 4219.487179 4235.897436 4238.461538 4245.128205 4230.256410 4266.666667 4177.435897 4222.564103 4251.794872
4237.435897 4253.846154 4225.641026 4294.871795 4221.538462 4222.051282 4225.128205 4236.923077 4236.410256 4225.128205 4264.615385 4173.846154 4213.846154 4259.487179
4224.102564 4244.102564 4224.615385 4289.743590 4231.282051 4225.128205 4205.641026 4232.307692 4208.205128 4227.692308 4255.384615 4173.846154 4199.487179 4256.410256
4229.230769 4243.589744 4218.974359 4283.589744 4222.564103 4220.000000 4209.743590 4228.205128 4173.846154 4232.307692 4262.564103 4172.820513 4210.769231 4256.410256
4233.846154 4255.897436 4227.179487 4293.846154 4227.692308 4223.589744 4216.410256 4236.923077 4237.435897 4232.307692 4270.256410 4178.461538 4212.820513 4262.564103
4214.358974 4240.512821 4213.846154 4275.384615 4224.102564 4217.435897 4201.538462 4229.230769 4195.897436 4228.717949 4257.948718 4166.153846 4195.897436 4243.076923
4214.871795 4240.000000 4212.307692 4276.410256 4222.051282 4217.948718 4195.897436 4221.538462 4163.076923 4226.153846 4254.871795 4166.666667 4196.410256 4242.564103
4227.179487 4250.256410 4223.076923 4289.743590 4229.230769 4222.051282 4207.692308 4230.769231 4214.871795 4227.692308 4260.512821 4175.384615 4208.717949 4240.512821
4218.974359 4243.589744 4214.358974 4280.512821 4220.512821 4213.333333 4203.589744 4227.179487 4182.564103 4231.282051 4256.923077 4167.179487 4208.717949 4234.871795
4217.435897 4244.102564 4220.512821 4282.564103 4226.666667 4219.487179 4201.025641 4225.641026 4195.897436 4231.282051 4255.384615 4168.717949 4204.102564 4245.641026
4236.410256 4244.102564 4225.641026 4278.974359 4224.615385 4217.948718 4218.461538 4233.333333 4216.923077 4228.717949 4264.102564 4170.256410 4221.538462 4248.205128
4243.589744 4252.307692 4226.153846 4287.692308 4222.564103 4217.435897 4232.307692 4238.974359 4237.435897 4230.769231 4272.307692 4176.410256 4236.923077 4256.410256
4214.871795 4244.615385 4217.435897 4282.564103 4230.256410 4222.051282 4213.333333 4225.128205 4221.538462 4231.794872 4258.974359 4171.282051 4205.641026 4240.000000
4186.666667 4224.102564 4200.000000 4257.948718 4220.512821 4210.769231 4182.051282 4203.589744 4109.743590 4227.692308 4244.102564 4152.820513 4168.205128 4223.589744
4198.461538 4236.923077 4217.435897 4274.358974 4229.743590 4212.307692 4192.820513 4215.897436 4153.333333 4228.205128 4252.820513 4163.076923 4177.435897 4241.025641
4222.564103 4245.128205 4224.615385 4277.435897 4227.179487 4209.743590 4213.846154 4229.230769 4216.923077 4229.230769 4265.128205 4171.282051 4214.871795 4243.076923
4225.641026 4244.615385 4220.000000 4271.282051 4219.487179 4204.102564 4201.025641 4221.538462 4194.358974 4229.230769 4261.538462 4172.307692 4215.897436 4243.589744
4230.256410 4250.769231 4229.230769 4275.384615 4231.794872 4215.384615 4204.102564 4228.717949 4222.564103 4230.256410 4256.410256 4175.897436 4207.692308 4235.384615
4235.384615 4248.717949 4220.000000 4266.666667 4223.076923 4210.769231 4219.487179 4234.871795 4200.000000 4228.205128 4258.461538 4168.717949 4228.717949 4224.102564
4220.000000 4247.692308 4214.871795 4275.897436 4229.230769 4210.256410 4206.666667 4228.205128 4177.435897 4228.205128 4255.897436 4170.256410 4214.871795 4236.410256
4226.153846 4244.615385 4217.435897 4276.923077 4231.282051 4210.769231 4207.692308 4227.179487 4192.820513 4229.230769 4253.846154 4168.717949 4206.666667 4231.794872
4250.256410 4258.974359 4226.153846 4277.435897 4220.512821 4212.820513 4226.666667 4234.871795 4239.487179 4228.205128 4264.102564 4173.333333 4242.564103 4234.871795
4240.000000 4264.615385 4230.769231 4279.487179 4230.769231 4220.512821 4225.128205 4236.923077 4273.333333 4226.666667 4264.615385 4180.512821 4253.333333 4240.512821
4204.615385 4237.435897 4208.717949 4251.794872 4223.589744 4204.615385 4193.846154 4222.051282 4161.538462 4229.230769 4253.333333 4163.589744 4217.435897 4225.128205
4208.205128 4236.923077 4220.000000 4254.358974 4225.641026 4200.512821 4184.615385 4219.487179 4145.641026 4232.307692 4254.871795 4167.179487 4197.435897 4227.692308
4248.717949 4257.435897 4238.461538 4271.282051 4228.717949 4205.128205 4221.538462 4231.794872 4237.948718 4229.743590 4266.153846 4179.487179 4242.051282 4233.333333
4235.897436 4253.846154 4217.948718 4267.179487 4223.076923 4199.487179 4214.358974 4226.666667 4216.923077 4226.153846 4261.538462 4171.794872 4245.641026 4232.820513
4194.358974 4230.769231 4207.179487 4249.743590 4233.333333 4196.923077 4176.923077 4215.897436 4151.794872 4226.153846 4245.641026 4163.589744 4194.358974 4217.435897
4227.179487 4236.410256 4220.512821 4244.615385 4223.076923 4190.769231 4200.512821 4226.153846 4164.102564 4229.743590 4255.897436 4169.743590 4225.128205 4217.435897
4255.384615 4269.230769 4237.435897 4277.948718 4228.205128 4203.589744 4227.692308 4239.487179 4276.923077 4229.743590 4270.769231 4188.717949 4256.410256 4249.743590
4222.564103 4250.769231 4215.384615 4258.974359 4227.692308 4202.564103 4208.717949 4228.205128 4220.000000 4226.666667 4258.974359 4173.333333 4232.820513 4231.794872
4218.974359 4240.000000 4207.692308 4244.102564 4213.846154 4193.846154 4197.435897 4223.076923 4145.128205 4232.307692 4255.384615 4161.025641 4233.846154 4222.051282
4235.384615 4263.589744 4232.820513 4275.384615 4234.871795 4206.666667 4207.692308 4236.923077 4255.897436 4235.897436 4258.974359 4178.461538 4227.692308 4236.410256
4217.948718 4237.948718 4204.102564 4246.666667 4221.025641 4191.282051 4200.000000 4224.102564 4165.128205 4226.153846 4247.179487 4161.538462 4217.435897 4209.743590
4204.102564 4232.307692 4205.128205 4244.102564 4220.000000 4193.846154 4186.666667 4216.923077 4120.512821 4224.615385 4240.000000 4163.076923 4217.435897 4216.410256
4233.333333 4256.923077 4236.410256 4264.615385 4233.846154 4210.256410 4210.256410 4233.846154 4253.846154 4230.769231 4250.256410 4180.512821 4244.615385 4232.820513
4265.641026 4264.102564 4235.384615 4263.076923 4220.512821 4204.615385 4229.230769 4237.948718 4278.974359 4228.717949 4267.179487 4181.538462 4293.333333 4238.461538
4251.794872 4261.025641 4237.435897 4265.641026 4230.769231 4206.153846 4205.641026 4228.205128 4253.333333 4227.692308 4258.974359 4186.153846 4281.538462 4240.000000
4218.974359 4241.538462 4220.000000 4245.128205 4224.615385 4198.461538 4185.128205 4213.846154 4166.153846 4228.717949 4242.051282 4168.205128 4239.487179 4218.461538
4227.179487 4253.846154 4223.589744 4261.538462 4225.128205 4209.743590 4207.692308 4223.076923 4200.512821 4228.205128 4254.358974 4171.282051 4252.820513 4231.282051
4258.461538 4273.333333 4236.923077 4277.435897 4233.333333 4223.589744 4234.871795 4243.076923 4300.000000 4228.717949 4269.743590 4187.692308 4294.871795 4233.846154
4233.333333 4257.435897 4216.410256 4257.435897 4223.076923 4209.743590 4211.794872 4228.205128 4216.923077 4226.153846 4258.461538 4178.461538 4263.076923 4217.435897
4198.461538 4246.153846 4212.820513 4257.948718 4233.846154 4211.794872 4204.615385 4215.897436 4177.435897 4224.102564 4251.282051 4177.948718 4220.512821 4224.102564
4223.076923 4245.128205 4217.435897 4252.820513 4227.179487 4213.846154 4230.256410 4228.717949 4209.743590 4225.641026 4263.076923 4179.487179 4260.512821 4228.205128
4234.871795 4256.410256 4223.076923 4257.948718 4223.076923 4211.282051 4223.076923 4232.820513 4235.897436 4227.692308 4266.666667 4187.179487 4273.333333 4239.487179
4212.307692 4253.846154 4223.076923 4262.051282 4237.435897 4212.307692 4210.769231 4225.128205 4215.384615 4227.179487 4253.333333 4188.205128 4239.487179 4228.717949
4224.615385 4254.358974 4220.000000 4258.461538 4227.692308 4209.743590 4220.512821 4226.153846 4194.871795 4228.717949 4256.923077 4185.641026 4258.461538 4222.051282
4247.692308 4269.743590 4233.333333 4270.769231 4225.128205 4218.974359 4230.769231 4241.538462 4282.564103 4230.769231 4269.743590 4201.025641 4286.153846 4236.923077
4220.000000 4255.897436 4225.641026 4263.076923 4230.256410 4221.538462 4222.564103 4236.923077 4265.641026 4228.205128 4260.512821 4198.974359 4256.410256 4226.153846
4188.205128 4238.974359 4207.179487 4243.589744 4222.051282 4207.692308 4204.615385 4219.487179 4158.461538 4227.179487 4241.538462 4184.615385 4217.435897 4212.820513
4186.666667 4235.897436 4209.743590 4239.487179 4221.025641 4201.538462 4195.384615 4216.410256 4132.307692 4227.692308 4237.948718 4181.025641 4207.179487 4198.461538
4200.512821 4243.589744 4222.564103 4254.871795 4227.692308 4208.717949 4202.051282 4217.435897 4149.743590 4228.205128 4250.769231 4188.717949 4226.666667 4203.589744
4218.974359 4258.974359 4227.692308 4271.794872 4231.794872 4218.461538 4219.487179 4224.102564 4216.410256 4230.769231 4261.025641 4200.000000 4254.871795 4221.538462
4211.794872 4252.307692 4214.871795 4264.102564 4224.102564 4212.820513 4210.769231 4223.589744 4214.358974 4227.692308 4248.717949 4189.743590 4245.128205 4208.717949
4188.205128 4242.564103 4209.230769 4262.051282 4224.102564 4206.153846 4192.307692 4213.333333 4152.307692 4223.076923 4238.461538 4181.538462 4211.282051 4205.128205
4188.205128 4238.974359 4213.333333 4260.512821 4231.282051 4208.717949 4205.128205 4213.846154 4158.974359 4225.641026 4245.128205 4186.666667 4209.230769 4208.717949
4204.615385 4240.512821 4213.333333 4252.307692 4223.589744 4205.128205 4220.512821 4217.435897 4183.589744 4229.230769 4251.794872 4189.743590 4232.307692 4215.897436
4212.307692 4247.692308 4218.461538 4264.102564 4223.589744 4212.307692 4217.948718 4221.538462 4214.358974 4228.717949 4253.846154 4194.871795 4239.487179 4226.153846
4207.179487 4242.564103 4215.897436 4266.153846 4226.153846 4216.923077 4214.871795 4224.102564 4214.871795 4227.692308 4250.256410 4189.743590 4234.358974 4211.794872
4191.794872 4234.358974 4207.179487 4253.846154 4223.076923 4208.717949 4206.666667 4217.435897 4171.794872 4229.743590 4243.589744 4180.512821 4213.846154 4206.666667
4195.897436 4235.384615 4213.333333 4255.384615 4230.256410 4213.846154 4212.307692 4217.948718 4175.384615 4228.205128 4244.615385 4185.128205 4207.692308 4211.794872
4220.000000 4240.000000 4218.461538 4260.512821 4224.102564 4213.846154 4225.128205 4221.538462 4183.589744 4226.153846 4253.333333 4189.230769 4239.487179 4211.282051
4221.538462 4248.205128 4226.153846 4271.794872 4226.666667 4208.717949 4215.384615 4221.538462 4207.692308 4228.205128 4251.794872 4194.358974 4238.461538 4218.461538
4208.717949 4241.025641 4222.051282 4264.102564 4229.743590 4205.641026 4218.461538 4224.102564 4229.743590 4231.282051 4238.974359 4191.282051 4228.205128 4210.256410
4204.102564 4233.333333 4214.358974 4255.384615 4221.025641 4205.641026 4226.153846 4225.128205 4211.282051 4232.820513 4236.410256 4187.179487 4238.974359 4210.769231
4194.871795 4232.307692 4221.025641 4260.000000 4229.743590 4209.230769 4202.564103 4218.974359 4194.358974 4233.333333 4230.769231 4187.179487 4216.923077 4210.256410
4182.564103 4224.102564 4211.282051 4252.307692 4223.589744 4197.435897 4192.820513 4207.179487 4144.102564 4228.205128 4225.128205 4174.358974 4202.051282 4198.461538
4177.948718 4225.641026 4210.256410 4261.538462 4226.153846 4208.717949 4222.051282 4210.769231 4160.512821 4226.153846 4231.794872 4181.025641 4215.897436 4212.307692
4177.435897 4215.897436 4214.358974 4257.435897 4237.435897 4213.846154 4234.871795 4215.897436 4161.025641 4227.692308 4232.307692 4188.205128 4215.384615 4208.205128
4175.897436 4209.743590 4203.076923 4244.615385 4227.179487 4196.923077 4208.205128 4206.666667 4082.564103 4226.666667 4228.717949 4176.410256 4205.128205 4194.871795
