4224.615385 4230.769231 4233.846154 4233.333333 4227.692308 4222.051282 4214.871795 4217.435897 4193.333333 4229.743590 4226.666667 4182.051282 4224.102564 4164.102564
4225.641026 4228.205128 4233.333333 4232.820513 4225.128205 4229.743590 4217.948718 4228.717949 4183.076923 4232.307692 4223.076923 4182.564103 4216.410256 4163.589744
4229.230769 4229.230769 4237.948718 4239.487179 4228.205128 4233.333333 4223.076923 4267.692308 4238.461538 4232.307692 4222.051282 4187.179487 4223.589744 4163.589744
4229.230769 4230.256410 4234.871795 4239.487179 4221.025641 4227.179487 4215.897436 4275.897436 4209.743590 4229.230769 4224.102564 4184.615385 4221.538462 4158.974359
4235.897436 4235.384615 4239.487179 4240.000000 4227.179487 4232.307692 4221.538462 4271.282051 4242.051282 4233.846154 4226.153846 4190.256410 4229.230769 4163.076923
4244.615385 4239.487179 4248.205128 4246.666667 4227.692308 4242.051282 4228.717949 4269.743590 4264.102564 4232.820513 4231.794872 4193.333333 4241.025641 4160.512821
4238.974359 4230.769231 4243.589744 4240.000000 4223.076923 4236.410256 4219.487179 4270.769231 4241.025641 4229.230769 4232.307692 4193.846154 4236.923077 4157.948718
4242.051282 4228.717949 4246.153846 4240.000000 4227.179487 4237.435897 4218.974359 4269.230769 4269.743590 4228.205128 4233.846154 4196.410256 4242.564103 4160.000000
4244.102564 4229.230769 4244.102564 4243.076923 4223.589744 4238.974359 4222.564103 4262.051282 4238.974359 4228.717949 4233.846154 4191.282051 4239.487179 4157.948718
4235.897436 4225.128205 4237.435897 4238.461538 4227.179487 4234.871795 4220.512821 4265.641026 4240.512821 4231.794872 4227.179487 4189.230769 4234.358974 4156.923077
4233.846154 4227.179487 4236.923077 4238.461538 4227.179487 4236.923077 4218.974359 4262.051282 4229.230769 4230.769231 4223.589744 4184.615385 4231.794872 4150.769231
4233.846154 4223.589744 4237.435897 4238.461538 4225.128205 4235.384615 4218.974359 4262.564103 4215.897436 4233.333333 4222.051282 4184.615385 4229.230769 4151.794872
4238.974359 4227.692308 4247.692308 4243.076923 4228.205128 4236.923077 4226.153846 4272.820513 4282.564103 4232.307692 4232.307692 4193.333333 4247.179487 4157.435897
4241.025641 4232.820513 4244.615385 4245.641026 4223.589744 4238.461538 4227.179487 4269.230769 4258.974359 4227.179487 4239.487179 4191.282051 4247.179487 4154.871795
4238.974359 4229.230769 4235.384615 4243.076923 4228.205128 4235.897436 4226.153846 4267.179487 4261.538462 4231.282051 4234.871795 4191.794872 4241.025641 4155.897436
4244.615385 4231.794872 4241.538462 4247.692308 4228.205128 4241.025641 4224.615385 4265.641026 4275.384615 4231.282051 4234.871795 4191.794872 4245.641026 4155.897436
4240.512821 4228.205128 4235.897436 4242.051282 4224.615385 4242.051282 4219.487179 4266.153846 4232.307692 4228.205128 4231.282051 4186.153846 4237.948718 4157.948718
4234.358974 4224.102564 4229.743590 4235.897436 4229.743590 4242.564103 4222.051282 4268.205128 4251.794872 4230.256410 4230.256410 4187.179487 4236.923077 4160.000000
4235.384615 4222.564103 4233.846154 4237.948718 4224.615385 4241.538462 4223.076923 4260.000000 4231.794872 4229.743590 4231.282051 4185.128205 4232.820513 4154.871795
4235.384615 4220.000000 4236.410256 4234.358974 4225.641026 4232.820513 4221.025641 4264.615385 4238.461538 4230.256410 4227.692308 4186.153846 4230.769231 4159.487179
4237.948718 4230.256410 4237.948718 4237.435897 4225.641026 4233.333333 4222.564103 4264.102564 4259.487179 4230.769231 4232.820513 4190.256410 4241.538462 4163.589744
4238.974359 4236.923077 4237.435897 4242.051282 4221.025641 4237.948718 4223.589744 4260.000000 4243.589744 4232.307692 4234.871795 4191.282051 4242.564103 4167.179487
4247.179487 4237.948718 4242.564103 4244.615385 4229.743590 4241.538462 4228.205128 4267.692308 4293.846154 4231.794872 4235.384615 4191.794872 4247.692308 4170.256410
4249.743590 4238.461538 4241.538462 4245.128205 4226.666667 4242.564103 4221.538462 4265.641026 4276.410256 4227.692308 4239.487179 4187.692308 4244.615385 4164.102564
4243.076923 4232.820513 4238.974359 4237.435897 4224.102564 4236.923077 4215.384615 4265.128205 4268.205128 4230.256410 4237.948718 4192.307692 4241.538462 4174.358974
4249.230769 4232.820513 4247.692308 4236.410256 4227.179487 4237.948718 4220.000000 4264.615385 4297.435897 4231.794872 4238.974359 4196.410256 4253.846154 4184.102564
4250.769231 4238.461538 4246.666667 4241.025641 4225.641026 4244.102564 4221.538462 4262.051282 4281.025641 4230.769231 4240.000000 4191.794872 4251.794872 4182.564103
4244.615385 4237.948718 4243.589744 4244.615385 4230.769231 4246.666667 4220.000000 4270.256410 4307.179487 4229.743590 4236.410256 4191.794872 4249.230769 4187.692308
4238.461538 4224.615385 4241.025641 4242.564103 4224.102564 4238.461538 4211.794872 4264.615385 4252.307692 4226.666667 4230.256410 4186.666667 4241.025641 4189.230769
4233.846154 4211.282051 4235.897436 4231.282051 4222.564103 4229.743590 4208.205128 4262.564103 4219.487179 4230.769231 4222.564103 4186.666667 4229.743590 4193.846154
4237.948718 4212.307692 4238.974359 4230.256410 4229.230769 4235.897436 4216.923077 4266.666667 4262.564103 4232.820513 4223.589744 4188.717949 4234.871795 4195.897436
4228.205128 4202.564103 4231.282051 4225.641026 4225.641026 4232.307692 4213.333333 4261.025641 4209.230769 4230.256410 4216.410256 4178.461538 4225.128205 4194.871795
4215.384615 4189.743590 4222.051282 4213.846154 4226.153846 4223.076923 4208.205128 4263.589744 4200.512821 4230.769231 4204.615385 4174.871795 4218.461538 4198.461538
4222.564103 4194.358974 4222.564103 4215.384615 4222.051282 4229.230769 4211.282051 4261.025641 4200.512821 4229.230769 4208.717949 4175.384615 4220.512821 4198.974359
4226.666667 4201.025641 4225.128205 4218.974359 4223.076923 4232.307692 4212.820513 4263.076923 4200.512821 4231.794872 4213.333333 4181.538462 4217.435897 4206.666667
4231.794872 4210.256410 4235.897436 4226.153846 4229.230769 4233.846154 4217.948718 4271.282051 4260.512821 4233.333333 4220.512821 4191.794872 4230.256410 4213.846154
4236.410256 4213.846154 4235.897436 4225.641026 4224.102564 4235.897436 4221.025641 4265.128205 4246.666667 4229.743590 4224.102564 4187.179487 4235.384615 4214.358974
4232.307692 4211.282051 4233.846154 4223.076923 4227.692308 4237.948718 4223.076923 4267.179487 4258.461538 4231.282051 4219.487179 4184.102564 4232.820513 4220.512821
4233.333333 4213.333333 4240.512821 4230.256410 4224.615385 4241.025641 4222.564103 4268.717949 4258.974359 4232.820513 4220.000000 4185.641026 4231.282051 4221.538462
4234.871795 4208.717949 4239.487179 4224.102564 4222.051282 4235.384615 4221.538462 4267.179487 4242.564103 4231.794872 4218.974359 4188.205128 4226.153846 4228.205128
4234.871795 4206.153846 4236.410256 4216.923077 4230.256410 4233.333333 4225.128205 4266.153846 4266.153846 4229.230769 4216.923077 4186.666667 4230.769231 4236.923077
4231.282051 4207.179487 4231.282051 4220.000000 4224.615385 4235.897436 4218.461538 4258.974359 4217.435897 4228.717949 4213.333333 4180.512821 4223.076923 4236.923077
4230.256410 4209.743590 4229.743590 4221.025641 4225.128205 4237.435897 4217.435897 4262.564103 4231.794872 4233.333333 4208.205128 4184.102564 4220.512821 4239.487179
4229.230769 4207.179487 4228.205128 4214.358974 4225.128205 4234.358974 4220.512821 4258.974359 4232.820513 4229.230769 4207.692308 4181.025641 4222.051282 4236.923077
4222.564103 4196.923077 4223.076923 4203.076923 4223.589744 4228.717949 4218.461538 4256.923077 4187.179487 4227.692308 4206.153846 4177.435897 4212.307692 4238.461538
4229.230769 4206.153846 4230.769231 4208.717949 4228.205128 4236.410256 4223.589744 4264.102564 4238.461538 4230.769231 4211.282051 4185.128205 4222.564103 4245.128205
4233.846154 4215.384615 4233.333333 4216.923077 4223.076923 4237.435897 4222.564103 4261.538462 4237.948718 4229.230769 4216.410256 4185.128205 4225.641026 4244.102564
4232.820513 4212.820513 4233.333333 4214.871795 4225.128205 4226.666667 4219.487179 4265.128205 4251.282051 4231.282051 4220.512821 4187.692308 4229.743590 4250.256410
4238.974359 4215.384615 4238.461538 4218.461538 4226.666667 4229.743590 4220.000000 4261.538462 4266.666667 4231.794872 4232.820513 4189.743590 4241.538462 4254.358974
4231.794872 4206.666667 4226.666667 4212.307692 4226.153846 4230.256410 4215.897436 4257.435897 4216.410256 4231.282051 4230.256410 4183.589744 4225.641026 4251.794872
4222.564103 4200.512821 4219.487179 4203.589744 4230.769231 4232.307692 4217.435897 4264.102564 4223.076923 4230.769231 4217.948718 4180.512821 4215.897436 4248.717949
4224.102564 4205.128205 4221.025641 4204.615385 4222.564103 4241.025641 4222.564103 4259.487179 4210.256410 4229.743590 4218.461538 4177.948718 4217.435897 4244.102564
4220.512821 4204.102564 4217.435897 4202.564103 4224.615385 4237.948718 4223.589744 4260.512821 4222.564103 4232.307692 4222.051282 4180.000000 4218.461538 4250.256410
4217.435897 4204.102564 4216.410256 4201.538462 4228.717949 4229.743590 4220.000000 4261.538462 4226.666667 4230.256410 4224.102564 4178.461538 4221.025641 4251.282051
4215.897436 4204.102564 4213.333333 4201.025641 4223.589744 4227.179487 4217.948718 4257.435897 4179.487179 4230.256410 4222.051282 4174.871795 4212.307692 4249.230769
4219.487179 4202.564103 4215.384615 4204.615385 4226.153846 4229.743590 4222.564103 4262.051282 4212.307692 4231.282051 4218.461538 4178.461538 4212.307692 4254.871795
4221.538462 4202.564103 4221.025641 4209.230769 4222.564103 4223.076923 4217.948718 4257.435897 4196.410256 4228.205128 4220.000000 4177.948718 4212.820513 4256.410256
4218.974359 4199.487179 4220.512821 4203.076923 4224.102564 4207.179487 4210.256410 4254.871795 4184.102564 4231.282051 4222.564103 4180.512821 4212.820513 4261.025641
4224.615385 4200.512821 4221.538462 4202.564103 4224.615385 4210.256410 4215.897436 4257.948718 4205.641026 4232.307692 4223.589744 4180.512821 4217.948718 4260.512821
4222.051282 4200.512821 4215.897436 4203.589744 4217.948718 4223.589744 4221.538462 4256.410256 4164.102564 4229.743590 4212.820513 4173.333333 4203.589744 4257.948718
4216.410256 4194.871795 4214.358974 4197.948718 4223.589744 4226.666667 4221.538462 4256.923077 4173.846154 4230.769231 4204.102564 4174.358974 4197.435897 4262.051282
4217.435897 4187.692308 4214.871795 4195.384615 4220.512821 4219.487179 4214.358974 4249.230769 4147.179487 4231.282051 4205.641026 4171.794872 4195.897436 4259.487179
4220.000000 4187.179487 4216.410256 4201.025641 4220.000000 4214.871795 4211.794872 4251.282051 4155.384615 4233.846154 4207.179487 4173.846154 4196.410256 4261.538462
4223.589744 4196.410256 4223.589744 4211.794872 4225.641026 4222.564103 4220.000000 4256.410256 4213.333333 4231.794872 4213.846154 4176.923077 4210.769231 4259.487179
4220.000000 4193.846154 4220.512821 4207.692308 4222.564103 4225.128205 4218.461538 4254.871795 4179.487179 4229.230769 4217.948718 4174.871795 4206.153846 4256.410256
4228.205128 4195.897436 4227.179487 4206.666667 4228.717949 4225.128205 4220.000000 4263.589744 4221.538462 4232.307692 4223.076923 4185.128205 4210.769231 4267.179487
4240.000000 4209.230769 4234.871795 4219.487179 4226.153846 4224.102564 4219.487179 4255.384615 4231.794872 4230.256410 4227.179487 4184.615385 4215.897436 4266.666667
4234.871795 4210.256410 4229.743590 4220.000000 4223.076923 4215.384615 4211.794872 4250.256410 4203.589744 4230.769231 4224.102564 4178.974359 4207.692308 4263.589744
4237.948718 4215.384615 4235.384615 4226.666667 4228.205128 4221.538462 4215.897436 4260.000000 4251.282051 4232.307692 4230.769231 4186.666667 4220.512821 4265.641026
4243.076923 4223.076923 4240.512821 4236.410256 4225.641026 4231.794872 4219.487179 4258.974359 4250.256410 4230.769231 4238.974359 4191.282051 4227.179487 4262.564103
4240.512821 4224.102564 4238.461538 4232.307692 4228.205128 4226.666667 4218.974359 4257.948718 4273.846154 4230.256410 4237.948718 4189.743590 4228.717949 4262.051282
4241.538462 4232.820513 4236.923077 4229.230769 4227.179487 4224.615385 4214.871795 4251.794872 4262.051282 4227.692308 4241.025641 4182.564103 4229.743590 4260.000000
4240.512821 4244.102564 4232.820513 4228.717949 4225.641026 4222.051282 4212.820513 4252.820513 4242.564103 4230.256410 4240.512821 4183.589744 4226.666667 4264.102564
4245.128205 4251.794872 4235.897436 4232.307692 4228.717949 4224.615385 4221.538462 4260.000000 4290.256410 4233.333333 4238.974359 4189.743590 4232.820513 4266.666667
4246.153846 4248.205128 4235.384615 4234.871795 4223.589744 4227.692308 4223.589744 4255.384615 4261.538462 4230.769231 4237.435897 4185.641026 4223.589744 4264.102564
4242.051282 4244.102564 4237.948718 4234.871795 4227.179487 4226.666667 4218.974359 4258.461538 4270.769231 4232.307692 4238.461538 4188.205128 4222.564103 4272.307692
4244.102564 4247.692308 4240.000000 4235.384615 4225.128205 4222.564103 4212.307692 4254.358974 4271.794872 4230.769231 4240.000000 4188.717949 4230.256410 4271.794872
4242.564103 4245.641026 4232.307692 4230.769231 4223.589744 4214.358974 4207.692308 4248.205128 4240.512821 4230.769231 4235.384615 4184.102564 4223.589744 4274.871795
4245.641026 4249.230769 4238.974359 4237.948718 4230.256410 4220.512821 4213.333333 4251.282051 4285.128205 4232.820513 4237.948718 4186.666667 4228.717949 4285.128205
4246.666667 4250.769231 4241.025641 4242.564103 4224.615385 4226.666667 4212.820513 4249.230769 4258.974359 4230.256410 4236.923077 4187.179487 4227.179487 4284.615385
4243.589744 4247.692308 4232.307692 4232.307692 4225.641026 4223.589744 4214.358974 4259.487179 4263.076923 4230.769231 4233.333333 4190.256410 4228.205128 4282.051282
4248.205128 4253.846154 4235.897436 4234.871795 4224.615385 4226.153846 4218.461538 4260.512821 4290.256410 4231.282051 4243.589744 4189.230769 4237.435897 4277.435897
4246.666667 4249.230769 4236.410256 4239.487179 4224.615385 4228.205128 4214.358974 4250.769231 4261.025641 4233.846154 4242.564103 4189.743590 4229.743590 4276.923077
4249.230769 4242.564103 4238.461538 4241.025641 4232.820513 4231.794872 4217.435897 4255.897436 4289.743590 4233.333333 4243.076923 4194.358974 4234.871795 4277.435897
4253.333333 4240.512821 4240.000000 4244.102564 4225.128205 4235.897436 4219.487179 4255.897436 4281.025641 4230.769231 4254.871795 4189.230769 4240.000000 4270.256410
4249.230769 4233.846154 4237.435897 4241.025641 4225.128205 4232.820513 4215.384615 4255.384615 4281.538462 4234.871795 4249.743590 4189.230769 4235.384615 4270.256410
4242.051282 4229.230769 4234.358974 4238.974359 4229.743590 4233.846154 4213.333333 4250.769231 4266.666667 4231.282051 4237.435897 4188.205128 4231.282051 4266.666667
4235.384615 4224.615385 4232.307692 4236.923077 4223.589744 4233.333333 4212.820513 4250.769231 4222.564103 4228.717949 4238.461538 4187.179487 4225.128205 4263.589744
4242.564103 4230.256410 4241.538462 4241.025641 4225.128205 4229.230769 4214.871795 4259.487179 4281.538462 4233.333333 4247.692308 4195.384615 4237.948718 4266.153846
4246.153846 4233.846154 4237.435897 4242.051282 4223.589744 4222.051282 4211.282051 4249.230769 4255.384615 4231.794872 4246.153846 4191.282051 4234.871795 4260.000000
4238.461538 4229.230769 4227.179487 4236.410256 4227.692308 4221.025641 4214.358974 4250.769231 4224.102564 4231.794872 4234.871795 4187.692308 4223.589744 4262.051282
4240.512821 4231.794872 4234.358974 4241.538462 4230.769231 4228.205128 4221.538462 4258.974359 4259.487179 4231.794872 4238.461538 4191.282051 4231.794872 4263.589744
4236.410256 4227.692308 4230.769231 4235.384615 4224.102564 4216.410256 4212.307692 4252.820513 4217.435897 4229.743590 4241.025641 4188.717949 4226.153846 4256.923077
4228.205128 4220.512821 4223.589744 4225.128205 4227.692308 4205.641026 4208.205128 4251.794872 4217.435897 4231.794872 4229.230769 4185.641026 4223.589744 4257.948718
4233.846154 4224.102564 4227.179487 4230.769231 4226.666667 4217.435897 4214.871795 4251.794872 4213.333333 4233.846154 4225.128205 4183.589744 4226.666667 4258.461538
4241.025641 4230.769231 4234.871795 4238.461538 4227.692308 4224.102564 4220.000000 4258.461538 4237.435897 4234.358974 4231.282051 4191.282051 4225.641026 4264.615385
4251.282051 4241.025641 4248.717949 4249.230769 4229.743590 4224.102564 4222.051282 4258.461538 4301.025641 4231.282051 4241.538462 4199.487179 4238.461538 4266.153846
4254.871795 4245.128205 4249.743590 4251.794872 4225.128205 4220.000000 4214.358974 4248.717949 4270.256410 4231.282051 4242.564103 4195.384615 4240.512821 4263.076923
4246.666667 4243.589744 4241.025641 4240.000000 4228.205128 4215.897436 4215.384615 4256.410256 4270.769231 4233.846154 4238.461538 4192.820513 4240.512821 4267.179487
4243.076923 4247.179487 4239.487179 4235.897436 4223.589744 4220.000000 4220.512821 4255.384615 4260.512821 4231.794872 4240.512821 4187.692308 4240.000000 4270.256410
4244.615385 4250.769231 4243.076923 4238.461538 4223.589744 4219.487179 4217.435897 4252.307692 4254.358974 4232.307692 4236.410256 4191.282051 4235.897436 4276.923077
4246.153846 4252.820513 4246.666667 4242.051282 4229.230769 4218.974359 4220.000000 4257.435897 4286.153846 4232.307692 4235.897436 4196.923077 4241.025641 4275.384615
4237.435897 4245.641026 4236.410256 4234.871795 4223.589744 4223.076923 4225.641026 4255.897436 4245.641026 4231.794872 4237.435897 4189.230769 4233.846154 4268.205128
4232.820513 4236.410256 4231.282051 4227.179487 4227.179487 4228.205128 4232.820513 4256.410256 4264.615385 4234.871795 4232.820513 4188.717949 4232.307692 4275.897436
4238.461538 4233.846154 4236.923077 4233.333333 4226.153846 4232.820513 4232.820513 4251.282051 4264.615385 4231.282051 4231.282051 4187.692308 4236.410256 4278.974359
4234.358974 4228.205128 4233.333333 4232.307692 4224.615385 4229.743590 4226.153846 4253.333333 4232.820513 4229.743590 4226.153846 4183.589744 4227.179487 4278.974359
4236.923077 4230.256410 4232.820513 4229.743590 4230.769231 4227.179487 4227.692308 4256.923077 4262.564103 4229.743590 4226.666667 4187.179487 4229.230769 4281.025641
4237.948718 4228.717949 4231.794872 4229.230769 4223.589744 4223.589744 4224.102564 4247.692308 4226.666667 4227.692308 4228.205128 4186.666667 4227.179487 4278.974359
4229.743590 4221.025641 4227.692308 4225.128205 4225.641026 4224.102564 4222.051282 4250.769231 4229.743590 4230.769231 4223.589744 4184.102564 4225.128205 4284.615385
4230.769231 4226.153846 4230.256410 4226.153846 4228.205128 4228.717949 4226.153846 4250.769231 4240.000000 4230.256410 4224.615385 4180.000000 4227.179487 4289.743590
4233.846154 4230.769231 4230.769231 4227.692308 4226.153846 4223.076923 4224.615385 4248.717949 4223.589744 4230.769231 4223.589744 4183.076923 4220.512821 4295.384615
4232.820513 4231.794872 4233.333333 4229.743590 4229.230769 4222.051282 4226.153846 4253.846154 4256.923077 4231.794872 4223.076923 4186.666667 4226.153846 4299.487179
4226.666667 4227.692308 4227.692308 4226.666667 4223.589744 4225.641026 4225.641026 4248.717949 4220.512821 4229.230769 4224.615385 4179.487179 4222.051282 4296.923077
4223.589744 4222.051282 4223.589744 4221.025641 4228.205128 4222.564103 4225.641026 4251.282051 4233.846154 4230.769231 4226.666667 4183.076923 4218.974359 4299.487179
4226.666667 4226.153846 4227.179487 4225.641026 4227.692308 4227.179487 4228.205128 4254.358974 4256.923077 4231.282051 4231.282051 4186.153846 4226.153846 4298.461538
4216.410256 4222.564103 4217.948718 4221.025641 4221.025641 4227.179487 4225.641026 4250.256410 4208.717949 4232.307692 4222.564103 4175.897436 4216.923077 4299.487179
4207.179487 4213.333333 4210.769231 4214.871795 4226.666667 4222.051282 4223.076923 4248.717949 4213.846154 4232.820513 4213.333333 4171.282051 4211.794872 4304.615385
4211.282051 4212.307692 4213.333333 4218.461538 4224.102564 4220.512821 4218.461538 4247.179487 4179.487179 4230.769231 4214.871795 4172.307692 4205.128205 4297.435897
4217.948718 4221.538462 4221.538462 4223.076923 4225.128205 4224.102564 4223.589744 4255.897436 4209.743590 4234.358974 4220.000000 4180.512821 4211.794872 4293.846154
4223.589744 4231.282051 4229.230769 4228.717949 4225.128205 4230.769231 4230.769231 4252.307692 4260.512821 4231.794872 4229.743590 4180.000000 4227.179487 4286.153846
4217.948718 4224.615385 4221.538462 4222.564103 4223.589744 4226.666667 4224.102564 4243.076923 4205.128205 4228.717949 4226.666667 4177.435897 4215.384615 4280.512821
4214.871795 4221.025641 4222.051282 4216.410256 4231.794872 4225.128205 4226.666667 4254.358974 4223.589744 4230.256410 4216.923077 4184.102564 4212.820513 4283.589744
4213.846154 4216.410256 4221.538462 4212.307692 4225.641026 4226.666667 4229.230769 4253.333333 4201.538462 4228.205128 4213.333333 4178.461538 4208.205128 4277.435897
4210.256410 4203.589744 4214.358974 4201.538462 4223.589744 4221.025641 4226.153846 4248.717949 4175.384615 4228.717949 4207.692308 4173.846154 4198.461538 4279.487179
4217.948718 4211.282051 4222.051282 4209.743590 4228.717949 4226.666667 4227.692308 4246.666667 4207.179487 4229.230769 4209.743590 4177.435897 4208.205128 4283.589744
4220.512821 4219.487179 4222.564103 4220.000000 4225.128205 4227.692308 4225.128205 4244.615385 4187.179487 4230.769231 4214.871795 4179.487179 4208.205128 4282.051282
4221.025641 4214.871795 4221.025641 4217.948718 4230.256410 4223.076923 4225.641026 4251.282051 4220.512821 4231.794872 4214.358974 4180.000000 4206.666667 4284.102564
4218.974359 4208.717949 4217.948718 4212.307692 4226.666667 4222.051282 4223.589744 4244.102564 4185.128205 4225.641026 4208.205128 4170.769231 4199.487179 4277.948718
4212.307692 4202.051282 4211.794872 4205.128205 4226.666667 4219.487179 4223.076923 4242.564103 4150.256410 4228.717949 4204.102564 4171.282051 4193.333333 4274.871795
4222.564103 4210.769231 4223.589744 4213.846154 4230.769231 4225.641026 4227.692308 4244.102564 4214.871795 4232.820513 4218.974359 4180.000000 4210.769231 4275.897436
4229.230769 4216.923077 4228.717949 4222.564103 4223.589744 4227.179487 4222.564103 4236.923077 4203.076923 4228.717949 4225.128205 4177.948718 4213.846154 4275.897436
4225.641026 4212.820513 4226.153846 4216.410256 4227.692308 4221.538462 4223.589744 4244.102564 4206.153846 4228.717949 4213.333333 4176.923077 4210.256410 4275.897436
4225.641026 4212.820513 4224.102564 4214.871795 4227.692308 4220.512821 4226.666667 4244.102564 4192.307692 4230.769231 4212.820513 4175.384615 4212.307692 4269.743590
4220.512821 4210.256410 4216.410256 4217.948718 4227.179487 4216.410256 4223.076923 4241.025641 4182.564103 4232.307692 4217.435897 4175.384615 4209.230769 4272.820513
4216.923077 4210.256410 4215.384615 4218.974359 4230.256410 4216.923077 4222.564103 4243.589744 4206.153846 4230.769231 4216.410256 4174.358974 4211.794872 4272.820513
4211.794872 4205.641026 4213.846154 4206.666667 4224.102564 4216.410256 4215.897436 4241.025641 4146.666667 4228.717949 4203.076923 4167.179487 4199.487179 4265.128205
4210.256410 4204.615385 4216.923077 4202.564103 4228.717949 4216.923077 4214.358974 4244.102564 4162.564103 4231.282051 4197.435897 4169.743590 4195.384615 4273.846154
4220.000000 4216.923077 4226.153846 4220.512821 4228.205128 4226.153846 4222.564103 4241.025641 4189.230769 4230.256410 4211.282051 4172.307692 4204.102564 4277.948718
4222.051282 4220.512821 4225.128205 4225.128205 4227.179487 4228.717949 4224.615385 4242.051282 4195.897436 4231.794872 4216.410256 4177.435897 4211.282051 4276.410256
4227.692308 4221.025641 4228.205128 4224.102564 4232.307692 4228.717949 4225.128205 4247.179487 4248.205128 4231.794872 4221.538462 4184.615385 4227.692308 4275.384615
4233.333333 4222.051282 4230.769231 4227.692308 4225.641026 4226.153846 4223.589744 4242.051282 4218.461538 4228.717949 4228.205128 4179.487179 4225.641026 4276.923077
4232.307692 4220.000000 4233.333333 4227.692308 4229.230769 4222.051282 4228.205128 4245.641026 4236.923077 4231.794872 4225.128205 4183.589744 4223.589744 4284.615385
4234.358974 4221.538462 4234.358974 4231.282051 4227.692308 4225.128205 4230.769231 4244.102564 4252.307692 4230.769231 4226.153846 4188.717949 4232.820513 4282.564103
4231.282051 4218.461538 4228.205128 4227.179487 4223.589744 4228.205128 4228.717949 4243.589744 4229.230769 4228.717949 4229.230769 4185.641026 4230.769231 4285.641026
4233.846154 4216.923077 4231.282051 4226.153846 4227.692308 4228.717949 4229.743590 4247.692308 4261.538462 4228.717949 4229.743590 4184.102564 4235.897436 4293.333333
4237.948718 4217.948718 4232.307692 4231.282051 4224.102564 4223.076923 4221.538462 4238.974359 4225.128205 4230.769231 4225.641026 4183.589744 4232.307692 4292.820513
4236.410256 4219.487179 4230.256410 4229.230769 4228.205128 4220.000000 4217.948718 4241.025641 4230.769231 4235.897436 4218.974359 4186.153846 4227.179487 4294.358974
4233.846154 4221.538462 4232.307692 4228.205128 4228.717949 4223.589744 4221.025641 4237.435897 4230.256410 4230.256410 4221.025641 4182.564103 4226.666667 4287.692308
4232.307692 4219.487179 4231.794872 4229.230769 4224.615385 4217.948718 4219.487179 4233.333333 4198.974359 4227.179487 4223.076923 4182.051282 4222.051282 4287.179487
4241.538462 4224.615385 4238.974359 4235.897436 4228.717949 4218.461538 4221.025641 4242.051282 4252.820513 4231.282051 4224.102564 4188.717949 4234.358974 4293.333333
4242.564103 4227.692308 4237.948718 4235.897436 4223.589744 4221.538462 4220.000000 4235.897436 4220.512821 4230.256410 4221.025641 4184.102564 4231.794872 4291.282051
4236.923077 4226.153846 4234.358974 4232.307692 4226.666667 4216.410256 4221.025641 4234.871795 4221.025641 4228.717949 4218.974359 4184.615385 4227.692308 4297.435897
4244.102564 4229.743590 4240.512821 4242.051282 4226.153846 4222.051282 4224.102564 4238.461538 4262.051282 4227.692308 4230.769231 4186.666667 4240.512821 4301.538462
4245.128205 4226.153846 4238.974359 4242.564103 4222.051282 4223.589744 4224.102564 4239.487179 4246.666667 4231.794872 4233.333333 4186.153846 4238.461538 4306.153846
4245.641026 4228.205128 4240.512821 4239.487179 4229.230769 4221.538462 4233.333333 4248.205128 4293.333333 4232.307692 4230.256410 4190.256410 4242.051282 4312.820513
4250.769231 4235.384615 4242.564103 4242.564103 4222.564103 4220.000000 4232.307692 4245.128205 4269.743590 4228.717949 4233.846154 4184.615385 4241.025641 4302.564103
4248.717949 4230.769231 4237.948718 4239.487179 4223.076923 4215.897436 4226.153846 4246.153846 4263.589744 4230.769231 4236.923077 4186.153846 4239.487179 4300.512821
4248.205128 4230.769231 4243.076923 4242.051282 4229.230769 4220.512821 4230.256410 4248.717949 4304.615385 4227.692308 4243.589744 4192.820513 4252.307692 4304.615385
4248.205128 4233.846154 4245.128205 4244.615385 4224.615385 4222.051282 4227.179487 4244.102564 4268.717949 4227.179487 4241.025641 4188.717949 4246.153846 4303.589744
4250.256410 4235.897436 4245.128205 4244.615385 4227.179487 4221.538462 4225.641026 4247.179487 4292.820513 4232.307692 4237.435897 4188.205128 4247.179487 4301.538462
4247.179487 4234.358974 4240.512821 4244.102564 4223.589744 4223.076923 4225.641026 4245.641026 4275.897436 4228.205128 4239.487179 4187.179487 4250.256410 4291.282051
4239.487179 4228.205128 4235.384615 4236.410256 4225.128205 4221.538462 4224.102564 4250.769231 4257.435897 4226.666667 4234.871795 4189.230769 4242.564103 4286.153846
4247.179487 4234.358974 4242.564103 4237.948718 4229.743590 4227.692308 4227.179487 4249.743590 4287.179487 4230.256410 4233.333333 4188.205128 4245.641026 4281.538462
4249.230769 4237.435897 4242.564103 4240.512821 4224.102564 4230.769231 4225.641026 4240.000000 4266.153846 4232.820513 4234.871795 4186.153846 4244.615385 4273.333333
4245.128205 4236.923077 4245.641026 4242.051282 4225.128205 4225.128205 4226.153846 4247.179487 4304.102564 4233.333333 4238.461538 4194.871795 4251.282051 4270.769231
4249.743590 4239.487179 4252.307692 4249.230769 4222.564103 4225.128205 4227.179487 4246.666667 4291.282051 4230.769231 4243.589744 4193.846154 4249.743590 4263.076923
4246.666667 4233.333333 4246.153846 4243.589744 4225.128205 4228.717949 4227.179487 4245.128205 4266.153846 4231.282051 4240.000000 4188.717949 4239.487179 4258.974359
4239.487179 4231.282051 4238.461538 4235.897436 4228.205128 4230.256410 4226.153846 4247.179487 4279.487179 4229.743590 4237.435897 4187.692308 4243.589744 4258.974359
4234.871795 4228.205128 4230.256410 4231.282051 4221.025641 4222.051282 4218.974359 4243.589744 4224.615385 4230.256410 4234.358974 4183.589744 4234.871795 4259.487179
4240.000000 4229.230769 4237.435897 4233.846154 4228.205128 4221.538462 4224.615385 4250.769231 4271.794872 4232.820513 4235.897436 4187.179487 4241.538462 4266.666667
4244.102564 4235.897436 4243.589744 4240.000000 4227.179487 4228.717949 4227.692308 4249.230769 4292.307692 4228.717949 4245.641026 4186.666667 4254.358974 4267.692308
4234.358974 4228.717949 4230.769231 4232.820513 4224.102564 4217.435897 4219.487179 4244.615385 4240.512821 4228.717949 4239.487179 4182.051282 4239.487179 4268.717949
4232.820513 4225.128205 4228.717949 4231.794872 4229.743590 4212.307692 4218.461538 4242.051282 4245.641026 4229.743590 4227.692308 4183.076923 4232.820513 4262.564103
4237.435897 4228.717949 4231.282051 4235.897436 4225.128205 4220.000000 4220.512821 4237.948718 4224.102564 4227.179487 4226.666667 4183.589744 4231.282051 4256.410256
4238.974359 4230.256410 4235.897436 4235.384615 4229.743590 4224.102564 4224.615385 4248.205128 4261.538462 4230.769231 4234.871795 4190.256410 4238.461538 4261.538462
4240.000000 4229.230769 4241.025641 4236.410256 4229.230769 4221.025641 4225.128205 4245.641026 4259.487179 4231.794872 4243.589744 4188.205128 4243.076923 4253.333333
4236.410256 4222.564103 4233.846154 4229.743590 4222.564103 4212.307692 4222.051282 4242.051282 4220.000000 4230.769231 4237.435897 4183.076923 4234.358974 4248.717949
4243.076923 4226.153846 4236.923077 4232.307692 4226.153846 4218.461538 4230.769231 4251.282051 4272.307692 4230.256410 4233.846154 4188.205128 4242.051282 4250.256410
4246.153846 4232.820513 4244.615385 4242.051282 4224.615385 4229.743590 4235.384615 4248.205128 4269.230769 4229.230769 4241.025641 4190.256410 4242.564103 4242.051282
4240.512821 4230.769231 4244.615385 4238.974359 4227.692308 4226.666667 4232.820513 4248.717949 4281.538462 4230.769231 4245.128205 4192.307692 4243.076923 4240.000000
4240.000000 4223.589744 4236.923077 4228.717949 4225.128205 4219.487179 4226.666667 4243.076923 4255.384615 4228.205128 4241.538462 4184.615385 4242.564103 4235.384615
4235.897436 4216.923077 4228.205128 4220.512821 4224.102564 4215.384615 4222.564103 4239.487179 4197.435897 4229.230769 4228.205128 4178.974359 4228.717949 4232.307692
4242.051282 4225.641026 4239.487179 4229.743590 4228.205128 4223.076923 4230.256410 4250.256410 4263.589744 4232.307692 4231.282051 4187.179487 4238.974359 4233.846154
4249.230769 4230.769231 4243.589744 4238.461538 4221.538462 4228.717949 4230.256410 4250.769231 4268.205128 4231.282051 4244.615385 4187.692308 4245.128205 4229.230769
4242.564103 4225.128205 4238.461538 4232.820513 4228.205128 4224.615385 4229.230769 4251.282051 4268.205128 4233.333333 4241.538462 4189.743590 4242.564103 4230.256410
4239.487179 4228.205128 4241.025641 4232.307692 4229.230769 4227.692308 4232.307692 4246.153846 4276.410256 4230.769231 4236.410256 4189.230769 4247.692308 4231.282051
4234.358974 4222.564103 4231.794872 4226.666667 4220.000000 4227.692308 4226.666667 4240.512821 4225.128205 4228.205128 4231.794872 4181.538462 4234.358974 4231.282051
4231.794872 4218.974359 4227.692308 4220.512821 4227.692308 4223.076923 4226.153846 4246.153846 4246.666667 4230.256410 4231.282051 4180.512821 4226.153846 4235.897436
4233.846154 4224.615385 4231.794872 4223.076923 4225.641026 4220.512821 4225.641026 4242.051282 4226.666667 4230.256410 4233.333333 4180.000000 4224.615385 4236.923077
4233.333333 4222.051282 4233.846154 4224.615385 4223.589744 4221.025641 4227.692308 4247.179487 4232.820513 4231.282051 4229.743590 4186.153846 4227.179487 4240.000000
4238.974359 4222.564103 4236.923077 4229.230769 4226.153846 4226.666667 4232.820513 4252.307692 4268.717949 4230.256410 4234.358974 4189.230769 4235.384615 4235.897436
4240.000000 4222.564103 4231.794872 4229.230769 4224.102564 4223.589744 4228.717949 4248.205128 4234.358974 4229.743590 4235.897436 4184.615385 4229.230769 4229.230769
4239.487179 4223.076923 4231.794872 4230.769231 4228.717949 4225.128205 4232.820513 4254.358974 4269.743590 4231.794872 4231.794872 4187.179487 4234.871795 4228.717949
4240.000000 4224.102564 4233.333333 4234.871795 4227.179487 4227.179487 4235.897436 4250.256410 4254.358974 4228.717949 4232.820513 4186.153846 4238.461538 4222.051282
4230.769231 4214.871795 4226.153846 4227.179487 4227.692308 4216.410256 4227.692308 4246.666667 4225.128205 4227.179487 4228.717949 4183.589744 4231.794872 4223.076923
4230.256410 4211.794872 4227.179487 4229.743590 4227.179487 4219.487179 4230.256410 4250.769231 4246.666667 4229.230769 4228.717949 4183.076923 4236.923077 4222.564103
4229.743590 4214.871795 4227.179487 4235.384615 4223.076923 4230.256410 4235.384615 4249.230769 4230.769231 4232.820513 4233.333333 4184.102564 4234.358974 4218.974359
4225.641026 4220.000000 4226.666667 4231.282051 4231.282051 4229.743590 4233.846154 4250.769231 4270.256410 4231.794872 4235.384615 4187.692308 4238.974359 4223.076923
4221.538462 4220.000000 4223.076923 4229.230769 4226.153846 4222.051282 4228.205128 4246.153846 4241.538462 4229.230769 4232.307692 4176.923077 4238.974359 4217.435897
4211.282051 4210.256410 4213.333333 4225.128205 4222.051282 4217.435897 4228.205128 4250.256410 4204.102564 4233.846154 4221.538462 4171.794872 4224.615385 4219.487179
4208.717949 4209.743590 4214.871795 4229.230769 4225.641026 4225.128205 4231.794872 4252.307692 4235.384615 4232.307692 4220.000000 4176.923077 4227.692308 4224.615385
4208.717949 4207.692308 4214.358974 4228.205128 4221.025641 4226.153846 4227.179487 4244.102564 4206.153846 4230.256410 4221.025641 4175.384615 4227.179487 4221.025641
4207.692308 4199.487179 4212.820513 4216.923077 4228.205128 4220.000000 4229.230769 4249.743590 4226.153846 4236.410256 4222.564103 4175.384615 4228.717949 4224.102564
4204.102564 4197.435897 4210.769231 4215.384615 4226.666667 4223.076923 4229.743590 4245.641026 4209.230769 4232.820513 4223.589744 4171.282051 4223.589744 4225.128205
4196.923077 4194.871795 4206.666667 4213.846154 4225.641026 4218.974359 4225.128205 4244.102564 4175.384615 4230.256410 4215.384615 4168.717949 4213.333333 4228.717949
4204.102564 4200.512821 4213.333333 4215.897436 4231.282051 4217.435897 4229.743590 4252.307692 4218.974359 4232.307692 4217.948718 4172.820513 4224.615385 4230.256410
4207.692308 4202.564103 4210.256410 4217.948718 4223.589744 4221.538462 4229.230769 4248.205128 4200.512821 4231.282051 4223.589744 4173.333333 4224.102564 4224.615385
4206.153846 4201.538462 4209.230769 4220.000000 4225.641026 4218.974359 4227.179487 4251.794872 4223.076923 4231.794872 4223.076923 4175.384615 4224.615385 4226.153846
4208.717949 4202.564103 4216.923077 4225.128205 4229.230769 4214.358974 4226.666667 4250.769231 4213.846154 4230.256410 4224.615385 4174.871795 4226.666667 4224.102564
4205.641026 4200.512821 4214.358974 4220.512821 4226.153846 4211.282051 4226.666667 4248.717949 4182.564103 4231.282051 4223.076923 4176.410256 4219.487179 4222.564103
4211.282051 4206.666667 4217.948718 4226.153846 4226.666667 4217.435897 4232.307692 4253.333333 4243.589744 4232.820513 4229.230769 4182.564103 4233.333333 4222.564103
4214.358974 4207.692308 4218.974359 4230.256410 4224.102564 4218.974359 4228.717949 4249.230769 4217.948718 4229.743590 4232.820513 4176.923077 4231.794872 4219.487179
4208.205128 4201.538462 4216.923077 4223.589744 4231.282051 4216.923077 4229.230769 4252.307692 4220.000000 4231.282051 4224.615385 4175.384615 4223.589744 4223.076923
4210.769231 4205.641026 4220.000000 4222.564103 4228.205128 4222.564103 4234.358974 4250.256410 4230.769231 4232.307692 4224.102564 4174.358974 4226.666667 4218.974359
4207.179487 4202.051282 4212.820513 4217.948718 4222.051282 4218.974359 4229.743590 4248.205128 4191.282051 4232.820513 4223.589744 4173.333333 4219.487179 4217.435897
4205.128205 4198.461538 4214.871795 4218.461538 4227.179487 4221.025641 4229.230769 4252.820513 4222.051282 4232.307692 4221.538462 4180.000000 4225.128205 4221.025641
4207.692308 4202.564103 4218.974359 4223.589744 4222.051282 4226.666667 4227.692308 4247.692308 4203.589744 4229.230769 4225.641026 4175.897436 4228.205128 4214.871795
4210.769231 4205.128205 4218.461538 4225.128205 4225.641026 4225.641026 4226.666667 4251.282051 4229.230769 4232.820513 4229.230769 4175.384615 4230.256410 4215.897436
4212.820513 4208.205128 4222.564103 4229.743590 4227.179487 4227.692308 4229.743590 4250.769231 4253.333333 4230.769231 4230.256410 4176.923077 4233.846154 4218.461538
4202.564103 4201.538462 4216.410256 4225.641026 4222.051282 4223.589744 4230.769231 4248.205128 4202.564103 4227.179487 4223.076923 4176.410256 4220.512821 4222.564103
4202.051282 4195.384615 4213.846154 4222.051282 4227.692308 4224.615385 4235.384615 4256.410256 4235.384615 4228.717949 4224.102564 4178.461538 4224.102564 4225.128205
4207.179487 4200.000000 4215.384615 4225.128205 4224.615385 4229.230769 4233.333333 4250.769231 4223.076923 4230.256410 4232.307692 4173.333333 4227.179487 4217.948718
4202.564103 4205.128205 4216.410256 4228.205128 4226.666667 4227.692308 4229.743590 4252.820513 4228.717949 4232.820513 4229.230769 4177.435897 4224.615385 4221.538462
4210.256410 4211.794872 4224.102564 4235.897436 4228.205128 4228.205128 4232.307692 4255.897436 4267.179487 4230.769231 4230.256410 4182.051282 4234.871795 4224.102564
4218.461538 4210.769231 4225.128205 4235.897436 4221.538462 4227.179487 4233.333333 4251.282051 4242.564103 4229.743590 4236.923077 4180.000000 4232.820513 4222.564103
4217.435897 4209.743590 4227.179487 4233.846154 4228.717949 4231.282051 4238.974359 4257.948718 4283.076923 4230.256410 4241.538462 4184.615385 4237.435897 4226.666667
4211.794872 4209.743590 4223.589744 4232.820513 4225.641026 4233.846154 4234.871795 4252.307692 4258.461538 4229.230769 4237.948718 4179.487179 4237.435897 4224.102564
4209.743590 4210.256410 4213.333333 4229.743590 4223.589744 4232.820513 4229.743590 4250.769231 4235.897436 4231.794872 4230.256410 4176.410256 4230.256410 4227.179487
4222.564103 4224.615385 4207.179487 4242.564103 4226.666667 4244.102564 4238.461538 4256.923077 4288.205128 4229.230769 4240.512821 4186.153846 4244.615385 4231.282051
4233.846154 4230.769231 4198.461538 4252.820513 4225.128205 4245.641026 4245.128205 4259.487179 4294.871795 4229.743590 4252.820513 4194.358974 4255.384615 4233.333333
4234.871795 4228.717949 4203.589744 4253.846154 4229.743590 4240.000000 4254.358974 4265.641026 4344.615385 4235.384615 4255.897436 4196.923077 4260.512821 4236.923077
4231.282051 4228.717949 4208.717949 4257.948718 4222.051282 4245.641026 4257.435897 4261.025641 4330.769231 4231.282051 4257.948718 4190.769231 4258.461538 4232.820513
4229.230769 4225.641026 4201.025641 4253.333333 4220.512821 4249.743590 4253.333333 4264.615385 4314.871795 4227.179487 4255.897436 4192.307692 4256.923077 4236.410256
4236.923077 4229.230769 4203.076923 4254.358974 4229.743590 4252.820513 4256.923077 4268.717949 4354.358974 4228.717949 4257.948718 4196.410256 4266.666667 4239.487179
4238.461538 4231.282051 4207.692308 4260.512821 4225.641026 4256.923077 4259.487179 4262.051282 4327.179487 4229.230769 4262.564103 4193.846154 4261.538462 4236.410256
4239.487179 4233.846154 4212.307692 4264.102564 4227.179487 4258.974359 4262.051282 4267.692308 4367.179487 4231.794872 4263.076923 4198.461538 4269.743590 4236.923077
4244.615385 4247.692308 4214.871795 4270.256410 4227.179487 4255.897436 4256.410256 4267.179487 4375.384615 4229.743590 4262.564103 4198.461538 4276.410256 4230.769231
4244.102564 4259.487179 4212.307692 4271.282051 4227.692308 4248.717949 4250.769231 4266.666667 4357.435897 4227.692308 4256.410256 4197.948718 4266.153846 4230.769231
4249.230769 4268.717949 4218.461538 4271.282051 4228.717949 4254.358974 4256.923077 4270.769231 4391.794872 4228.205128 4255.897436 4201.025641 4273.333333 4232.307692
4247.179487 4271.282051 4217.435897 4270.256410 4223.076923 4259.487179 4256.410256 4263.589744 4355.897436 4229.743590 4257.948718 4196.923077 4276.923077 4224.615385
4248.717949 4279.487179 4221.538462 4274.358974 4228.205128 4257.435897 4258.974359 4266.153846 4393.333333 4232.820513 4262.051282 4201.538462 4285.128205 4224.615385
4264.615385 4294.358974 4233.846154 4288.717949 4225.128205 4260.000000 4264.615385 4266.666667 4425.128205 4230.256410 4271.282051 4206.153846 4295.384615 4221.538462
4266.666667 4289.743590 4231.282051 4287.692308 4224.615385 4256.923077 4260.512821 4266.666667 4403.589744 4231.282051 4270.256410 4205.641026 4288.717949 4215.897436
4264.102564 4285.128205 4229.743590 4279.487179 4234.358974 4257.435897 4258.974359 4268.717949 4426.153846 4233.333333 4269.743590 4205.641026 4289.230769 4212.307692
4269.743590 4290.256410 4231.282051 4280.000000 4228.205128 4261.538462 4255.897436 4263.589744 4398.974359 4229.743590 4272.820513 4202.564103 4287.179487 4207.692308
4276.410256 4295.384615 4236.410256 4287.692308 4225.641026 4265.641026 4256.410256 4270.769231 4435.897436 4228.717949 4274.871795 4210.769231 4293.846154 4211.282051
4276.410256 4296.410256 4238.461538 4292.820513 4222.564103 4267.692308 4257.435897 4267.692308 4443.589744 4227.692308 4278.974359 4211.282051 4299.487179 4206.666667
4266.666667 4288.717949 4232.820513 4285.128205 4222.051282 4258.974359 4250.256410 4261.538462 4392.820513 4231.282051 4273.333333 4206.153846 4289.743590 4206.153846
4269.743590 4287.692308 4240.000000 4286.666667 4228.717949 4258.974359 4250.256410 4265.128205 4428.205128 4231.794872 4271.282051 4212.820513 4296.410256 4208.717949
4272.307692 4284.102564 4238.974359 4285.128205 4220.512821 4259.487179 4249.743590 4257.435897 4386.666667 4226.666667 4270.769231 4209.743590 4289.743590 4201.538462
4261.538462 4273.846154 4226.666667 4273.333333 4224.615385 4251.282051 4248.717949 4258.974359 4361.538462 4229.743590 4261.025641 4202.051282 4274.358974 4200.512821
4261.025641 4276.410256 4229.230769 4278.974359 4228.205128 4254.358974 4250.769231 4257.948718 4369.230769 4229.743590 4257.435897 4199.487179 4275.897436 4198.461538
4267.692308 4277.435897 4238.974359 4286.666667 4222.564103 4260.000000 4250.256410 4255.897436 4358.974359 4228.205128 4262.051282 4206.153846 4276.923077 4198.974359
4277.435897 4275.384615 4251.794872 4288.205128 4230.256410 4262.051282 4256.923077 4265.641026 4426.153846 4229.230769 4271.282051 4217.948718 4291.282051 4201.025641
4278.974359 4271.282051 4250.256410 4287.179487 4227.179487 4262.564103 4257.948718 4260.000000 4405.128205 4229.230769 4275.897436 4215.384615 4293.846154 4194.871795
4270.256410 4264.102564 4240.512821 4281.538462 4227.179487 4258.974359 4254.871795 4260.512821 4387.692308 4230.769231 4270.769231 4213.846154 4287.179487 4195.897436
4274.358974 4265.641026 4244.102564 4283.076923 4229.743590 4261.025641 4253.846154 4265.128205 4407.179487 4230.769231 4270.256410 4215.897436 4290.256410 4194.358974
4274.871795 4260.000000 4242.051282 4281.538462 4225.128205 4257.435897 4249.743590 4258.461538 4356.410256 4231.794872 4263.589744 4210.256410 4275.897436 4190.769231
4265.641026 4255.897436 4240.512821 4280.512821 4229.230769 4253.333333 4251.282051 4256.410256 4360.000000 4232.820513 4251.794872 4207.179487 4269.230769 4189.230769
4255.897436 4260.000000 4236.923077 4276.923077 4225.641026 4254.871795 4252.820513 4252.820513 4324.615385 4228.717949 4246.666667 4202.051282 4262.564103 4180.512821
4249.230769 4251.282051 4227.179487 4262.564103 4227.179487 4252.307692 4250.256410 4257.435897 4305.641026 4230.769231 4243.589744 4200.000000 4249.230769 4181.538462
4253.333333 4247.692308 4230.769231 4257.948718 4228.717949 4251.282051 4248.717949 4257.435897 4328.717949 4231.282051 4250.769231 4201.025641 4255.384615 4182.564103
4252.820513 4256.923077 4230.769231 4257.435897 4224.102564 4256.410256 4245.641026 4252.307692 4300.000000 4231.282051 4254.358974 4200.000000 4256.923077 4175.897436
4254.358974 4270.256410 4231.282051 4262.051282 4231.282051 4267.692308 4250.256410 4258.974359 4350.256410 4232.307692 4253.846154 4204.102564 4267.179487 4178.461538
4261.025641 4277.948718 4235.384615 4274.871795 4227.179487 4267.692308 4249.743590 4254.358974 4351.282051 4228.717949 4261.025641 4203.589744 4271.794872 4180.512821
4257.948718 4276.923077 4237.435897 4274.871795 4225.641026 4257.948718 4246.153846 4255.384615 4333.846154 4232.307692 4260.000000 4208.717949 4265.641026 4182.564103
4254.358974 4278.974359 4242.564103 4274.358974 4229.743590 4257.435897 4249.743590 4258.974359 4359.487179 4232.307692 4255.897436 4211.282051 4270.769231 4177.948718
4248.205128 4273.333333 4233.846154 4273.333333 4224.615385 4252.820513 4247.692308 4253.333333 4310.256410 4229.743590 4251.794872 4203.589744 4262.564103 4173.333333
4249.743590 4270.256410 4232.307692 4267.692308 4227.179487 4252.820513 4249.743590 4256.410256 4335.384615 4233.846154 4252.820513 4208.205128 4261.025641 4179.487179
4257.435897 4274.871795 4241.025641 4264.615385 4224.615385 4260.000000 4249.230769 4251.794872 4341.538462 4230.256410 4261.025641 4208.717949 4264.615385 4176.410256
4249.230769 4269.230769 4236.410256 4259.487179 4224.615385 4250.769231 4241.538462 4249.743590 4302.051282 4228.205128 4254.358974 4203.076923 4255.897436 4174.871795
4244.102564 4268.717949 4231.282051 4259.487179 4228.717949 4248.717949 4241.025641 4252.307692 4305.128205 4230.769231 4244.102564 4197.435897 4257.948718 4172.307692
4248.717949 4263.076923 4227.179487 4257.435897 4223.589744 4255.897436 4240.000000 4245.641026 4270.256410 4230.256410 4241.025641 4194.871795 4250.769231 4166.153846
4250.256410 4246.666667 4229.230769 4253.846154 4228.205128 4251.282051 4242.564103 4248.205128 4292.820513 4231.794872 4241.538462 4204.102564 4248.205128 4169.230769
4245.128205 4236.410256 4226.153846 4249.743590 4225.641026 4247.179487 4241.025641 4245.641026 4260.512821 4229.230769 4237.948718 4200.512821 4245.641026 4165.128205
4235.897436 4229.230769 4212.820513 4237.948718 4224.102564 4243.076923 4232.820513 4243.076923 4201.538462 4226.153846 4224.102564 4192.307692 4229.743590 4163.076923
4240.512821 4233.333333 4218.461538 4240.000000 4229.743590 4242.051282 4235.897436 4243.076923 4244.102564 4228.717949 4223.076923 4194.871795 4231.282051 4164.102564
4245.128205 4238.461538 4222.564103 4243.076923 4223.076923 4242.564103 4240.000000 4235.897436 4222.564103 4232.307692 4227.179487 4192.820513 4228.717949 4159.487179
4239.487179 4235.897436 4218.461538 4237.948718 4225.641026 4244.102564 4243.076923 4245.641026 4229.743590 4234.358974 4222.564103 4193.846154 4226.153846 4162.051282
4238.461538 4236.410256 4219.487179 4243.589744 4225.128205 4247.179487 4242.051282 4246.153846 4233.846154 4230.256410 4223.589744 4193.333333 4231.794872 4160.000000
4236.923077 4236.923077 4218.461538 4244.102564 4221.538462 4244.615385 4238.461538 4238.461538 4210.769231 4230.256410 4225.128205 4193.333333 4230.769231 4160.000000
4239.487179 4238.974359 4220.512821 4241.025641 4229.230769 4244.102564 4240.512821 4243.076923 4250.769231 4232.307692 4226.153846 4198.974359 4236.923077 4163.076923
4238.461538 4241.538462 4218.974359 4244.615385 4225.641026 4242.564103 4235.384615 4240.000000 4218.974359 4230.256410 4226.666667 4193.846154 4233.333333 4157.948718
4234.358974 4245.641026 4217.948718 4246.666667 4226.153846 4241.538462 4235.384615 4241.538462 4234.871795 4231.794872 4228.205128 4194.358974 4236.923077 4163.589744
4238.461538 4251.794872 4221.538462 4251.794872 4225.641026 4248.205128 4240.000000 4241.538462 4254.871795 4230.769231 4234.358974 4196.410256 4246.666667 4163.076923
4236.410256 4246.153846 4217.948718 4250.256410 4222.051282 4244.102564 4235.384615 4240.512821 4212.307692 4232.820513 4231.794872 4193.846154 4235.897436 4156.923077
4238.974359 4244.615385 4223.589744 4249.230769 4228.717949 4238.974359 4235.897436 4242.051282 4249.743590 4233.333333 4230.769231 4197.948718 4238.461538 4156.923077
4239.487179 4244.102564 4224.102564 4246.666667 4225.641026 4238.974359 4235.897436 4234.358974 4221.538462 4227.179487 4228.205128 4193.846154 4235.384615 4154.871795
4236.923077 4237.948718 4216.923077 4242.051282 4227.692308 4236.410256 4236.410256 4239.487179 4206.666667 4227.692308 4221.025641 4192.307692 4229.743590 4157.948718
4244.615385 4244.615385 4221.025641 4250.256410 4230.769231 4241.538462 4237.948718 4242.051282 4238.974359 4230.769231 4229.230769 4196.923077 4238.974359 4157.435897
4241.538462 4244.615385 4218.461538 4249.743590 4226.153846 4244.102564 4232.307692 4237.948718 4214.871795 4232.307692 4229.230769 4195.384615 4231.282051 4155.384615
4234.358974 4237.435897 4215.384615 4240.000000 4228.717949 4240.000000 4230.769231 4242.051282 4212.820513 4231.282051 4215.384615 4190.769231 4226.153846 4155.384615
4233.333333 4235.384615 4213.846154 4239.487179 4223.589744 4235.384615 4231.794872 4237.948718 4173.846154 4228.205128 4213.333333 4183.076923 4222.564103 4152.820513
4231.282051 4234.871795 4212.820513 4238.461538 4227.179487 4236.410256 4236.410256 4242.051282 4203.076923 4231.794872 4220.000000 4189.743590 4226.153846 4160.000000
4234.358974 4238.974359 4215.897436 4244.102564 4231.794872 4243.589744 4241.025641 4244.102564 4244.102564 4232.307692 4225.641026 4195.384615 4236.410256 4161.025641
4232.820513 4240.000000 4214.871795 4248.717949 4225.641026 4239.487179 4239.487179 4238.461538 4201.025641 4231.282051 4222.051282 4192.307692 4228.717949 4158.461538
4232.307692 4239.487179 4218.461538 4246.666667 4227.692308 4235.384615 4238.461538 4244.102564 4238.461538 4232.307692 4223.076923 4194.358974 4234.358974 4160.000000
4231.282051 4235.384615 4215.384615 4241.538462 4224.102564 4232.307692 4231.282051 4238.461538 4204.102564 4226.666667 4221.538462 4188.717949 4230.769231 4154.871795
4223.076923 4223.076923 4208.205128 4233.333333 4225.128205 4224.102564 4230.769231 4236.410256 4156.923077 4226.153846 4209.230769 4185.641026 4213.333333 4157.435897
4221.538462 4221.025641 4213.333333 4233.333333 4230.256410 4229.743590 4241.025641 4241.538462 4189.230769 4229.743590 4214.358974 4187.179487 4215.384615 4158.461538
4219.487179 4225.641026 4211.794872 4232.820513 4227.692308 4238.461538 4238.974359 4239.487179 4169.743590 4231.794872 4223.076923 4184.615385 4215.897436 4154.358974
4224.102564 4233.846154 4213.333333 4232.820513 4231.794872 4236.410256 4234.871795 4242.051282 4203.076923 4232.307692 4220.512821 4189.230769 4222.051282 4158.461538
4240.000000 4243.589744 4224.102564 4241.538462 4225.641026 4235.897436 4237.948718 4237.948718 4225.128205 4230.769231 4227.179487 4194.871795 4232.307692 4156.923077
4244.102564 4240.512821 4224.615385 4246.153846 4225.641026 4238.461538 4240.000000 4240.512821 4228.717949 4230.769231 4232.820513 4197.435897 4235.384615 4156.923077
4238.974359 4236.410256 4221.025641 4247.179487 4229.743590 4241.025641 4238.974359 4244.615385 4240.512821 4229.230769 4227.692308 4192.820513 4238.974359 4155.384615
4233.846154 4232.820513 4217.435897 4242.564103 4223.076923 4232.820513 4228.717949 4236.923077 4179.487179 4229.230769 4220.000000 4187.179487 4224.102564 4149.230769
4233.846154 4230.769231 4218.974359 4239.487179 4230.256410 4223.076923 4225.641026 4240.512821 4191.282051 4231.794872 4214.871795 4191.794872 4216.923077 4150.256410
4235.384615 4231.282051 4218.461538 4238.461538 4228.205128 4228.717949 4228.205128 4237.948718 4187.179487 4227.179487 4218.974359 4190.256410 4218.974359 4148.717949
4228.717949 4225.641026 4211.282051 4226.153846 4223.589744 4230.769231 4227.179487 4233.846154 4153.846154 4225.641026 4219.487179 4186.153846 4213.333333 4154.358974
4228.717949 4225.128205 4215.384615 4223.589744 4230.256410 4231.794872 4229.743590 4237.948718 4185.641026 4229.230769 4220.000000 4187.692308 4218.461538 4158.461538
4226.666667 4224.102564 4216.410256 4228.717949 4224.615385 4233.846154 4228.205128 4234.871795 4152.820513 4230.769231 4217.948718 4184.615385 4212.307692 4150.769231
4226.153846 4223.076923 4217.435897 4231.282051 4224.615385 4230.769231 4227.179487 4236.410256 4167.692308 4234.358974 4214.358974 4188.717949 4208.205128 4153.846154
4234.358974 4226.666667 4222.051282 4236.410256 4225.641026 4232.307692 4227.179487 4232.820513 4178.461538 4230.769231 4216.410256 4190.256410 4213.846154 4158.461538
4230.256410 4219.487179 4215.897436 4228.205128 4227.179487 4229.743590 4224.102564 4231.282051 4141.025641 4227.692308 4214.871795 4187.692308 4209.230769 4162.564103
4227.179487 4217.948718 4216.410256 4222.051282 4230.769231 4231.794872 4227.692308 4235.897436 4174.358974 4229.230769 4217.435897 4188.205128 4214.871795 4165.128205
4229.230769 4222.564103 4219.487179 4226.153846 4222.564103 4233.846154 4228.205128 4229.743590 4156.410256 4230.256410 4219.487179 4183.076923 4212.820513 4164.615385
4229.230769 4218.461538 4223.076923 4228.205128 4226.153846 4231.282051 4227.692308 4234.358974 4172.820513 4231.794872 4219.487179 4188.717949 4211.282051 4172.307692
4235.384615 4219.487179 4229.230769 4234.358974 4228.717949 4232.307692 4228.205128 4233.333333 4191.282051 4228.205128 4223.076923 4191.794872 4217.948718 4170.256410
4232.820513 4220.000000 4224.102564 4234.871795 4223.589744 4229.230769 4227.179487 4229.743590 4157.948718 4229.230769 4216.923077 4187.692308 4209.743590 4167.692308
4225.128205 4218.461538 4218.974359 4231.794872 4227.692308 4232.307692 4232.820513 4235.897436 4187.179487 4231.794872 4215.897436 4190.256410 4208.205128 4173.333333
4222.564103 4213.846154 4216.410256 4230.769231 4226.666667 4231.794872 4228.205128 4227.692308 4152.307692 4229.743590 4221.025641 4186.666667 4201.538462 4174.871795
4226.153846 4215.384615 4220.000000 4230.769231 4228.205128 4226.153846 4223.589744 4229.230769 4162.564103 4233.846154 4218.974359 4186.666667 4203.076923 4181.025641
4231.282051 4232.820513 4226.666667 4238.461538 4227.179487 4231.794872 4230.769231 4236.410256 4210.256410 4232.820513 4224.615385 4188.205128 4217.435897 4184.102564
4226.153846 4238.461538 4221.025641 4240.512821 4222.564103 4230.769231 4232.820513 4233.846154 4184.615385 4228.717949 4230.256410 4186.153846 4212.307692 4186.666667
4229.743590 4234.871795 4225.128205 4242.564103 4228.205128 4225.641026 4234.358974 4234.871795 4215.897436 4229.743590 4229.230769 4189.230769 4217.435897 4193.333333
4236.410256 4237.948718 4230.769231 4244.102564 4223.589744 4226.666667 4232.307692 4231.794872 4204.102564 4230.769231 4230.256410 4188.205128 4222.051282 4190.256410
4230.769231 4249.743590 4225.641026 4237.435897 4226.153846 4224.615385 4230.256410 4235.384615 4211.794872 4232.820513 4233.846154 4192.820513 4220.512821 4189.743590
4232.307692 4265.128205 4225.641026 4246.153846 4229.743590 4224.102564 4232.820513 4231.794872 4241.025641 4230.769231 4239.487179 4196.410256 4227.179487 4187.692308
4234.871795 4263.589744 4224.102564 4253.333333 4221.538462 4222.564103 4227.692308 4226.153846 4193.333333 4228.717949 4232.307692 4192.307692 4218.461538 4183.589744
4242.051282 4267.692308 4235.897436 4256.923077 4228.205128 4222.564103 4228.205128 4235.897436 4239.487179 4232.820513 4230.769231 4197.948718 4224.102564 4182.564103
4254.358974 4281.538462 4249.743590 4268.205128 4227.692308 4224.102564 4232.820513 4232.820513 4270.769231 4233.846154 4245.641026 4205.128205 4240.000000 4176.410256
4251.794872 4270.256410 4244.615385 4266.666667 4224.102564 4222.564103 4231.282051 4231.794872 4257.435897 4233.846154 4247.179487 4207.692308 4238.974359 4177.948718
4246.666667 4254.871795 4239.487179 4260.000000 4226.666667 4227.179487 4228.205128 4231.282051 4247.179487 4231.282051 4239.487179 4201.538462 4234.358974 4176.410256
4242.051282 4250.256410 4236.923077 4257.435897 4227.179487 4226.153846 4225.128205 4224.615385 4202.051282 4229.230769 4236.923077 4193.846154 4221.025641 4172.820513
4242.051282 4248.717949 4241.025641 4261.025641 4231.794872 4223.589744 4229.743590 4230.256410 4251.794872 4232.307692 4242.564103 4203.589744 4229.743590 4180.000000
4243.076923 4246.153846 4241.025641 4264.615385 4223.589744 4226.153846 4225.641026 4227.692308 4242.564103 4231.794872 4247.179487 4203.589744 4237.435897 4175.897436
4234.358974 4238.974359 4232.307692 4257.948718 4222.051282 4223.589744 4217.948718 4225.641026 4197.435897 4232.307692 4240.000000 4194.358974 4222.051282 4172.307692
4233.333333 4238.974359 4233.846154 4258.974359 4226.666667 4226.666667 4225.128205 4229.743590 4225.641026 4230.256410 4240.000000 4194.358974 4225.128205 4175.384615
4233.846154 4236.923077 4230.256410 4254.871795 4222.051282 4227.179487 4225.641026 4226.666667 4194.871795 4230.769231 4241.025641 4195.897436 4225.641026 4177.948718
4230.256410 4234.358974 4226.666667 4244.615385 4229.743590 4220.512821 4218.461538 4229.743590 4205.128205 4234.358974 4234.871795 4198.974359 4223.076923 4183.589744
4231.794872 4237.948718 4231.794872 4247.692308 4228.717949 4222.051282 4215.897436 4226.153846 4201.025641 4231.282051 4233.846154 4197.948718 4221.025641 4183.589744
4232.820513 4234.871795 4231.794872 4247.692308 4224.102564 4225.641026 4218.974359 4229.230769 4194.358974 4230.256410 4237.948718 4197.948718 4219.487179 4190.256410
4234.871795 4233.846154 4234.358974 4246.666667 4228.717949 4231.794872 4225.128205 4238.974359 4244.102564 4232.820513 4247.692308 4201.025641 4230.256410 4195.384615
4229.743590 4232.820513 4232.307692 4247.692308 4224.615385 4231.794872 4224.102564 4232.307692 4203.076923 4231.282051 4246.153846 4196.410256 4221.538462 4188.205128
4226.153846 4232.307692 4231.282051 4247.692308 4228.717949 4225.128205 4222.564103 4232.820513 4206.153846 4231.794872 4239.487179 4196.923077 4218.974359 4191.282051
4235.897436 4243.076923 4239.487179 4254.871795 4227.179487 4226.666667 4223.076923 4234.358974 4237.948718 4230.256410 4249.230769 4198.461538 4233.846154 4196.923077
4238.974359 4250.256410 4243.589744 4261.538462 4221.025641 4231.282051 4221.538462 4233.846154 4244.102564 4232.307692 4255.384615 4201.025641 4236.410256 4199.487179
4243.589744 4251.282051 4244.615385 4264.102564 4227.179487 4235.897436 4220.000000 4234.871795 4281.025641 4233.846154 4252.820513 4204.102564 4241.538462 4201.025641
4248.205128 4249.743590 4238.461538 4263.076923 4225.641026 4233.333333 4216.410256 4229.230769 4240.512821 4229.230769 4252.307692 4201.025641 4238.461538 4203.589744
4246.153846 4248.205128 4236.923077 4260.512821 4227.179487 4228.205128 4221.025641 4235.897436 4245.641026 4229.230769 4247.692308 4203.589744 4234.358974 4213.333333
4248.205128 4253.846154 4245.128205 4260.512821 4226.153846 4233.333333 4226.153846 4236.923077 4266.153846 4230.256410 4245.128205 4205.128205 4236.923077 4214.871795
4246.153846 4252.820513 4242.051282 4255.897436 4224.615385 4231.282051 4221.025641 4231.794872 4241.538462 4233.333333 4247.179487 4207.179487 4236.923077 4219.487179
4244.102564 4247.179487 4240.512821 4254.871795 4230.769231 4227.692308 4221.538462 4235.384615 4274.358974 4233.846154 4250.769231 4209.743590 4244.615385 4230.256410
4237.948718 4242.051282 4235.384615 4251.794872 4225.128205 4227.692308 4218.461538 4229.230769 4226.666667 4229.743590 4243.589744 4199.487179 4231.282051 4230.769231
4234.358974 4237.948718 4231.282051 4243.589744 4225.128205 4226.153846 4216.410256 4230.769231 4209.230769 4231.794872 4233.846154 4197.948718 4218.461538 4233.846154
4238.461538 4242.564103 4236.923077 4250.769231 4226.666667 4228.205128 4222.051282 4231.282051 4241.025641 4230.256410 4240.512821 4200.512821 4227.179487 4231.794872
4234.871795 4241.025641 4233.333333 4252.820513 4223.076923 4229.743590 4222.051282 4230.256410 4219.487179 4229.230769 4243.076923 4197.435897 4224.615385 4229.743590
4235.897436 4243.076923 4233.333333 4251.282051 4227.179487 4234.358974 4223.589744 4234.871795 4257.435897 4231.282051 4241.025641 4203.076923 4229.230769 4230.769231
4239.487179 4244.102564 4233.846154 4251.794872 4224.615385 4231.282051 4218.461538 4226.153846 4228.717949 4229.743590 4240.000000 4201.025641 4227.179487 4224.615385
4238.461538 4237.948718 4232.820513 4248.717949 4228.205128 4223.076923 4214.871795 4227.692308 4209.230769 4232.307692 4232.307692 4197.948718 4218.974359 4230.256410
4243.589744 4244.615385 4239.487179 4255.897436 4230.769231 4230.769231 4222.051282 4229.743590 4236.410256 4232.307692 4230.769231 4196.923077 4222.051282 4236.410256
4238.974359 4243.589744 4233.846154 4255.897436 4225.641026 4233.846154 4220.512821 4223.589744 4197.435897 4230.769231 4228.205128 4194.358974 4210.769231 4234.358974
4233.846154 4237.948718 4231.282051 4252.820513 4228.205128 4232.307692 4219.487179 4230.769231 4225.128205 4233.846154 4229.230769 4198.974359 4213.846154 4237.948718
4235.384615 4242.564103 4237.435897 4256.923077 4225.641026 4233.846154 4221.025641 4228.205128 4226.153846 4232.820513 4236.410256 4196.410256 4218.974359 4239.487179
4230.256410 4242.564103 4234.871795 4252.307692 4228.717949 4231.282051 4222.564103 4225.641026 4212.820513 4229.743590 4233.846154 4193.846154 4211.282051 4241.025641
4230.256410 4239.487179 4232.820513 4247.179487 4232.307692 4231.794872 4223.076923 4225.641026 4223.076923 4229.230769 4229.743590 4193.846154 4215.384615 4236.923077
4229.743590 4236.410256 4229.743590 4245.128205 4224.102564 4228.205128 4217.948718 4220.512821 4181.025641 4232.307692 4224.102564 4189.230769 4211.282051 4234.871795
4226.153846 4236.410256 4229.230769 4243.589744 4227.692308 4225.641026 4218.461538 4223.076923 4200.000000 4234.871795 4217.948718 4189.230769 4208.205128 4245.128205
4226.153846 4233.333333 4228.205128 4244.615385 4225.641026 4229.743590 4218.461538 4218.974359 4184.615385 4229.743590 4222.051282 4186.153846 4206.153846 4244.615385
4223.589744 4226.666667 4223.589744 4240.512821 4224.615385 4224.102564 4214.871795 4222.051282 4174.871795 4230.769231 4228.205128 4189.230769 4207.179487 4244.102564
4221.025641 4225.128205 4225.128205 4230.769231 4229.743590 4220.000000 4215.384615 4227.179487 4198.461538 4231.282051 4230.769231 4192.307692 4211.794872 4245.128205
4213.333333 4215.897436 4217.435897 4218.461538 4225.128205 4218.974359 4208.205128 4217.435897 4126.153846 4230.256410 4218.974359 4182.564103 4193.846154 4242.051282
4218.974359 4217.435897 4221.538462 4227.179487 4229.230769 4221.025641 4211.282051 4221.538462 4161.538462 4236.923077 4214.871795 4187.692308 4197.435897 4248.717949
4236.923077 4234.871795 4235.384615 4248.205128 4227.179487 4233.846154 4222.564103 4224.615385 4215.384615 4234.871795 4229.743590 4196.410256 4216.923077 4250.256410
4228.205128 4227.692308 4227.692308 4235.897436 4223.076923 4230.256410 4218.461538 4221.538462 4175.897436 4231.282051 4225.641026 4190.769231 4209.230769 4251.794872
4216.923077 4215.897436 4224.615385 4224.615385 4228.205128 4220.000000 4214.358974 4224.102564 4177.948718 4233.333333 4216.923077 4187.179487 4206.153846 4254.358974
4222.564103 4223.589744 4227.692308 4234.871795 4224.615385 4226.153846 4214.871795 4222.051282 4167.692308 4231.794872 4226.666667 4189.230769 4208.717949 4256.410256
4224.615385 4228.205128 4226.666667 4234.358974 4228.717949 4231.794872 4214.871795 4222.051282 4194.871795 4230.256410 4228.717949 4191.282051 4211.794872 4261.025641
4216.410256 4221.025641 4223.589744 4227.179487 4225.641026 4226.153846 4210.769231 4215.897436 4172.307692 4228.717949 4217.948718 4184.102564 4203.589744 4253.846154
4210.256410 4210.769231 4220.512821 4221.025641 4220.512821 4222.051282 4213.333333 4218.974359 4129.230769 4233.846154 4212.307692 4185.128205 4191.282051 4254.358974
4215.384615 4213.846154 4223.589744 4221.538462 4227.692308 4229.743590 4223.076923 4229.230769 4189.230769 4233.333333 4218.974359 4190.769231 4206.666667 4260.512821
4208.205128 4213.333333 4215.384615 4218.461538 4225.128205 4227.179487 4214.358974 4218.461538 4146.666667 4227.692308 4214.871795 4179.487179 4204.102564 4253.846154
4203.076923 4209.230769 4209.230769 4212.820513 4227.692308 4220.000000 4208.205128 4220.512821 4128.205128 4230.769231 4204.102564 4181.025641 4190.256410 4255.384615
4216.923077 4216.410256 4218.974359 4221.025641 4225.641026 4229.230769 4212.820513 4225.641026 4165.641026 4230.769231 4212.307692 4187.692308 4197.948718 4256.410256
4211.282051 4215.897436 4213.846154 4220.000000 4220.000000 4224.102564 4207.692308 4218.974359 4133.846154 4230.256410 4214.871795 4177.948718 4196.923077 4253.333333
4199.487179 4214.871795 4207.179487 4213.333333 4227.692308 4203.076923 4208.205128 4219.487179 4132.307692 4231.794872 4206.153846 4174.358974 4194.358974 4253.846154
4209.743590 4219.487179 4214.871795 4218.461538 4226.666667 4193.846154 4214.358974 4219.487179 4119.487179 4230.769231 4209.230769 4180.000000 4192.820513 4254.871795
4222.564103 4223.589744 4226.153846 4226.153846 4228.205128 4194.358974 4218.461538 4225.128205 4165.641026 4231.282051 4217.948718 4190.769231 4200.512821 4264.615385
4227.179487 4230.769231 4230.256410 4232.820513 4227.692308 4189.230769 4216.923077 4223.589744 4197.435897 4229.743590 4225.641026 4191.282051 4214.871795 4267.692308
4220.512821 4228.717949 4223.589744 4230.769231 4224.102564 4173.333333 4208.205128 4218.461538 4145.641026 4231.282051 4221.538462 4185.641026 4208.717949 4266.153846
4220.000000 4223.076923 4227.692308 4230.769231 4232.307692 4176.923077 4213.333333 4223.589744 4180.000000 4234.358974 4216.410256 4188.717949 4209.230769 4272.820513
4224.102564 4223.076923 4229.230769 4232.307692 4227.179487 4188.205128 4220.000000 4216.410256 4167.692308 4231.282051 4220.512821 4187.692308 4205.641026 4270.769231
4220.512821 4218.974359 4218.974359 4223.589744 4225.641026 4181.025641 4217.948718 4218.461538 4149.743590 4232.307692 4220.000000 4188.205128 4200.512821 4269.743590
4222.564103 4219.487179 4224.102564 4224.615385 4230.256410 4177.948718 4219.487179 4224.102564 4175.384615 4232.307692 4222.564103 4187.692308 4210.769231 4267.692308
4226.153846 4221.025641 4232.820513 4230.256410 4225.128205 4175.897436 4217.948718 4220.512821 4158.974359 4231.794872 4225.641026 4188.717949 4207.692308 4264.102564
4231.282051 4224.102564 4234.358974 4233.333333 4228.205128 4172.820513 4218.974359 4225.641026 4196.923077 4231.282051 4228.205128 4195.897436 4210.769231 4261.538462
4226.666667 4221.538462 4225.641026 4227.692308 4227.692308 4174.358974 4214.871795 4222.564103 4158.974359 4227.179487 4224.615385 4186.153846 4208.717949 4255.897436
4212.307692 4210.769231 4216.410256 4212.307692 4226.153846 4171.794872 4206.666667 4224.102564 4122.051282 4230.769231 4215.384615 4179.487179 4196.923077 4261.538462
4214.871795 4217.435897 4222.051282 4214.871795 4225.641026 4172.820513 4207.179487 4224.615385 4167.179487 4232.307692 4219.487179 4182.051282 4203.076923 4262.051282
4216.923077 4222.564103 4217.948718 4219.487179 4222.051282 4171.282051 4205.128205 4216.923077 4137.948718 4229.230769 4224.102564 4181.538462 4203.589744 4255.384615
4210.769231 4216.410256 4212.307692 4211.794872 4229.743590 4165.128205 4205.128205 4221.025641 4145.641026 4230.769231 4221.538462 4184.102564 4202.051282 4257.435897
4209.743590 4213.333333 4213.846154 4210.769231 4226.153846 4164.102564 4201.025641 4217.435897 4123.076923 4231.282051 4219.487179 4181.538462 4198.461538 4250.256410
4205.128205 4210.256410 4211.282051 4211.282051 4223.589744 4163.589744 4197.948718 4214.358974 4100.512821 4231.282051 4209.230769 4179.487179 4191.794872 4245.128205
4205.641026 4212.307692 4212.307692 4213.846154 4228.205128 4166.153846 4205.128205 4215.384615 4138.461538 4229.743590 4205.641026 4178.974359 4196.410256 4251.282051
4208.717949 4214.871795 4212.820513 4214.871795 4224.102564 4164.102564 4203.076923 4212.307692 4112.820513 4230.769231 4211.282051 4177.435897 4194.871795 4258.461538
4214.358974 4221.538462 4224.102564 4217.435897 4229.230769 4163.589744 4204.615385 4221.025641 4158.461538 4232.307692 4219.487179 4187.179487 4206.153846 4264.615385
4221.538462 4231.282051 4233.846154 4225.641026 4226.666667 4166.666667 4209.230769 4220.512821 4184.615385 4228.717949 4230.769231 4188.205128 4218.461538 4258.974359
4217.948718 4223.589744 4223.589744 4217.948718 4223.076923 4165.128205 4206.153846 4219.487179 4162.051282 4231.794872 4229.230769 4183.076923 4212.820513 4260.512821
4219.487179 4216.923077 4222.564103 4212.307692 4230.256410 4172.307692 4211.282051 4223.589744 4188.205128 4233.846154 4225.128205 4185.641026 4215.897436 4262.564103
4223.076923 4221.538462 4228.205128 4218.974359 4225.128205 4174.358974 4214.358974 4216.410256 4159.487179 4230.769231 4223.589744 4186.666667 4210.769231 4255.897436
4226.153846 4224.102564 4233.846154 4220.000000 4227.179487 4166.666667 4210.256410 4220.000000 4188.717949 4232.307692 4225.128205 4191.794872 4214.871795 4260.000000
4230.256410 4222.051282 4233.333333 4216.923077 4227.179487 4168.717949 4207.692308 4219.487179 4192.820513 4231.282051 4232.307692 4192.820513 4224.615385 4257.435897
4224.102564 4216.410256 4224.102564 4213.846154 4226.153846 4170.256410 4210.256410 4217.435897 4156.410256 4230.769231 4229.743590 4192.307692 4213.846154 4253.333333
4221.025641 4223.076923 4229.230769 4217.948718 4232.820513 4170.769231 4213.333333 4222.564103 4200.512821 4231.282051 4226.666667 4194.871795 4218.461538 4253.333333
4212.307692 4220.512821 4224.615385 4208.717949 4224.615385 4167.179487 4204.102564 4216.923077 4152.820513 4229.230769 4220.512821 4186.153846 4211.282051 4250.256410
4206.666667 4211.794872 4215.384615 4199.487179 4225.128205 4168.717949 4202.564103 4221.538462 4147.179487 4231.282051 4213.333333 4184.615385 4205.641026 4256.410256
4220.512821 4225.128205 4225.128205 4216.410256 4228.205128 4181.538462 4213.333333 4223.076923 4189.230769 4232.820513 4220.512821 4188.717949 4218.974359 4255.897436
4221.538462 4232.307692 4228.205128 4220.000000 4226.153846 4180.512821 4214.358974 4217.435897 4167.179487 4232.820513 4220.000000 4188.205128 4213.333333 4253.846154
4212.820513 4226.153846 4224.615385 4212.820513 4227.692308 4177.435897 4210.256410 4221.025641 4181.025641 4231.794872 4218.461538 4188.205128 4211.794872 4255.897436
4210.256410 4221.025641 4218.461538 4214.358974 4222.051282 4181.538462 4207.692308 4217.948718 4149.743590 4229.230769 4222.051282 4181.025641 4213.846154 4253.846154
4208.717949 4218.461538 4217.435897 4214.358974 4226.153846 4181.025641 4211.282051 4220.000000 4164.615385 4231.794872 4218.461538 4180.512821 4212.820513 4256.410256
4209.743590 4221.025641 4222.564103 4214.871795 4228.205128 4180.512821 4210.256410 4216.923077 4173.333333 4230.256410 4215.897436 4182.051282 4211.794872 4251.794872
4204.615385 4216.923077 4211.282051 4208.205128 4226.153846 4177.948718 4201.025641 4213.333333 4114.871795 4230.256410 4210.256410 4177.948718 4202.051282 4248.205128
4205.641026 4217.948718 4208.205128 4205.641026 4231.794872 4175.897436 4205.128205 4220.000000 4151.794872 4232.820513 4209.743590 4180.512821 4207.179487 4252.307692
4212.820513 4225.641026 4220.000000 4214.871795 4224.615385 4173.333333 4208.205128 4213.846154 4147.179487 4229.743590 4216.923077 4182.564103 4206.666667 4251.282051
4213.846154 4225.641026 4224.615385 4217.435897 4227.179487 4172.307692 4206.666667 4216.923077 4154.358974 4232.307692 4212.820513 4185.641026 4203.589744 4255.897436
4212.307692 4225.641026 4223.076923 4214.358974 4229.230769 4181.538462 4212.307692 4222.564103 4184.615385 4231.794872 4210.769231 4184.615385 4212.820513 4254.358974
4205.128205 4222.051282 4218.461538 4207.692308 4221.025641 4184.102564 4212.820513 4218.461538 4150.769231 4227.692308 4213.846154 4183.076923 4208.205128 4251.282051
4209.230769 4222.564103 4225.641026 4208.717949 4227.179487 4183.589744 4213.333333 4223.076923 4187.692308 4229.230769 4213.846154 4189.230769 4209.743590 4253.846154
4217.435897 4224.102564 4227.692308 4214.358974 4225.641026 4188.717949 4210.256410 4217.948718 4170.769231 4231.282051 4212.307692 4185.641026 4208.205128 4247.692308
4207.692308 4217.948718 4217.435897 4209.230769 4225.128205 4186.666667 4206.666667 4215.897436 4141.025641 4232.820513 4208.717949 4181.025641 4197.435897 4248.717949
4196.410256 4210.256410 4210.769231 4201.025641 4228.205128 4182.564103 4208.717949 4218.461538 4134.358974 4229.743590 4203.589744 4174.871795 4190.769231 4250.256410
4189.230769 4197.948718 4202.564103 4190.769231 4224.615385 4175.897436 4202.564103 4215.384615 4073.333333 4230.256410 4194.358974 4169.743590 4175.897436 4249.743590
4195.897436 4201.025641 4209.230769 4192.820513 4229.743590 4178.974359 4205.641026 4217.435897 4120.512821 4233.333333 4198.461538 4180.512821 4184.102564 4257.435897
4205.641026 4212.820513 4218.974359 4204.102564 4225.641026 4185.641026 4211.794872 4212.307692 4138.974359 4229.230769 4212.307692 4183.076923 4194.358974 4260.512821
4203.076923 4211.794872 4216.410256 4203.589744 4222.564103 4185.128205 4213.333333 4215.384615 4140.512821 4230.256410 4211.282051 4181.538462 4190.769231 4266.666667
4210.769231 4221.538462 4224.615385 4213.846154 4226.153846 4195.897436 4219.487179 4222.564103 4202.564103 4231.794872 4214.358974 4184.102564 4207.179487 4269.230769
4215.897436 4226.153846 4227.692308 4218.974359 4222.564103 4199.487179 4214.871795 4216.410256 4175.384615 4230.769231 4217.435897 4182.051282 4208.717949 4267.692308
4210.256410 4214.871795 4222.051282 4207.179487 4228.205128 4189.230769 4208.717949 4216.923077 4174.871795 4234.358974 4210.769231 4184.615385 4203.589744 4272.307692
4210.769231 4215.384615 4221.538462 4207.179487 4227.179487 4187.179487 4207.692308 4213.333333 4160.000000 4232.820513 4210.769231 4180.512821 4202.564103 4267.692308
4211.282051 4216.923077 4223.076923 4210.256410 4227.692308 4186.153846 4210.256410 4214.358974 4145.128205 4231.282051 4211.282051 4177.435897 4199.487179 4267.179487
4212.307692 4214.358974 4228.205128 4208.717949 4231.794872 4187.179487 4213.846154 4216.410256 4183.589744 4231.282051 4213.333333 4182.564103 4206.666667 4271.282051
4208.205128 4209.230769 4221.025641 4203.589744 4224.102564 4187.692308 4210.256410 4208.205128 4137.435897 4231.282051 4212.820513 4176.410256 4198.974359 4269.230769
4205.128205 4211.794872 4217.948718 4200.000000 4228.205128 4184.615385 4213.333333 4216.410256 4155.384615 4231.794872 4211.794872 4172.820513 4199.487179 4270.256410
4212.307692 4220.512821 4224.102564 4204.102564 4227.692308 4189.743590 4212.307692 4218.461538 4173.333333 4228.205128 4217.435897 4174.871795 4209.743590 4268.717949
4208.717949 4214.358974 4217.435897 4197.948718 4223.589744 4187.179487 4204.615385 4212.307692 4128.205128 4229.743590 4211.282051 4176.410256 4201.025641 4272.820513
4202.051282 4209.743590 4213.333333 4193.333333 4228.717949 4181.025641 4207.179487 4214.358974 4144.102564 4231.794872 4204.615385 4174.358974 4198.974359 4276.410256
4198.461538 4213.333333 4211.282051 4196.410256 4225.128205 4177.435897 4208.205128 4212.307692 4118.974359 4229.230769 4205.128205 4169.230769 4192.820513 4272.307692
4197.948718 4213.846154 4212.307692 4197.948718 4229.743590 4179.487179 4206.153846 4215.384615 4132.820513 4233.846154 4208.205128 4176.410256 4191.282051 4277.948718
4203.589744 4212.307692 4216.410256 4200.512821 4227.692308 4185.128205 4207.179487 4213.333333 4135.897436 4235.384615 4211.282051 4177.435897 4195.897436 4280.000000
4203.076923 4208.205128 4214.871795 4196.410256 4222.564103 4181.025641 4207.179487 4212.307692 4111.282051 4232.820513 4204.102564 4172.820513 4190.769231 4278.974359
4203.076923 4210.256410 4215.897436 4196.410256 4230.769231 4183.076923 4207.692308 4216.410256 4161.025641 4231.282051 4204.102564 4175.384615 4198.974359 4280.000000
4200.512821 4208.717949 4211.794872 4195.897436 4227.692308 4186.153846 4202.564103 4209.743590 4124.615385 4229.230769 4210.256410 4172.307692 4196.923077 4275.897436
4197.435897 4208.205128 4214.871795 4193.846154 4227.692308 4184.102564 4207.179487 4215.897436 4129.230769 4231.282051 4208.205128 4175.384615 4193.333333 4279.487179
4203.589744 4218.461538 4224.102564 4204.102564 4227.179487 4190.256410 4216.410256 4216.410256 4159.487179 4229.230769 4207.179487 4174.358974 4198.974359 4277.948718
4201.538462 4218.974359 4216.410256 4207.692308 4223.076923 4192.820513 4212.820513 4210.769231 4127.692308 4228.717949 4207.179487 4169.230769 4190.769231 4276.923077
4202.051282 4219.487179 4216.923077 4206.153846 4228.717949 4192.820513 4212.820513 4216.923077 4176.923077 4231.794872 4211.282051 4173.846154 4200.000000 4283.076923
4203.076923 4222.051282 4221.025641 4205.641026 4223.589744 4193.333333 4212.307692 4210.769231 4162.564103 4230.256410 4217.435897 4173.333333 4206.153846 4280.000000
4197.948718 4213.333333 4213.846154 4202.564103 4226.153846 4184.102564 4209.743590 4211.282051 4138.974359 4230.769231 4213.333333 4172.820513 4197.435897 4279.487179
4198.974359 4210.256410 4211.282051 4207.179487 4229.743590 4180.512821 4209.230769 4213.333333 4141.025641 4229.743590 4206.153846 4169.230769 4194.871795 4278.974359
4193.333333 4210.256410 4205.128205 4206.666667 4224.615385 4182.564103 4207.692308 4209.230769 4103.589744 4230.769231 4197.948718 4164.102564 4185.128205 4277.948718
4192.820513 4213.846154 4207.692308 4207.692308 4227.179487 4187.179487 4211.794872 4215.897436 4148.717949 4232.820513 4201.025641 4169.743590 4193.846154 4282.051282
4199.487179 4220.000000 4215.897436 4214.871795 4223.076923 4189.230769 4209.230769 4213.333333 4148.717949 4229.230769 4214.871795 4169.743590 4204.102564 4279.487179
4198.461538 4220.512821 4216.923077 4214.871795 4225.128205 4185.641026 4207.179487 4215.384615 4155.384615 4229.743590 4215.897436 4171.794872 4205.128205 4283.076923
4204.102564 4230.769231 4222.051282 4223.589744 4228.205128 4190.769231 4218.974359 4221.025641 4204.615385 4231.282051 4218.974359 4177.435897 4216.923077 4284.102564
4206.666667 4237.948718 4222.564103 4229.230769 4224.615385 4197.948718 4220.000000 4217.435897 4184.102564 4230.769231 4222.564103 4177.435897 4216.410256 4278.974359
4197.435897 4230.769231 4220.000000 4221.025641 4230.256410 4199.487179 4213.333333 4217.435897 4205.128205 4231.282051 4216.923077 4175.897436 4215.897436 4280.512821
4192.307692 4221.538462 4218.974359 4215.384615 4225.128205 4194.871795 4213.333333 4213.846154 4184.102564 4230.256410 4215.897436 4172.307692 4215.897436 4278.974359
4197.435897 4218.974359 4220.000000 4217.435897 4224.102564 4191.794872 4217.948718 4220.512821 4182.051282 4233.333333 4216.410256 4174.871795 4216.410256 4283.076923
4208.717949 4229.743590 4228.717949 4227.692308 4228.205128 4202.564103 4221.538462 4223.076923 4238.974359 4232.307692 4222.051282 4178.461538 4229.230769 4286.153846
4206.666667 4230.256410 4225.641026 4228.717949 4221.538462 4202.051282 4214.358974 4213.846154 4202.564103 4231.282051 4225.128205 4174.871795 4225.128205 4284.615385
4205.641026 4223.076923 4225.128205 4224.615385 4226.153846 4198.974359 4217.435897 4221.538462 4223.589744 4236.410256 4226.666667 4178.461538 4228.205128 4287.692308
4211.282051 4223.589744 4228.717949 4227.179487 4227.179487 4207.179487 4219.487179 4223.076923 4230.769231 4232.820513 4233.333333 4177.948718 4231.794872 4283.589744
4210.256410 4223.589744 4224.102564 4224.102564 4226.666667 4204.102564 4212.307692 4220.512821 4213.846154 4229.743590 4234.358974 4178.461538 4224.615385 4285.128205
4215.384615 4227.692308 4229.230769 4227.692308 4230.769231 4205.641026 4215.384615 4222.564103 4256.410256 4231.282051 4240.512821 4185.641026 4233.846154 4285.641026
4212.820513 4221.025641 4228.717949 4229.230769 4223.076923 4212.820513 4215.897436 4219.487179 4216.923077 4230.769231 4239.487179 4181.025641 4232.820513 4280.512821
4210.256410 4218.461538 4230.256410 4231.282051 4224.615385 4212.820513 4217.948718 4227.692308 4244.102564 4232.307692 4234.871795 4183.589744 4235.897436 4284.615385
4224.102564 4233.333333 4241.025641 4244.615385 4223.589744 4212.820513 4222.564103 4226.153846 4275.384615 4229.230769 4241.025641 4188.205128 4246.153846 4279.487179
4222.564103 4230.769231 4235.384615 4237.435897 4221.538462 4206.153846 4217.435897 4221.538462 4231.794872 4229.743590 4234.871795 4182.051282 4233.846154 4272.307692
4217.435897 4222.564103 4232.820513 4225.641026 4228.717949 4202.564103 4215.897436 4223.589744 4238.461538 4231.282051 4227.692308 4180.512821 4229.743590 4272.820513
4220.000000 4223.076923 4233.846154 4229.743590 4226.153846 4204.615385 4220.000000 4216.410256 4215.384615 4228.717949 4228.205128 4181.025641 4225.641026 4273.846154
4217.435897 4221.538462 4230.769231 4230.769231 4226.153846 4206.666667 4223.589744 4220.512821 4237.948718 4229.743590 4226.666667 4183.589744 4224.615385 4278.461538
4217.435897 4224.102564 4231.794872 4232.820513 4224.102564 4204.102564 4222.564103 4222.564103 4238.974359 4231.282051 4228.205128 4180.000000 4230.256410 4277.435897
4222.051282 4228.717949 4234.871795 4235.384615 4224.615385 4197.948718 4221.538462 4220.512821 4221.025641 4234.871795 4228.717949 4180.512821 4229.230769 4281.538462
4227.692308 4231.794872 4241.025641 4237.435897 4230.256410 4201.538462 4224.615385 4224.615385 4277.948718 4233.846154 4230.769231 4187.692308 4240.512821 4284.102564
4219.487179 4223.076923 4232.307692 4229.230769 4223.076923 4204.102564 4217.948718 4215.897436 4222.051282 4228.717949 4227.179487 4180.512821 4235.384615 4278.461538
4209.230769 4216.923077 4221.025641 4220.000000 4225.641026 4201.025641 4220.512821 4217.948718 4201.538462 4231.282051 4216.410256 4176.923077 4223.589744 4282.051282
4216.923077 4224.615385 4227.179487 4231.794872 4227.179487 4206.153846 4228.717949 4219.487179 4237.435897 4230.769231 4218.974359 4177.948718 4227.179487 4279.487179
4223.589744 4224.615385 4230.769231 4237.435897 4224.102564 4208.205128 4224.615385 4215.384615 4215.897436 4230.769231 4223.589744 4177.435897 4226.153846 4277.435897
4222.051282 4223.076923 4230.256410 4228.717949 4231.282051 4206.666667 4225.128205 4218.974359 4237.435897 4231.794872 4219.487179 4175.897436 4233.846154 4279.487179
4214.358974 4222.564103 4222.564103 4223.076923 4225.128205 4201.025641 4223.589744 4214.871795 4193.846154 4228.717949 4215.897436 4168.717949 4228.205128 4270.256410
4210.256410 4216.923077 4222.564103 4222.564103 4225.128205 4196.410256 4221.538462 4216.923077 4185.128205 4231.794872 4215.897436 4173.846154 4218.974359 4270.769231
4220.512821 4224.102564 4235.897436 4231.794872 4228.717949 4208.205128 4224.615385 4218.974359 4230.256410 4232.307692 4225.641026 4180.000000 4231.794872 4272.820513
4221.538462 4231.794872 4234.871795 4234.871795 4223.589744 4211.794872 4220.000000 4216.923077 4220.512821 4228.717949 4229.230769 4180.000000 4236.923077 4271.282051
4224.615385 4235.897436 4235.897436 4237.435897 4228.717949 4206.153846 4218.461538 4221.538462 4261.025641 4229.743590 4230.256410 4186.153846 4245.128205 4267.692308
4235.897436 4240.000000 4242.564103 4242.051282 4224.615385 4206.153846 4220.000000 4220.000000 4247.692308 4231.282051 4235.384615 4186.153846 4244.102564 4258.461538
4235.897436 4233.846154 4243.076923 4237.948718 4225.128205 4203.076923 4219.487179 4224.615385 4243.076923 4232.820513 4234.358974 4188.205128 4241.025641 4258.974359
4236.923077 4235.897436 4246.666667 4240.512821 4230.256410 4203.589744 4215.384615 4220.000000 4263.589744 4230.769231 4238.461538 4189.743590 4248.717949 4253.333333
4238.974359 4238.974359 4246.666667 4242.564103 4225.641026 4202.051282 4211.794872 4212.307692 4229.230769 4231.282051 4238.974359 4188.717949 4241.538462 4242.564103
4245.128205 4241.025641 4252.307692 4243.589744 4228.717949 4198.461538 4216.923077 4224.102564 4279.487179 4233.846154 4232.820513 4196.923077 4247.692308 4243.589744
4246.666667 4242.564103 4252.820513 4244.102564 4223.589744 4195.384615 4213.846154 4215.897436 4254.871795 4229.230769 4227.179487 4193.333333 4247.692308 4238.974359
4236.923077 4232.307692 4241.538462 4233.846154 4222.564103 4189.743590 4211.282051 4207.692308 4211.282051 4229.743590 4225.128205 4187.692308 4235.384615 4237.948718
4235.897436 4229.743590 4242.564103 4233.846154 4226.153846 4196.410256 4216.923077 4216.923077 4250.256410 4230.769231 4232.820513 4191.282051 4245.128205 4238.461538
4232.307692 4228.205128 4242.564103 4235.897436 4224.102564 4201.538462 4212.307692 4218.974359 4214.358974 4230.769231 4230.256410 4188.205128 4240.000000 4233.333333
4221.538462 4221.538462 4236.923077 4225.128205 4230.256410 4197.948718 4215.384615 4221.538462 4222.051282 4232.820513 4220.512821 4184.615385 4230.256410 4233.846154
4213.846154 4214.358974 4225.641026 4215.384615 4224.102564 4198.461538 4219.487179 4214.871795 4189.743590 4230.256410 4217.435897 4174.871795 4225.128205 4228.717949
4200.512821 4204.615385 4211.282051 4206.666667 4221.538462 4198.461538 4213.333333 4213.333333 4130.769231 4232.820513 4207.179487 4167.179487 4211.794872 4226.666667
4190.769231 4202.051282 4208.205128 4202.564103 4228.205128 4199.487179 4216.923077 4217.948718 4146.153846 4232.820513 4201.538462 4165.128205 4206.666667 4225.641026
4183.076923 4196.410256 4201.538462 4194.871795 4222.051282 4194.871795 4213.333333 4212.820513 4093.846154 4225.641026 4198.461538 4158.974359 4194.358974 4223.589744
4180.512821 4192.307692 4199.487179 4189.743590 4227.692308 4190.256410 4204.615385 4214.871795 4093.333333 4228.717949 4192.307692 4159.487179 4190.256410 4230.769231
4178.974359 4193.333333 4201.538462 4192.820513 4228.717949 4188.205128 4202.051282 4210.256410 4084.102564 4232.820513 4190.256410 4155.897436 4186.666667 4226.666667
4169.743590 4184.102564 4192.820513 4185.128205 4222.564103 4181.025641 4201.025641 4207.179487 4037.948718 4232.307692 4184.615385 4151.282051 4171.282051 4222.564103
