4222.564103 4241.538462 4228.717949 4239.487179 4219.487179 4228.205128 4216.410256 4214.871795 4280.000000 4231.794872 4229.230769 4168.717949 4236.923077 4303.076923
4232.307692 4252.307692 4236.410256 4245.128205 4225.641026 4226.666667 4213.846154 4221.538462 4341.025641 4232.820513 4240.000000 4177.435897 4256.410256 4308.717949
4237.948718 4261.025641 4242.051282 4248.205128 4228.205128 4227.692308 4216.923077 4220.000000 4371.282051 4231.794872 4248.205128 4180.512821 4273.333333 4301.025641
4236.923077 4264.615385 4238.974359 4250.769231 4224.615385 4220.512821 4214.871795 4215.384615 4323.076923 4234.358974 4245.641026 4177.948718 4262.051282 4294.871795
4246.153846 4270.769231 4246.153846 4258.974359 4230.256410 4218.461538 4217.435897 4221.538462 4400.000000 4235.897436 4249.230769 4186.153846 4278.461538 4294.358974
4261.025641 4277.435897 4255.384615 4268.717949 4225.641026 4226.153846 4217.435897 4216.923077 4422.051282 4230.256410 4260.512821 4191.282051 4298.461538 4286.666667
4264.615385 4277.435897 4255.897436 4268.205128 4227.692308 4227.179487 4220.000000 4220.512821 4433.333333 4233.333333 4261.025641 4196.410256 4303.076923 4287.179487
4270.256410 4283.589744 4262.564103 4274.871795 4228.205128 4233.846154 4226.153846 4220.512821 4460.000000 4232.307692 4267.692308 4195.897436 4314.358974 4274.871795
4267.692308 4282.051282 4262.051282 4275.384615 4226.666667 4234.358974 4225.128205 4215.897436 4421.538462 4231.282051 4267.692308 4192.820513 4307.179487 4258.974359
4264.615385 4275.897436 4258.974359 4271.282051 4232.307692 4233.333333 4227.692308 4222.051282 4447.692308 4233.333333 4260.000000 4193.846154 4308.205128 4256.923077
4266.153846 4274.358974 4257.948718 4277.948718 4222.564103 4239.487179 4228.205128 4218.974359 4414.358974 4230.256410 4261.538462 4187.692308 4301.538462 4250.769231
4267.179487 4275.384615 4262.564103 4280.000000 4225.641026 4239.487179 4227.179487 4225.641026 4425.128205 4231.282051 4266.153846 4193.333333 4297.948718 4249.743590
4272.820513 4280.512821 4269.743590 4281.025641 4231.794872 4241.025641 4228.717949 4227.179487 4469.230769 4230.769231 4270.769231 4197.435897 4317.948718 4246.153846
4262.051282 4270.256410 4256.410256 4276.410256 4225.128205 4245.128205 4229.743590 4221.538462 4400.512821 4230.769231 4262.564103 4188.717949 4298.974359 4242.051282
4254.871795 4263.589744 4252.307692 4276.923077 4229.743590 4250.256410 4234.871795 4229.230769 4421.538462 4233.333333 4256.410256 4188.717949 4289.230769 4243.076923
4266.666667 4271.282051 4258.461538 4283.076923 4227.179487 4250.256410 4228.205128 4223.589744 4412.820513 4229.743590 4258.461538 4189.230769 4298.461538 4236.410256
4270.256410 4271.794872 4255.384615 4281.025641 4224.102564 4237.948718 4221.538462 4226.153846 4403.589744 4232.307692 4255.384615 4192.307692 4296.410256 4236.923077
4266.666667 4273.846154 4258.974359 4284.615385 4225.128205 4230.256410 4225.641026 4230.769231 4435.384615 4231.282051 4260.000000 4193.846154 4302.051282 4233.333333
4252.820513 4266.666667 4251.282051 4276.410256 4220.512821 4232.307692 4218.461538 4222.564103 4355.384615 4227.692308 4250.769231 4185.641026 4281.538462 4228.205128
4250.769231 4258.974359 4250.256410 4268.205128 4227.179487 4228.717949 4217.948718 4226.666667 4372.820513 4230.256410 4243.076923 4189.230769 4278.974359 4236.410256
4265.641026 4270.256410 4263.589744 4281.025641 4224.615385 4182.564103 4227.692308 4226.153846 4385.128205 4228.205128 4259.487179 4195.897436 4295.384615 4234.871795
4265.641026 4271.794872 4261.025641 4284.102564 4224.102564 4141.538462 4225.128205 4228.717949 4353.846154 4231.794872 4258.974359 4195.897436 4288.717949 4236.923077
4264.102564 4264.615385 4255.897436 4280.512821 4227.179487 4181.025641 4219.487179 4230.769231 4385.128205 4232.307692 4250.256410 4193.333333 4291.794872 4240.000000
4268.205128 4261.538462 4257.435897 4276.923077 4224.102564 4226.666667 4217.948718 4229.230769 4365.641026 4227.692308 4253.333333 4193.333333 4287.692308 4236.410256
4268.717949 4264.615385 4263.076923 4272.820513 4228.717949 4225.641026 4223.076923 4238.461538 4410.769231 4233.846154 4255.384615 4199.487179 4292.820513 4241.538462
4265.641026 4266.153846 4258.461538 4273.333333 4224.102564 4226.666667 4225.641026 4232.307692 4402.051282 4234.871795 4252.820513 4194.871795 4295.384615 4239.487179
4257.948718 4255.897436 4249.743590 4266.666667 4225.128205 4230.256410 4222.564103 4229.230769 4362.051282 4232.820513 4247.692308 4192.307692 4284.102564 4240.512821
4258.974359 4254.871795 4260.000000 4265.128205 4229.743590 4226.666667 4226.153846 4233.846154 4412.307692 4229.743590 4252.820513 4195.384615 4297.435897 4242.051282
4259.487179 4253.846154 4259.487179 4265.641026 4219.487179 4225.128205 4228.205128 4228.717949 4367.692308 4227.179487 4254.871795 4188.717949 4290.769231 4236.410256
4254.871795 4248.205128 4250.769231 4263.076923 4226.153846 4227.692308 4231.282051 4234.871795 4378.974359 4229.743590 4251.282051 4191.794872 4285.641026 4242.564103
4253.333333 4250.769231 4251.794872 4268.717949 4227.179487 4236.923077 4232.307692 4232.307692 4392.820513 4227.692308 4253.846154 4194.358974 4294.871795 4242.051282
4248.717949 4248.205128 4251.794872 4268.205128 4222.564103 4233.846154 4227.692308 4230.769231 4355.897436 4230.769231 4253.333333 4191.794872 4283.589744 4237.948718
4254.358974 4249.743590 4257.435897 4267.179487 4229.743590 4230.256410 4231.794872 4235.384615 4397.948718 4232.307692 4256.923077 4194.871795 4288.205128 4237.435897
4255.897436 4253.846154 4254.871795 4269.230769 4226.153846 4234.871795 4230.256410 4224.615385 4360.512821 4229.230769 4257.435897 4193.846154 4281.025641 4238.974359
4249.230769 4251.794872 4250.769231 4269.230769 4227.692308 4237.435897 4229.743590 4230.256410 4380.000000 4231.282051 4253.846154 4195.384615 4279.487179 4247.692308
4251.794872 4254.871795 4255.897436 4274.358974 4227.179487 4239.487179 4232.307692 4233.846154 4409.743590 4227.692308 4256.410256 4193.846154 4294.358974 4247.179487
4248.205128 4250.769231 4249.743590 4267.179487 4223.589744 4232.820513 4229.230769 4229.230769 4347.179487 4230.256410 4248.205128 4190.256410 4280.512821 4250.769231
4251.794872 4249.743590 4249.743590 4264.102564 4230.256410 4232.307692 4231.282051 4232.307692 4383.589744 4236.410256 4246.666667 4191.794872 4283.589744 4255.897436
4261.538462 4257.948718 4255.384615 4273.846154 4225.641026 4236.410256 4229.743590 4229.743590 4384.615385 4231.282051 4254.871795 4189.230769 4290.769231 4255.384615
4256.410256 4255.384615 4254.358974 4272.307692 4225.128205 4232.307692 4226.153846 4235.897436 4391.794872 4230.769231 4251.282051 4193.333333 4290.256410 4265.641026
4254.871795 4248.205128 4255.384615 4266.153846 4225.128205 4229.743590 4228.205128 4231.282051 4391.282051 4233.333333 4250.256410 4194.358974 4290.769231 4262.564103
4260.000000 4245.641026 4257.435897 4263.589744 4221.538462 4225.128205 4231.282051 4227.179487 4346.666667 4232.820513 4248.717949 4193.333333 4275.384615 4258.974359
4271.282051 4257.435897 4268.717949 4275.384615 4226.666667 4227.179487 4238.461538 4238.974359 4422.051282 4232.307692 4248.205128 4201.025641 4290.769231 4265.128205
4271.794872 4260.512821 4270.256410 4283.589744 4223.076923 4231.282051 4235.897436 4234.358974 4411.282051 4231.282051 4249.743590 4198.461538 4295.897436 4256.410256
4257.435897 4244.615385 4258.461538 4268.717949 4227.692308 4226.666667 4232.307692 4232.820513 4373.846154 4234.358974 4242.564103 4196.410256 4275.384615 4255.384615
4252.820513 4242.564103 4256.923077 4264.102564 4229.743590 4230.256410 4234.358974 4232.820513 4374.871795 4229.743590 4241.025641 4195.384615 4275.384615 4257.948718
4250.256410 4243.589744 4251.794872 4264.615385 4223.076923 4229.230769 4229.230769 4228.717949 4317.948718 4227.692308 4236.923077 4190.769231 4262.051282 4255.384615
4251.282051 4242.051282 4253.333333 4263.589744 4227.692308 4224.615385 4228.717949 4232.820513 4357.435897 4232.820513 4236.923077 4194.871795 4266.153846 4256.923077
4255.384615 4243.076923 4256.923077 4266.666667 4223.589744 4226.666667 4226.666667 4227.692308 4348.717949 4230.769231 4243.589744 4193.846154 4278.974359 4251.794872
4251.794872 4239.487179 4252.307692 4264.102564 4224.615385 4225.641026 4221.538462 4233.333333 4336.410256 4233.333333 4240.000000 4195.897436 4278.461538 4252.820513
4259.487179 4247.692308 4260.512821 4267.692308 4227.692308 4230.769231 4228.205128 4235.384615 4388.205128 4235.897436 4243.076923 4201.538462 4290.769231 4256.410256
4265.641026 4253.846154 4264.102564 4268.717949 4223.076923 4232.820513 4232.307692 4230.769231 4374.358974 4233.846154 4250.256410 4201.025641 4291.794872 4256.923077
4264.615385 4252.307692 4260.512821 4268.205128 4230.256410 4230.256410 4235.897436 4237.435897 4417.435897 4232.307692 4253.333333 4201.538462 4302.564103 4255.897436
4263.589744 4251.794872 4255.384615 4271.794872 4225.641026 4232.307692 4232.820513 4231.794872 4389.230769 4227.692308 4250.256410 4195.897436 4301.538462 4247.692308
4258.461538 4247.692308 4253.333333 4264.615385 4223.589744 4230.256410 4224.102564 4233.333333 4356.923077 4231.282051 4241.538462 4196.410256 4286.666667 4252.820513
4264.615385 4251.794872 4264.102564 4266.666667 4229.743590 4235.897436 4228.205128 4236.410256 4419.487179 4234.871795 4250.769231 4202.051282 4305.128205 4254.871795
4266.153846 4249.743590 4258.974359 4270.256410 4226.666667 4236.410256 4229.743590 4229.230769 4386.666667 4234.871795 4258.461538 4200.512821 4305.128205 4249.230769
4261.025641 4246.153846 4253.846154 4265.128205 4230.769231 4230.256410 4225.128205 4239.487179 4408.205128 4236.410256 4253.846154 4204.615385 4306.666667 4258.461538
4265.128205 4255.384615 4262.564103 4266.666667 4226.153846 4232.307692 4218.461538 4239.487179 4412.307692 4231.794872 4257.435897 4203.076923 4313.846154 4261.538462
4265.641026 4257.435897 4262.564103 4266.666667 4223.076923 4233.333333 4219.487179 4240.000000 4394.358974 4233.846154 4259.487179 4201.025641 4303.076923 4263.076923
4269.743590 4263.076923 4265.128205 4274.358974 4227.692308 4239.487179 4231.794872 4246.666667 4463.076923 4233.846154 4265.128205 4205.128205 4322.564103 4265.128205
4272.820513 4267.179487 4264.615385 4279.487179 4225.128205 4240.000000 4229.230769 4237.948718 4429.230769 4228.205128 4267.179487 4202.564103 4326.666667 4262.564103
4266.666667 4263.589744 4260.512821 4273.333333 4229.743590 4229.743590 4222.564103 4236.923077 4421.538462 4232.307692 4254.871795 4201.025641 4315.384615 4263.589744
4270.769231 4266.153846 4264.615385 4274.871795 4224.102564 4232.307692 4225.128205 4232.820513 4420.000000 4233.333333 4251.794872 4200.512821 4316.923077 4257.435897
4278.461538 4267.692308 4266.153846 4277.948718 4221.025641 4235.897436 4230.256410 4234.358974 4414.871795 4234.358974 4256.923077 4206.153846 4318.461538 4262.564103
4283.076923 4272.307692 4272.820513 4282.051282 4229.743590 4236.410256 4234.871795 4243.076923 4492.307692 4232.820513 4268.717949 4213.333333 4337.948718 4269.230769
4282.051282 4274.358974 4274.358974 4282.564103 4224.615385 4232.307692 4228.205128 4239.487179 4453.846154 4227.692308 4268.717949 4209.230769 4333.333333 4260.512821
4286.153846 4276.923077 4272.820513 4282.051282 4227.179487 4229.230769 4226.666667 4245.128205 4465.641026 4230.256410 4260.512821 4212.820513 4328.717949 4266.666667
4294.871795 4282.051282 4275.384615 4288.717949 4227.692308 4235.897436 4231.282051 4242.051282 4492.820513 4227.692308 4263.076923 4212.307692 4340.000000 4273.846154
4280.512821 4269.230769 4265.641026 4276.923077 4224.615385 4232.820513 4226.666667 4235.384615 4415.897436 4229.743590 4255.384615 4202.051282 4319.487179 4273.846154
4262.564103 4258.461538 4256.410256 4260.000000 4229.230769 4230.769231 4225.128205 4239.487179 4407.179487 4232.307692 4246.666667 4197.435897 4307.692308 4273.333333
4260.000000 4255.897436 4252.820513 4257.435897 4223.076923 4232.820513 4222.564103 4233.333333 4360.000000 4228.717949 4244.615385 4193.333333 4296.410256 4270.256410
4260.512821 4251.282051 4253.333333 4253.333333 4226.153846 4227.179487 4219.487179 4237.948718 4356.410256 4234.871795 4236.923077 4194.358974 4286.153846 4277.948718
4261.025641 4255.384615 4255.897436 4255.384615 4228.205128 4228.717949 4220.000000 4238.461538 4368.717949 4236.410256 4235.897436 4192.820513 4288.205128 4278.974359
4250.769231 4252.820513 4249.230769 4254.358974 4223.076923 4230.769231 4216.923077 4235.897436 4316.923077 4229.743590 4232.820513 4190.769231 4272.820513 4277.948718
4250.256410 4247.692308 4251.282051 4251.794872 4229.743590 4232.307692 4217.435897 4240.512821 4357.435897 4230.256410 4232.307692 4197.948718 4277.435897 4282.051282
4256.923077 4246.153846 4251.794872 4252.307692 4224.615385 4229.743590 4217.948718 4232.820513 4324.102564 4232.820513 4235.897436 4194.358974 4275.384615 4278.974359
4251.282051 4241.538462 4245.128205 4248.205128 4226.153846 4221.025641 4221.025641 4238.974359 4307.179487 4235.897436 4233.333333 4193.333333 4261.538462 4284.615385
4254.871795 4248.205128 4247.692308 4255.897436 4231.794872 4225.128205 4227.179487 4247.179487 4366.153846 4232.820513 4241.025641 4197.948718 4275.384615 4284.102564
4261.025641 4252.307692 4247.692308 4262.051282 4227.179487 4226.666667 4227.179487 4244.615385 4355.384615 4233.333333 4247.692308 4199.487179 4277.948718 4282.564103
4261.025641 4251.794872 4250.769231 4262.051282 4226.666667 4222.051282 4225.641026 4243.076923 4380.512821 4235.384615 4244.102564 4200.512821 4282.051282 4288.717949
4255.384615 4254.871795 4251.794872 4259.487179 4221.538462 4222.564103 4218.974359 4233.333333 4330.769231 4229.230769 4240.512821 4194.358974 4275.897436 4280.512821
4247.692308 4251.282051 4246.666667 4247.179487 4227.179487 4221.025641 4219.487179 4240.000000 4313.333333 4231.794872 4239.487179 4196.923077 4264.615385 4275.897436
4256.923077 4254.358974 4255.384615 4253.846154 4229.230769 4225.128205 4231.282051 4247.179487 4380.512821 4234.358974 4252.307692 4205.641026 4284.102564 4272.820513
4261.538462 4255.384615 4257.435897 4262.564103 4221.538462 4222.564103 4230.769231 4243.589744 4347.692308 4231.282051 4253.846154 4204.615385 4281.025641 4265.128205
4258.974359 4254.358974 4256.410256 4256.410256 4226.666667 4216.923077 4227.179487 4247.692308 4352.307692 4230.769231 4242.051282 4203.589744 4274.871795 4259.487179
4258.461538 4252.307692 4254.871795 4251.794872 4225.128205 4222.564103 4226.666667 4241.025641 4316.410256 4229.230769 4239.487179 4198.974359 4269.743590 4245.641026
4253.846154 4238.974359 4248.717949 4247.179487 4226.666667 4227.179487 4224.615385 4241.025641 4283.076923 4233.333333 4234.358974 4197.435897 4254.871795 4240.512821
4259.487179 4241.025641 4255.897436 4252.820513 4228.205128 4227.692308 4225.641026 4246.153846 4329.230769 4234.358974 4237.435897 4200.000000 4264.615385 4236.923077
4258.974359 4246.153846 4254.871795 4254.358974 4222.051282 4223.589744 4225.641026 4242.051282 4297.948718 4233.333333 4244.615385 4197.948718 4263.589744 4234.358974
4251.282051 4240.000000 4246.153846 4245.128205 4229.743590 4226.666667 4230.769231 4249.743590 4312.307692 4233.846154 4240.512821 4197.948718 4261.538462 4236.410256
4249.743590 4236.410256 4241.025641 4243.589744 4226.666667 4229.743590 4225.128205 4243.589744 4264.615385 4228.717949 4229.743590 4189.230769 4249.743590 4227.179487
4244.102564 4232.820513 4234.358974 4240.000000 4224.102564 4215.897436 4214.358974 4236.923077 4197.948718 4231.794872 4220.512821 4185.641026 4224.102564 4228.717949
4248.717949 4234.871795 4241.025641 4239.487179 4228.717949 4215.897436 4222.051282 4239.487179 4241.025641 4234.358974 4224.615385 4193.333333 4234.358974 4231.794872
4248.205128 4229.230769 4241.538462 4233.846154 4222.051282 4220.512821 4222.564103 4235.897436 4197.435897 4231.794872 4221.538462 4191.794872 4228.205128 4225.641026
4241.538462 4225.128205 4237.948718 4228.717949 4227.692308 4214.871795 4215.897436 4241.025641 4210.769231 4234.871795 4215.897436 4191.282051 4222.051282 4229.230769
4249.743590 4235.897436 4245.641026 4241.538462 4227.692308 4215.897436 4213.846154 4237.435897 4243.076923 4233.846154 4227.692308 4192.820513 4238.461538 4228.717949
4250.769231 4236.410256 4247.179487 4244.615385 4222.051282 4216.410256 4214.358974 4241.538462 4233.333333 4232.820513 4232.307692 4196.923077 4240.000000 4230.769231
4247.179487 4234.358974 4248.717949 4242.051282 4226.153846 4220.512821 4222.564103 4250.769231 4286.153846 4230.769231 4232.307692 4201.025641 4254.358974 4232.307692
4248.717949 4234.358974 4244.102564 4246.153846 4224.102564 4224.615385 4223.076923 4240.512821 4247.692308 4229.230769 4231.794872 4195.897436 4248.717949 4229.230769
4246.666667 4233.333333 4238.974359 4246.666667 4228.205128 4223.589744 4221.025641 4242.051282 4255.384615 4234.358974 4225.128205 4196.923077 4236.923077 4235.384615
4246.666667 4235.897436 4239.487179 4245.641026 4227.692308 4227.692308 4224.615385 4241.538462 4264.615385 4231.282051 4225.128205 4194.871795 4242.051282 4229.743590
4236.923077 4228.717949 4231.282051 4235.384615 4226.153846 4222.564103 4221.538462 4239.487179 4200.000000 4230.769231 4215.897436 4187.179487 4224.615385 4224.615385
4232.307692 4224.102564 4231.794872 4231.282051 4231.282051 4217.948718 4219.487179 4244.102564 4221.538462 4233.333333 4210.256410 4188.717949 4220.512821 4229.230769
4235.897436 4226.153846 4232.820513 4229.743590 4225.128205 4223.076923 4219.487179 4239.487179 4189.230769 4228.717949 4214.358974 4187.692308 4217.435897 4226.666667
4231.794872 4222.051282 4229.230769 4219.487179 4227.179487 4223.589744 4220.512821 4242.051282 4194.358974 4232.307692 4213.333333 4187.692308 4215.384615 4229.743590
4231.794872 4222.564103 4232.307692 4221.025641 4226.666667 4220.512821 4217.948718 4238.974359 4204.615385 4233.846154 4215.384615 4185.641026 4220.000000 4226.666667
4230.769231 4220.000000 4229.230769 4221.025641 4222.564103 4211.794872 4211.794872 4237.948718 4153.846154 4231.794872 4213.333333 4183.589744 4206.666667 4224.102564
4231.282051 4217.948718 4228.717949 4217.435897 4228.205128 4209.230769 4216.410256 4244.102564 4202.564103 4231.794872 4214.871795 4189.230769 4213.333333 4230.256410
4229.230769 4216.923077 4226.666667 4217.948718 4222.564103 4213.333333 4215.384615 4232.820513 4171.794872 4229.230769 4218.461538 4185.641026 4209.743590 4229.743590
4224.102564 4214.358974 4223.589744 4214.871795 4226.666667 4212.307692 4209.230769 4234.358974 4162.051282 4231.794872 4214.358974 4184.615385 4198.461538 4233.333333
4235.384615 4221.538462 4231.282051 4221.538462 4229.743590 4214.871795 4209.230769 4236.923077 4205.641026 4230.256410 4218.974359 4188.205128 4212.307692 4232.307692
4243.076923 4225.128205 4233.846154 4228.717949 4223.076923 4214.871795 4212.307692 4235.897436 4182.564103 4231.794872 4220.512821 4189.743590 4212.307692 4234.358974
4245.641026 4228.717949 4239.487179 4231.794872 4229.230769 4220.000000 4218.974359 4243.589744 4251.282051 4234.871795 4222.051282 4194.358974 4228.717949 4241.025641
4243.076923 4229.743590 4238.974359 4230.769231 4225.128205 4228.205128 4217.435897 4235.897436 4245.128205 4229.230769 4228.717949 4190.256410 4233.333333 4230.769231
4237.435897 4222.564103 4231.282051 4225.128205 4223.589744 4223.589744 4216.410256 4234.871795 4213.846154 4231.794872 4221.025641 4189.230769 4213.333333 4232.307692
4242.564103 4227.179487 4232.820513 4231.282051 4228.717949 4223.589744 4222.564103 4236.410256 4235.384615 4233.333333 4217.948718 4188.717949 4216.410256 4237.948718
4237.435897 4225.128205 4227.692308 4228.717949 4225.641026 4222.051282 4219.487179 4233.333333 4193.333333 4232.307692 4220.512821 4184.102564 4209.743590 4233.846154
4233.846154 4222.564103 4231.282051 4230.256410 4229.230769 4220.000000 4221.538462 4238.461538 4238.974359 4231.794872 4222.051282 4188.205128 4213.846154 4234.871795
4240.000000 4228.717949 4236.410256 4241.025641 4225.641026 4223.589744 4223.589744 4230.256410 4224.102564 4229.230769 4221.025641 4183.589744 4214.871795 4230.769231
4231.794872 4219.487179 4222.051282 4231.794872 4226.153846 4221.538462 4218.974359 4230.256410 4176.410256 4233.846154 4213.846154 4178.974359 4196.923077 4233.846154
4229.230769 4218.461538 4220.000000 4229.230769 4229.230769 4225.128205 4223.589744 4233.846154 4216.923077 4232.307692 4217.435897 4182.051282 4207.692308 4240.000000
4234.358974 4222.051282 4226.153846 4235.384615 4222.564103 4225.128205 4224.102564 4228.717949 4195.897436 4227.692308 4219.487179 4182.564103 4210.769231 4240.000000
4232.307692 4218.461538 4225.128205 4231.282051 4227.692308 4221.025641 4220.512821 4235.897436 4219.487179 4232.307692 4214.871795 4185.128205 4209.230769 4244.102564
4229.230769 4219.487179 4221.538462 4230.769231 4225.128205 4224.615385 4219.487179 4231.794872 4201.538462 4231.282051 4214.871795 4180.512821 4206.666667 4242.564103
4226.153846 4217.435897 4220.000000 4229.743590 4227.179487 4222.051282 4221.538462 4231.794872 4172.820513 4230.769231 4209.743590 4176.923077 4199.487179 4244.102564
4229.230769 4220.000000 4224.102564 4233.333333 4230.769231 4220.512821 4220.000000 4235.384615 4211.282051 4231.794872 4211.282051 4178.461538 4211.794872 4242.564103
4227.692308 4221.025641 4220.000000 4232.307692 4222.051282 4212.820513 4209.230769 4226.666667 4157.948718 4230.769231 4213.333333 4177.948718 4197.948718 4244.102564
4225.641026 4217.948718 4223.589744 4227.692308 4227.692308 4208.717949 4216.410256 4232.820513 4190.769231 4233.333333 4212.307692 4185.641026 4195.384615 4260.000000
4233.333333 4222.051282 4235.384615 4235.384615 4225.641026 4220.512821 4225.641026 4234.871795 4224.102564 4228.717949 4220.512821 4184.615385 4212.820513 4258.974359
4230.256410 4218.974359 4228.205128 4234.358974 4224.102564 4217.435897 4217.435897 4232.820513 4182.051282 4229.743590 4218.974359 4179.487179 4200.512821 4256.410256
4233.846154 4221.538462 4229.230769 4234.358974 4232.820513 4213.333333 4217.948718 4235.384615 4224.102564 4235.384615 4218.461538 4184.102564 4206.666667 4260.512821
4241.538462 4226.666667 4237.948718 4241.538462 4225.128205 4221.025641 4222.564103 4231.282051 4223.076923 4234.358974 4226.666667 4184.615385 4218.461538 4258.974359
4244.102564 4226.666667 4242.564103 4244.102564 4227.692308 4225.641026 4226.153846 4241.025641 4272.820513 4233.846154 4230.769231 4191.282051 4230.256410 4264.615385
4250.256410 4231.794872 4241.538462 4249.230769 4230.769231 4231.282051 4232.307692 4240.512821 4305.128205 4231.794872 4236.923077 4193.846154 4246.666667 4262.564103
4245.128205 4230.256410 4233.846154 4250.769231 4225.128205 4231.282051 4232.307692 4236.410256 4261.538462 4234.871795 4232.820513 4188.717949 4237.435897 4262.564103
4247.179487 4231.794872 4242.564103 4254.358974 4227.179487 4233.846154 4232.307692 4243.076923 4309.743590 4237.435897 4230.769231 4189.743590 4246.153846 4266.153846
4254.358974 4238.461538 4248.717949 4258.974359 4224.102564 4236.923077 4230.256410 4241.538462 4300.512821 4232.820513 4235.384615 4191.282051 4250.769231 4262.564103
4250.256410 4240.512821 4247.179487 4258.974359 4227.179487 4235.384615 4229.230769 4247.179487 4321.025641 4234.358974 4240.000000 4196.923077 4253.333333 4266.666667
4251.794872 4240.512821 4251.794872 4264.615385 4225.641026 4235.897436 4227.179487 4244.615385 4336.410256 4233.846154 4245.641026 4195.897436 4264.102564 4264.615385
4251.282051 4236.410256 4248.205128 4260.000000 4224.615385 4231.282051 4221.538462 4239.487179 4282.051282 4232.820513 4240.512821 4191.794872 4248.205128 4262.051282
4252.820513 4240.512821 4248.205128 4257.435897 4231.282051 4235.384615 4226.153846 4245.128205 4333.333333 4232.307692 4238.974359 4195.897436 4252.820513 4265.641026
4254.358974 4243.589744 4250.256410 4264.615385 4223.589744 4243.076923 4228.717949 4240.000000 4325.128205 4229.743590 4244.615385 4193.846154 4258.461538 4264.615385
4252.307692 4238.461538 4252.307692 4263.589744 4225.641026 4240.512821 4228.205128 4245.128205 4334.871795 4234.871795 4243.589744 4200.000000 4262.051282 4271.282051
4257.435897 4241.538462 4260.000000 4265.128205 4227.179487 4241.538462 4228.205128 4246.666667 4367.692308 4233.333333 4248.717949 4203.076923 4278.461538 4271.794872
4256.923077 4240.512821 4259.487179 4261.538462 4222.564103 4236.923077 4221.538462 4241.538462 4321.538462 4230.769231 4245.641026 4194.871795 4263.589744 4269.743590
4260.512821 4243.589744 4264.615385 4263.076923 4230.769231 4233.846154 4224.102564 4246.666667 4382.051282 4234.871795 4244.102564 4200.512821 4269.743590 4277.948718
4270.769231 4250.769231 4271.282051 4269.743590 4226.153846 4240.512821 4227.179487 4243.076923 4390.769231 4231.282051 4256.410256 4206.666667 4284.615385 4275.897436
4265.641026 4241.538462 4263.589744 4261.025641 4226.666667 4243.076923 4224.102564 4245.641026 4366.153846 4230.256410 4253.846154 4203.589744 4273.846154 4273.846154
4259.487179 4238.974359 4263.076923 4260.000000 4231.794872 4244.615385 4226.153846 4243.076923 4372.307692 4230.256410 4245.641026 4198.461538 4272.820513 4268.205128
4257.435897 4242.564103 4261.025641 4264.102564 4227.179487 4244.615385 4225.641026 4238.461538 4326.153846 4232.820513 4241.538462 4196.923077 4265.641026 4259.487179
4258.974359 4243.076923 4257.948718 4262.564103 4228.717949 4245.641026 4228.205128 4250.769231 4371.794872 4234.871795 4243.076923 4201.538462 4272.307692 4256.410256
4259.487179 4243.076923 4255.384615 4259.487179 4225.128205 4246.153846 4229.230769 4247.179487 4359.487179 4228.717949 4248.717949 4198.974359 4275.897436 4249.230769
4249.230769 4235.384615 4251.794872 4250.256410 4228.717949 4238.974359 4225.128205 4244.615385 4322.564103 4231.794872 4244.102564 4197.948718 4261.538462 4251.282051
4247.692308 4236.923077 4253.333333 4249.743590 4231.282051 4241.025641 4225.641026 4246.153846 4340.000000 4234.358974 4241.538462 4195.384615 4262.564103 4248.717949
4248.205128 4238.974359 4247.692308 4251.282051 4224.102564 4243.589744 4226.666667 4241.538462 4289.230769 4231.794872 4242.051282 4190.256410 4251.282051 4241.025641
4245.128205 4238.461538 4247.179487 4251.282051 4229.230769 4245.641026 4231.794872 4246.666667 4329.230769 4233.846154 4244.615385 4195.384615 4257.435897 4246.666667
4241.538462 4240.512821 4249.743590 4252.820513 4226.666667 4244.615385 4227.179487 4242.564103 4316.410256 4230.769231 4242.051282 4190.769231 4261.538462 4242.051282
4235.897436 4231.282051 4240.512821 4240.512821 4225.641026 4230.256410 4216.923077 4244.102564 4261.538462 4230.256410 4228.717949 4187.692308 4239.487179 4237.435897
4246.153846 4232.307692 4243.589744 4242.051282 4229.743590 4232.307692 4222.564103 4246.153846 4310.769231 4232.820513 4235.384615 4194.358974 4250.256410 4239.487179
4253.333333 4241.538462 4246.153846 4250.256410 4224.102564 4241.538462 4227.692308 4238.461538 4296.923077 4233.846154 4246.153846 4195.384615 4256.923077 4242.564103
4251.282051 4244.102564 4248.205128 4245.128205 4229.230769 4241.538462 4227.692308 4246.666667 4332.820513 4232.820513 4246.153846 4199.487179 4260.000000 4248.717949
4252.820513 4243.589744 4251.282051 4246.666667 4227.692308 4240.000000 4224.102564 4244.615385 4330.256410 4227.179487 4251.794872 4196.923077 4264.102564 4243.076923
4244.615385 4233.333333 4244.615385 4243.589744 4227.179487 4229.743590 4220.512821 4238.974359 4270.769231 4231.282051 4247.179487 4192.307692 4244.102564 4244.615385
4240.512821 4229.743590 4248.205128 4240.000000 4233.846154 4226.666667 4225.641026 4239.487179 4296.923077 4234.358974 4235.897436 4192.820513 4243.076923 4247.179487
4245.641026 4231.282051 4248.205128 4242.564103 4226.153846 4231.282051 4223.589744 4232.820513 4260.000000 4230.769231 4232.307692 4190.769231 4238.461538 4243.076923
4253.846154 4235.384615 4249.230769 4247.692308 4227.692308 4231.282051 4224.102564 4243.076923 4310.256410 4234.871795 4243.076923 4202.051282 4252.307692 4254.871795
4260.512821 4241.538462 4258.461538 4254.871795 4228.717949 4236.410256 4226.666667 4244.615385 4365.128205 4233.333333 4258.974359 4207.692308 4276.410256 4254.871795
4249.743590 4236.923077 4251.282051 4248.205128 4226.153846 4237.435897 4220.512821 4236.923077 4296.410256 4231.794872 4244.102564 4198.461538 4255.384615 4249.743590
4249.743590 4242.051282 4250.769231 4248.717949 4226.666667 4241.538462 4222.051282 4241.538462 4320.000000 4232.820513 4232.307692 4197.435897 4255.897436 4252.820513
4260.000000 4248.717949 4258.461538 4255.897436 4221.025641 4248.717949 4227.179487 4245.641026 4345.641026 4229.743590 4250.256410 4203.076923 4274.871795 4251.282051
4255.897436 4239.487179 4254.358974 4248.717949 4228.205128 4245.641026 4227.179487 4249.230769 4357.948718 4231.794872 4252.820513 4203.076923 4273.333333 4252.820513
4249.230769 4235.897436 4249.743590 4243.589744 4227.692308 4240.000000 4221.025641 4233.846154 4308.717949 4229.230769 4238.461538 4194.358974 4256.923077 4248.205128
4248.205128 4233.333333 4250.256410 4240.512821 4223.076923 4233.333333 4214.871795 4230.769231 4263.076923 4228.205128 4236.410256 4195.384615 4244.102564 4249.230769
4258.461538 4238.974359 4258.974359 4243.589744 4230.769231 4237.948718 4222.564103 4246.666667 4355.384615 4230.769231 4251.794872 4202.564103 4269.743590 4254.871795
4260.512821 4244.102564 4258.974359 4249.743590 4225.128205 4246.666667 4224.102564 4241.025641 4326.666667 4229.743590 4253.333333 4196.923077 4269.743590 4249.743590
4249.743590 4237.948718 4255.897436 4243.589744 4227.692308 4243.076923 4221.025641 4243.589744 4308.205128 4234.358974 4242.564103 4199.487179 4256.923077 4251.794872
4245.641026 4236.923077 4256.410256 4238.461538 4231.794872 4240.000000 4223.076923 4243.589744 4327.179487 4232.307692 4246.666667 4199.487179 4265.128205 4247.692308
4241.025641 4233.846154 4243.589744 4232.307692 4225.128205 4239.487179 4218.974359 4233.846154 4245.641026 4230.256410 4236.923077 4188.205128 4240.512821 4244.102564
4247.692308 4236.923077 4246.153846 4238.974359 4227.692308 4245.128205 4220.000000 4241.025641 4289.743590 4234.358974 4229.230769 4194.871795 4241.538462 4253.846154
4260.512821 4246.666667 4258.461538 4251.282051 4225.128205 4249.743590 4226.666667 4245.641026 4332.307692 4231.794872 4247.179487 4205.128205 4265.641026 4257.948718
4255.897436 4246.153846 4254.871795 4246.153846 4228.717949 4247.179487 4228.205128 4248.205128 4335.897436 4230.256410 4251.794872 4203.589744 4264.615385 4261.025641
4255.384615 4251.794872 4250.256410 4246.153846 4232.307692 4253.846154 4225.128205 4244.615385 4340.000000 4230.256410 4245.128205 4197.435897 4263.589744 4260.512821
4251.794872 4251.794872 4247.179487 4246.153846 4226.153846 4254.358974 4220.512821 4241.025641 4288.205128 4231.794872 4242.564103 4195.384615 4252.820513 4260.000000
4249.743590 4247.692308 4253.846154 4245.128205 4229.743590 4252.307692 4227.179487 4249.230769 4342.564103 4232.820513 4248.717949 4203.076923 4260.000000 4265.128205
4256.410256 4254.358974 4258.461538 4252.820513 4227.179487 4257.948718 4227.692308 4244.102564 4344.615385 4227.692308 4251.794872 4201.538462 4267.692308 4259.487179
4255.384615 4257.948718 4252.307692 4251.794872 4229.230769 4254.358974 4221.538462 4244.102564 4321.025641 4231.794872 4241.538462 4197.948718 4260.000000 4258.974359
4255.897436 4258.974359 4251.794872 4251.282051 4230.256410 4249.743590 4221.025641 4243.589744 4342.564103 4232.307692 4240.512821 4193.846154 4263.589744 4253.333333
4254.358974 4254.871795 4248.205128 4247.692308 4223.076923 4242.051282 4215.897436 4236.923077 4285.128205 4228.717949 4244.102564 4191.282051 4249.743590 4245.128205
4253.846154 4255.897436 4249.743590 4245.641026 4231.282051 4238.461538 4217.948718 4245.641026 4318.461538 4231.794872 4247.692308 4198.974359 4252.820513 4248.205128
4253.333333 4256.923077 4252.820513 4245.641026 4229.743590 4243.589744 4221.538462 4239.487179 4304.102564 4229.743590 4247.179487 4193.333333 4253.846154 4241.025641
4243.589744 4243.076923 4243.076923 4232.307692 4228.717949 4235.384615 4214.871795 4235.897436 4234.871795 4231.282051 4229.743590 4188.205128 4226.666667 4241.538462
4247.692308 4244.102564 4246.666667 4232.820513 4232.820513 4233.333333 4217.435897 4242.564103 4277.948718 4231.282051 4230.256410 4197.948718 4233.333333 4245.128205
4255.384615 4251.282051 4252.820513 4240.512821 4225.641026 4241.538462 4221.025641 4241.538462 4275.897436 4228.717949 4242.564103 4200.000000 4243.076923 4237.435897
4254.871795 4248.717949 4249.230769 4236.410256 4227.179487 4237.948718 4221.538462 4244.615385 4292.820513 4231.282051 4239.487179 4197.435897 4241.538462 4242.564103
4260.512821 4252.820513 4249.230769 4238.461538 4225.128205 4230.769231 4218.461538 4238.461538 4278.461538 4230.256410 4237.435897 4195.384615 4239.487179 4244.102564
4263.589744 4254.871795 4250.769231 4241.025641 4224.615385 4227.179487 4214.871795 4239.487179 4262.051282 4231.794872 4237.435897 4197.948718 4234.358974 4244.102564
4260.512821 4252.307692 4250.769231 4241.538462 4232.307692 4228.717949 4217.435897 4242.051282 4297.948718 4231.794872 4235.897436 4194.871795 4243.076923 4241.538462
4253.846154 4245.641026 4240.000000 4236.923077 4228.205128 4228.205128 4214.358974 4231.282051 4220.000000 4230.769231 4230.769231 4185.128205 4225.128205 4234.358974
4257.435897 4248.205128 4240.000000 4237.435897 4227.692308 4229.230769 4216.923077 4241.025641 4255.897436 4234.871795 4234.358974 4193.846154 4226.153846 4240.512821
4271.794872 4264.102564 4254.358974 4252.307692 4224.615385 4234.358974 4222.564103 4242.564103 4321.538462 4228.205128 4248.717949 4200.512821 4253.333333 4241.025641
4266.666667 4258.974359 4250.256410 4247.692308 4225.641026 4226.666667 4219.487179 4237.948718 4281.025641 4226.153846 4247.179487 4195.897436 4243.589744 4243.076923
4261.538462 4250.769231 4249.230769 4240.000000 4231.282051 4225.641026 4218.974359 4243.076923 4313.846154 4231.282051 4246.666667 4198.974359 4249.230769 4246.666667
4261.538462 4254.358974 4250.256410 4243.589744 4223.076923 4228.205128 4214.871795 4236.923077 4284.615385 4231.282051 4247.179487 4197.435897 4247.692308 4241.538462
4254.871795 4254.871795 4245.641026 4240.000000 4229.230769 4224.615385 4214.871795 4238.461538 4273.333333 4234.871795 4236.923077 4195.384615 4232.307692 4240.512821
4253.333333 4254.358974 4243.076923 4236.410256 4231.282051 4230.256410 4221.025641 4236.923077 4272.307692 4231.794872 4238.461538 4193.846154 4232.820513 4235.384615
4248.205128 4249.743590 4238.461538 4231.282051 4226.153846 4234.358974 4222.051282 4236.410256 4239.487179 4228.205128 4242.564103 4192.820513 4227.692308 4238.461538
4248.717949 4251.282051 4245.641026 4234.871795 4230.769231 4241.025641 4225.641026 4244.615385 4309.230769 4228.717949 4246.666667 4197.948718 4246.153846 4243.589744
4250.769231 4254.358974 4244.615385 4237.435897 4224.615385 4242.564103 4221.025641 4238.974359 4278.974359 4226.153846 4250.256410 4195.384615 4249.743590 4233.846154
4238.461538 4247.179487 4229.743590 4222.051282 4227.179487 4230.769231 4213.333333 4237.948718 4232.820513 4228.717949 4240.512821 4192.307692 4231.282051 4233.846154
4234.871795 4244.615385 4229.743590 4216.923077 4226.666667 4229.230769 4216.923077 4235.897436 4233.333333 4232.307692 4237.948718 4189.743590 4227.692308 4234.358974
4241.538462 4246.153846 4234.358974 4222.564103 4221.025641 4231.794872 4220.000000 4237.948718 4221.538462 4235.897436 4242.051282 4194.358974 4226.153846 4231.794872
4248.717949 4252.820513 4238.974359 4230.256410 4231.282051 4232.307692 4221.538462 4248.717949 4291.794872 4235.897436 4242.564103 4202.051282 4244.615385 4229.743590
4246.666667 4253.846154 4234.871795 4231.794872 4229.230769 4231.794872 4217.948718 4240.000000 4248.205128 4228.717949 4233.846154 4191.794872 4237.948718 4218.974359
4240.000000 4242.051282 4228.205128 4220.512821 4228.205128 4231.282051 4219.487179 4241.538462 4215.897436 4230.769231 4226.666667 4191.282051 4217.948718 4216.923077
4242.564103 4242.051282 4234.871795 4222.051282 4228.717949 4241.025641 4230.256410 4244.102564 4257.435897 4231.282051 4234.871795 4196.923077 4228.205128 4212.820513
4238.461538 4244.102564 4232.820513 4225.128205 4224.102564 4243.076923 4227.692308 4238.974359 4217.435897 4228.717949 4231.282051 4190.769231 4222.051282 4207.692308
4241.025641 4250.769231 4233.846154 4229.743590 4229.743590 4240.512821 4226.153846 4246.666667 4270.256410 4229.743590 4231.282051 4193.333333 4233.846154 4213.846154
4254.358974 4261.538462 4242.564103 4240.512821 4226.153846 4242.564103 4228.717949 4245.641026 4292.820513 4226.153846 4246.153846 4200.512821 4251.282051 4209.230769
4253.333333 4258.974359 4244.102564 4236.923077 4225.641026 4237.435897 4230.769231 4248.717949 4290.769231 4230.769231 4246.666667 4205.641026 4248.717949 4209.230769
4256.410256 4262.564103 4250.256410 4238.974359 4227.179487 4242.051282 4235.384615 4249.230769 4334.358974 4232.307692 4247.692308 4205.128205 4262.564103 4211.282051
4257.435897 4263.076923 4248.205128 4242.051282 4224.615385 4243.076923 4232.820513 4244.102564 4289.743590 4228.205128 4249.743590 4202.051282 4255.897436 4207.179487
4255.897436 4262.564103 4247.692308 4237.948718 4230.769231 4232.820513 4231.282051 4250.769231 4319.487179 4230.769231 4252.307692 4208.717949 4258.974359 4206.153846
4262.564103 4269.230769 4252.820513 4241.025641 4225.128205 4230.769231 4231.794872 4247.692308 4330.256410 4228.717949 4261.538462 4207.179487 4274.871795 4198.461538
4257.948718 4264.615385 4242.564103 4235.897436 4225.641026 4230.769231 4229.743590 4247.179487 4294.358974 4228.717949 4251.794872 4198.974359 4263.076923 4198.461538
4250.256410 4260.000000 4235.897436 4228.205128 4230.769231 4231.794872 4229.743590 4244.102564 4284.615385 4228.205128 4238.974359 4194.358974 4251.794872 4193.846154
4244.102564 4256.410256 4234.358974 4227.692308 4222.564103 4230.256410 4225.128205 4236.923077 4217.948718 4227.692308 4236.410256 4194.358974 4240.512821 4185.128205
4243.589744 4254.871795 4237.948718 4230.769231 4226.666667 4232.820513 4228.205128 4251.282051 4271.282051 4234.358974 4237.948718 4202.051282 4253.333333 4194.358974
4248.717949 4261.538462 4240.000000 4232.307692 4226.153846 4238.461538 4227.692308 4248.717949 4278.461538 4234.358974 4243.589744 4198.974359 4257.435897 4192.307692
4238.974359 4255.384615 4231.794872 4223.589744 4225.641026 4234.358974 4221.538462 4243.589744 4207.179487 4233.333333 4236.923077 4192.820513 4230.769231 4187.692308
4237.948718 4252.820513 4233.333333 4224.102564 4232.820513 4238.974359 4224.615385 4249.743590 4248.717949 4231.794872 4232.820513 4196.410256 4237.435897 4190.256410
4242.051282 4254.871795 4232.820513 4224.615385 4227.692308 4241.538462 4222.564103 4243.589744 4222.051282 4228.717949 4233.333333 4193.333333 4236.410256 4187.692308
4237.435897 4251.282051 4231.282051 4221.538462 4230.769231 4237.435897 4220.512821 4245.128205 4227.179487 4232.307692 4230.256410 4194.358974 4227.692308 4189.743590
4241.538462 4253.846154 4236.410256 4231.794872 4231.282051 4244.615385 4228.205128 4247.692308 4253.846154 4231.794872 4238.461538 4198.461538 4243.076923 4188.717949
4243.076923 4253.333333 4234.358974 4232.820513 4227.179487 4242.564103 4230.769231 4248.205128 4244.615385 4232.307692 4245.641026 4198.974359 4249.230769 4189.743590
4241.538462 4254.871795 4235.897436 4231.794872 4230.256410 4237.435897 4230.769231 4250.769231 4288.205128 4232.820513 4246.153846 4197.435897 4256.923077 4191.282051
4240.000000 4258.461538 4235.384615 4234.358974 4227.179487 4238.461538 4230.769231 4246.666667 4248.717949 4231.282051 4241.025641 4193.333333 4247.179487 4192.307692
4238.461538 4255.384615 4232.307692 4229.743590 4231.282051 4233.846154 4229.743590 4250.769231 4251.282051 4235.384615 4234.871795 4195.897436 4240.000000 4198.461538
4241.538462 4253.333333 4235.384615 4234.871795 4229.743590 4235.897436 4228.717949 4246.666667 4260.512821 4232.307692 4240.000000 4194.358974 4246.666667 4193.333333
4235.384615 4243.589744 4230.256410 4234.871795 4225.128205 4235.897436 4228.717949 4245.641026 4216.923077 4231.794872 4236.923077 4191.282051 4235.897436 4192.820513
4230.769231 4236.923077 4229.230769 4229.230769 4229.743590 4229.743590 4230.256410 4250.256410 4247.179487 4234.358974 4231.794872 4193.846154 4240.000000 4197.435897
4229.230769 4236.410256 4227.179487 4226.666667 4224.615385 4225.128205 4221.538462 4240.512821 4190.256410 4228.205128 4227.179487 4189.230769 4226.666667 4189.230769
4227.179487 4238.461538 4224.615385 4228.717949 4230.256410 4229.230769 4222.564103 4247.692308 4200.000000 4232.307692 4222.051282 4192.307692 4217.435897 4193.333333
4236.923077 4245.128205 4230.256410 4239.487179 4232.820513 4238.974359 4229.743590 4248.717949 4257.435897 4233.846154 4227.179487 4193.846154 4234.871795 4194.871795
4232.307692 4238.974359 4224.102564 4233.846154 4227.179487 4230.256410 4221.025641 4239.487179 4190.256410 4228.205128 4221.025641 4185.641026 4216.923077 4190.256410
4225.128205 4235.897436 4223.076923 4229.230769 4231.794872 4225.128205 4221.538462 4247.692308 4206.153846 4229.230769 4215.897436 4188.205128 4215.897436 4194.358974
4235.384615 4244.615385 4232.820513 4243.589744 4226.666667 4238.461538 4229.743590 4248.205128 4231.794872 4231.794872 4230.769231 4191.794872 4234.358974 4196.923077
4242.564103 4245.641026 4234.871795 4249.743590 4227.692308 4243.589744 4232.307692 4251.794872 4281.538462 4235.384615 4240.512821 4195.897436 4243.589744 4200.000000
4245.641026 4248.717949 4235.384615 4249.230769 4229.743590 4238.974359 4231.282051 4250.769231 4312.820513 4230.769231 4241.025641 4198.461538 4253.846154 4194.871795
4246.153846 4248.205128 4235.384615 4247.179487 4225.641026 4232.307692 4228.717949 4246.153846 4257.948718 4230.256410 4235.897436 4199.487179 4243.076923 4196.923077
4252.307692 4249.230769 4243.076923 4249.743590 4232.820513 4237.435897 4237.435897 4252.820513 4315.897436 4232.820513 4238.974359 4204.615385 4252.820513 4208.717949
4254.358974 4251.282051 4244.102564 4252.307692 4228.205128 4240.512821 4237.435897 4248.717949 4310.769231 4229.743590 4247.179487 4200.512821 4265.128205 4203.076923
4248.717949 4247.692308 4237.948718 4246.666667 4225.641026 4228.717949 4228.205128 4253.333333 4287.692308 4233.333333 4249.230769 4199.487179 4262.051282 4205.641026
4251.282051 4249.743590 4242.564103 4247.179487 4228.717949 4226.666667 4229.743590 4252.820513 4315.384615 4232.307692 4249.230769 4200.000000 4264.102564 4209.230769
4240.512821 4244.102564 4233.846154 4241.025641 4225.641026 4221.538462 4224.615385 4242.564103 4228.717949 4229.743590 4234.358974 4190.769231 4234.358974 4207.179487
4232.820513 4242.051282 4229.230769 4236.410256 4232.307692 4213.333333 4222.051282 4248.205128 4238.974359 4232.820513 4225.641026 4192.820513 4228.205128 4210.256410
4240.512821 4249.743590 4237.435897 4247.179487 4225.641026 4217.435897 4229.743590 4247.692308 4266.153846 4228.205128 4238.461538 4196.923077 4245.128205 4204.102564
4236.923077 4242.564103 4234.358974 4247.692308 4224.102564 4223.589744 4237.948718 4251.794872 4266.666667 4231.794872 4242.051282 4200.000000 4241.538462 4204.615385
4238.461538 4240.512821 4235.384615 4249.743590 4230.256410 4245.641026 4239.487179 4255.384615 4309.743590 4234.871795 4242.564103 4200.000000 4250.769231 4206.153846
4240.000000 4243.076923 4232.307692 4250.769231 4223.076923 4267.692308 4232.307692 4246.153846 4260.512821 4230.769231 4238.461538 4189.743590 4243.076923 4198.461538
4232.820513 4237.435897 4227.692308 4242.051282 4227.179487 4271.282051 4230.256410 4249.743590 4277.948718 4231.794872 4233.846154 4194.358974 4238.461538 4197.435897
4233.846154 4236.923077 4231.794872 4243.589744 4228.205128 4271.794872 4231.282051 4247.179487 4288.717949 4230.256410 4244.615385 4201.025641 4247.179487 4194.871795
4237.948718 4236.923077 4230.769231 4245.641026 4227.692308 4272.307692 4230.769231 4249.230769 4278.461538 4231.282051 4248.717949 4200.512821 4245.641026 4199.487179
4245.128205 4243.589744 4237.435897 4249.743590 4229.230769 4278.974359 4237.435897 4255.897436 4346.153846 4231.794872 4247.692308 4202.051282 4260.000000 4201.538462
4246.666667 4249.743590 4245.128205 4253.846154 4223.076923 4281.538462 4239.487179 4249.743590 4321.538462 4229.230769 4248.717949 4204.102564 4257.948718 4197.948718
4245.128205 4248.205128 4246.666667 4254.358974 4230.769231 4280.000000 4240.512821 4256.410256 4346.153846 4232.820513 4248.205128 4210.769231 4258.974359 4207.179487
4246.153846 4248.205128 4242.564103 4257.435897 4229.230769 4283.589744 4239.487179 4254.871795 4352.307692 4230.769231 4251.282051 4205.128205 4267.692308 4207.692308
4236.410256 4241.538462 4232.820513 4250.769231 4224.615385 4279.487179 4231.794872 4250.769231 4293.333333 4229.230769 4242.051282 4196.410256 4251.282051 4207.179487
4235.897436 4244.615385 4241.025641 4255.897436 4232.307692 4277.435897 4235.384615 4257.948718 4341.538462 4232.307692 4243.076923 4204.102564 4260.512821 4214.871795
4247.692308 4253.333333 4249.230769 4269.230769 4228.717949 4278.461538 4237.435897 4255.897436 4349.743590 4232.820513 4257.948718 4212.307692 4273.846154 4212.820513
4251.794872 4250.769231 4246.666667 4266.666667 4230.256410 4272.820513 4235.897436 4259.487179 4380.000000 4232.307692 4262.564103 4216.923077 4276.923077 4209.230769
4252.820513 4248.205128 4251.794872 4263.589744 4229.230769 4270.256410 4237.948718 4256.410256 4381.025641 4227.692308 4263.589744 4211.794872 4282.564103 4201.025641
4245.641026 4241.538462 4249.743590 4261.025641 4226.153846 4264.615385 4233.846154 4251.794872 4314.358974 4229.230769 4255.897436 4205.641026 4269.230769 4198.461538
4244.615385 4242.564103 4246.153846 4261.025641 4231.282051 4266.153846 4232.307692 4253.846154 4341.025641 4233.333333 4249.743590 4205.128205 4265.641026 4193.846154
4244.102564 4241.538462 4240.512821 4256.410256 4226.153846 4269.743590 4228.717949 4247.692308 4297.435897 4229.743590 4246.666667 4201.538462 4251.282051 4182.051282
4236.923077 4230.256410 4238.461538 4244.102564 4229.743590 4263.076923 4226.153846 4253.333333 4280.512821 4230.256410 4237.435897 4204.615385 4241.025641 4187.179487
4243.076923 4235.384615 4245.641026 4251.794872 4232.820513 4263.589744 4230.256410 4252.820513 4310.256410 4230.769231 4242.051282 4204.615385 4252.307692 4191.282051
4243.589744 4241.538462 4243.589744 4259.487179 4228.717949 4262.564103 4232.307692 4249.743590 4289.743590 4232.307692 4247.692308 4203.076923 4247.179487 4192.820513
4243.076923 4242.564103 4244.615385 4257.948718 4232.307692 4264.102564 4235.384615 4255.897436 4344.615385 4232.307692 4251.794872 4208.717949 4262.051282 4196.410256
4246.666667 4240.000000 4244.102564 4255.384615 4227.179487 4271.282051 4235.897436 4249.743590 4322.051282 4227.692308 4255.897436 4203.589744 4264.615385 4190.769231
4247.692308 4231.282051 4241.538462 4250.256410 4228.205128 4269.230769 4238.974359 4253.333333 4321.025641 4233.333333 4249.230769 4204.102564 4251.282051 4195.897436
4256.410256 4233.333333 4250.769231 4256.923077 4229.743590 4269.743590 4241.025641 4252.307692 4355.384615 4232.307692 4248.717949 4209.743590 4263.076923 4198.974359
4255.897436 4232.307692 4247.692308 4255.384615 4227.179487 4264.615385 4229.230769 4246.666667 4297.435897 4228.205128 4251.794872 4207.692308 4255.897436 4198.461538
4249.230769 4229.743590 4245.641026 4248.717949 4230.769231 4261.025641 4228.717949 4257.948718 4338.461538 4230.769231 4254.358974 4210.256410 4256.923077 4203.076923
4245.128205 4229.230769 4244.615385 4251.794872 4223.076923 4269.230769 4235.384615 4253.333333 4323.076923 4228.205128 4250.769231 4206.153846 4255.897436 4198.461538
4241.538462 4225.641026 4240.512821 4248.205128 4225.128205 4268.205128 4234.871795 4249.230769 4283.589744 4229.743590 4237.435897 4204.615385 4243.589744 4203.589744
4252.307692 4234.871795 4249.230769 4253.846154 4229.230769 4267.692308 4237.948718 4255.897436 4331.794872 4231.282051 4241.538462 4209.230769 4256.923077 4207.692308
4253.846154 4237.948718 4248.205128 4256.410256 4224.102564 4273.333333 4241.025641 4257.435897 4326.153846 4232.307692 4250.256410 4208.717949 4258.974359 4204.615385
4247.179487 4231.794872 4242.564103 4247.692308 4229.230769 4276.923077 4241.538462 4260.512821 4363.076923 4233.333333 4251.282051 4210.769231 4267.692308 4212.307692
4247.179487 4233.846154 4240.512821 4246.153846 4225.641026 4272.307692 4234.871795 4253.846154 4332.820513 4227.692308 4252.307692 4207.692308 4269.743590 4215.384615
4238.461538 4233.846154 4233.846154 4240.512821 4226.153846 4265.641026 4231.794872 4254.358974 4292.820513 4231.282051 4242.051282 4204.102564 4248.205128 4218.461538
4232.820513 4235.897436 4234.871795 4239.487179 4228.717949 4272.307692 4237.948718 4255.897436 4326.666667 4231.794872 4236.410256 4203.589744 4249.743590 4220.000000
4233.846154 4235.384615 4235.384615 4240.512821 4221.025641 4271.282051 4236.410256 4251.794872 4284.615385 4228.717949 4237.435897 4204.102564 4245.128205 4218.461538
4237.948718 4232.307692 4238.461538 4238.974359 4231.794872 4265.128205 4238.461538 4262.051282 4322.564103 4234.871795 4235.384615 4210.769231 4248.717949 4225.128205
4236.410256 4234.358974 4240.000000 4236.923077 4231.794872 4266.153846 4239.487179 4255.384615 4313.846154 4232.307692 4235.897436 4204.102564 4249.230769 4220.000000
4229.743590 4231.282051 4233.846154 4233.333333 4225.641026 4263.589744 4233.846154 4253.846154 4266.153846 4231.794872 4233.846154 4201.025641 4235.384615 4218.461538
4241.538462 4234.871795 4243.589744 4243.589744 4230.256410 4269.230769 4241.025641 4263.076923 4336.923077 4233.846154 4244.102564 4210.256410 4259.487179 4218.461538
4245.128205 4233.333333 4246.153846 4246.153846 4226.666667 4270.769231 4242.051282 4255.384615 4312.307692 4229.743590 4249.743590 4205.641026 4263.589744 4207.692308
4230.256410 4226.666667 4235.384615 4232.820513 4228.205128 4261.538462 4233.846154 4257.435897 4289.230769 4231.282051 4238.974359 4199.487179 4244.102564 4201.025641
4228.717949 4227.179487 4233.333333 4235.384615 4225.641026 4260.000000 4230.769231 4254.358974 4262.564103 4232.307692 4236.410256 4199.487179 4239.487179 4192.307692
4235.384615 4224.102564 4234.358974 4240.000000 4223.589744 4258.974359 4235.384615 4253.846154 4246.153846 4234.358974 4238.461538 4202.564103 4237.435897 4195.897436
4243.076923 4228.717949 4243.076923 4244.615385 4229.743590 4263.076923 4241.538462 4257.435897 4317.948718 4233.333333 4236.923077 4203.589744 4250.769231 4199.487179
4235.897436 4227.179487 4238.461538 4241.538462 4225.128205 4262.564103 4233.846154 4249.743590 4251.794872 4227.179487 4226.153846 4196.410256 4236.410256 4190.769231
4224.615385 4214.358974 4231.282051 4229.230769 4227.179487 4253.846154 4232.307692 4257.435897 4234.871795 4230.769231 4223.076923 4201.025641 4226.153846 4196.410256
4237.948718 4222.564103 4243.589744 4236.923077 4227.179487 4257.948718 4237.435897 4260.000000 4302.051282 4235.384615 4245.128205 4210.256410 4255.384615 4205.128205
4247.179487 4234.358974 4248.717949 4243.589744 4227.692308 4261.025641 4235.897436 4257.948718 4318.461538 4237.435897 4255.897436 4212.820513 4268.717949 4210.769231
4246.153846 4234.871795 4248.717949 4241.538462 4232.820513 4262.051282 4238.974359 4262.051282 4357.948718 4232.307692 4252.307692 4212.307692 4274.871795 4210.769231
4241.538462 4231.282051 4241.538462 4235.897436 4225.128205 4263.589744 4237.435897 4255.897436 4294.358974 4227.692308 4247.179487 4204.102564 4257.948718 4206.666667
4236.923077 4229.230769 4234.871795 4230.256410 4229.230769 4261.538462 4236.410256 4258.974359 4281.538462 4232.307692 4240.512821 4206.153846 4244.615385 4217.435897
4244.102564 4234.871795 4242.564103 4238.461538 4227.692308 4264.102564 4239.487179 4258.974359 4318.461538 4231.282051 4243.589744 4209.230769 4258.974359 4220.512821
4245.128205 4231.282051 4243.076923 4238.974359 4219.487179 4262.051282 4235.384615 4256.923077 4285.128205 4230.769231 4242.051282 4205.641026 4252.307692 4217.948718
4241.538462 4231.282051 4240.000000 4233.846154 4229.743590 4260.000000 4236.410256 4262.051282 4327.179487 4232.820513 4242.564103 4209.230769 4258.461538 4220.512821
4241.538462 4233.333333 4238.974359 4232.820513 4228.717949 4261.538462 4237.435897 4255.897436 4302.051282 4228.205128 4247.692308 4208.205128 4258.461538 4213.333333
4234.871795 4221.025641 4234.871795 4225.641026 4227.692308 4255.897436 4235.384615 4257.435897 4272.820513 4229.230769 4240.512821 4205.128205 4241.538462 4211.794872
4230.769231 4215.897436 4231.282051 4222.564103 4230.256410 4253.846154 4235.384615 4254.871795 4263.076923 4229.743590 4234.358974 4200.000000 4239.487179 4209.230769
4227.692308 4217.435897 4227.692308 4221.538462 4227.179487 4253.333333 4231.282051 4253.333333 4207.179487 4231.282051 4227.179487 4196.923077 4227.179487 4211.282051
4235.384615 4225.641026 4238.974359 4227.692308 4227.692308 4257.435897 4236.410256 4266.153846 4289.743590 4232.820513 4231.282051 4205.641026 4241.025641 4224.102564
4244.615385 4232.820513 4247.179487 4237.948718 4222.564103 4263.076923 4241.025641 4266.666667 4322.564103 4225.641026 4246.666667 4207.692308 4259.487179 4225.641026
4236.923077 4224.615385 4240.000000 4232.307692 4227.692308 4257.948718 4238.461538 4271.794872 4307.692308 4230.769231 4245.128205 4206.666667 4253.846154 4225.128205
4235.384615 4220.512821 4239.487179 4230.769231 4230.256410 4257.948718 4237.948718 4268.717949 4303.589744 4235.897436 4236.923077 4204.102564 4250.769231 4222.564103
4228.205128 4214.358974 4231.794872 4225.641026 4222.051282 4252.820513 4232.307692 4259.487179 4218.461538 4229.743590 4228.205128 4196.410256 4229.230769 4221.025641
4220.512821 4212.307692 4228.717949 4218.461538 4229.230769 4246.666667 4233.333333 4268.205128 4253.846154 4229.743590 4231.794872 4199.487179 4233.333333 4224.615385
4230.256410 4222.564103 4234.358974 4226.153846 4227.692308 4249.230769 4236.923077 4265.641026 4262.564103 4230.256410 4243.589744 4201.025641 4244.615385 4216.923077
4235.384615 4220.512821 4231.794872 4226.153846 4227.179487 4243.589744 4231.794872 4265.128205 4226.666667 4232.307692 4235.897436 4201.538462 4228.205128 4214.871795
4238.461538 4218.974359 4237.435897 4226.666667 4232.820513 4243.589744 4231.794872 4269.230769 4266.153846 4229.743590 4235.897436 4203.589744 4235.384615 4208.717949
4236.410256 4217.948718 4237.948718 4228.717949 4225.128205 4241.025641 4232.307692 4264.102564 4233.333333 4227.692308 4243.076923 4201.538462 4235.384615 4197.435897
4233.846154 4216.410256 4236.410256 4225.641026 4226.153846 4233.333333 4233.846154 4267.692308 4250.769231 4231.794872 4238.974359 4208.205128 4234.358974 4197.435897
4240.000000 4222.051282 4240.000000 4227.179487 4223.589744 4238.461538 4232.307692 4262.564103 4238.974359 4226.666667 4237.435897 4208.205128 4236.923077 4189.743590
4233.846154 4216.410256 4231.794872 4221.538462 4224.615385 4238.461538 4228.205128 4262.564103 4189.743590 4228.717949 4231.794872 4201.025641 4220.000000 4184.615385
4226.666667 4212.820513 4228.205128 4220.512821 4227.692308 4235.384615 4227.179487 4266.666667 4213.333333 4234.358974 4231.282051 4201.538462 4220.000000 4183.589744
4228.205128 4215.897436 4232.820513 4225.641026 4221.025641 4235.897436 4225.128205 4260.512821 4190.256410 4231.794872 4236.923077 4206.153846 4219.487179 4179.487179
4233.333333 4220.512821 4238.461538 4228.205128 4229.230769 4241.538462 4233.846154 4269.743590 4246.153846 4233.846154 4241.538462 4209.743590 4230.769231 4186.153846
4236.923077 4226.666667 4239.487179 4231.794872 4228.717949 4249.743590 4238.461538 4270.256410 4269.743590 4232.820513 4247.692308 4203.076923 4244.102564 4182.051282
4230.769231 4221.025641 4232.820513 4225.641026 4224.102564 4244.615385 4228.717949 4267.179487 4233.846154 4231.794872 4245.128205 4206.153846 4240.512821 4175.384615
4232.307692 4219.487179 4237.435897 4225.641026 4227.692308 4242.051282 4227.692308 4268.717949 4270.769231 4230.256410 4242.564103 4214.871795 4251.282051 4174.871795
4233.333333 4219.487179 4236.410256 4227.692308 4221.538462 4241.538462 4228.717949 4260.000000 4215.384615 4228.717949 4236.410256 4205.641026 4237.435897 4170.256410
4225.641026 4214.871795 4231.282051 4225.641026 4226.153846 4243.076923 4231.282051 4265.641026 4220.512821 4232.820513 4232.307692 4202.564103 4228.717949 4172.307692
4223.076923 4215.384615 4232.820513 4227.692308 4227.692308 4249.743590 4233.333333 4264.102564 4226.666667 4229.743590 4235.384615 4199.487179 4234.871795 4167.179487
4220.000000 4208.205128 4226.666667 4217.948718 4226.153846 4243.589744 4225.128205 4256.923077 4160.000000 4230.769231 4224.102564 4195.897436 4211.282051 4168.717949
4225.641026 4209.743590 4230.256410 4217.435897 4231.282051 4238.974359 4226.153846 4261.025641 4199.487179 4232.820513 4222.051282 4201.538462 4214.358974 4178.974359
4227.692308 4219.487179 4233.333333 4225.641026 4224.615385 4243.076923 4228.205128 4256.410256 4184.615385 4229.743590 4229.743590 4199.487179 4218.974359 4176.410256
4226.666667 4220.000000 4232.307692 4223.589744 4227.179487 4239.487179 4227.179487 4262.051282 4207.692308 4235.384615 4228.717949 4202.564103 4217.948718 4177.435897
4236.923077 4223.076923 4240.000000 4227.179487 4228.717949 4234.358974 4229.230769 4262.564103 4246.666667 4234.358974 4237.435897 4204.615385 4234.358974 4174.871795
4234.871795 4221.025641 4236.923077 4226.666667 4226.153846 4231.282051 4229.743590 4262.051282 4213.846154 4230.769231 4241.025641 4201.025641 4229.743590 4176.410256
4231.282051 4220.000000 4234.871795 4224.615385 4230.256410 4234.358974 4231.282051 4267.692308 4256.923077 4232.307692 4231.794872 4205.128205 4234.871795 4184.615385
4233.846154 4217.948718 4233.333333 4225.641026 4223.589744 4228.717949 4223.589744 4254.871795 4196.923077 4229.230769 4219.487179 4201.538462 4223.076923 4182.564103
4229.230769 4210.256410 4230.256410 4217.435897 4228.205128 4217.435897 4222.564103 4257.948718 4161.025641 4231.794872 4210.769231 4198.461538 4202.051282 4186.666667
4229.743590 4212.820513 4233.333333 4214.871795 4230.256410 4224.102564 4229.743590 4263.589744 4200.000000 4230.769231 4218.461538 4198.461538 4215.897436 4184.615385
4222.564103 4211.282051 4224.615385 4214.358974 4221.025641 4224.615385 4224.615385 4257.948718 4158.461538 4229.743590 4222.564103 4195.897436 4213.846154 4181.538462
4212.307692 4207.692308 4220.000000 4212.820513 4229.230769 4218.461538 4223.076923 4258.974359 4176.410256 4231.794872 4220.512821 4195.897436 4211.282051 4185.641026
4212.307692 4209.230769 4223.589744 4213.333333 4229.743590 4220.000000 4224.615385 4255.384615 4156.410256 4230.256410 4223.589744 4192.820513 4208.205128 4183.589744
4216.923077 4210.769231 4225.641026 4209.743590 4229.743590 4218.974359 4226.153846 4262.051282 4169.230769 4232.820513 4225.641026 4198.974359 4209.230769 4189.743590
4227.179487 4217.948718 4230.256410 4214.358974 4228.717949 4222.051282 4233.333333 4262.564103 4220.000000 4230.256410 4230.256410 4203.076923 4226.153846 4190.256410
4228.717949 4217.948718 4227.692308 4216.923077 4224.102564 4221.025641 4233.846154 4255.897436 4177.435897 4230.256410 4226.666667 4200.512821 4217.948718 4183.589744
4228.205128 4217.948718 4232.820513 4219.487179 4229.743590 4217.435897 4232.307692 4262.564103 4223.076923 4236.410256 4226.666667 4205.128205 4226.153846 4184.615385
4233.333333 4224.102564 4237.948718 4227.692308 4224.102564 4220.512821 4231.282051 4256.923077 4213.846154 4234.358974 4232.307692 4204.102564 4235.384615 4181.538462
4229.743590 4221.025641 4231.794872 4224.615385 4224.615385 4217.948718 4228.717949 4257.948718 4184.102564 4234.358974 4227.179487 4203.076923 4223.076923 4184.615385
4230.769231 4223.076923 4235.897436 4226.153846 4231.794872 4221.538462 4229.743590 4260.000000 4231.282051 4232.307692 4229.230769 4201.538462 4233.333333 4184.102564
4226.153846 4222.051282 4231.282051 4225.641026 4226.666667 4220.512821 4227.179487 4251.282051 4178.974359 4228.717949 4223.076923 4193.846154 4224.615385 4181.025641
4217.435897 4215.384615 4223.589744 4219.487179 4228.717949 4204.102564 4228.717949 4254.358974 4171.794872 4232.307692 4209.743590 4195.897436 4209.230769 4186.153846
4216.923077 4215.384615 4223.589744 4222.051282 4224.615385 4189.743590 4227.692308 4248.717949 4143.076923 4229.743590 4215.384615 4191.794872 4201.538462 4180.512821
4213.846154 4210.256410 4216.923077 4218.974359 4224.102564 4180.000000 4221.538462 4249.743590 4092.820513 4230.256410 4212.820513 4188.205128 4187.179487 4180.512821
4217.948718 4213.333333 4220.000000 4220.512821 4228.717949 4181.025641 4223.589744 4253.846154 4121.025641 4234.358974 4204.102564 4191.282051 4193.846154 4182.564103
4214.358974 4213.333333 4217.435897 4220.512821 4224.102564 4176.410256 4221.538462 4243.076923 4063.076923 4232.820513 4200.000000 4184.102564 4177.948718 4175.384615
4205.641026 4205.641026 4210.256410 4214.358974 4228.205128 4170.769231 4221.025641 4246.666667 4067.179487 4230.769231 4197.948718 4183.589744 4166.153846 4181.538462
4215.384615 4211.794872 4219.487179 4220.512821 4226.153846 4178.974359 4223.589744 4249.230769 4095.384615 4228.205128 4206.666667 4188.717949 4181.025641 4185.641026
4217.435897 4211.282051 4222.051282 4217.948718 4225.128205 4176.410256 4220.512821 4249.230769 4073.333333 4234.358974 4208.205128 4187.692308 4174.871795 4187.692308
4213.333333 4206.153846 4221.025641 4215.897436 4230.769231 4171.282051 4221.025641 4251.282051 4101.025641 4235.897436 4209.743590 4188.205128 4178.461538 4189.230769
4216.923077 4210.256410 4225.128205 4224.102564 4225.641026 4178.461538 4222.051282 4246.666667 4081.538462 4229.230769 4216.410256 4191.794872 4181.025641 4188.205128
4220.000000 4217.435897 4228.717949 4225.128205 4230.256410 4183.589744 4221.538462 4250.769231 4118.974359 4230.256410 4213.846154 4195.897436 4183.076923 4193.846154
4223.589744 4225.641026 4228.205128 4226.153846 4226.153846 4185.128205 4222.051282 4246.666667 4127.179487 4231.282051 4210.769231 4192.307692 4187.692308 4191.794872
4224.615385 4228.717949 4226.666667 4229.230769 4220.000000 4183.076923 4224.615385 4247.692308 4106.153846 4233.846154 4209.230769 4192.820513 4181.025641 4194.871795
4227.692308 4235.897436 4231.282051 4238.974359 4230.256410 4188.205128 4230.769231 4254.871795 4174.871795 4234.358974 4215.384615 4194.358974 4194.871795 4198.974359
4227.692308 4234.358974 4225.641026 4237.435897 4226.153846 4186.666667 4224.615385 4246.153846 4130.256410 4228.717949 4220.000000 4190.769231 4188.717949 4194.358974
4228.205128 4229.743590 4225.128205 4229.743590 4226.153846 4178.461538 4225.128205 4252.820513 4141.025641 4233.846154 4222.564103 4197.948718 4188.717949 4203.589744
4231.282051 4236.410256 4232.307692 4239.487179 4230.256410 4186.666667 4233.846154 4257.435897 4189.743590 4233.333333 4231.282051 4195.897436 4210.256410 4204.615385
4218.461538 4231.794872 4218.974359 4234.871795 4228.717949 4192.307692 4228.717949 4251.282051 4137.948718 4229.230769 4224.102564 4187.179487 4194.871795 4201.538462
4214.358974 4228.205128 4217.435897 4226.153846 4230.256410 4191.282051 4228.717949 4251.282051 4163.589744 4229.230769 4215.384615 4191.794872 4190.769231 4207.692308
4223.076923 4234.358974 4227.179487 4237.435897 4224.615385 4195.384615 4232.307692 4248.205128 4154.871795 4229.230769 4217.948718 4191.282051 4194.358974 4208.717949
4223.589744 4236.923077 4228.717949 4245.128205 4228.205128 4198.974359 4233.333333 4259.487179 4189.743590 4231.794872 4223.076923 4193.846154 4202.564103 4212.307692
4225.128205 4236.410256 4227.179487 4243.076923 4225.641026 4205.641026 4233.846154 4257.435897 4227.179487 4227.692308 4231.794872 4193.846154 4225.128205 4206.153846
4212.820513 4221.025641 4216.923077 4227.692308 4221.025641 4201.025641 4229.230769 4248.205128 4141.025641 4229.230769 4223.076923 4186.666667 4206.666667 4201.538462
4207.692308 4213.846154 4220.000000 4225.128205 4230.769231 4198.461538 4232.820513 4256.923077 4162.051282 4233.846154 4215.384615 4190.256410 4194.871795 4207.179487
4214.871795 4221.025641 4226.153846 4234.871795 4224.615385 4199.487179 4231.282051 4250.769231 4159.487179 4227.692308 4220.512821 4190.769231 4193.846154 4202.564103
4211.794872 4217.435897 4217.435897 4231.794872 4224.102564 4191.794872 4224.615385 4250.256410 4139.487179 4230.256410 4214.358974 4188.205128 4186.666667 4204.102564
4216.410256 4216.923077 4222.051282 4235.897436 4229.743590 4194.871795 4231.282051 4257.435897 4180.000000 4234.871795 4218.974359 4190.769231 4201.025641 4206.666667
4221.538462 4216.410256 4226.666667 4237.948718 4225.641026 4194.358974 4235.384615 4257.435897 4161.538462 4232.307692 4222.564103 4191.794872 4203.076923 4206.666667
4224.102564 4214.871795 4228.205128 4234.358974 4228.205128 4189.743590 4231.282051 4258.461538 4198.974359 4230.769231 4216.923077 4192.820513 4211.282051 4213.333333
4228.205128 4218.974359 4234.358974 4239.487179 4222.051282 4189.230769 4224.615385 4247.692308 4178.974359 4228.717949 4219.487179 4190.256410 4215.384615 4209.230769
4222.564103 4217.948718 4230.769231 4236.923077 4224.102564 4185.128205 4224.615385 4248.205128 4155.897436 4231.282051 4217.435897 4192.307692 4204.102564 4208.205128
4223.589744 4227.692308 4228.717949 4235.384615 4228.717949 4193.333333 4228.205128 4253.333333 4208.717949 4230.769231 4217.435897 4193.846154 4216.410256 4208.205128
4230.769231 4237.435897 4228.205128 4240.000000 4222.051282 4201.538462 4225.641026 4249.230769 4187.179487 4230.769231 4223.589744 4192.307692 4219.487179 4204.615385
4233.846154 4236.923077 4235.384615 4245.641026 4229.230769 4202.564103 4229.230769 4255.897436 4237.435897 4234.358974 4229.230769 4200.512821 4232.820513 4208.205128
4234.871795 4237.948718 4242.051282 4250.256410 4227.179487 4202.564103 4227.692308 4252.307692 4244.615385 4228.717949 4232.820513 4199.487179 4244.102564 4204.102564
4231.794872 4234.358974 4235.897436 4240.512821 4222.051282 4193.846154 4220.000000 4250.256410 4206.666667 4230.769231 4229.230769 4196.410256 4229.230769 4205.128205
4234.358974 4235.897436 4237.948718 4236.410256 4226.666667 4192.307692 4226.153846 4251.794872 4241.025641 4235.384615 4233.333333 4201.025641 4237.435897 4204.102564
4230.256410 4233.333333 4234.358974 4237.948718 4223.589744 4198.461538 4227.692308 4247.179487 4205.641026 4231.794872 4234.871795 4195.897436 4237.948718 4200.000000
4223.589744 4229.230769 4229.230769 4235.897436 4228.205128 4202.051282 4225.128205 4254.871795 4229.230769 4230.256410 4232.307692 4193.846154 4236.410256 4204.615385
4227.179487 4232.820513 4232.307692 4242.564103 4227.692308 4198.974359 4226.666667 4249.743590 4227.692308 4227.692308 4234.871795 4193.846154 4236.923077 4198.461538
4224.615385 4227.179487 4231.282051 4238.974359 4228.205128 4187.692308 4225.641026 4247.179487 4185.641026 4233.333333 4229.230769 4193.333333 4223.076923 4196.410256
4226.153846 4225.128205 4233.333333 4233.333333 4232.820513 4192.307692 4225.641026 4251.794872 4225.641026 4234.871795 4225.128205 4194.358974 4233.846154 4198.974359
4223.589744 4227.179487 4226.153846 4234.358974 4225.128205 4200.000000 4223.076923 4246.153846 4175.897436 4230.256410 4224.102564 4189.230769 4228.205128 4194.358974
4215.384615 4222.564103 4218.974359 4231.282051 4229.230769 4193.333333 4225.128205 4250.769231 4177.435897 4233.333333 4215.384615 4189.230769 4216.923077 4197.435897
4221.025641 4223.589744 4224.102564 4231.282051 4226.666667 4193.333333 4225.128205 4245.641026 4188.205128 4230.769231 4215.384615 4187.179487 4221.025641 4197.948718
4220.512821 4221.538462 4218.974359 4228.205128 4224.102564 4193.846154 4218.974359 4239.487179 4141.538462 4229.743590 4213.846154 4185.641026 4208.717949 4201.538462
4221.025641 4226.153846 4221.025641 4233.333333 4232.307692 4195.384615 4223.076923 4246.153846 4192.307692 4234.358974 4213.333333 4193.333333 4216.410256 4204.102564
4230.769231 4236.410256 4230.256410 4242.051282 4227.179487 4204.102564 4226.153846 4246.666667 4207.179487 4233.846154 4216.923077 4196.410256 4224.615385 4200.512821
4237.948718 4238.974359 4237.948718 4244.615385 4228.205128 4209.743590 4226.666667 4252.820513 4263.076923 4235.384615 4224.102564 4202.564103 4239.487179 4211.282051
4242.051282 4237.948718 4243.076923 4250.256410 4228.717949 4209.230769 4228.717949 4248.205128 4292.820513 4232.820513 4238.974359 4203.076923 4261.538462 4212.820513
4236.923077 4231.794872 4235.384615 4240.000000 4226.666667 4198.461538 4223.589744 4245.128205 4233.333333 4234.358974 4237.435897 4198.461538 4249.743590 4209.230769
4240.000000 4235.384615 4237.948718 4234.871795 4232.307692 4200.000000 4227.179487 4254.358974 4282.051282 4237.435897 4238.974359 4202.051282 4254.358974 4214.871795
4243.589744 4242.051282 4243.076923 4244.615385 4223.589744 4210.256410 4231.794872 4249.230769 4283.589744 4231.282051 4252.307692 4201.025641 4260.000000 4211.794872
4231.282051 4235.384615 4235.897436 4238.974359 4224.615385 4205.641026 4231.794872 4250.769231 4272.307692 4230.769231 4245.641026 4200.512821 4253.846154 4213.333333
4226.666667 4233.333333 4236.410256 4231.282051 4230.256410 4201.538462 4228.205128 4250.769231 4258.461538 4230.769231 4235.384615 4197.948718 4252.307692 4212.820513
4225.128205 4233.846154 4233.846154 4227.179487 4227.179487 4197.435897 4223.076923 4247.692308 4198.974359 4231.282051 4230.769231 4193.333333 4234.358974 4210.769231
4222.564103 4236.923077 4232.820513 4229.230769 4229.230769 4196.410256 4227.179487 4251.282051 4246.666667 4233.846154 4230.769231 4194.871795 4241.025641 4213.333333
4222.564103 4238.461538 4229.230769 4230.256410 4224.102564 4200.000000 4224.102564 4242.564103 4211.794872 4230.769231 4230.256410 4190.256410 4240.000000 4211.794872
4218.461538 4230.256410 4224.615385 4223.076923 4229.230769 4204.615385 4220.000000 4250.769231 4193.846154 4232.820513 4228.205128 4193.333333 4228.717949 4217.948718
4219.487179 4230.769231 4229.230769 4225.641026 4233.333333 4214.871795 4227.692308 4253.846154 4247.692308 4232.307692 4233.333333 4195.897436 4241.538462 4215.384615
4216.410256 4229.230769 4225.128205 4225.128205 4223.076923 4211.282051 4225.128205 4242.051282 4196.923077 4231.794872 4229.743590 4190.769231 4229.230769 4212.307692
4215.897436 4228.717949 4223.589744 4224.102564 4227.692308 4209.743590 4220.000000 4248.205128 4225.128205 4232.820513 4225.641026 4192.307692 4227.179487 4217.948718
4214.871795 4230.256410 4221.025641 4227.179487 4227.179487 4217.435897 4220.512821 4243.076923 4213.846154 4228.205128 4225.128205 4187.179487 4229.743590 4216.923077
4209.230769 4223.589744 4215.897436 4219.487179 4226.153846 4212.307692 4222.564103 4242.564103 4184.615385 4232.307692 4217.948718 4187.692308 4217.435897 4228.717949
4219.487179 4227.179487 4226.153846 4221.538462 4228.205128 4210.256410 4225.128205 4247.692308 4236.410256 4232.307692 4227.179487 4195.384615 4231.282051 4234.871795
4221.025641 4226.153846 4225.641026 4223.076923 4224.102564 4208.205128 4221.538462 4240.512821 4195.384615 4228.205128 4228.717949 4190.256410 4226.666667 4227.692308
4215.897436 4221.538462 4225.128205 4221.025641 4227.692308 4202.051282 4222.051282 4244.615385 4209.230769 4234.358974 4218.461538 4191.794872 4221.025641 4235.384615
4224.102564 4231.794872 4236.923077 4229.230769 4224.102564 4204.102564 4222.051282 4245.641026 4232.820513 4234.871795 4229.743590 4196.923077 4235.897436 4242.051282
4224.615385 4233.333333 4234.358974 4226.153846 4228.205128 4204.102564 4222.051282 4247.692308 4244.102564 4233.333333 4243.076923 4200.512821 4247.179487 4246.153846
4227.179487 4230.256410 4230.256410 4221.538462 4235.897436 4205.128205 4229.230769 4248.717949 4286.666667 4231.794872 4248.205128 4204.102564 4263.076923 4246.666667
4232.307692 4230.256410 4230.769231 4225.128205 4225.641026 4205.641026 4227.179487 4245.641026 4251.282051 4231.282051 4247.179487 4202.051282 4255.897436 4246.153846
4235.384615 4233.846154 4235.897436 4229.230769 4228.717949 4208.205128 4224.615385 4252.820513 4291.282051 4234.358974 4239.487179 4204.102564 4258.461538 4254.871795
4239.487179 4236.410256 4239.487179 4232.307692 4229.230769 4213.846154 4228.717949 4246.666667 4293.846154 4230.256410 4238.461538 4202.564103 4265.128205 4253.846154
4231.794872 4227.692308 4232.307692 4222.051282 4228.205128 4206.153846 4229.230769 4243.076923 4252.820513 4230.256410 4238.974359 4199.487179 4250.256410 4256.923077
4232.820513 4231.794872 4233.846154 4222.051282 4232.307692 4202.051282 4230.256410 4247.692308 4296.923077 4232.307692 4245.641026 4202.564103 4259.487179 4262.051282
4241.025641 4240.512821 4236.923077 4231.794872 4227.179487 4203.589744 4225.641026 4246.153846 4272.307692 4231.794872 4248.205128 4203.076923 4261.025641 4257.435897
4244.615385 4238.461538 4240.000000 4232.307692 4230.769231 4206.666667 4229.230769 4253.333333 4308.205128 4233.333333 4245.641026 4203.589744 4262.564103 4258.461538
4243.076923 4240.512821 4243.589744 4233.846154 4228.717949 4213.846154 4234.358974 4247.692308 4313.846154 4229.230769 4247.179487 4197.948718 4270.769231 4255.897436
4232.307692 4236.923077 4235.384615 4231.282051 4225.641026 4203.589744 4223.076923 4243.076923 4246.153846 4229.743590 4237.435897 4196.410256 4253.846154 4256.410256
4230.256410 4232.307692 4234.358974 4230.769231 4229.743590 4197.948718 4220.512821 4247.692308 4274.358974 4231.794872 4231.282051 4200.512821 4255.384615 4252.820513
4230.256410 4226.666667 4230.769231 4224.615385 4225.128205 4203.589744 4224.102564 4243.076923 4231.794872 4230.256410 4231.282051 4194.871795 4247.179487 4243.076923
4222.564103 4222.051282 4226.153846 4215.897436 4230.256410 4200.000000 4225.641026 4252.307692 4233.333333 4235.384615 4228.717949 4196.923077 4237.435897 4249.230769
4225.641026 4232.820513 4235.384615 4227.179487 4228.205128 4202.564103 4227.692308 4252.820513 4266.666667 4232.307692 4234.871795 4198.974359 4249.743590 4248.717949
4228.717949 4233.846154 4233.846154 4228.205128 4223.589744 4205.641026 4228.717949 4245.128205 4231.282051 4230.256410 4232.820513 4195.384615 4243.076923 4244.615385
4229.743590 4229.743590 4232.307692 4221.025641 4232.307692 4206.153846 4232.307692 4249.230769 4265.128205 4233.333333 4231.282051 4199.487179 4247.692308 4248.717949
4227.692308 4228.205128 4230.769231 4220.512821 4227.692308 4206.153846 4229.230769 4246.153846 4229.230769 4230.769231 4232.307692 4197.948718 4242.564103 4248.717949
4216.923077 4221.025641 4224.102564 4215.897436 4227.692308 4208.717949 4228.205128 4250.769231 4221.538462 4232.307692 4224.615385 4195.384615 4230.256410 4253.333333
4214.871795 4216.410256 4223.076923 4211.794872 4227.692308 4213.846154 4229.230769 4248.205128 4229.230769 4230.769231 4225.128205 4189.230769 4234.871795 4251.282051
4210.769231 4210.769231 4215.384615 4203.589744 4224.615385 4206.666667 4223.076923 4242.564103 4164.102564 4229.230769 4224.102564 4185.128205 4217.948718 4252.307692
4210.256410 4213.846154 4215.384615 4203.589744 4229.743590 4208.205128 4227.692308 4249.743590 4215.384615 4232.307692 4223.589744 4194.358974 4219.487179 4261.025641
4216.923077 4221.538462 4220.512821 4213.333333 4222.564103 4213.333333 4228.717949 4244.615385 4213.846154 4230.256410 4226.666667 4191.794872 4229.230769 4258.461538
4221.025641 4224.102564 4225.128205 4216.923077 4225.641026 4205.128205 4225.128205 4247.692308 4218.974359 4233.846154 4226.153846 4191.282051 4231.282051 4265.641026
4233.333333 4235.384615 4237.435897 4224.615385 4229.743590 4210.256410 4229.230769 4250.769231 4284.102564 4234.871795 4234.871795 4200.000000 4249.743590 4267.692308
4233.333333 4236.410256 4236.410256 4222.564103 4223.076923 4212.820513 4227.692308 4245.641026 4249.230769 4230.256410 4236.923077 4197.435897 4243.076923 4260.000000
4226.666667 4230.256410 4234.358974 4216.923077 4229.743590 4205.641026 4230.256410 4251.794872 4270.256410 4229.743590 4233.333333 4195.384615 4244.102564 4265.128205
4225.641026 4229.230769 4233.846154 4220.000000 4226.153846 4208.717949 4231.282051 4247.179487 4248.205128 4227.179487 4233.333333 4193.333333 4244.615385 4265.128205
4220.512821 4223.589744 4226.666667 4215.897436 4224.615385 4212.307692 4226.666667 4246.666667 4217.435897 4232.307692 4223.589744 4194.358974 4228.205128 4266.153846
4224.615385 4227.179487 4231.282051 4220.000000 4230.256410 4214.358974 4226.666667 4245.128205 4249.230769 4233.846154 4222.051282 4194.871795 4232.820513 4267.179487
4228.205128 4227.692308 4235.384615 4223.589744 4226.666667 4210.769231 4223.589744 4237.435897 4213.846154 4230.256410 4226.666667 4195.384615 4226.666667 4268.205128
4231.282051 4225.641026 4239.487179 4221.025641 4229.743590 4210.256410 4222.564103 4246.666667 4255.384615 4230.256410 4225.128205 4204.102564 4234.358974 4271.282051
4233.333333 4229.230769 4238.461538 4223.076923 4227.179487 4216.923077 4223.076923 4241.025641 4247.179487 4227.692308 4223.076923 4198.974359 4240.512821 4261.538462
4222.051282 4223.076923 4225.128205 4216.923077 4225.641026 4214.358974 4221.025641 4236.923077 4197.435897 4230.769231 4215.897436 4193.333333 4221.025641 4264.615385
4218.974359 4218.461538 4223.589744 4213.333333 4227.692308 4213.846154 4220.512821 4242.564103 4221.025641 4231.794872 4215.384615 4193.333333 4221.538462 4266.666667
4214.358974 4210.769231 4220.512821 4206.666667 4223.589744 4211.282051 4217.948718 4237.435897 4158.974359 4228.205128 4210.769231 4188.717949 4207.692308 4255.384615
4206.666667 4202.564103 4213.846154 4197.435897 4231.282051 4207.179487 4219.487179 4240.512821 4158.974359 4231.282051 4204.102564 4192.307692 4198.974359 4255.384615
4211.282051 4208.205128 4218.461538 4202.051282 4227.692308 4211.794872 4218.974359 4242.051282 4167.179487 4229.230769 4213.333333 4191.282051 4208.717949 4254.358974
4212.307692 4210.769231 4216.923077 4202.564103 4222.564103 4210.256410 4217.948718 4245.641026 4154.871795 4231.282051 4212.820513 4186.666667 4205.641026 4253.846154
4217.948718 4218.461538 4218.461538 4208.205128 4226.666667 4210.769231 4225.128205 4247.179487 4213.846154 4234.358974 4213.846154 4191.282051 4222.051282 4252.820513
4222.564103 4226.666667 4219.487179 4215.384615 4223.076923 4209.743590 4223.589744 4238.974359 4179.487179 4230.769231 4221.025641 4192.820513 4224.615385 4244.615385
4211.794872 4221.025641 4215.384615 4205.128205 4226.666667 4202.051282 4218.461538 4241.538462 4166.666667 4232.307692 4215.384615 4188.717949 4213.333333 4242.564103
4208.205128 4220.000000 4213.846154 4202.051282 4222.564103 4202.564103 4217.948718 4234.871795 4154.358974 4233.333333 4210.256410 4183.076923 4212.307692 4237.435897
4213.333333 4222.564103 4214.871795 4209.743590 4223.076923 4204.102564 4218.461538 4235.897436 4143.589744 4233.333333 4211.794872 4190.256410 4210.769231 4235.897436
4217.948718 4225.128205 4221.025641 4216.410256 4233.333333 4204.102564 4221.025641 4245.128205 4205.641026 4230.256410 4221.025641 4196.410256 4224.102564 4233.333333
4213.333333 4218.974359 4216.923077 4207.179487 4224.615385 4199.487179 4214.871795 4236.923077 4141.025641 4229.230769 4218.974359 4185.128205 4209.743590 4225.641026
4212.307692 4214.358974 4215.897436 4197.948718 4226.666667 4196.923077 4213.846154 4242.564103 4149.230769 4235.897436 4210.769231 4187.179487 4202.051282 4233.846154
4225.128205 4223.589744 4227.179487 4211.282051 4230.256410 4206.153846 4218.974359 4240.000000 4202.051282 4232.820513 4216.923077 4191.282051 4224.615385 4236.923077
4222.564103 4222.564103 4222.051282 4211.282051 4228.205128 4205.128205 4214.358974 4231.794872 4161.538462 4231.282051 4217.948718 4186.666667 4217.948718 4238.461538
4214.358974 4220.000000 4219.487179 4200.000000 4233.846154 4204.102564 4213.846154 4238.461538 4187.692308 4233.333333 4217.435897 4188.205128 4218.461538 4242.564103
4210.769231 4214.358974 4217.948718 4198.461538 4226.153846 4201.538462 4211.794872 4235.384615 4146.153846 4228.205128 4218.974359 4185.641026 4213.846154 4235.384615
4213.333333 4206.153846 4216.410256 4198.974359 4226.666667 4191.282051 4210.769231 4238.461538 4145.641026 4231.282051 4219.487179 4190.256410 4209.743590 4238.974359
4227.179487 4216.410256 4229.230769 4205.128205 4228.717949 4197.948718 4220.000000 4239.487179 4197.948718 4232.820513 4229.743590 4195.384615 4229.743590 4239.487179
4225.128205 4218.974359 4230.256410 4202.051282 4224.615385 4205.641026 4220.512821 4240.512821 4176.410256 4232.820513 4229.230769 4193.333333 4224.102564 4235.897436
4225.641026 4218.974359 4230.769231 4206.153846 4230.256410 4204.102564 4218.974359 4248.717949 4229.743590 4232.820513 4230.256410 4198.974359 4233.333333 4236.923077
4240.512821 4227.692308 4237.435897 4221.025641 4224.615385 4205.128205 4218.461538 4241.538462 4227.179487 4228.717949 4240.512821 4203.076923 4246.666667 4233.333333
4241.538462 4225.128205 4237.948718 4218.461538 4227.179487 4206.666667 4217.948718 4244.102564 4237.948718 4231.794872 4243.076923 4207.179487 4247.692308 4235.384615
4235.384615 4222.051282 4237.435897 4216.923077 4231.794872 4211.282051 4220.512821 4244.615385 4271.282051 4233.333333 4250.769231 4206.666667 4260.512821 4228.717949
4227.692308 4217.435897 4227.692308 4216.410256 4229.230769 4207.692308 4219.487179 4238.974359 4201.538462 4230.769231 4246.153846 4200.000000 4246.666667 4223.076923
4229.230769 4214.358974 4225.128205 4213.333333 4232.820513 4204.615385 4221.025641 4243.589744 4223.076923 4231.794872 4233.846154 4197.948718 4240.512821 4226.666667
4238.974359 4221.538462 4230.256410 4218.461538 4224.615385 4208.717949 4215.384615 4237.435897 4223.076923 4231.282051 4238.461538 4196.410256 4244.615385 4219.487179
4241.025641 4228.205128 4232.307692 4224.615385 4224.102564 4204.615385 4212.307692 4240.512821 4229.230769 4233.846154 4245.641026 4201.025641 4248.205128 4222.564103
4240.512821 4230.769231 4231.794872 4229.230769 4227.179487 4200.512821 4216.410256 4244.615385 4261.025641 4230.256410 4244.615385 4199.487179 4259.487179 4224.102564
4229.743590 4223.589744 4217.948718 4221.025641 4223.076923 4199.487179 4213.846154 4236.923077 4177.948718 4228.717949 4236.410256 4187.692308 4236.923077 4216.923077
4231.794872 4226.153846 4224.102564 4222.051282 4232.307692 4207.179487 4220.512821 4244.615385 4228.717949 4233.846154 4241.538462 4196.410256 4244.102564 4220.512821
4250.769231 4237.948718 4243.076923 4240.000000 4229.230769 4214.358974 4224.102564 4242.051282 4294.358974 4229.743590 4255.384615 4207.179487 4272.820513 4221.025641
4239.487179 4229.743590 4229.743590 4234.358974 4225.128205 4207.179487 4214.358974 4236.923077 4245.128205 4228.717949 4242.564103 4198.461538 4256.923077 4218.461538
4217.948718 4221.025641 4213.333333 4225.641026 4228.717949 4207.179487 4212.820513 4238.974359 4205.128205 4230.769231 4226.153846 4183.076923 4238.974359 4214.358974
4213.333333 4217.435897 4211.794872 4224.615385 4226.666667 4206.666667 4213.846154 4236.923077 4152.307692 4230.769231 4221.538462 4178.974359 4224.102564 4214.358974
4216.410256 4217.948718 4218.974359 4220.000000 4229.230769 4201.025641 4213.846154 4243.076923 4200.000000 4235.384615 4225.641026 4190.769231 4230.256410 4228.205128
4223.589744 4223.076923 4222.564103 4225.128205 4223.076923 4204.102564 4212.307692 4236.923077 4207.692308 4232.820513 4234.871795 4190.256410 4242.051282 4228.205128
4221.025641 4214.871795 4217.948718 4225.128205 4223.076923 4202.564103 4211.794872 4235.384615 4176.923077 4232.307692 4229.230769 4185.128205 4229.230769 4225.641026
4217.435897 4208.717949 4223.076923 4221.538462 4230.256410 4208.205128 4217.948718 4240.000000 4217.948718 4233.846154 4226.666667 4189.230769 4231.282051 4227.179487
4214.358974 4207.179487 4226.153846 4219.487179 4223.589744 4215.897436 4218.461538 4235.897436 4181.538462 4233.846154 4234.358974 4189.743590 4225.641026 4227.692308
4209.743590 4201.538462 4220.000000 4217.435897 4228.717949 4209.743590 4218.974359 4241.538462 4190.256410 4234.358974 4231.282051 4191.794872 4222.564103 4230.256410
4202.564103 4198.461538 4210.256410 4215.897436 4228.717949 4204.615385 4220.000000 4234.358974 4155.384615 4229.230769 4220.512821 4183.076923 4213.846154 4222.051282
4190.256410 4188.717949 4199.487179 4206.153846 4223.589744 4205.128205 4218.461538 4232.820513 4094.358974 4231.282051 4215.384615 4174.871795 4188.717949 4224.102564
4197.435897 4188.205128 4209.743590 4209.230769 4228.717949 4215.897436 4219.487179 4246.153846 4168.717949 4234.871795 4226.666667 4182.051282 4203.589744 4232.820513
4202.564103 4193.333333 4217.435897 4217.435897 4225.128205 4220.512821 4215.897436 4241.538462 4149.230769 4230.769231 4229.230769 4186.666667 4207.179487 4230.256410
4193.333333 4190.769231 4209.743590 4214.358974 4226.153846 4215.384615 4218.461538 4241.025641 4151.794872 4233.333333 4221.025641 4186.666667 4201.538462 4234.871795
4182.564103 4189.743590 4202.564103 4209.230769 4222.564103 4220.000000 4220.000000 4235.897436 4141.538462 4229.230769 4218.974359 4174.871795 4201.538462 4231.282051
4168.205128 4180.000000 4191.794872 4196.923077 4221.538462 4222.051282 4212.307692 4233.333333 4050.256410 4228.205128 4204.615385 4164.102564 4168.717949 4227.692308
4175.897436 4178.974359 4199.487179 4203.076923 4229.230769 4228.205128 4221.025641 4237.435897 4107.692308 4232.307692 4202.051282 4173.846154 4171.282051 4231.794872
4192.307692 4186.666667 4207.692308 4216.410256 4223.076923 4233.333333 4226.153846 4230.769231 4131.282051 4229.743590 4217.435897 4179.487179 4190.256410 4227.179487
4174.871795 4177.948718 4189.230769 4198.461538 4227.179487 4225.128205 4215.897436 4234.358974 4096.410256 4229.743590 4210.769231 4171.794872 4180.000000 4227.179487
