4230.769231 4214.358974 4204.102564 4221.025641 4228.717949 4216.410256 4222.051282 4217.435897 4221.538462 4227.692308 4266.666667 4188.717949 4242.051282 4503.076923
4232.307692 4224.102564 4211.282051 4229.743590 4222.564103 4218.974359 4235.897436 4234.358974 4232.307692 4226.666667 4270.769231 4185.128205 4244.102564 4496.923077
4237.948718 4222.564103 4212.820513 4228.717949 4224.615385 4224.102564 4248.205128 4238.461538 4241.025641 4223.076923 4272.820513 4190.256410 4247.179487 4491.282051
4235.384615 4219.487179 4209.743590 4227.179487 4225.641026 4220.512821 4242.564103 4235.897436 4249.230769 4225.641026 4269.743590 4184.615385 4246.666667 4486.666667
4229.230769 4216.410256 4205.641026 4223.076923 4224.615385 4215.897436 4228.717949 4233.333333 4246.666667 4229.230769 4266.666667 4177.948718 4242.564103 4477.948718
4222.564103 4212.307692 4200.512821 4216.410256 4224.615385 4217.435897 4227.179487 4228.717949 4229.743590 4227.179487 4269.230769 4176.410256 4241.025641 4467.692308
4217.948718 4209.743590 4195.897436 4216.410256 4221.538462 4217.435897 4232.307692 4222.564103 4217.948718 4228.717949 4265.641026 4170.769231 4234.358974 4461.538462
4205.128205 4191.282051 4181.025641 4203.076923 4224.615385 4217.435897 4225.128205 4216.923077 4205.128205 4233.333333 4240.000000 4164.102564 4198.974359 4453.333333
4181.538462 4166.666667 4159.487179 4176.923077 4224.615385 4213.846154 4210.769231 4210.769231 4185.128205 4230.769231 4216.923077 4145.128205 4169.230769 4441.538462
4185.641026 4173.333333 4163.589744 4176.410256 4223.589744 4212.307692 4212.820513 4215.897436 4190.256410 4227.692308 4228.205128 4146.666667 4184.615385 4442.564103
4211.794872 4201.538462 4182.564103 4198.974359 4225.641026 4215.897436 4226.153846 4227.179487 4220.000000 4227.692308 4252.307692 4165.128205 4213.333333 4448.205128
4220.000000 4208.205128 4186.666667 4208.205128 4226.666667 4215.384615 4227.692308 4224.615385 4228.205128 4229.230769 4257.435897 4161.538462 4218.974359 4440.512821
4217.948718 4204.615385 4190.769231 4209.230769 4229.743590 4213.333333 4222.051282 4218.461538 4223.076923 4232.820513 4256.410256 4162.051282 4220.512821 4431.282051
4216.923077 4205.641026 4192.307692 4209.230769 4227.179487 4209.743590 4222.564103 4222.564103 4224.102564 4231.282051 4256.410256 4163.589744 4227.179487 4429.743590
4218.461538 4204.615385 4194.358974 4209.230769 4224.102564 4212.820513 4232.307692 4232.307692 4225.641026 4224.615385 4254.871795 4165.641026 4229.743590 4424.615385
4226.666667 4212.820513 4203.076923 4218.461538 4226.153846 4217.435897 4238.974359 4240.512821 4234.871795 4225.641026 4257.948718 4171.794872 4229.230769 4416.923077
4226.666667 4216.410256 4195.384615 4220.000000 4224.615385 4212.820513 4230.769231 4236.410256 4233.846154 4230.256410 4255.384615 4161.538462 4223.589744 4410.256410
4213.846154 4190.769231 4180.000000 4202.564103 4226.153846 4209.230769 4222.564103 4214.358974 4204.102564 4227.179487 4244.615385 4155.384615 4211.282051 4405.128205
4214.358974 4184.102564 4183.076923 4197.435897 4225.641026 4204.615385 4225.128205 4212.820513 4201.538462 4225.128205 4246.153846 4156.923077 4208.717949 4404.102564
4232.307692 4213.846154 4196.410256 4216.923077 4225.128205 4200.000000 4228.205128 4237.948718 4231.794872 4231.282051 4261.025641 4166.666667 4225.641026 4407.692308
4235.897436 4220.000000 4197.435897 4219.487179 4225.128205 4203.589744 4223.589744 4231.282051 4220.512821 4235.384615 4264.102564 4180.000000 4238.461538 4406.153846
4218.974359 4194.358974 4183.076923 4200.512821 4220.000000 4200.512821 4205.128205 4200.000000 4184.615385 4228.205128 4245.128205 4170.256410 4217.435897 4400.000000
4209.743590 4190.256410 4175.384615 4195.897436 4226.153846 4196.410256 4195.897436 4191.282051 4184.615385 4224.102564 4232.307692 4168.205128 4192.820513 4403.589744
4220.512821 4208.717949 4187.179487 4211.282051 4230.256410 4202.564103 4221.538462 4207.179487 4206.666667 4226.153846 4250.769231 4179.487179 4213.846154 4411.794872
4226.153846 4206.666667 4194.871795 4213.846154 4223.589744 4205.128205 4236.923077 4219.487179 4213.846154 4224.615385 4259.487179 4182.564103 4231.282051 4414.871795
4216.923077 4189.743590 4183.589744 4203.589744 4226.666667 4201.025641 4216.410256 4217.435897 4209.230769 4225.128205 4236.410256 4184.102564 4212.307692 4416.410256
4211.794872 4190.769231 4180.000000 4203.589744 4230.256410 4198.974359 4209.230769 4209.743590 4201.025641 4226.666667 4224.102564 4183.589744 4203.589744 4416.923077
4216.923077 4200.512821 4189.230769 4207.692308 4226.666667 4200.000000 4221.538462 4205.128205 4197.435897 4226.666667 4232.307692 4193.333333 4215.384615 4415.897436
4223.589744 4203.589744 4194.871795 4211.794872 4224.615385 4200.000000 4226.153846 4218.461538 4213.846154 4226.666667 4240.000000 4193.333333 4226.666667 4413.846154
4224.102564 4203.076923 4196.923077 4211.794872 4225.641026 4202.564103 4219.487179 4227.692308 4228.205128 4226.666667 4240.000000 4182.564103 4227.692308 4407.179487
4228.717949 4207.179487 4204.102564 4212.307692 4228.205128 4204.615385 4225.128205 4224.615385 4225.128205 4228.205128 4236.410256 4191.794872 4221.538462 4403.076923
4241.538462 4213.846154 4214.871795 4223.589744 4224.102564 4205.641026 4239.487179 4229.743590 4226.666667 4226.153846 4246.153846 4195.897436 4231.282051 4401.025641
4240.000000 4212.820513 4214.358974 4225.641026 4222.564103 4211.794872 4233.846154 4232.820513 4226.666667 4224.102564 4251.794872 4189.230769 4244.102564 4394.871795
4221.025641 4204.102564 4200.000000 4211.282051 4225.641026 4209.743590 4221.025641 4229.743590 4214.358974 4226.153846 4234.358974 4182.051282 4227.692308 4385.128205
4212.307692 4193.333333 4189.230769 4195.897436 4225.641026 4203.589744 4215.897436 4221.538462 4201.538462 4225.128205 4218.974359 4175.897436 4209.743590 4375.384615
4215.897436 4185.128205 4190.256410 4191.282051 4225.641026 4203.589744 4213.846154 4205.641026 4192.820513 4225.128205 4221.025641 4176.923077 4211.794872 4366.666667
4215.384615 4194.871795 4192.820513 4207.179487 4221.025641 4204.615385 4226.153846 4207.179487 4196.410256 4227.179487 4227.179487 4172.307692 4224.102564 4364.615385
4215.384615 4207.692308 4191.282051 4221.025641 4222.051282 4209.230769 4233.846154 4219.487179 4209.230769 4227.692308 4226.666667 4173.846154 4229.743590 4369.230769
4220.512821 4206.153846 4192.820513 4211.794872 4228.205128 4209.743590 4224.615385 4216.410256 4211.282051 4227.179487 4224.102564 4175.897436 4222.051282 4367.692308
4225.641026 4205.641026 4197.948718 4210.256410 4225.128205 4207.179487 4226.153846 4216.410256 4213.333333 4226.666667 4227.179487 4172.820513 4220.512821 4362.564103
4225.128205 4207.179487 4197.435897 4217.435897 4224.102564 4208.717949 4230.769231 4225.128205 4221.538462 4225.128205 4228.205128 4174.358974 4227.179487 4361.538462
4211.794872 4196.923077 4184.102564 4204.102564 4223.076923 4207.179487 4220.512821 4218.461538 4214.871795 4224.615385 4222.051282 4155.384615 4223.589744 4358.974359
4202.564103 4182.564103 4175.897436 4186.153846 4225.128205 4206.153846 4222.051282 4208.205128 4196.923077 4227.179487 4215.897436 4143.589744 4211.794872 4352.820513
4213.333333 4187.692308 4182.051282 4195.897436 4229.743590 4209.230769 4234.358974 4214.358974 4197.948718 4227.179487 4221.025641 4157.435897 4220.512821 4355.897436
4217.948718 4194.871795 4181.538462 4203.076923 4226.153846 4207.179487 4225.128205 4211.794872 4202.564103 4225.128205 4225.641026 4150.769231 4229.230769 4363.076923
4209.743590 4187.692308 4173.333333 4193.333333 4227.179487 4208.717949 4216.923077 4196.923077 4193.333333 4228.205128 4218.974359 4144.102564 4212.820513 4364.102564
4211.282051 4191.794872 4174.358974 4201.538462 4226.666667 4213.846154 4230.769231 4217.435897 4198.461538 4229.743590 4219.487179 4145.641026 4211.794872 4367.692308
4218.461538 4196.923077 4177.948718 4208.205128 4222.564103 4211.794872 4235.384615 4242.564103 4212.820513 4225.128205 4225.128205 4142.564103 4223.589744 4372.820513
4214.871795 4186.153846 4174.871795 4195.897436 4226.666667 4209.230769 4226.666667 4230.256410 4212.820513 4225.128205 4223.589744 4141.025641 4218.974359 4370.256410
4212.307692 4183.076923 4173.333333 4196.410256 4226.666667 4210.769231 4228.717949 4221.538462 4209.230769 4227.692308 4223.589744 4135.897436 4212.307692 4366.666667
4221.025641 4193.846154 4177.948718 4207.179487 4223.589744 4213.333333 4236.410256 4230.256410 4218.461538 4226.153846 4224.102564 4142.051282 4211.794872 4369.743590
4225.128205 4200.000000 4176.923077 4207.692308 4224.102564 4214.358974 4235.897436 4227.692308 4225.128205 4224.102564 4225.128205 4145.641026 4217.948718 4369.230769
4218.974359 4195.897436 4172.820513 4203.076923 4226.153846 4212.307692 4231.282051 4221.025641 4215.897436 4226.666667 4230.769231 4145.128205 4223.589744 4363.589744
4214.358974 4192.307692 4173.333333 4200.000000 4228.205128 4210.769231 4225.128205 4218.974359 4211.794872 4226.153846 4230.256410 4150.256410 4215.897436 4362.564103
4221.538462 4202.564103 4174.871795 4208.205128 4227.179487 4206.666667 4225.128205 4215.897436 4220.000000 4225.641026 4232.307692 4140.000000 4208.717949 4362.051282
4233.333333 4212.820513 4181.538462 4219.487179 4229.743590 4210.769231 4233.333333 4219.487179 4223.076923 4229.743590 4243.589744 4138.461538 4216.923077 4360.512821
4229.230769 4207.179487 4182.564103 4214.358974 4226.153846 4216.923077 4237.435897 4221.025641 4215.384615 4228.717949 4248.205128 4138.461538 4223.589744 4361.025641
4218.461538 4201.025641 4171.282051 4206.153846 4222.564103 4215.384615 4230.769231 4217.435897 4211.794872 4230.769231 4244.615385 4128.205128 4221.025641 4364.615385
4221.025641 4205.128205 4165.641026 4206.666667 4227.692308 4216.410256 4220.000000 4211.282051 4207.692308 4234.871795 4244.102564 4125.641026 4216.410256 4367.692308
4231.282051 4213.333333 4172.820513 4215.384615 4223.076923 4217.948718 4226.666667 4215.384615 4204.615385 4229.230769 4255.897436 4123.589744 4225.128205 4375.897436
4238.974359 4219.487179 4182.051282 4225.128205 4222.564103 4220.000000 4244.102564 4231.794872 4216.923077 4226.666667 4268.717949 4133.333333 4238.974359 4390.256410
4237.435897 4217.435897 4177.435897 4222.564103 4228.205128 4221.025641 4242.051282 4231.282051 4226.153846 4230.256410 4266.153846 4138.461538 4231.794872 4393.846154
4227.179487 4209.230769 4167.179487 4211.794872 4223.589744 4217.435897 4227.692308 4218.974359 4217.435897 4227.692308 4254.871795 4126.153846 4214.358974 4395.897436
4223.589744 4206.153846 4165.128205 4210.256410 4223.076923 4216.923077 4230.256410 4226.153846 4213.846154 4225.641026 4255.897436 4127.179487 4213.846154 4407.179487
4231.282051 4210.769231 4170.769231 4217.948718 4223.076923 4219.487179 4245.641026 4236.410256 4223.589744 4228.205128 4268.717949 4125.128205 4225.641026 4413.846154
4230.256410 4207.179487 4170.256410 4215.384615 4223.076923 4220.000000 4241.025641 4220.000000 4215.384615 4227.179487 4268.205128 4120.000000 4218.974359 4417.435897
4223.589744 4204.615385 4169.743590 4212.307692 4227.692308 4218.461538 4229.230769 4217.948718 4209.230769 4227.179487 4258.461538 4128.205128 4207.179487 4429.743590
4231.794872 4217.435897 4179.487179 4224.102564 4224.615385 4220.512821 4235.384615 4238.974359 4229.230769 4226.153846 4263.589744 4139.487179 4217.435897 4445.128205
4238.974359 4221.538462 4181.538462 4224.615385 4225.641026 4224.615385 4235.897436 4227.179487 4227.179487 4224.102564 4269.230769 4145.128205 4229.743590 4455.897436
4231.282051 4209.743590 4170.256410 4211.794872 4228.205128 4221.025641 4224.615385 4208.205128 4209.230769 4225.128205 4261.025641 4133.333333 4227.692308 4467.179487
4230.769231 4207.179487 4170.256410 4210.769231 4226.666667 4216.410256 4223.076923 4220.000000 4214.358974 4225.641026 4253.846154 4132.307692 4219.487179 4475.897436
4244.615385 4221.025641 4178.974359 4223.589744 4226.153846 4217.948718 4233.846154 4230.769231 4227.179487 4225.128205 4264.102564 4147.179487 4225.128205 4472.307692
4245.641026 4225.128205 4178.461538 4226.666667 4225.128205 4223.589744 4236.410256 4230.256410 4228.205128 4226.666667 4274.358974 4150.256410 4236.410256 4462.564103
4235.384615 4210.256410 4172.820513 4215.897436 4226.153846 4225.641026 4230.769231 4230.256410 4224.102564 4228.717949 4268.205128 4155.384615 4230.769231 4457.948718
4235.897436 4208.717949 4168.717949 4215.897436 4225.641026 4221.025641 4229.230769 4227.692308 4221.538462 4227.179487 4260.512821 4157.435897 4222.564103 4458.461538
4237.948718 4215.897436 4163.589744 4220.000000 4225.128205 4220.512821 4226.153846 4224.102564 4218.974359 4226.666667 4257.435897 4154.871795 4222.051282 4457.435897
4231.282051 4210.769231 4162.564103 4215.897436 4225.128205 4223.589744 4226.153846 4229.743590 4219.487179 4228.205128 4256.923077 4157.435897 4220.000000 4456.410256
4230.256410 4204.102564 4160.000000 4210.769231 4223.076923 4220.512821 4230.769231 4233.333333 4225.128205 4226.153846 4258.974359 4155.897436 4217.948718 4457.948718
4232.820513 4207.179487 4161.025641 4209.743590 4228.205128 4217.435897 4229.743590 4228.205128 4227.692308 4223.076923 4259.487179 4158.974359 4222.564103 4464.102564
4229.743590 4207.692308 4160.512821 4209.230769 4227.692308 4217.435897 4225.128205 4228.205128 4218.461538 4225.128205 4255.897436 4149.230769 4220.512821 4476.410256
4230.769231 4201.538462 4158.461538 4205.641026 4223.076923 4220.000000 4227.179487 4225.641026 4206.666667 4230.256410 4255.897436 4139.487179 4211.282051 4489.743590
4223.076923 4206.666667 4164.102564 4210.769231 4224.102564 4225.641026 4230.256410 4220.000000 4212.820513 4226.153846 4258.974359 4151.794872 4211.794872 4497.435897
4194.871795 4215.897436 4164.615385 4218.461538 4223.589744 4221.025641 4223.076923 4218.974359 4220.000000 4224.615385 4260.000000 4150.769231 4211.282051 4505.128205
4182.051282 4214.358974 4162.051282 4213.333333 4226.666667 4216.410256 4215.897436 4220.000000 4217.435897 4234.358974 4268.205128 4152.820513 4213.333333 4518.461538
4196.923077 4220.000000 4168.205128 4216.410256 4227.179487 4219.487179 4223.076923 4226.153846 4221.538462 4233.333333 4287.692308 4162.051282 4230.256410 4532.820513
4199.487179 4228.205128 4174.358974 4226.666667 4223.076923 4220.512821 4230.256410 4231.794872 4228.717949 4223.076923 4291.794872 4154.871795 4233.846154 4544.615385
4191.282051 4218.461538 4170.256410 4221.025641 4226.666667 4221.025641 4231.794872 4232.820513 4232.307692 4225.641026 4281.538462 4155.384615 4217.435897 4559.487179
4192.307692 4212.820513 4164.615385 4213.846154 4224.615385 4219.487179 4234.358974 4232.820513 4235.384615 4229.230769 4284.615385 4156.923077 4219.487179 4569.743590
4187.692308 4212.307692 4162.564103 4208.717949 4222.051282 4218.974359 4229.230769 4222.051282 4229.230769 4226.666667 4287.692308 4156.923077 4217.948718 4576.410256
4174.871795 4198.461538 4152.820513 4194.871795 4225.641026 4217.948718 4218.974359 4213.846154 4219.487179 4225.641026 4277.435897 4153.846154 4193.846154 4581.025641
4174.358974 4192.820513 4149.230769 4192.307692 4225.128205 4219.487179 4216.923077 4223.589744 4222.564103 4224.102564 4282.051282 4156.923077 4196.410256 4584.102564
4194.358974 4217.948718 4169.743590 4218.974359 4225.128205 4226.666667 4226.153846 4234.358974 4243.589744 4224.615385 4305.128205 4175.897436 4226.666667 4597.948718
4204.102564 4236.923077 4184.102564 4236.923077 4224.102564 4228.717949 4236.410256 4237.948718 4258.974359 4225.128205 4316.410256 4177.435897 4238.461538 4610.769231
4184.615385 4209.743590 4162.564103 4211.282051 4223.589744 4222.564103 4220.512821 4225.128205 4236.923077 4222.051282 4298.974359 4167.692308 4215.897436 4609.230769
4167.179487 4187.179487 4144.615385 4188.717949 4224.102564 4216.923077 4200.512821 4211.794872 4213.846154 4224.102564 4286.153846 4164.615385 4200.512821 4610.769231
4183.589744 4209.743590 4161.025641 4208.205128 4224.615385 4218.461538 4210.256410 4224.615385 4230.769231 4227.692308 4307.692308 4169.743590 4225.128205 4626.666667
4198.461538 4222.051282 4172.820513 4223.589744 4229.743590 4223.076923 4220.000000 4229.743590 4240.000000 4224.615385 4317.948718 4179.487179 4237.948718 4636.410256
4177.948718 4191.282051 4152.307692 4197.435897 4228.205128 4219.487179 4202.564103 4208.717949 4215.384615 4220.000000 4289.230769 4168.717949 4202.051282 4629.743590
4155.897436 4157.948718 4131.794872 4166.153846 4225.128205 4213.846154 4189.230769 4195.897436 4194.871795 4224.102564 4262.564103 4160.000000 4165.641026 4627.692308
4151.282051 4150.769231 4127.179487 4160.000000 4226.153846 4210.256410 4187.692308 4190.769231 4182.051282 4227.692308 4265.641026 4163.589744 4165.641026 4631.794872
4152.820513 4161.538462 4129.743590 4167.179487 4223.589744 4208.205128 4184.102564 4184.102564 4172.820513 4224.102564 4278.974359 4162.564103 4180.512821 4636.410256
4148.717949 4161.538462 4129.743590 4164.615385 4225.128205 4210.769231 4178.461538 4175.384615 4164.615385 4223.076923 4272.820513 4165.641026 4168.205128 4636.923077
4131.282051 4137.948718 4112.820513 4145.128205 4223.076923 4208.205128 4170.769231 4161.025641 4138.461538 4227.179487 4255.384615 4153.333333 4136.923077 4629.743590
4124.615385 4127.692308 4103.076923 4135.384615 4223.076923 4205.641026 4172.307692 4160.512821 4123.589744 4227.179487 4250.256410 4147.692308 4123.076923 4630.256410
4138.974359 4143.076923 4112.820513 4148.717949 4229.230769 4207.179487 4180.000000 4173.846154 4141.025641 4224.102564 4264.102564 4165.641026 4143.589744 4641.025641
4152.307692 4155.897436 4122.564103 4162.564103 4225.128205 4206.666667 4179.487179 4174.871795 4155.897436 4226.666667 4283.076923 4171.282051 4175.897436 4650.256410
4159.487179 4166.666667 4131.282051 4168.205128 4223.589744 4207.692308 4174.871795 4170.256410 4167.179487 4230.256410 4287.179487 4178.461538 4186.153846 4650.769231
4169.230769 4182.564103 4144.102564 4180.512821 4225.641026 4207.692308 4180.512821 4187.179487 4189.743590 4228.205128 4293.333333 4185.641026 4197.435897 4647.692308
4173.333333 4174.871795 4147.179487 4181.025641 4224.615385 4207.179487 4190.256410 4198.974359 4192.820513 4226.666667 4304.102564 4177.948718 4208.205128 4642.051282
4168.205128 4157.435897 4133.846154 4165.641026 4225.641026 4211.794872 4193.333333 4186.666667 4178.461538 4225.128205 4296.410256 4170.769231 4191.282051 4632.820513
4164.102564 4163.076923 4131.794872 4169.743590 4223.076923 4212.820513 4192.820513 4188.205128 4182.051282 4224.615385 4286.666667 4167.692308 4180.000000 4626.666667
4162.564103 4170.769231 4143.589744 4181.025641 4224.615385 4211.282051 4193.846154 4206.666667 4192.307692 4230.256410 4295.384615 4172.307692 4197.948718 4625.641026
4156.410256 4163.589744 4136.923077 4172.307692 4227.692308 4212.307692 4195.897436 4204.615385 4185.641026 4232.307692 4301.025641 4165.641026 4201.025641 4622.564103
4148.717949 4156.923077 4118.974359 4157.948718 4225.128205 4212.307692 4187.179487 4174.358974 4167.179487 4227.692308 4282.051282 4155.384615 4173.333333 4616.923077
4150.256410 4156.410256 4118.974359 4154.871795 4224.102564 4209.230769 4171.282051 4157.435897 4155.384615 4225.128205 4271.282051 4166.153846 4165.128205 4623.076923
4158.974359 4163.589744 4134.871795 4164.102564 4221.025641 4206.153846 4172.307692 4170.256410 4164.102564 4227.692308 4288.717949 4174.358974 4188.717949 4640.512821
4164.102564 4172.820513 4143.076923 4168.205128 4223.076923 4208.717949 4182.051282 4176.410256 4170.256410 4233.333333 4296.410256 4181.538462 4196.923077 4652.820513
4160.000000 4173.333333 4136.923077 4164.102564 4226.666667 4209.743590 4178.974359 4168.717949 4162.051282 4233.333333 4281.025641 4176.923077 4186.153846 4653.846154
4154.871795 4168.717949 4132.820513 4165.128205 4225.641026 4204.102564 4169.743590 4163.589744 4155.897436 4226.666667 4269.230769 4163.076923 4178.461538 4648.205128
4167.692308 4173.846154 4145.641026 4173.846154 4226.666667 4204.102564 4176.923077 4170.256410 4169.230769 4222.564103 4273.333333 4171.794872 4181.538462 4645.128205
4185.128205 4186.666667 4161.538462 4181.538462 4226.666667 4209.743590 4196.410256 4190.256410 4192.307692 4224.102564 4287.692308 4178.461538 4201.025641 4645.128205
4178.461538 4184.102564 4162.051282 4178.974359 4228.717949 4213.846154 4192.820513 4189.230769 4191.282051 4227.179487 4286.666667 4173.333333 4206.153846 4641.538462
4160.000000 4170.769231 4150.769231 4170.256410 4226.153846 4208.717949 4173.846154 4172.307692 4169.743590 4227.692308 4266.153846 4162.564103 4181.538462 4638.974359
4163.589744 4170.256410 4148.717949 4168.205128 4217.948718 4204.102564 4176.410256 4170.769231 4160.000000 4223.076923 4263.076923 4154.358974 4180.000000 4642.051282
4175.384615 4180.000000 4162.564103 4177.435897 4224.615385 4211.794872 4190.256410 4177.948718 4169.230769 4223.589744 4277.948718 4164.615385 4202.564103 4647.179487
4168.205128 4179.487179 4165.641026 4181.538462 4227.692308 4215.897436 4191.282051 4181.025641 4175.384615 4227.179487 4271.794872 4160.000000 4198.974359 4646.666667
4162.051282 4169.743590 4157.435897 4173.333333 4223.589744 4211.282051 4182.564103 4172.820513 4166.153846 4226.153846 4252.307692 4148.717949 4178.974359 4641.025641
4168.717949 4169.743590 4160.000000 4175.384615 4225.641026 4210.769231 4176.923077 4164.615385 4161.538462 4226.666667 4252.820513 4149.230769 4182.051282 4638.974359
4164.615385 4169.230769 4158.974359 4177.435897 4225.128205 4209.743590 4177.948718 4169.743590 4165.128205 4226.153846 4253.333333 4143.589744 4185.641026 4638.461538
4156.410256 4162.051282 4150.769231 4167.179487 4224.102564 4210.769231 4183.076923 4174.871795 4164.102564 4224.615385 4240.000000 4144.102564 4174.358974 4632.307692
4169.230769 4171.794872 4161.538462 4178.461538 4221.538462 4215.384615 4192.820513 4181.538462 4173.846154 4225.641026 4247.692308 4145.641026 4190.769231 4624.102564
4181.025641 4185.128205 4178.974359 4194.871795 4223.589744 4215.897436 4195.384615 4191.794872 4185.128205 4226.666667 4265.641026 4152.820513 4210.256410 4622.564103
4170.769231 4171.282051 4171.282051 4179.487179 4226.666667 4214.358974 4193.333333 4191.282051 4177.948718 4226.666667 4254.871795 4158.461538 4195.384615 4616.410256
4162.051282 4157.435897 4152.820513 4163.589744 4224.102564 4212.820513 4192.820513 4186.666667 4171.282051 4226.666667 4237.435897 4145.128205 4181.025641 4603.076923
4167.179487 4168.717949 4156.923077 4173.846154 4226.666667 4215.897436 4186.666667 4186.666667 4177.948718 4226.666667 4240.000000 4147.179487 4189.230769 4603.076923
4179.487179 4189.230769 4176.923077 4192.820513 4226.153846 4218.974359 4200.000000 4193.333333 4194.358974 4226.666667 4252.820513 4160.512821 4206.153846 4603.076923
4189.230769 4191.794872 4184.615385 4195.384615 4221.538462 4217.948718 4215.384615 4196.410256 4204.615385 4227.179487 4256.410256 4165.641026 4217.948718 4592.307692
4185.641026 4178.974359 4175.897436 4182.051282 4222.051282 4216.410256 4199.487179 4184.102564 4192.820513 4225.641026 4248.205128 4166.666667 4213.333333 4584.615385
4180.000000 4180.512821 4170.256410 4183.076923 4221.538462 4215.897436 4187.692308 4176.410256 4178.461538 4225.128205 4243.589744 4159.487179 4200.512821 4587.179487
4189.743590 4196.923077 4177.435897 4196.923077 4224.102564 4221.025641 4194.358974 4184.102564 4180.000000 4229.743590 4245.641026 4162.564103 4202.051282 4588.717949
4194.871795 4195.384615 4179.487179 4195.384615 4224.102564 4220.512821 4199.487179 4182.564103 4175.384615 4228.205128 4241.538462 4163.076923 4207.692308 4580.512821
4188.717949 4183.076923 4172.820513 4185.128205 4223.076923 4215.897436 4201.538462 4176.923077 4168.717949 4225.128205 4236.410256 4159.487179 4204.615385 4572.820513
4194.358974 4187.179487 4180.512821 4191.794872 4226.153846 4220.512821 4205.641026 4201.025641 4185.641026 4228.205128 4248.205128 4169.743590 4215.897436 4568.717949
4203.589744 4198.461538 4192.820513 4202.051282 4224.615385 4221.538462 4206.666667 4227.179487 4201.025641 4228.717949 4260.000000 4170.769231 4233.846154 4569.743590
4201.538462 4197.435897 4192.820513 4201.538462 4223.589744 4219.487179 4206.666667 4220.000000 4195.384615 4227.179487 4253.846154 4171.794872 4229.230769 4570.256410
4198.461538 4195.384615 4190.256410 4204.615385 4224.102564 4218.461538 4208.205128 4215.384615 4196.923077 4223.076923 4248.205128 4177.948718 4218.461538 4568.205128
4204.615385 4196.923077 4196.410256 4210.256410 4221.538462 4220.512821 4213.846154 4229.743590 4212.307692 4221.538462 4251.794872 4178.461538 4218.974359 4569.230769
4205.128205 4196.923077 4195.897436 4204.615385 4224.102564 4222.564103 4218.974359 4228.205128 4208.717949 4223.589744 4253.333333 4181.538462 4223.589744 4572.307692
4191.282051 4193.846154 4180.000000 4193.333333 4221.538462 4214.871795 4205.641026 4205.128205 4186.153846 4226.666667 4247.692308 4173.846154 4221.538462 4570.769231
4200.000000 4185.641026 4175.897436 4188.717949 4221.025641 4210.256410 4191.282051 4195.897436 4183.589744 4233.333333 4237.948718 4173.333333 4208.205128 4563.076923
4236.923077 4189.230769 4190.769231 4196.410256 4227.692308 4213.333333 4199.487179 4205.128205 4201.025641 4233.333333 4237.435897 4181.538462 4208.717949 4555.384615
4250.256410 4200.000000 4197.435897 4202.564103 4227.179487 4214.358974 4206.666667 4211.282051 4201.025641 4223.589744 4240.512821 4179.487179 4221.538462 4552.307692
4239.487179 4195.897436 4193.333333 4196.923077 4226.153846 4211.282051 4208.205128 4210.769231 4187.179487 4222.051282 4227.692308 4183.076923 4211.282051 4554.358974
4241.025641 4195.384615 4195.384615 4194.871795 4224.615385 4208.205128 4206.666667 4210.256410 4187.692308 4226.666667 4225.641026 4183.589744 4208.205128 4551.282051
4244.615385 4195.384615 4196.923077 4193.846154 4225.128205 4207.179487 4193.846154 4201.025641 4186.666667 4225.641026 4234.871795 4186.666667 4222.564103 4546.153846
4237.435897 4188.717949 4192.820513 4189.230769 4226.153846 4205.641026 4197.435897 4200.512821 4182.564103 4224.615385 4232.307692 4193.846154 4221.538462 4550.256410
4234.358974 4188.205128 4195.897436 4190.256410 4221.538462 4205.128205 4209.743590 4222.564103 4196.410256 4226.153846 4238.461538 4190.769231 4226.153846 4550.256410
4234.871795 4192.820513 4200.512821 4191.794872 4222.564103 4206.666667 4196.923077 4224.615385 4208.205128 4226.666667 4249.230769 4195.897436 4238.974359 4545.128205
4237.435897 4192.820513 4200.000000 4191.282051 4222.051282 4204.615385 4189.230769 4213.333333 4206.153846 4229.230769 4233.846154 4194.358974 4222.051282 4546.666667
4248.205128 4195.897436 4212.820513 4199.487179 4222.051282 4208.717949 4210.256410 4220.000000 4209.743590 4228.205128 4217.948718 4192.307692 4207.179487 4553.846154
4250.769231 4200.512821 4220.000000 4206.666667 4225.128205 4214.358974 4216.923077 4215.384615 4209.743590 4223.589744 4231.794872 4198.974359 4227.692308 4556.410256
4245.128205 4201.538462 4211.282051 4204.102564 4223.589744 4209.743590 4201.538462 4202.051282 4201.538462 4227.179487 4238.974359 4195.897436 4236.410256 4557.948718
4251.794872 4206.153846 4214.358974 4204.615385 4226.666667 4212.307692 4203.589744 4209.230769 4207.179487 4233.846154 4227.179487 4200.000000 4221.025641 4564.102564
4250.256410 4202.564103 4216.410256 4201.538462 4227.692308 4217.435897 4210.769231 4215.897436 4208.717949 4230.256410 4224.102564 4196.923077 4218.974359 4567.179487
4229.743590 4181.538462 4201.538462 4185.641026 4224.102564 4211.794872 4195.897436 4201.025641 4183.076923 4226.153846 4214.871795 4186.666667 4210.769231 4564.102564
4228.717949 4183.076923 4204.102564 4191.794872 4224.102564 4211.282051 4192.307692 4201.025641 4174.871795 4227.179487 4208.205128 4192.307692 4198.974359 4563.589744
4246.666667 4207.692308 4219.487179 4213.333333 4220.512821 4215.897436 4212.820513 4215.897436 4191.794872 4227.179487 4221.538462 4195.897436 4212.307692 4565.641026
4239.487179 4199.487179 4211.282051 4198.974359 4222.564103 4214.871795 4210.769231 4204.102564 4184.615385 4229.743590 4220.000000 4193.846154 4209.230769 4573.333333
4225.128205 4183.076923 4199.487179 4186.666667 4226.153846 4211.794872 4195.897436 4204.102564 4181.025641 4230.256410 4216.410256 4186.153846 4197.435897 4577.948718
4237.948718 4202.564103 4215.897436 4210.256410 4224.615385 4214.871795 4213.333333 4233.846154 4209.230769 4226.666667 4247.179487 4186.666667 4224.102564 4577.435897
4252.820513 4216.923077 4231.794872 4216.923077 4223.589744 4220.000000 4227.179487 4236.923077 4226.666667 4223.589744 4265.128205 4192.307692 4243.589744 4584.102564
4253.846154 4213.846154 4230.256410 4208.717949 4220.000000 4218.974359 4215.897436 4218.461538 4222.564103 4227.692308 4253.846154 4186.153846 4233.846154 4597.948718
4252.820513 4217.948718 4231.282051 4215.384615 4222.564103 4216.923077 4205.128205 4210.256410 4212.820513 4233.333333 4250.256410 4191.282051 4226.666667 4604.102564
4255.897436 4223.589744 4232.820513 4218.461538 4224.102564 4215.897436 4204.615385 4210.769231 4208.717949 4230.256410 4254.871795 4194.871795 4228.205128 4606.153846
4261.538462 4223.589744 4237.948718 4215.897436 4219.487179 4219.487179 4211.794872 4222.564103 4223.076923 4228.205128 4258.461538 4192.307692 4235.384615 4614.871795
4259.487179 4221.538462 4244.615385 4216.410256 4224.102564 4222.051282 4220.000000 4230.769231 4228.717949 4231.282051 4253.846154 4196.923077 4233.333333 4616.923077
4245.128205 4208.205128 4231.794872 4208.205128 4226.153846 4215.897436 4213.333333 4211.282051 4203.076923 4230.769231 4239.487179 4185.128205 4216.410256 4611.794872
4242.564103 4202.051282 4224.102564 4202.051282 4224.102564 4212.820513 4201.025641 4193.846154 4184.102564 4226.666667 4233.846154 4180.000000 4208.717949 4613.846154
4249.743590 4216.410256 4237.435897 4210.769231 4224.615385 4218.461538 4209.743590 4203.076923 4190.769231 4226.666667 4241.025641 4184.102564 4216.923077 4624.102564
4246.666667 4217.435897 4242.564103 4210.769231 4225.128205 4217.948718 4214.358974 4204.102564 4189.743590 4225.128205 4238.974359 4178.461538 4211.282051 4636.410256
4248.717949 4209.230769 4240.512821 4205.128205 4226.666667 4214.358974 4203.589744 4197.948718 4183.589744 4224.102564 4237.435897 4186.153846 4204.615385 4648.205128
4262.564103 4224.615385 4253.333333 4220.512821 4222.051282 4214.871795 4219.487179 4218.461538 4204.615385 4228.717949 4258.461538 4194.871795 4228.205128 4661.025641
4264.615385 4232.307692 4260.512821 4228.205128 4221.538462 4219.487179 4238.974359 4240.000000 4230.256410 4224.615385 4273.333333 4200.000000 4242.051282 4668.717949
4249.743590 4218.461538 4248.205128 4215.384615 4225.128205 4219.487179 4230.769231 4231.794872 4222.051282 4221.025641 4265.641026 4198.974359 4229.743590 4665.641026
4244.102564 4220.000000 4244.102564 4213.333333 4223.589744 4215.384615 4221.025641 4213.333333 4206.153846 4225.641026 4257.948718 4186.153846 4221.538462 4661.025641
4246.666667 4221.538462 4249.743590 4211.282051 4226.666667 4217.435897 4220.000000 4206.153846 4207.692308 4227.692308 4254.871795 4193.846154 4215.384615 4665.128205
4248.205128 4210.769231 4246.153846 4205.128205 4224.615385 4216.410256 4218.974359 4206.666667 4212.820513 4223.589744 4255.384615 4200.512821 4211.794872 4668.717949
4256.410256 4216.410256 4247.692308 4212.307692 4221.025641 4213.333333 4215.384615 4210.769231 4213.846154 4224.102564 4264.102564 4196.923077 4219.487179 4671.794872
4266.153846 4235.384615 4262.051282 4225.128205 4224.615385 4216.410256 4218.461538 4227.179487 4233.846154 4226.153846 4280.000000 4202.051282 4232.307692 4678.974359
4264.615385 4242.051282 4266.666667 4232.820513 4224.102564 4217.948718 4226.153846 4234.871795 4252.307692 4228.205128 4290.769231 4204.615385 4241.538462 4685.641026
4265.128205 4235.897436 4263.589744 4236.923077 4224.615385 4217.435897 4230.769231 4225.128205 4246.153846 4234.358974 4288.717949 4207.179487 4241.025641 4687.179487
4276.410256 4241.025641 4271.794872 4242.051282 4223.076923 4215.897436 4234.358974 4235.384615 4250.769231 4230.769231 4289.743590 4207.692308 4244.102564 4689.230769
4281.538462 4252.307692 4278.461538 4244.615385 4220.000000 4217.435897 4234.871795 4247.179487 4264.615385 4223.076923 4295.384615 4212.820513 4253.333333 4692.820513
4272.307692 4244.615385 4269.230769 4236.923077 4225.128205 4217.948718 4224.615385 4227.179487 4249.230769 4228.205128 4288.717949 4213.333333 4246.153846 4690.769231
4253.846154 4221.025641 4251.794872 4216.410256 4225.641026 4213.333333 4212.307692 4205.128205 4211.794872 4228.205128 4272.820513 4195.384615 4217.435897 4683.589744
4232.307692 4198.974359 4232.307692 4194.871795 4224.615385 4210.256410 4210.769231 4201.538462 4186.153846 4224.102564 4252.307692 4186.666667 4187.179487 4680.512821
4217.948718 4188.717949 4217.948718 4185.641026 4223.589744 4209.230769 4210.256410 4203.076923 4183.076923 4226.666667 4237.435897 4179.487179 4177.435897 4676.923077
4229.743590 4196.923077 4228.205128 4194.871795 4222.564103 4214.358974 4212.307692 4206.153846 4195.897436 4228.205128 4246.666667 4180.512821 4189.230769 4673.333333
4260.512821 4223.589744 4258.461538 4222.564103 4221.538462 4221.025641 4223.076923 4216.410256 4220.512821 4224.615385 4276.923077 4204.102564 4221.025641 4679.487179
4281.025641 4249.230769 4275.384615 4243.589744 4220.512821 4220.512821 4230.256410 4232.307692 4248.717949 4223.589744 4301.538462 4214.358974 4256.923077 4685.641026
4277.948718 4251.282051 4272.307692 4238.461538 4226.153846 4220.512821 4228.205128 4235.384615 4258.461538 4225.641026 4304.615385 4217.435897 4261.538462 4684.102564
4263.589744 4236.410256 4262.564103 4225.641026 4224.615385 4221.025641 4226.153846 4222.564103 4242.564103 4227.179487 4289.743590 4209.743590 4238.461538 4678.974359
4260.000000 4229.743590 4258.974359 4223.589744 4218.461538 4220.512821 4228.717949 4227.692308 4234.358974 4228.717949 4281.025641 4198.461538 4230.256410 4675.897436
4268.205128 4238.974359 4264.102564 4227.179487 4225.641026 4222.051282 4233.333333 4245.128205 4244.615385 4229.230769 4288.205128 4204.102564 4241.025641 4677.435897
4268.205128 4244.615385 4260.512821 4229.743590 4226.666667 4222.564103 4237.948718 4243.076923 4248.205128 4227.692308 4289.230769 4201.025641 4240.000000 4675.897436
4266.666667 4243.589744 4255.897436 4230.769231 4224.102564 4225.641026 4237.948718 4235.384615 4245.128205 4230.769231 4283.076923 4201.538462 4241.538462 4669.230769
4264.102564 4242.564103 4255.897436 4229.743590 4225.128205 4226.666667 4234.358974 4231.794872 4240.512821 4231.282051 4284.102564 4199.487179 4246.153846 4663.076923
4253.846154 4232.820513 4247.179487 4221.025641 4224.615385 4223.589744 4226.153846 4225.641026 4230.769231 4227.179487 4276.410256 4186.666667 4229.743590 4657.435897
4256.410256 4229.230769 4247.179487 4216.410256 4225.128205 4224.615385 4220.000000 4225.641026 4235.897436 4225.641026 4270.769231 4196.410256 4223.076923 4660.000000
4269.743590 4243.589744 4254.871795 4226.666667 4221.025641 4223.589744 4222.051282 4229.743590 4248.205128 4227.692308 4284.102564 4202.051282 4242.564103 4665.641026
4263.076923 4243.589744 4246.666667 4227.179487 4222.564103 4226.153846 4223.076923 4218.974359 4235.897436 4232.307692 4277.948718 4190.256410 4228.205128 4661.538462
4251.794872 4230.256410 4236.410256 4218.461538 4228.205128 4229.230769 4220.512821 4214.358974 4220.512821 4232.820513 4264.102564 4182.051282 4209.743590 4655.384615
4256.923077 4229.743590 4240.000000 4222.051282 4222.051282 4225.641026 4222.051282 4228.717949 4226.153846 4228.717949 4278.461538 4180.000000 4233.333333 4654.871795
4262.051282 4235.897436 4244.615385 4228.205128 4222.051282 4225.641026 4227.179487 4235.384615 4240.000000 4226.153846 4281.025641 4184.615385 4232.307692 4655.897436
4267.179487 4247.179487 4249.743590 4237.948718 4229.230769 4231.282051 4238.974359 4241.025641 4253.846154 4228.205128 4275.384615 4181.025641 4222.564103 4653.333333
4273.846154 4253.846154 4256.410256 4247.179487 4229.743590 4232.307692 4238.461538 4242.564103 4253.333333 4230.769231 4287.179487 4180.512821 4242.564103 4649.743590
4271.282051 4239.487179 4253.846154 4240.512821 4227.692308 4227.692308 4228.717949 4232.307692 4236.410256 4229.230769 4288.205128 4184.102564 4244.102564 4645.128205
4268.717949 4229.743590 4252.307692 4234.358974 4224.615385 4225.128205 4228.717949 4230.769231 4236.410256 4226.153846 4280.512821 4177.435897 4237.948718 4637.435897
4270.256410 4240.000000 4256.923077 4240.512821 4224.102564 4228.205128 4225.128205 4232.820513 4246.666667 4225.641026 4276.923077 4175.384615 4241.538462 4627.692308
4265.128205 4242.564103 4254.358974 4240.512821 4224.102564 4230.256410 4221.538462 4229.743590 4241.538462 4228.717949 4272.307692 4172.820513 4234.358974 4610.256410
4260.000000 4228.205128 4250.256410 4229.743590 4225.641026 4228.205128 4222.051282 4222.051282 4226.153846 4229.230769 4271.794872 4172.820513 4227.692308 4595.384615
4263.076923 4226.666667 4248.717949 4229.230769 4227.179487 4226.666667 4215.384615 4213.333333 4225.641026 4226.153846 4274.358974 4174.871795 4232.820513 4586.153846
4260.000000 4232.307692 4246.153846 4230.256410 4222.564103 4225.641026 4214.358974 4217.948718 4230.769231 4227.179487 4270.256410 4165.641026 4230.769231 4571.282051
4255.384615 4230.769231 4249.743590 4228.717949 4224.615385 4229.230769 4227.179487 4230.769231 4229.230769 4233.846154 4272.820513 4167.692308 4229.230769 4551.794872
4259.487179 4238.974359 4254.871795 4236.410256 4224.615385 4230.769231 4231.794872 4233.846154 4235.897436 4230.256410 4281.025641 4171.794872 4237.948718 4535.384615
4261.025641 4240.512821 4253.846154 4235.384615 4221.025641 4228.717949 4224.102564 4228.205128 4237.435897 4225.128205 4274.358974 4170.769231 4231.794872 4523.076923
4257.948718 4231.794872 4248.205128 4221.538462 4225.641026 4228.717949 4219.487179 4227.179487 4225.128205 4229.230769 4267.179487 4174.871795 4227.692308 4511.282051
4255.384615 4237.948718 4245.641026 4225.128205 4224.615385 4227.692308 4219.487179 4229.743590 4222.564103 4227.692308 4274.358974 4168.205128 4239.487179 4498.974359
4260.512821 4246.153846 4249.743590 4232.820513 4224.102564 4227.692308 4222.051282 4226.666667 4233.333333 4226.153846 4276.923077 4168.717949 4238.461538 4488.205128
4265.641026 4237.948718 4248.205128 4224.615385 4225.641026 4226.666667 4219.487179 4213.333333 4225.128205 4230.769231 4272.820513 4166.153846 4229.230769 4472.820513
4266.666667 4231.794872 4239.487179 4217.948718 4223.589744 4225.128205 4208.205128 4204.615385 4209.743590 4228.205128 4273.846154 4158.461538 4229.230769 4453.333333
4270.256410 4237.435897 4237.948718 4220.512821 4224.615385 4225.641026 4213.333333 4215.384615 4218.974359 4224.102564 4279.487179 4165.128205 4228.717949 4436.410256
4271.282051 4240.512821 4248.205128 4225.128205 4225.128205 4225.641026 4230.769231 4227.692308 4237.948718 4226.666667 4288.717949 4166.153846 4232.307692 4425.641026
4280.000000 4236.923077 4253.333333 4225.128205 4228.717949 4226.666667 4227.692308 4228.205128 4243.076923 4228.205128 4293.333333 4174.358974 4236.923077 4418.974359
4299.487179 4234.871795 4246.666667 4222.051282 4229.230769 4222.564103 4222.564103 4236.410256 4242.564103 4228.205128 4292.820513 4181.025641 4234.871795 4411.794872
4309.743590 4232.307692 4240.512821 4221.538462 4226.153846 4217.435897 4229.743590 4240.512821 4237.435897 4228.205128 4288.717949 4171.794872 4229.743590 4403.589744
4298.461538 4224.615385 4241.025641 4217.435897 4226.153846 4221.025641 4225.128205 4229.743590 4227.692308 4224.615385 4281.538462 4170.256410 4225.128205 4402.051282
4293.333333 4226.153846 4241.538462 4213.333333 4221.025641 4222.051282 4222.051282 4232.820513 4230.769231 4224.615385 4283.589744 4167.179487 4227.179487 4403.076923
4300.000000 4229.230769 4243.076923 4212.820513 4220.512821 4221.538462 4229.230769 4232.307692 4235.897436 4231.794872 4287.179487 4167.179487 4226.666667 4402.051282
4285.128205 4217.435897 4236.923077 4206.666667 4223.076923 4220.000000 4223.589744 4210.769231 4221.025641 4232.820513 4276.923077 4164.615385 4215.897436 4401.538462
4272.820513 4211.282051 4228.717949 4203.076923 4222.051282 4217.948718 4212.820513 4203.589744 4207.179487 4226.153846 4270.256410 4156.923077 4211.794872 4405.128205
4291.794872 4229.230769 4243.076923 4216.410256 4225.128205 4220.000000 4218.974359 4214.358974 4213.846154 4224.102564 4281.025641 4166.666667 4225.128205 4411.282051
4300.512821 4238.974359 4254.358974 4227.179487 4224.102564 4221.025641 4228.717949 4218.974359 4221.538462 4227.692308 4288.205128 4166.153846 4229.743590 4412.307692
4284.102564 4225.128205 4240.512821 4217.948718 4225.641026 4222.051282 4221.538462 4215.384615 4216.923077 4228.717949 4278.461538 4163.076923 4213.333333 4414.358974
4288.205128 4228.205128 4244.102564 4216.923077 4230.769231 4228.717949 4221.025641 4228.205128 4232.820513 4225.641026 4286.666667 4177.948718 4221.538462 4423.076923
4312.307692 4251.282051 4270.256410 4232.820513 4224.102564 4233.333333 4239.487179 4248.205128 4258.461538 4227.692308 4313.333333 4190.256410 4253.333333 4426.666667
4315.897436 4249.230769 4273.846154 4234.358974 4221.538462 4228.717949 4243.076923 4238.974359 4247.179487 4234.871795 4314.358974 4193.333333 4255.384615 4425.641026
4303.589744 4240.512821 4260.512821 4233.333333 4223.589744 4224.102564 4233.333333 4223.076923 4229.230769 4232.307692 4300.000000 4180.512821 4237.435897 4426.153846
4298.974359 4246.153846 4261.538462 4238.461538 4221.538462 4227.692308 4236.410256 4231.794872 4240.512821 4223.589744 4297.435897 4173.333333 4233.846154 4424.615385
4294.871795 4244.102564 4259.487179 4230.256410 4225.128205 4227.179487 4237.435897 4239.487179 4248.205128 4225.128205 4301.025641 4173.846154 4236.410256 4417.435897
4288.717949 4237.435897 4249.230769 4220.000000 4224.615385 4220.512821 4226.153846 4233.846154 4237.948718 4228.717949 4301.538462 4165.128205 4237.435897 4414.358974
4292.307692 4236.410256 4251.282051 4218.974359 4224.102564 4224.615385 4224.102564 4227.179487 4228.717949 4226.153846 4295.897436 4171.794872 4236.410256 4415.897436
4296.923077 4234.871795 4254.871795 4221.025641 4224.615385 4226.666667 4228.205128 4214.358974 4219.487179 4226.666667 4287.179487 4180.000000 4236.410256 4410.769231
4297.435897 4240.512821 4254.871795 4226.153846 4225.641026 4222.564103 4224.102564 4210.769231 4218.461538 4230.769231 4289.230769 4178.461538 4243.076923 4401.538462
4302.051282 4252.820513 4260.000000 4236.410256 4225.128205 4228.205128 4234.358974 4236.410256 4237.435897 4226.666667 4296.923077 4184.102564 4247.179487 4400.000000
4314.358974 4262.564103 4271.794872 4248.205128 4221.025641 4233.333333 4252.820513 4250.256410 4256.923077 4225.128205 4300.512821 4190.256410 4255.897436 4397.435897
4325.641026 4265.128205 4280.512821 4251.794872 4224.102564 4231.282051 4242.564103 4224.102564 4247.179487 4233.846154 4301.025641 4201.025641 4263.076923 4386.666667
4326.666667 4269.230769 4278.974359 4251.794872 4226.153846 4229.230769 4224.615385 4210.256410 4228.205128 4232.820513 4301.025641 4198.974359 4261.538462 4374.358974
4325.641026 4275.384615 4280.000000 4255.897436 4225.128205 4229.743590 4236.410256 4234.358974 4237.435897 4222.564103 4303.589744 4197.435897 4266.153846 4363.076923
4328.717949 4277.435897 4283.589744 4254.871795 4226.666667 4228.717949 4243.589744 4247.692308 4256.923077 4224.615385 4302.564103 4210.769231 4276.923077 4352.307692
4323.589744 4274.358974 4276.410256 4244.102564 4222.051282 4218.461538 4221.025641 4226.153846 4244.102564 4229.230769 4295.897436 4206.153846 4274.871795 4343.589744
4320.000000 4274.871795 4274.358974 4244.102564 4223.589744 4214.358974 4211.794872 4209.230769 4220.000000 4226.153846 4292.820513 4207.692308 4269.230769 4336.923077
4333.846154 4288.717949 4289.230769 4266.153846 4224.102564 4221.025641 4233.846154 4227.692308 4237.948718 4227.179487 4303.589744 4224.102564 4291.282051 4330.769231
4345.128205 4297.435897 4296.923077 4273.333333 4220.000000 4228.717949 4247.179487 4252.307692 4269.743590 4228.205128 4314.871795 4225.128205 4311.794872 4330.256410
4342.564103 4291.282051 4292.820513 4261.538462 4225.128205 4227.692308 4240.000000 4239.487179 4258.974359 4225.128205 4310.256410 4222.564103 4301.025641 4327.179487
4336.410256 4288.205128 4286.153846 4262.051282 4227.179487 4220.000000 4234.871795 4220.000000 4233.846154 4225.641026 4301.025641 4215.384615 4293.846154 4315.897436
4337.948718 4294.871795 4286.666667 4269.230769 4225.641026 4223.589744 4236.923077 4230.769231 4238.461538 4229.743590 4298.461538 4220.000000 4300.512821 4308.717949
4348.205128 4306.666667 4297.948718 4275.897436 4227.179487 4229.743590 4240.512821 4245.641026 4251.282051 4229.230769 4306.153846 4231.282051 4308.205128 4308.205128
4351.282051 4306.666667 4303.589744 4275.384615 4224.615385 4224.102564 4232.307692 4237.435897 4242.564103 4226.153846 4309.230769 4224.102564 4310.256410 4303.589744
4344.102564 4299.487179 4298.461538 4267.179487 4224.615385 4224.102564 4224.102564 4223.589744 4233.846154 4227.179487 4299.487179 4222.051282 4304.102564 4295.384615
4344.102564 4304.102564 4301.025641 4271.282051 4222.564103 4230.256410 4242.051282 4237.435897 4248.205128 4228.717949 4300.000000 4225.641026 4307.179487 4294.871795
4349.743590 4308.717949 4308.205128 4280.000000 4221.538462 4230.256410 4260.000000 4262.051282 4265.128205 4228.205128 4305.641026 4233.333333 4314.358974 4292.820513
4342.564103 4298.461538 4297.948718 4271.282051 4224.102564 4230.256410 4251.282051 4254.871795 4256.410256 4226.666667 4295.897436 4233.333333 4305.128205 4281.538462
4333.333333 4290.256410 4288.717949 4263.076923 4223.076923 4232.307692 4237.435897 4234.871795 4241.025641 4225.128205 4289.230769 4225.128205 4300.000000 4276.410256
4330.769231 4287.179487 4292.820513 4260.000000 4226.153846 4230.256410 4235.384615 4234.871795 4241.538462 4227.692308 4290.256410 4233.333333 4303.589744 4282.051282
4324.615385 4284.615385 4291.794872 4261.538462 4224.615385 4226.153846 4237.435897 4236.923077 4242.564103 4230.256410 4283.589744 4228.717949 4297.435897 4277.435897
4320.000000 4284.615385 4293.333333 4268.205128 4222.564103 4228.717949 4231.282051 4226.666667 4232.820513 4226.153846 4274.358974 4222.564103 4288.205128 4269.743590
4315.897436 4274.871795 4293.846154 4260.512821 4225.128205 4228.205128 4223.076923 4222.564103 4223.589744 4224.615385 4266.153846 4227.692308 4278.461538 4269.743590
4304.102564 4258.974359 4283.589744 4247.179487 4222.051282 4222.564103 4228.717949 4226.153846 4220.000000 4227.179487 4257.435897 4220.512821 4266.153846 4269.230769
4298.461538 4261.538462 4285.641026 4252.820513 4224.102564 4225.128205 4238.461538 4227.179487 4223.589744 4226.153846 4255.897436 4220.512821 4264.615385 4266.666667
4305.641026 4274.358974 4301.025641 4266.153846 4225.128205 4226.666667 4243.589744 4238.461538 4235.897436 4224.102564 4263.589744 4223.589744 4277.435897 4265.641026
4307.692308 4264.102564 4299.487179 4259.487179 4223.076923 4224.615385 4241.538462 4240.512821 4240.000000 4224.615385 4264.102564 4225.641026 4279.487179 4267.692308
4291.794872 4241.538462 4281.538462 4238.974359 4223.589744 4222.564103 4229.230769 4221.025641 4227.179487 4226.153846 4250.769231 4227.179487 4266.666667 4268.717949
4275.897436 4235.897436 4271.282051 4228.717949 4223.076923 4221.538462 4228.717949 4218.461538 4221.025641 4226.153846 4242.051282 4213.846154 4257.435897 4266.666667
4279.487179 4243.589744 4279.487179 4237.948718 4226.153846 4226.666667 4240.512821 4239.487179 4233.846154 4226.153846 4247.179487 4214.358974 4261.025641 4266.666667
4287.179487 4251.794872 4291.282051 4253.333333 4224.615385 4227.692308 4238.461538 4250.256410 4249.743590 4227.179487 4255.384615 4218.461538 4268.205128 4267.179487
4270.769231 4233.333333 4277.948718 4237.435897 4221.538462 4220.000000 4229.743590 4231.282051 4228.717949 4230.256410 4238.461538 4203.076923 4249.230769 4262.564103
4236.923077 4195.384615 4242.051282 4198.461538 4227.692308 4217.948718 4230.769231 4209.230769 4177.435897 4230.769231 4204.102564 4185.641026 4208.717949 4249.743590
4229.230769 4192.820513 4234.358974 4196.923077 4225.641026 4216.923077 4232.307692 4215.897436 4172.820513 4226.153846 4202.051282 4179.487179 4205.128205 4243.076923
4255.384615 4220.512821 4265.641026 4226.666667 4222.564103 4217.435897 4235.384615 4227.692308 4214.871795 4225.641026 4229.230769 4198.974359 4241.538462 4247.179487
4268.205128 4230.256410 4281.025641 4235.897436 4223.076923 4222.564103 4240.512821 4223.076923 4230.769231 4227.179487 4238.974359 4205.641026 4259.487179 4248.205128
4254.871795 4222.051282 4265.641026 4222.564103 4223.589744 4220.000000 4229.743590 4223.076923 4218.461538 4224.102564 4220.512821 4190.769231 4242.564103 4240.000000
4244.615385 4215.897436 4256.410256 4214.358974 4229.230769 4217.435897 4214.358974 4224.615385 4217.435897 4221.538462 4206.153846 4189.743590 4225.128205 4233.333333
4243.076923 4211.794872 4259.487179 4212.307692 4227.179487 4218.974359 4222.051282 4220.512821 4219.487179 4226.153846 4213.333333 4186.666667 4233.333333 4226.666667
4244.615385 4217.948718 4265.641026 4213.333333 4222.564103 4220.512821 4226.666667 4223.076923 4214.358974 4233.333333 4224.615385 4189.743590 4243.589744 4217.948718
4249.230769 4232.820513 4275.897436 4221.025641 4224.102564 4217.435897 4224.615385 4225.128205 4215.897436 4229.743590 4229.230769 4198.461538 4243.589744 4213.846154
4249.230769 4232.307692 4281.538462 4224.102564 4228.205128 4214.358974 4231.282051 4216.923077 4207.179487 4225.641026 4229.230769 4194.358974 4241.538462 4206.666667
4248.205128 4223.589744 4282.564103 4220.000000 4228.717949 4215.384615 4234.358974 4221.025641 4197.948718 4233.333333 4223.076923 4195.897436 4236.923077 4192.307692
4245.641026 4224.615385 4281.538462 4217.435897 4222.564103 4213.333333 4229.743590 4224.102564 4203.589744 4230.256410 4217.435897 4197.435897 4230.256410 4182.564103
4236.923077 4220.512821 4273.333333 4210.256410 4224.102564 4212.820513 4221.025641 4205.641026 4200.000000 4222.051282 4210.256410 4201.025641 4223.076923 4176.923077
4236.410256 4216.410256 4273.333333 4209.743590 4225.128205 4209.230769 4219.487179 4202.564103 4198.974359 4226.153846 4208.205128 4201.538462 4232.307692 4166.666667
4243.589744 4222.564103 4284.102564 4221.025641 4222.051282 4204.615385 4222.564103 4220.000000 4212.820513 4227.179487 4207.692308 4194.871795 4244.615385 4161.025641
4241.025641 4223.076923 4286.666667 4221.025641 4227.179487 4208.205128 4226.153846 4218.461538 4216.410256 4223.076923 4192.820513 4202.564103 4233.333333 4157.948718
4234.871795 4219.487179 4281.025641 4214.871795 4224.615385 4210.769231 4232.820513 4221.538462 4214.358974 4226.153846 4178.974359 4201.538462 4222.564103 4146.666667
4232.820513 4218.461538 4280.512821 4214.871795 4222.564103 4210.769231 4237.948718 4237.435897 4223.076923 4229.743590 4183.589744 4200.000000 4234.871795 4136.923077
4237.948718 4221.538462 4286.666667 4221.025641 4228.717949 4210.256410 4241.538462 4234.871795 4228.717949 4225.128205 4189.743590 4211.794872 4250.769231 4137.948718
4245.641026 4228.717949 4291.282051 4226.153846 4228.205128 4207.179487 4241.025641 4230.769231 4224.102564 4220.512821 4187.179487 4212.307692 4254.358974 4134.871795
4241.025641 4222.564103 4286.153846 4221.538462 4226.153846 4202.051282 4225.641026 4216.923077 4206.666667 4223.589744 4173.846154 4208.205128 4240.512821 4123.076923
4227.692308 4210.769231 4277.435897 4214.358974 4225.128205 4200.000000 4212.820513 4202.564103 4192.307692 4228.205128 4162.564103 4205.128205 4227.692308 4114.871795
4229.230769 4209.230769 4281.538462 4211.282051 4224.102564 4207.692308 4235.897436 4224.615385 4197.435897 4229.230769 4164.615385 4213.333333 4230.769231 4115.384615
4232.820513 4205.641026 4281.538462 4204.615385 4226.666667 4212.307692 4245.128205 4234.871795 4193.846154 4226.666667 4166.153846 4221.025641 4233.333333 4117.435897
4225.641026 4198.974359 4271.794872 4201.538462 4225.128205 4203.589744 4210.256410 4198.974359 4173.846154 4226.153846 4162.051282 4214.358974 4233.333333 4112.820513
4225.128205 4199.487179 4273.846154 4206.153846 4225.128205 4202.051282 4198.974359 4181.538462 4171.282051 4229.230769 4159.487179 4217.435897 4232.820513 4106.153846
4228.717949 4204.102564 4280.000000 4210.256410 4224.615385 4205.641026 4228.205128 4208.717949 4185.128205 4230.256410 4162.564103 4210.256410 4230.769231 4103.589744
4230.769231 4211.282051 4283.589744 4215.897436 4224.102564 4206.153846 4238.974359 4223.589744 4193.333333 4227.179487 4166.153846 4199.487179 4236.410256 4104.102564
4227.692308 4215.384615 4285.641026 4218.461538 4227.692308 4207.692308 4224.102564 4214.871795 4189.743590 4224.615385 4161.025641 4205.128205 4241.025641 4097.948718
4214.358974 4203.589744 4276.410256 4204.615385 4224.102564 4203.589744 4214.358974 4202.051282 4175.897436 4226.153846 4150.256410 4195.897436 4234.358974 4086.153846
4214.358974 4196.923077 4275.897436 4200.000000 4222.051282 4201.025641 4216.923077 4194.358974 4169.230769 4227.692308 4147.692308 4195.384615 4229.230769 4086.153846
4231.794872 4211.794872 4289.743590 4217.435897 4223.076923 4206.153846 4224.615385 4202.051282 4178.974359 4225.641026 4157.948718 4208.717949 4240.000000 4087.179487
4228.205128 4208.717949 4286.666667 4214.871795 4222.564103 4202.564103 4206.153846 4200.000000 4178.461538 4230.769231 4153.333333 4205.128205 4240.000000 4076.923077
4211.794872 4193.846154 4278.461538 4199.487179 4227.692308 4197.435897 4189.743590 4189.230769 4170.256410 4233.846154 4144.102564 4201.538462 4230.769231 4070.769231
4222.051282 4206.153846 4290.769231 4213.846154 4226.666667 4201.538462 4218.974359 4208.205128 4187.179487 4228.205128 4160.512821 4204.102564 4246.153846 4074.871795
4236.410256 4218.461538 4300.000000 4226.153846 4226.153846 4204.615385 4236.410256 4226.666667 4204.615385 4229.743590 4169.743590 4209.743590 4260.512821 4073.846154
4234.358974 4218.974359 4301.025641 4223.076923 4227.692308 4204.615385 4234.358974 4233.333333 4213.846154 4232.820513 4163.589744 4210.256410 4260.000000 4070.256410
4233.846154 4226.666667 4305.128205 4232.820513 4225.641026 4210.256410 4251.794872 4252.307692 4233.333333 4224.615385 4170.256410 4208.205128 4264.102564 4070.769231
4218.974359 4212.307692 4289.743590 4221.538462 4226.153846 4210.256410 4240.000000 4235.384615 4222.051282 4223.076923 4159.487179 4205.128205 4251.282051 4064.102564
4197.435897 4189.743590 4266.666667 4195.897436 4224.615385 4200.512821 4210.769231 4204.615385 4191.794872 4228.717949 4140.000000 4188.717949 4232.820513 4052.820513
4207.179487 4198.461538 4277.435897 4204.102564 4226.153846 4202.051282 4224.102564 4217.435897 4195.384615 4224.615385 4147.692308 4193.333333 4242.051282 4052.820513
4222.564103 4213.846154 4291.282051 4221.025641 4226.666667 4205.641026 4226.666667 4218.461538 4203.076923 4223.076923 4158.974359 4203.589744 4255.897436 4057.435897
4214.871795 4209.230769 4278.461538 4214.358974 4223.076923 4201.538462 4191.282051 4185.641026 4184.102564 4227.692308 4148.717949 4190.256410 4248.717949 4052.307692
4210.769231 4203.589744 4272.307692 4207.179487 4228.717949 4204.102564 4186.153846 4181.025641 4183.589744 4226.666667 4140.512821 4189.230769 4244.102564 4047.692308
4223.589744 4213.333333 4285.641026 4221.025641 4227.692308 4206.666667 4211.794872 4202.051282 4213.333333 4222.564103 4152.307692 4196.923077 4260.000000 4047.179487
4234.871795 4224.615385 4297.435897 4235.384615 4222.564103 4208.717949 4224.615385 4210.769231 4231.794872 4222.564103 4164.615385 4207.179487 4273.846154 4043.076923
4235.897436 4225.128205 4295.897436 4234.871795 4225.641026 4212.820513 4231.794872 4220.000000 4237.948718 4226.153846 4163.076923 4212.307692 4271.794872 4041.025641
4225.641026 4215.384615 4287.179487 4226.153846 4225.641026 4209.230769 4240.000000 4228.717949 4241.538462 4226.666667 4153.846154 4202.051282 4260.512821 4043.589744
4219.487179 4208.205128 4284.615385 4223.076923 4224.615385 4208.717949 4243.589744 4230.256410 4244.102564 4225.641026 4150.256410 4206.666667 4255.897436 4044.615385
4220.000000 4206.666667 4282.564103 4223.076923 4223.076923 4208.205128 4234.358974 4233.846154 4244.615385 4224.102564 4153.333333 4205.641026 4260.512821 4041.538462
4211.282051 4198.461538 4272.307692 4209.230769 4222.564103 4202.564103 4210.769231 4220.512821 4230.256410 4224.102564 4148.717949 4200.512821 4253.846154 4039.487179
4200.000000 4188.717949 4260.512821 4197.435897 4224.615385 4200.000000 4200.000000 4197.435897 4213.333333 4225.641026 4143.076923 4207.179487 4247.692308 4039.487179
4201.025641 4193.333333 4259.487179 4207.179487 4225.128205 4202.564103 4207.692308 4192.307692 4209.230769 4222.564103 4146.153846 4206.153846 4254.871795 4041.538462
4213.846154 4210.256410 4273.333333 4223.076923 4228.717949 4204.615385 4207.692308 4198.974359 4217.435897 4223.076923 4154.358974 4209.743590 4261.538462 4045.128205
4215.897436 4213.333333 4276.410256 4222.051282 4226.153846 4203.076923 4203.076923 4204.102564 4221.538462 4226.153846 4153.333333 4208.717949 4259.487179 4046.153846
4210.769231 4202.051282 4268.205128 4212.820513 4225.128205 4204.615385 4209.230769 4208.717949 4217.435897 4224.615385 4151.282051 4207.179487 4255.384615 4050.769231
4221.538462 4206.666667 4275.384615 4222.564103 4227.692308 4207.692308 4218.461538 4206.666667 4217.435897 4222.564103 4159.487179 4219.487179 4262.051282 4059.487179
4231.794872 4220.512821 4286.666667 4236.410256 4221.538462 4207.179487 4226.153846 4207.692308 4223.589744 4223.589744 4167.692308 4220.512821 4273.333333 4060.000000
4224.102564 4213.846154 4285.641026 4230.769231 4222.564103 4210.769231 4225.128205 4213.846154 4222.051282 4227.692308 4160.000000 4222.564103 4264.615385 4056.410256
4216.923077 4206.666667 4280.000000 4225.128205 4225.128205 4213.333333 4225.128205 4219.487179 4221.025641 4227.692308 4153.846154 4224.102564 4254.358974 4056.923077
4213.846154 4208.205128 4275.897436 4225.641026 4222.051282 4211.794872 4229.230769 4225.128205 4228.205128 4226.153846 4158.974359 4218.974359 4261.538462 4057.948718
4208.205128 4203.589744 4270.769231 4222.051282 4223.589744 4210.769231 4226.153846 4225.641026 4230.256410 4226.153846 4158.974359 4219.487179 4261.538462 4053.333333
4210.256410 4203.589744 4272.307692 4223.076923 4221.538462 4212.820513 4228.205128 4220.000000 4226.153846 4226.666667 4158.974359 4218.461538 4261.538462 4048.717949
4218.461538 4206.153846 4280.512821 4223.076923 4221.025641 4214.871795 4231.794872 4217.948718 4229.743590 4229.230769 4162.051282 4220.512821 4269.230769 4050.769231
4223.076923 4207.179487 4283.076923 4223.589744 4226.153846 4211.282051 4232.820513 4224.615385 4232.307692 4229.743590 4165.128205 4218.974359 4272.307692 4054.871795
4222.051282 4208.717949 4276.923077 4225.641026 4225.128205 4207.692308 4224.102564 4218.974359 4220.000000 4229.743590 4164.615385 4215.384615 4270.769231 4053.333333
4218.461538 4207.179487 4271.794872 4221.538462 4224.615385 4213.846154 4211.794872 4204.102564 4210.769231 4230.769231 4160.512821 4222.564103 4269.230769 4047.179487
4218.974359 4210.769231 4271.282051 4224.102564 4224.102564 4218.461538 4211.794872 4204.102564 4218.461538 4227.179487 4162.564103 4215.897436 4274.871795 4045.641026
4228.717949 4221.538462 4276.923077 4235.384615 4222.564103 4215.897436 4221.025641 4209.230769 4225.128205 4224.615385 4166.666667 4218.461538 4282.564103 4050.769231
4232.820513 4225.641026 4284.615385 4241.538462 4222.564103 4216.410256 4236.923077 4221.025641 4234.358974 4227.179487 4170.769231 4229.743590 4286.153846 4051.282051
4230.769231 4220.000000 4283.076923 4237.435897 4222.564103 4220.000000 4250.769231 4235.897436 4246.666667 4227.179487 4173.333333 4224.102564 4283.076923 4044.615385
4230.769231 4216.923077 4276.923077 4233.333333 4225.128205 4221.025641 4247.179487 4238.974359 4249.743590 4223.076923 4171.282051 4222.564103 4275.384615 4043.589744
4226.666667 4220.000000 4276.410256 4234.358974 4221.025641 4220.000000 4240.512821 4247.179487 4256.410256 4224.102564 4174.358974 4222.051282 4278.461538 4046.153846
4221.538462 4223.076923 4275.897436 4234.871795 4223.076923 4223.589744 4251.282051 4251.282051 4264.102564 4228.205128 4178.974359 4223.589744 4288.717949 4048.205128
4215.897436 4217.948718 4264.102564 4227.179487 4227.692308 4222.051282 4248.205128 4228.717949 4238.974359 4227.179487 4170.769231 4219.487179 4286.153846 4050.256410
4215.384615 4213.333333 4257.948718 4222.564103 4222.564103 4212.307692 4221.538462 4209.743590 4212.307692 4225.128205 4162.564103 4208.205128 4277.948718 4049.743590
4221.025641 4220.512821 4266.153846 4225.128205 4226.153846 4214.358974 4215.897436 4215.384615 4225.128205 4227.692308 4166.153846 4212.820513 4280.000000 4050.256410
4218.461538 4221.538462 4263.076923 4224.615385 4225.641026 4216.410256 4233.333333 4226.153846 4243.589744 4228.717949 4167.692308 4211.282051 4282.051282 4047.692308
4213.846154 4209.230769 4253.333333 4219.487179 4220.000000 4211.794872 4237.948718 4229.743590 4242.051282 4228.717949 4163.589744 4208.205128 4276.410256 4041.538462
4220.000000 4210.769231 4258.974359 4221.025641 4223.076923 4215.384615 4227.179487 4227.692308 4241.538462 4229.230769 4164.102564 4214.871795 4276.410256 4040.000000
4223.076923 4221.538462 4264.615385 4226.666667 4224.102564 4218.461538 4223.076923 4221.538462 4245.128205 4224.615385 4170.769231 4210.769231 4283.589744 4044.102564
4216.410256 4210.256410 4257.435897 4220.000000 4225.128205 4215.384615 4228.205128 4219.487179 4235.384615 4226.153846 4170.256410 4208.717949 4279.487179 4042.564103
4217.948718 4208.717949 4256.923077 4221.025641 4226.666667 4213.846154 4233.333333 4224.102564 4225.641026 4228.717949 4169.743590 4207.692308 4272.820513 4033.846154
4233.333333 4231.794872 4272.820513 4239.487179 4225.641026 4216.923077 4236.923077 4226.153846 4233.333333 4225.641026 4179.487179 4213.333333 4283.076923 4027.692308
4245.641026 4243.076923 4284.615385 4249.230769 4225.128205 4218.461538 4242.564103 4229.230769 4244.615385 4224.615385 4190.769231 4224.615385 4294.871795 4026.666667
4243.076923 4236.410256 4278.974359 4241.538462 4222.051282 4215.897436 4237.948718 4234.871795 4245.128205 4226.153846 4193.846154 4217.435897 4296.410256 4023.076923
4235.384615 4224.102564 4269.230769 4228.717949 4226.153846 4214.358974 4226.153846 4225.641026 4229.743590 4227.179487 4185.128205 4213.846154 4285.128205 4015.897436
4226.153846 4209.230769 4260.512821 4221.025641 4228.205128 4209.743590 4232.307692 4207.179487 4206.666667 4228.717949 4170.769231 4210.769231 4266.153846 4010.769231
4207.179487 4191.282051 4249.743590 4209.230769 4224.615385 4205.641026 4233.846154 4198.461538 4185.128205 4227.179487 4151.794872 4196.923077 4242.051282 4008.205128
4196.923077 4188.205128 4242.564103 4202.051282 4223.589744 4205.641026 4222.051282 4202.051282 4187.179487 4224.615385 4144.102564 4194.871795 4235.384615 4005.128205
4208.205128 4208.205128 4245.641026 4213.333333 4220.000000 4205.641026 4225.641026 4218.974359 4214.358974 4224.615385 4161.025641 4193.846154 4258.461538 4004.615385
4215.897436 4222.564103 4251.794872 4223.076923 4220.000000 4206.153846 4232.307692 4228.717949 4225.128205 4228.205128 4172.307692 4195.384615 4269.743590 4009.743590
4220.512821 4223.589744 4255.384615 4224.102564 4221.025641 4206.153846 4228.717949 4215.897436 4218.974359 4227.179487 4167.692308 4196.923077 4264.615385 4011.282051
4229.230769 4226.153846 4260.000000 4226.666667 4222.051282 4207.179487 4226.153846 4211.794872 4225.641026 4223.589744 4170.769231 4196.923077 4269.230769 4008.205128
4225.641026 4226.666667 4262.051282 4225.641026 4227.179487 4210.769231 4226.666667 4224.615385 4230.256410 4225.128205 4173.846154 4198.974359 4266.666667 4007.692308
4215.897436 4222.051282 4256.410256 4222.051282 4223.076923 4212.307692 4234.871795 4232.307692 4227.692308 4226.666667 4172.820513 4192.307692 4262.564103 4012.307692
4221.025641 4221.025641 4253.333333 4221.538462 4221.025641 4214.871795 4242.564103 4231.794872 4234.358974 4228.717949 4177.435897 4196.923077 4271.794872 4018.461538
4228.717949 4222.564103 4256.923077 4222.564103 4225.641026 4214.871795 4233.846154 4232.307692 4241.025641 4227.179487 4177.948718 4201.538462 4276.410256 4017.948718
4230.256410 4225.128205 4256.923077 4223.076923 4225.641026 4212.307692 4222.051282 4222.051282 4231.794872 4225.128205 4173.333333 4196.410256 4267.692308 4012.307692
4231.794872 4224.615385 4252.820513 4224.615385 4224.615385 4212.820513 4230.256410 4204.615385 4214.871795 4224.615385 4166.666667 4203.076923 4260.512821 4011.794872
4226.153846 4224.102564 4248.717949 4224.615385 4222.564103 4210.769231 4241.538462 4205.128205 4206.153846 4226.666667 4164.615385 4193.846154 4262.564103 4009.230769
4201.025641 4216.923077 4239.487179 4213.333333 4223.589744 4208.717949 4225.641026 4209.230769 4204.615385 4231.282051 4158.974359 4177.948718 4256.410256 3997.435897
4167.692308 4207.179487 4226.666667 4200.512821 4226.666667 4212.307692 4212.307692 4207.179487 4197.435897 4232.307692 4151.282051 4175.384615 4246.666667 3986.153846
4158.461538 4215.897436 4229.230769 4208.205128 4223.589744 4215.384615 4228.717949 4212.307692 4191.282051 4228.205128 4153.333333 4172.820513 4246.666667 3985.128205
4177.948718 4231.282051 4246.666667 4221.538462 4227.179487 4220.000000 4245.641026 4224.615385 4209.230769 4226.666667 4163.589744 4185.641026 4257.435897 3991.794872
4192.820513 4236.410256 4261.025641 4230.769231 4229.230769 4220.000000 4246.666667 4245.641026 4240.512821 4227.179487 4175.384615 4195.897436 4276.923077 3996.923077
4190.769231 4229.743590 4266.153846 4229.743590 4224.615385 4216.410256 4238.461538 4243.076923 4235.384615 4226.153846 4174.358974 4195.897436 4277.435897 3995.384615
4193.333333 4227.179487 4263.589744 4226.666667 4222.564103 4217.948718 4229.230769 4217.948718 4216.923077 4227.179487 4167.179487 4194.358974 4267.692308 3991.794872
4202.564103 4238.461538 4264.102564 4233.333333 4222.051282 4219.487179 4227.692308 4220.000000 4226.666667 4227.692308 4172.307692 4191.282051 4278.461538 3993.846154
4202.051282 4241.538462 4267.179487 4233.333333 4226.666667 4217.435897 4225.128205 4227.179487 4230.769231 4224.615385 4174.358974 4194.358974 4283.076923 3992.307692
4189.230769 4228.717949 4259.487179 4222.051282 4225.128205 4214.871795 4220.000000 4213.846154 4219.487179 4225.128205 4167.179487 4185.128205 4266.153846 3985.641026
4185.128205 4221.538462 4255.384615 4219.487179 4222.051282 4217.948718 4223.589744 4214.871795 4218.461538 4225.641026 4160.000000 4181.025641 4258.461538 3988.205128
4193.846154 4225.128205 4265.128205 4226.153846 4226.666667 4222.051282 4228.205128 4222.564103 4220.512821 4225.641026 4160.512821 4191.282051 4270.256410 3991.794872
4196.410256 4226.153846 4271.794872 4225.641026 4224.615385 4222.051282 4226.153846 4216.923077 4217.435897 4227.692308 4167.179487 4189.230769 4276.923077 3986.153846
4201.025641 4233.333333 4276.410256 4230.256410 4223.589744 4227.179487 4235.384615 4222.564103 4227.692308 4228.717949 4171.282051 4198.461538 4275.384615 3986.666667
4208.205128 4244.102564 4278.974359 4242.051282 4223.589744 4227.692308 4245.641026 4232.307692 4232.307692 4225.128205 4169.743590 4202.564103 4275.384615 3991.282051
4200.000000 4232.820513 4266.153846 4233.846154 4226.153846 4222.564103 4231.282051 4209.230769 4203.076923 4223.589744 4155.897436 4190.256410 4262.564103 3985.641026
4188.717949 4221.538462 4257.435897 4220.512821 4230.256410 4222.564103 4214.358974 4193.846154 4189.743590 4223.076923 4144.615385 4191.794872 4245.128205 3976.410256
4196.410256 4231.282051 4266.666667 4231.794872 4224.615385 4221.538462 4221.538462 4217.948718 4217.435897 4225.128205 4153.846154 4193.846154 4253.846154 3976.410256
4205.128205 4235.384615 4270.256410 4236.410256 4225.641026 4220.512821 4225.641026 4223.589744 4223.589744 4232.820513 4164.102564 4197.435897 4267.692308 3978.461538
4199.487179 4231.282051 4262.564103 4225.641026 4228.717949 4222.051282 4216.923077 4204.102564 4203.589744 4233.846154 4156.923077 4192.820513 4257.435897 3974.871795
4204.615385 4242.051282 4267.179487 4236.410256 4223.076923 4226.666667 4228.205128 4215.384615 4216.923077 4228.717949 4154.871795 4190.769231 4251.794872 3971.794872
4217.435897 4244.615385 4278.461538 4248.205128 4225.641026 4228.717949 4241.025641 4229.743590 4233.846154 4227.179487 4164.615385 4205.128205 4259.487179 3973.333333
4212.820513 4228.205128 4271.282051 4234.358974 4227.692308 4223.076923 4223.076923 4217.435897 4214.871795 4227.179487 4166.153846 4201.538462 4256.410256 3972.307692
4209.230769 4227.179487 4267.692308 4226.666667 4228.205128 4223.589744 4213.333333 4215.897436 4210.256410 4227.692308 4164.615385 4196.923077 4252.307692 3972.820513
4216.923077 4243.076923 4279.487179 4240.512821 4227.179487 4227.179487 4233.333333 4231.282051 4231.282051 4227.179487 4175.384615 4203.076923 4265.641026 3976.923077
4221.538462 4247.692308 4283.076923 4249.230769 4222.564103 4226.666667 4239.487179 4231.794872 4233.333333 4223.589744 4185.641026 4201.025641 4277.948718 3977.948718
4220.512821 4238.974359 4277.435897 4244.102564 4224.102564 4232.307692 4229.743590 4215.384615 4216.923077 4225.641026 4180.000000 4199.487179 4265.641026 3978.974359
4209.230769 4228.205128 4266.153846 4235.384615 4224.615385 4232.820513 4230.769231 4203.076923 4205.128205 4228.205128 4168.717949 4187.179487 4244.102564 3980.512821
4199.487179 4220.512821 4259.487179 4228.717949 4224.615385 4227.692308 4231.794872 4210.256410 4206.666667 4224.102564 4166.666667 4183.076923 4238.461538 3989.743590
4206.666667 4229.743590 4264.615385 4236.410256 4228.205128 4228.717949 4236.923077 4230.256410 4224.102564 4224.102564 4179.487179 4191.794872 4251.794872 4004.102564
4210.769231 4231.282051 4263.589744 4240.000000 4228.205128 4231.794872 4238.461538 4231.794872 4225.128205 4227.179487 4188.205128 4188.717949 4255.897436 4008.717949
4199.487179 4213.846154 4250.769231 4222.051282 4227.179487 4226.153846 4218.974359 4212.820513 4205.128205 4228.205128 4178.461538 4187.179487 4240.512821 4010.256410
4197.435897 4211.282051 4248.205128 4218.461538 4224.615385 4219.487179 4213.846154 4210.256410 4200.000000 4225.128205 4177.435897 4184.615385 4235.384615 4013.333333
4209.743590 4221.025641 4261.538462 4233.333333 4226.666667 4224.615385 4231.794872 4216.923077 4213.333333 4226.666667 4195.384615 4189.743590 4244.615385 4013.333333
4218.461538 4229.230769 4270.769231 4243.076923 4226.153846 4230.769231 4233.333333 4225.641026 4229.230769 4229.230769 4212.307692 4202.564103 4256.923077 4013.846154
4220.000000 4239.487179 4270.769231 4246.153846 4222.051282 4227.692308 4222.564103 4241.025641 4242.051282 4224.102564 4216.923077 4202.051282 4266.666667 4023.589744
4218.461538 4238.974359 4265.128205 4243.589744 4226.666667 4228.205128 4229.743590 4242.051282 4238.461538 4223.076923 4215.384615 4204.615385 4261.538462 4037.948718
4220.000000 4227.692308 4261.025641 4240.000000 4226.153846 4229.743590 4244.615385 4224.615385 4227.692308 4227.692308 4222.564103 4205.641026 4255.897436 4049.743590
4215.897436 4222.564103 4253.846154 4238.974359 4225.128205 4227.692308 4231.282051 4207.179487 4216.410256 4226.153846 4223.589744 4203.589744 4250.256410 4055.897436
4203.589744 4221.538462 4234.871795 4232.307692 4230.256410 4223.076923 4203.076923 4204.102564 4203.589744 4223.589744 4210.256410 4201.025641 4238.461538 4055.897436
4202.051282 4222.051282 4227.179487 4229.230769 4225.128205 4222.051282 4207.692308 4217.435897 4208.205128 4226.666667 4210.769231 4193.333333 4240.000000 4056.923077
4208.717949 4223.589744 4235.384615 4233.333333 4223.076923 4224.615385 4230.769231 4220.000000 4217.435897 4231.282051 4221.538462 4202.564103 4246.666667 4055.384615
4207.692308 4228.717949 4233.333333 4238.974359 4224.102564 4224.102564 4232.307692 4213.846154 4212.820513 4228.717949 4221.538462 4204.615385 4245.128205 4051.282051
4201.538462 4227.692308 4224.102564 4236.410256 4222.564103 4224.615385 4216.410256 4213.333333 4207.692308 4224.102564 4214.871795 4194.871795 4238.461538 4054.358974
4197.435897 4214.358974 4218.974359 4225.128205 4225.128205 4224.102564 4211.282051 4208.717949 4205.641026 4224.102564 4211.282051 4193.333333 4229.743590 4057.948718
4206.153846 4217.435897 4224.102564 4229.230769 4222.564103 4221.538462 4227.179487 4215.897436 4211.794872 4228.205128 4222.051282 4192.307692 4238.461538 4060.000000
4221.538462 4236.410256 4236.923077 4247.692308 4222.564103 4228.205128 4241.538462 4232.307692 4229.230769 4229.743590 4238.461538 4205.641026 4255.897436 4066.666667
4221.538462 4233.333333 4235.384615 4247.692308 4226.666667 4233.333333 4231.282051 4228.205128 4234.358974 4226.666667 4238.461538 4210.256410 4255.897436 4072.820513
4211.794872 4215.897436 4220.000000 4226.666667 4227.179487 4226.666667 4217.948718 4209.230769 4215.897436 4225.641026 4231.282051 4197.435897 4248.205128 4072.820513
4218.461538 4220.000000 4216.923077 4227.692308 4228.717949 4223.076923 4225.128205 4208.205128 4204.615385 4226.666667 4236.410256 4205.128205 4250.769231 4075.897436
4230.769231 4229.743590 4221.025641 4241.025641 4227.179487 4223.589744 4230.769231 4213.846154 4207.692308 4226.666667 4241.538462 4210.769231 4252.820513 4079.487179
4233.333333 4217.435897 4219.487179 4229.743590 4226.666667 4223.589744 4223.076923 4212.307692 4205.128205 4228.205128 4232.820513 4209.230769 4243.076923 4078.974359
4230.769231 4207.692308 4214.358974 4217.948718 4225.641026 4222.051282 4217.435897 4214.358974 4196.923077 4227.692308 4226.666667 4209.743590 4234.871795 4080.512821
4228.717949 4214.871795 4211.282051 4223.589744 4222.051282 4220.000000 4213.333333 4208.205128 4192.307692 4226.153846 4226.666667 4208.717949 4236.923077 4086.666667
4229.743590 4221.538462 4213.846154 4225.128205 4222.051282 4221.025641 4213.846154 4201.538462 4198.974359 4227.179487 4225.641026 4214.358974 4241.025641 4092.307692
4235.384615 4226.666667 4220.512821 4227.692308 4221.025641 4222.564103 4222.051282 4212.307692 4214.358974 4228.205128 4232.307692 4212.307692 4246.666667 4090.769231
4245.641026 4236.923077 4231.282051 4243.076923 4225.641026 4226.666667 4231.794872 4220.512821 4222.564103 4227.692308 4242.564103 4217.948718 4256.923077 4088.205128
4250.256410 4241.025641 4240.000000 4250.256410 4228.717949 4230.256410 4234.358974 4218.461538 4226.666667 4228.205128 4245.641026 4226.666667 4266.153846 4091.794872
4244.615385 4230.769231 4237.435897 4241.538462 4222.564103 4225.128205 4230.256410 4216.410256 4226.666667 4228.205128 4240.512821 4222.564103 4260.512821 4098.974359
4237.435897 4222.564103 4233.846154 4238.974359 4226.666667 4226.666667 4224.102564 4209.743590 4218.974359 4228.205128 4235.384615 4223.589744 4250.256410 4096.410256
4232.820513 4226.666667 4230.256410 4241.538462 4228.205128 4230.256410 4220.512821 4205.641026 4214.871795 4228.205128 4232.307692 4214.871795 4250.256410 4084.615385
4228.717949 4222.564103 4224.615385 4232.820513 4223.589744 4227.179487 4218.974359 4210.256410 4213.333333 4226.153846 4225.641026 4211.794872 4245.641026 4083.589744
4229.743590 4218.461538 4226.153846 4231.282051 4226.153846 4228.717949 4226.153846 4220.000000 4218.461538 4224.615385 4226.153846 4218.974359 4244.102564 4087.179487
4231.794872 4226.153846 4231.794872 4238.974359 4227.692308 4231.794872 4234.358974 4229.230769 4228.205128 4224.102564 4233.333333 4216.923077 4250.769231 4080.512821
4225.128205 4223.076923 4229.230769 4229.743590 4226.666667 4230.256410 4223.076923 4217.435897 4216.923077 4226.666667 4225.128205 4216.923077 4242.051282 4077.948718
4221.025641 4215.897436 4223.076923 4222.564103 4223.076923 4226.666667 4217.435897 4204.102564 4200.512821 4227.692308 4216.410256 4212.820513 4235.384615 4081.538462
4231.794872 4224.102564 4230.769231 4235.897436 4226.153846 4227.692308 4229.743590 4218.461538 4213.333333 4226.153846 4227.692308 4216.410256 4247.692308 4078.461538
4245.128205 4240.512821 4247.692308 4250.769231 4229.230769 4233.846154 4239.487179 4236.923077 4240.512821 4224.102564 4242.564103 4227.692308 4262.564103 4078.974359
4247.692308 4243.076923 4250.256410 4248.205128 4224.102564 4234.358974 4229.743590 4230.769231 4237.948718 4227.179487 4237.435897 4220.000000 4261.025641 4084.102564
4245.641026 4234.358974 4241.538462 4237.435897 4226.666667 4232.820513 4217.948718 4221.025641 4222.564103 4231.282051 4224.102564 4218.461538 4248.717949 4083.076923
4251.282051 4240.000000 4245.128205 4246.666667 4228.205128 4232.307692 4233.846154 4229.743590 4234.358974 4227.692308 4232.820513 4222.564103 4255.897436 4083.076923
4255.897436 4249.743590 4253.846154 4261.025641 4224.102564 4237.435897 4246.666667 4231.794872 4245.641026 4228.717949 4245.128205 4222.051282 4270.256410 4092.307692
4250.769231 4240.512821 4242.564103 4249.230769 4226.666667 4238.974359 4228.205128 4218.461538 4230.256410 4232.820513 4231.794872 4219.487179 4256.923077 4095.897436
4243.589744 4231.282051 4230.256410 4234.871795 4225.641026 4233.846154 4220.000000 4218.974359 4228.717949 4227.179487 4223.076923 4208.717949 4249.230769 4091.282051
4242.051282 4238.461538 4235.897436 4237.948718 4223.589744 4235.384615 4230.256410 4227.692308 4243.589744 4224.102564 4230.769231 4210.769231 4259.487179 4094.358974
4235.897436 4236.923077 4231.794872 4236.410256 4223.589744 4236.923077 4228.717949 4224.102564 4232.307692 4227.692308 4226.666667 4206.666667 4249.743590 4097.948718
4218.461538 4213.846154 4209.230769 4216.923077 4225.128205 4232.820513 4222.051282 4213.333333 4202.564103 4227.692308 4209.230769 4191.282051 4223.589744 4095.384615
4196.410256 4189.230769 4187.692308 4193.333333 4228.205128 4230.256410 4226.153846 4205.641026 4180.000000 4225.128205 4194.358974 4182.051282 4205.128205 4090.769231
4182.051282 4181.025641 4176.410256 4181.025641 4223.589744 4225.641026 4218.974359 4204.615385 4174.358974 4227.179487 4187.692308 4170.256410 4197.435897 4088.205128
4194.358974 4189.743590 4184.102564 4189.743590 4222.564103 4225.641026 4203.589744 4209.743590 4190.769231 4228.717949 4199.487179 4180.000000 4214.358974 4093.846154
4222.051282 4211.282051 4209.743590 4214.871795 4226.153846 4231.282051 4216.923077 4215.897436 4217.948718 4226.666667 4229.743590 4197.435897 4250.769231 4103.076923
4235.897436 4227.692308 4230.256410 4231.282051 4225.128205 4233.333333 4238.461538 4225.128205 4233.846154 4229.230769 4251.794872 4200.512821 4270.769231 4107.179487
4240.512821 4233.333333 4237.435897 4231.282051 4228.717949 4231.282051 4233.846154 4236.410256 4241.025641 4231.282051 4260.000000 4209.230769 4275.384615 4110.769231
4243.589744 4239.487179 4238.461538 4233.333333 4226.666667 4229.743590 4224.615385 4237.435897 4246.153846 4229.743590 4267.179487 4207.692308 4282.564103 4115.384615
4241.025641 4240.512821 4236.410256 4235.384615 4224.102564 4231.794872 4226.666667 4226.666667 4238.461538 4231.282051 4267.179487 4203.589744 4274.871795 4117.948718
4238.974359 4233.333333 4233.333333 4230.256410 4226.153846 4228.717949 4226.153846 4221.025641 4225.641026 4230.769231 4261.025641 4206.153846 4263.589744 4118.461538
4244.615385 4231.282051 4231.282051 4225.641026 4225.128205 4223.076923 4219.487179 4219.487179 4221.538462 4226.666667 4267.179487 4204.102564 4265.641026 4121.025641
4249.230769 4234.358974 4236.923077 4227.692308 4225.641026 4229.743590 4224.615385 4216.923077 4223.589744 4227.179487 4274.358974 4207.179487 4268.717949 4127.179487
4257.435897 4249.230769 4249.230769 4241.025641 4223.589744 4237.435897 4240.000000 4229.230769 4233.846154 4229.230769 4279.487179 4209.230769 4277.435897 4135.897436
4267.692308 4261.538462 4258.461538 4250.769231 4223.076923 4235.384615 4244.615385 4240.512821 4249.743590 4225.641026 4286.153846 4215.897436 4285.128205 4141.025641
4257.948718 4250.256410 4247.179487 4242.051282 4225.641026 4229.743590 4240.000000 4232.820513 4250.769231 4224.102564 4283.589744 4213.333333 4274.358974 4135.897436
4234.358974 4228.205128 4224.102564 4220.512821 4224.102564 4227.179487 4233.333333 4222.564103 4229.230769 4228.717949 4269.743590 4197.948718 4255.384615 4135.897436
4225.128205 4220.000000 4215.384615 4206.666667 4226.153846 4229.743590 4226.153846 4226.666667 4218.461538 4232.307692 4255.384615 4203.076923 4247.179487 4140.000000
4229.743590 4224.102564 4219.487179 4209.230769 4225.128205 4230.256410 4228.205128 4235.897436 4230.256410 4228.205128 4260.512821 4205.641026 4253.846154 4137.435897
4230.256410 4221.025641 4218.461538 4209.230769 4224.102564 4227.179487 4234.358974 4233.846154 4233.846154 4223.076923 4270.256410 4204.102564 4261.538462 4136.410256
4225.641026 4215.384615 4211.282051 4206.153846 4224.102564 4225.128205 4230.769231 4224.615385 4226.666667 4225.641026 4266.153846 4210.256410 4257.435897 4138.974359
4229.743590 4228.205128 4215.897436 4217.948718 4222.564103 4228.205128 4229.230769 4223.589744 4231.794872 4228.205128 4264.615385 4211.282051 4261.025641 4137.948718
4240.000000 4242.051282 4231.282051 4228.717949 4226.153846 4230.769231 4230.769231 4228.205128 4238.974359 4227.179487 4269.743590 4218.974359 4269.230769 4137.435897
4238.461538 4236.923077 4230.256410 4223.076923 4222.564103 4226.153846 4224.615385 4228.205128 4237.435897 4227.692308 4271.282051 4218.974359 4267.179487 4134.358974
4234.871795 4229.743590 4221.538462 4220.512821 4221.025641 4228.205128 4226.666667 4226.153846 4239.487179 4228.205128 4269.230769 4218.461538 4268.205128 4126.666667
4240.000000 4235.384615 4228.717949 4226.666667 4228.205128 4233.846154 4237.948718 4227.179487 4237.948718 4225.128205 4267.692308 4227.179487 4271.794872 4124.102564
4234.871795 4233.333333 4228.205128 4221.025641 4225.641026 4229.230769 4233.333333 4226.153846 4222.564103 4227.692308 4255.897436 4219.487179 4260.512821 4117.948718
4228.717949 4221.538462 4221.538462 4212.820513 4225.641026 4225.641026 4219.487179 4218.461538 4214.358974 4235.384615 4242.564103 4218.974359 4249.743590 4110.769231
4234.871795 4224.615385 4224.102564 4220.512821 4229.230769 4227.179487 4218.461538 4210.769231 4221.025641 4231.794872 4245.128205 4224.102564 4257.948718 4113.333333
4237.435897 4230.769231 4226.153846 4225.128205 4224.615385 4226.153846 4226.666667 4211.282051 4217.435897 4228.717949 4248.205128 4217.948718 4261.538462 4113.846154
4232.820513 4227.179487 4225.128205 4218.461538 4225.128205 4225.128205 4231.282051 4221.538462 4215.384615 4230.769231 4244.102564 4214.871795 4255.384615 4108.205128
4230.256410 4224.102564 4223.589744 4215.897436 4225.128205 4223.589744 4227.179487 4225.128205 4221.538462 4229.743590 4240.000000 4204.102564 4259.487179 4110.256410
4228.717949 4224.102564 4221.025641 4215.384615 4225.128205 4223.076923 4219.487179 4217.948718 4217.948718 4229.743590 4236.410256 4198.974359 4260.512821 4116.410256
4233.333333 4232.307692 4223.076923 4221.025641 4225.128205 4222.564103 4222.051282 4220.512821 4220.000000 4230.769231 4239.487179 4199.487179 4263.076923 4106.666667
4233.333333 4233.333333 4222.564103 4220.512821 4222.564103 4223.076923 4223.076923 4217.435897 4219.487179 4229.743590 4240.512821 4193.333333 4265.128205 4108.205128
4220.512821 4221.538462 4212.307692 4205.128205 4225.641026 4226.666667 4215.384615 4201.538462 4202.051282 4229.230769 4228.205128 4192.820513 4255.384615 4115.384615
4219.487179 4218.974359 4209.230769 4205.128205 4225.128205 4226.153846 4218.461538 4208.717949 4204.102564 4229.230769 4224.615385 4190.769231 4255.897436 4056.410256
4233.333333 4227.692308 4221.538462 4221.025641 4225.128205 4225.641026 4226.153846 4223.589744 4222.051282 4231.794872 4232.820513 4197.948718 4267.692308 3970.256410
4239.487179 4234.871795 4231.794872 4226.666667 4227.179487 4228.205128 4224.615385 4216.410256 4223.076923 4233.846154 4237.435897 4204.102564 4275.384615 3955.384615
4245.128205 4244.102564 4237.948718 4228.205128 4226.153846 4231.794872 4226.666667 4222.051282 4226.666667 4225.641026 4239.487179 4203.589744 4281.538462 3985.641026
4252.820513 4245.641026 4237.948718 4231.282051 4228.205128 4230.769231 4229.743590 4232.820513 4233.846154 4221.538462 4233.846154 4208.205128 4278.974359 3985.641026
4243.589744 4234.358974 4226.666667 4223.589744 4226.666667 4222.051282 4225.128205 4220.000000 4216.410256 4229.230769 4220.512821 4200.000000 4267.692308 3976.923077
4232.820513 4229.743590 4221.538462 4217.948718 4226.666667 4223.076923 4216.923077 4210.256410 4199.487179 4229.230769 4216.410256 4197.435897 4265.641026 3987.692308
4241.025641 4238.974359 4229.230769 4229.743590 4228.717949 4232.307692 4221.538462 4220.512821 4215.897436 4224.615385 4224.615385 4203.589744 4275.384615 3993.846154
4248.205128 4245.128205 4234.871795 4238.974359 4225.641026 4231.282051 4230.769231 4226.153846 4229.230769 4225.641026 4223.589744 4197.435897 4282.051282 3992.820513
4236.410256 4238.974359 4229.743590 4227.692308 4225.641026 4228.717949 4228.205128 4213.846154 4210.769231 4228.717949 4210.256410 4197.948718 4273.846154 3989.230769
4227.692308 4234.358974 4222.564103 4221.025641 4224.102564 4227.692308 4221.538462 4209.743590 4200.000000 4228.717949 4206.153846 4194.871795 4265.128205 3986.153846
4239.487179 4241.538462 4230.769231 4231.794872 4227.692308 4229.743590 4222.564103 4226.666667 4218.974359 4225.641026 4214.871795 4200.000000 4272.307692 3987.692308
4252.820513 4252.307692 4243.589744 4241.025641 4230.256410 4235.384615 4233.333333 4241.538462 4238.461538 4223.589744 4222.564103 4212.307692 4289.743590 3990.769231
