4206.153846 4189.743590 4202.564103 4190.769231 4227.179487 4224.102564 4212.820513 4199.487179 4186.153846 4226.153846 4161.025641 4168.717949 4108.205128 4160.000000
4204.102564 4189.230769 4200.512821 4191.794872 4225.128205 4222.564103 4213.846154 4196.923077 4181.025641 4224.102564 4167.692308 4170.769231 4107.179487 4161.538462
4228.205128 4211.282051 4221.538462 4212.307692 4224.615385 4228.205128 4238.974359 4218.461538 4211.282051 4226.666667 4191.282051 4179.487179 4133.846154 4162.564103
4234.358974 4209.230769 4225.641026 4214.871795 4229.230769 4229.230769 4240.000000 4220.512821 4217.435897 4226.666667 4188.205128 4183.589744 4136.410256 4155.384615
4217.435897 4196.410256 4210.256410 4204.615385 4224.615385 4224.102564 4222.564103 4203.076923 4198.461538 4225.128205 4176.410256 4172.307692 4118.461538 4150.256410
4223.589744 4207.179487 4217.948718 4213.333333 4224.102564 4226.666667 4228.717949 4208.717949 4208.205128 4228.717949 4186.153846 4181.025641 4126.666667 4153.333333
4238.974359 4218.461538 4232.820513 4228.717949 4225.128205 4231.282051 4240.512821 4230.769231 4229.743590 4228.717949 4199.487179 4189.230769 4145.641026 4156.923077
4232.307692 4210.769231 4225.128205 4220.000000 4222.564103 4228.205128 4230.256410 4229.230769 4222.564103 4225.128205 4193.333333 4180.000000 4136.410256 4157.435897
4215.384615 4201.538462 4212.307692 4205.128205 4225.128205 4225.128205 4219.487179 4209.743590 4205.641026 4226.153846 4181.025641 4178.461538 4120.512821 4153.333333
4213.846154 4204.102564 4212.820513 4210.256410 4222.564103 4224.102564 4228.717949 4212.307692 4209.230769 4226.666667 4182.051282 4176.923077 4128.717949 4148.717949
4229.230769 4209.743590 4224.102564 4223.076923 4224.102564 4228.205128 4241.538462 4229.230769 4222.564103 4232.307692 4191.282051 4185.128205 4142.051282 4153.846154
4234.358974 4212.307692 4227.179487 4224.615385 4228.205128 4228.205128 4239.487179 4230.256410 4225.641026 4233.333333 4196.410256 4188.205128 4143.076923 4156.410256
4222.564103 4209.743590 4220.512821 4222.051282 4223.589744 4225.128205 4228.205128 4218.974359 4217.948718 4224.615385 4192.820513 4180.000000 4138.974359 4146.666667
4217.948718 4205.128205 4215.384615 4220.512821 4223.589744 4228.717949 4217.435897 4208.205128 4209.743590 4224.102564 4186.666667 4181.025641 4133.846154 4140.512821
4230.769231 4210.256410 4221.025641 4224.615385 4225.128205 4230.769231 4223.589744 4219.487179 4218.461538 4229.230769 4192.820513 4180.000000 4140.512821 4147.692308
4236.923077 4212.820513 4227.179487 4226.153846 4224.102564 4231.794872 4235.897436 4232.820513 4232.307692 4226.666667 4198.461538 4183.589744 4149.743590 4156.410256
4224.615385 4203.076923 4219.487179 4216.410256 4223.076923 4231.794872 4236.923077 4226.153846 4230.769231 4223.589744 4189.743590 4183.076923 4145.128205 4151.794872
4213.846154 4193.846154 4210.256410 4208.205128 4223.589744 4228.717949 4229.743590 4216.923077 4220.000000 4228.205128 4180.000000 4173.333333 4135.384615 4142.564103
4218.974359 4197.948718 4214.871795 4212.307692 4226.666667 4227.692308 4228.205128 4216.923077 4217.435897 4227.179487 4179.487179 4176.923077 4135.897436 4138.461538
4217.435897 4200.000000 4213.333333 4214.358974 4222.564103 4227.692308 4231.794872 4218.461538 4220.512821 4224.615385 4181.538462 4174.358974 4140.000000 4136.410256
4204.615385 4190.769231 4207.692308 4208.205128 4225.128205 4230.256410 4235.384615 4224.102564 4223.076923 4232.307692 4181.538462 4173.846154 4137.435897 4136.410256
4208.205128 4192.307692 4213.333333 4210.256410 4227.179487 4228.205128 4237.948718 4228.205128 4225.128205 4233.846154 4186.666667 4180.512821 4145.641026 4136.410256
4214.871795 4195.897436 4211.282051 4213.333333 4218.974359 4223.076923 4224.615385 4213.846154 4220.512821 4226.153846 4186.153846 4174.358974 4150.769231 4134.358974
4212.820513 4193.333333 4205.128205 4206.666667 4223.076923 4227.179487 4217.948718 4216.410256 4218.974359 4225.641026 4178.974359 4174.871795 4139.487179 4135.384615
4213.846154 4194.871795 4209.230769 4208.717949 4227.692308 4231.282051 4234.358974 4240.000000 4227.692308 4228.717949 4180.000000 4173.333333 4137.435897 4135.897436
4206.666667 4185.641026 4203.076923 4208.717949 4225.641026 4228.717949 4233.333333 4223.076923 4216.923077 4225.128205 4177.435897 4169.743590 4134.358974 4130.769231
4197.948718 4174.871795 4191.282051 4200.000000 4225.641026 4225.641026 4218.974359 4198.974359 4197.435897 4222.051282 4168.205128 4170.769231 4124.102564 4129.743590
4209.230769 4193.333333 4204.102564 4209.230769 4222.051282 4226.153846 4228.205128 4222.051282 4210.256410 4227.179487 4178.974359 4170.256410 4132.820513 4136.923077
4222.564103 4210.769231 4222.051282 4225.128205 4225.128205 4229.743590 4234.871795 4237.948718 4230.769231 4234.358974 4192.820513 4181.538462 4149.743590 4139.487179
4218.974359 4203.589744 4214.358974 4224.102564 4226.153846 4228.717949 4229.743590 4224.615385 4225.641026 4229.743590 4188.205128 4181.025641 4148.717949 4134.358974
4215.384615 4197.948718 4206.666667 4217.948718 4222.564103 4226.666667 4235.897436 4220.512821 4216.923077 4223.076923 4181.538462 4171.282051 4140.512821 4133.846154
4214.871795 4203.589744 4209.230769 4218.974359 4224.102564 4229.230769 4235.897436 4219.487179 4218.974359 4226.666667 4184.102564 4175.384615 4143.076923 4136.410256
4222.564103 4211.282051 4216.410256 4224.102564 4223.589744 4230.256410 4229.230769 4222.051282 4223.589744 4228.205128 4188.205128 4177.435897 4153.333333 4137.435897
4232.820513 4206.666667 4219.487179 4221.025641 4225.641026 4229.230769 4228.717949 4227.692308 4221.025641 4226.666667 4182.051282 4180.000000 4148.717949 4137.435897
4228.717949 4200.512821 4212.820513 4218.974359 4228.205128 4228.717949 4228.717949 4225.641026 4218.461538 4227.692308 4178.974359 4180.512821 4143.589744 4135.897436
4227.179487 4206.153846 4215.897436 4227.692308 4226.153846 4230.769231 4232.307692 4231.282051 4226.666667 4226.153846 4187.179487 4184.102564 4153.846154 4136.410256
4232.307692 4209.230769 4222.051282 4230.769231 4224.102564 4230.769231 4236.923077 4235.897436 4228.717949 4225.128205 4187.692308 4188.717949 4153.846154 4137.435897
4226.666667 4205.128205 4216.410256 4224.102564 4221.025641 4224.615385 4226.666667 4222.564103 4222.564103 4224.615385 4180.512821 4174.871795 4147.179487 4133.846154
4226.666667 4205.128205 4215.897436 4223.589744 4226.666667 4225.128205 4221.538462 4216.923077 4222.051282 4224.615385 4183.589744 4176.410256 4148.717949 4134.358974
4233.846154 4210.256410 4222.051282 4229.230769 4227.692308 4230.769231 4240.000000 4228.717949 4222.564103 4226.153846 4188.717949 4181.538462 4148.205128 4136.410256
4214.358974 4191.794872 4205.128205 4214.871795 4223.076923 4228.717949 4236.410256 4220.000000 4205.128205 4227.179487 4154.358974 4165.128205 4127.179487 4128.205128
4191.282051 4167.692308 4183.589744 4191.794872 4225.641026 4223.076923 4214.358974 4201.025641 4183.589744 4226.153846 4097.948718 4157.948718 4103.076923 4120.000000
4209.230769 4184.615385 4200.000000 4205.641026 4222.564103 4221.538462 4224.102564 4211.794872 4188.205128 4227.692308 4091.282051 4165.641026 4114.358974 4120.512821
4234.871795 4212.307692 4223.076923 4229.743590 4222.564103 4226.666667 4232.307692 4222.564103 4202.051282 4228.205128 4117.435897 4180.000000 4137.435897 4126.153846
4232.820513 4213.333333 4217.948718 4229.230769 4225.128205 4229.230769 4221.025641 4220.512821 4212.820513 4225.128205 4122.564103 4179.487179 4144.102564 4132.820513
4225.128205 4209.230769 4210.256410 4224.102564 4222.051282 4229.230769 4226.666667 4224.102564 4218.461538 4226.153846 4119.487179 4172.307692 4147.692308 4133.333333
4230.769231 4213.333333 4220.512821 4228.717949 4225.128205 4233.333333 4235.384615 4233.333333 4217.435897 4229.743590 4127.179487 4183.076923 4155.897436 4130.769231
4238.974359 4219.487179 4225.128205 4235.897436 4224.615385 4233.333333 4225.128205 4241.538462 4223.589744 4227.692308 4134.871795 4182.564103 4159.487179 4129.743590
4238.974359 4223.076923 4225.128205 4240.000000 4221.025641 4230.769231 4231.794872 4240.512821 4238.974359 4226.153846 4139.487179 4184.102564 4161.538462 4126.666667
4234.358974 4216.410256 4225.641026 4232.307692 4223.076923 4230.769231 4248.205128 4241.538462 4243.076923 4229.743590 4141.025641 4191.794872 4163.589744 4125.128205
4230.256410 4210.769231 4220.000000 4225.641026 4225.641026 4227.692308 4237.948718 4246.153846 4236.923077 4228.717949 4136.410256 4186.153846 4158.974359 4127.179487
4233.846154 4216.410256 4222.564103 4233.333333 4227.692308 4227.179487 4227.179487 4237.948718 4241.025641 4223.589744 4140.000000 4178.461538 4160.512821 4128.205128
4239.487179 4220.512821 4230.256410 4236.410256 4224.102564 4227.692308 4236.923077 4235.897436 4241.538462 4225.641026 4149.743590 4182.051282 4169.743590 4130.769231
4238.461538 4216.410256 4225.641026 4228.205128 4224.102564 4228.205128 4244.102564 4248.205128 4230.256410 4230.256410 4148.205128 4194.871795 4163.589744 4137.435897
4235.384615 4214.358974 4218.974359 4227.179487 4226.153846 4227.692308 4236.923077 4240.512821 4223.589744 4226.153846 4138.974359 4136.410256 4152.307692 4138.974359
4229.743590 4209.743590 4213.333333 4224.615385 4222.564103 4224.615385 4219.487179 4218.461538 4214.871795 4224.615385 4132.307692 4017.435897 4147.179487 4131.794872
4223.589744 4201.538462 4206.666667 4214.358974 4227.179487 4225.128205 4211.794872 4215.384615 4203.589744 4229.230769 4123.589744 3979.487179 4140.000000 4129.230769
4220.000000 4206.666667 4203.589744 4215.384615 4228.205128 4228.205128 4228.205128 4226.666667 4207.692308 4228.205128 4121.538462 4003.076923 4143.589744 4134.871795
4219.487179 4211.282051 4202.564103 4216.923077 4223.076923 4231.282051 4236.410256 4229.743590 4215.897436 4229.743590 4126.153846 4003.076923 4148.717949 4140.512821
4216.410256 4201.025641 4196.410256 4206.666667 4225.128205 4226.666667 4224.102564 4230.769231 4216.923077 4232.307692 4123.076923 4001.538462 4140.000000 4142.564103
4211.794872 4198.461538 4194.871795 4208.717949 4224.615385 4222.051282 4224.102564 4238.461538 4222.051282 4223.589744 4120.000000 4007.692308 4136.923077 4147.692308
4216.923077 4207.692308 4202.051282 4219.487179 4223.589744 4227.179487 4230.256410 4236.410256 4228.205128 4223.589744 4124.615385 4013.846154 4141.025641 4160.512821
4223.076923 4211.794872 4206.153846 4218.974359 4223.076923 4227.179487 4228.717949 4240.000000 4230.769231 4230.256410 4132.820513 4018.461538 4144.615385 4173.846154
4221.538462 4204.615385 4205.128205 4213.846154 4226.153846 4225.128205 4231.282051 4244.102564 4225.128205 4227.179487 4132.307692 4017.435897 4144.615385 4184.615385
4218.461538 4206.153846 4204.102564 4216.410256 4230.769231 4225.641026 4232.820513 4226.153846 4212.307692 4223.589744 4124.102564 4018.974359 4138.461538 4194.871795
4216.410256 4206.666667 4197.435897 4216.923077 4223.589744 4223.076923 4227.179487 4209.743590 4201.538462 4225.128205 4122.051282 4012.307692 4129.743590 4196.410256
4216.410256 4197.435897 4191.282051 4206.666667 4222.564103 4225.128205 4225.128205 4212.820513 4195.384615 4227.179487 4126.666667 4015.384615 4132.307692 4203.076923
4215.384615 4200.512821 4194.358974 4205.641026 4226.666667 4226.666667 4229.230769 4222.051282 4200.512821 4228.205128 4131.282051 4022.564103 4138.974359 4218.974359
4216.410256 4210.256410 4198.461538 4216.410256 4224.102564 4226.153846 4230.256410 4221.538462 4211.282051 4227.179487 4129.230769 4021.025641 4140.000000 4226.666667
4225.128205 4210.256410 4198.974359 4221.025641 4222.564103 4227.692308 4228.205128 4222.051282 4215.897436 4224.615385 4127.692308 4025.641026 4140.512821 4226.666667
4229.230769 4211.282051 4194.871795 4221.538462 4221.025641 4224.102564 4223.076923 4226.666667 4217.435897 4225.128205 4133.333333 4027.179487 4145.128205 4230.769231
4224.615385 4214.871795 4194.871795 4218.974359 4224.102564 4221.538462 4221.025641 4227.692308 4222.051282 4229.743590 4134.871795 4035.384615 4144.102564 4240.000000
4219.487179 4205.641026 4194.871795 4214.871795 4226.153846 4226.666667 4230.256410 4230.256410 4223.076923 4229.743590 4130.769231 4035.897436 4139.487179 4241.025641
4209.230769 4193.333333 4182.564103 4205.641026 4224.615385 4225.641026 4231.282051 4227.179487 4211.282051 4225.641026 4125.641026 4025.128205 4128.717949 4238.461538
4207.179487 4200.512821 4177.435897 4205.641026 4225.641026 4221.538462 4221.025641 4221.025641 4208.205128 4226.666667 4126.153846 4032.307692 4121.538462 4241.538462
4223.589744 4218.974359 4191.794872 4224.615385 4222.564103 4227.179487 4231.282051 4228.717949 4223.589744 4227.692308 4140.512821 4040.000000 4143.076923 4247.179487
4228.205128 4214.871795 4197.435897 4226.153846 4221.538462 4232.820513 4245.128205 4228.205128 4219.487179 4226.153846 4143.589744 4042.564103 4148.205128 4253.333333
4211.282051 4199.487179 4180.000000 4206.153846 4222.564103 4227.692308 4230.769231 4211.282051 4199.487179 4225.641026 4129.230769 4040.000000 4121.538462 4257.435897
4211.794872 4206.153846 4177.948718 4207.179487 4221.538462 4223.076923 4220.512821 4217.948718 4210.769231 4226.666667 4132.307692 4037.435897 4119.487179 4264.102564
4227.179487 4211.794872 4188.717949 4216.410256 4225.128205 4229.230769 4227.692308 4229.743590 4227.692308 4226.153846 4142.051282 4050.256410 4131.794872 4266.153846
4227.692308 4209.230769 4185.128205 4214.358974 4224.615385 4230.256410 4231.282051 4220.512821 4221.538462 4226.153846 4141.025641 4053.846154 4131.282051 4265.128205
4226.666667 4213.333333 4185.128205 4215.384615 4226.153846 4227.179487 4228.205128 4223.589744 4227.692308 4228.205128 4147.179487 4059.487179 4135.897436 4271.282051
4230.256410 4221.538462 4189.230769 4220.512821 4227.179487 4230.256410 4235.897436 4243.076923 4237.948718 4225.128205 4156.410256 4067.179487 4142.051282 4278.974359
4229.230769 4224.102564 4187.692308 4220.512821 4220.512821 4228.717949 4244.102564 4241.538462 4217.435897 4226.666667 4152.307692 4062.051282 4135.384615 4282.564103
4229.230769 4220.512821 4189.743590 4220.000000 4223.076923 4227.179487 4237.435897 4223.076923 4188.717949 4235.384615 4152.307692 4068.717949 4130.256410 4288.205128
4233.333333 4225.128205 4196.923077 4227.179487 4225.128205 4228.717949 4235.897436 4226.153846 4187.179487 4230.256410 4162.051282 4072.820513 4136.923077 4298.461538
4235.384615 4234.358974 4198.974359 4233.846154 4222.564103 4229.743590 4240.000000 4239.487179 4196.410256 4219.487179 4164.102564 4075.384615 4142.564103 4310.769231
4235.897436 4234.358974 4196.410256 4233.333333 4224.615385 4230.256410 4235.897436 4236.410256 4195.384615 4224.615385 4162.564103 4083.076923 4142.051282 4316.923077
4231.282051 4227.692308 4190.769231 4226.153846 4223.076923 4228.717949 4231.794872 4225.128205 4194.358974 4230.256410 4164.102564 4075.897436 4134.871795 4317.948718
4223.076923 4222.051282 4186.153846 4217.435897 4226.666667 4229.230769 4227.179487 4221.025641 4193.333333 4227.179487 4162.051282 4076.410256 4125.641026 4323.076923
4221.025641 4217.435897 4181.025641 4215.384615 4227.692308 4227.179487 4212.820513 4215.384615 4183.076923 4227.692308 4159.487179 4076.410256 4123.589744 4331.282051
4221.025641 4207.179487 4172.820513 4208.717949 4224.615385 4224.615385 4205.128205 4199.487179 4168.717949 4229.743590 4157.435897 4074.358974 4120.512821 4336.923077
4223.589744 4207.179487 4173.846154 4207.692308 4226.666667 4225.128205 4224.615385 4211.282051 4178.461538 4226.666667 4162.564103 4088.205128 4122.051282 4336.410256
4228.717949 4222.564103 4180.000000 4220.000000 4224.102564 4224.615385 4238.461538 4235.897436 4203.076923 4224.102564 4177.948718 4090.769231 4138.461538 4337.435897
4231.794872 4228.717949 4182.051282 4226.666667 4224.102564 4228.205128 4228.205128 4226.666667 4202.564103 4227.179487 4182.051282 4086.153846 4140.512821 4344.102564
4230.769231 4226.153846 4180.512821 4223.589744 4227.692308 4229.230769 4224.102564 4215.384615 4188.205128 4229.743590 4175.384615 4081.538462 4131.794872 4350.769231
4227.692308 4224.102564 4178.461538 4220.512821 4227.179487 4227.179487 4231.282051 4225.641026 4190.256410 4226.666667 4175.384615 4081.538462 4130.256410 4353.846154
4229.230769 4226.666667 4181.025641 4223.589744 4227.692308 4231.794872 4241.025641 4228.205128 4204.615385 4225.128205 4180.000000 4089.230769 4131.794872 4361.025641
4234.871795 4232.820513 4188.717949 4230.256410 4224.615385 4234.871795 4249.230769 4231.794872 4217.948718 4226.666667 4186.666667 4088.205128 4136.923077 4370.769231
4232.820513 4230.256410 4189.743590 4228.717949 4224.615385 4231.282051 4238.974359 4238.974359 4214.871795 4226.153846 4186.666667 4091.794872 4133.333333 4368.717949
4218.974359 4221.538462 4179.487179 4220.000000 4226.153846 4227.692308 4222.564103 4224.615385 4197.435897 4224.615385 4175.897436 4088.717949 4117.948718 4367.179487
4215.897436 4221.538462 4176.410256 4219.487179 4225.128205 4229.230769 4230.769231 4218.974359 4194.871795 4225.128205 4172.307692 4081.538462 4111.282051 4387.692308
4234.871795 4237.948718 4190.256410 4235.897436 4224.615385 4234.871795 4246.666667 4238.974359 4219.487179 4224.102564 4187.692308 4099.487179 4127.179487 4415.897436
4245.641026 4247.692308 4197.435897 4245.128205 4221.538462 4234.358974 4246.153846 4240.512821 4232.820513 4224.615385 4200.000000 4109.230769 4142.051282 4424.102564
4228.205128 4227.692308 4183.589744 4225.641026 4227.179487 4230.256410 4229.743590 4218.974359 4210.256410 4227.692308 4187.179487 4102.564103 4129.743590 4417.435897
4218.974359 4214.358974 4170.256410 4212.820513 4229.230769 4227.179487 4215.384615 4213.333333 4196.410256 4218.974359 4173.846154 4097.948718 4120.512821 4413.846154
4227.179487 4225.128205 4173.846154 4225.641026 4221.538462 4226.153846 4214.358974 4229.230769 4212.307692 4213.846154 4182.564103 4102.051282 4129.743590 4412.820513
4224.102564 4225.641026 4177.948718 4225.641026 4224.615385 4228.205128 4222.051282 4231.282051 4213.333333 4226.153846 4188.205128 4113.846154 4128.205128 4403.589744
4220.512821 4223.076923 4178.974359 4222.051282 4225.641026 4227.692308 4234.358974 4226.153846 4204.615385 4228.717949 4187.692308 4112.307692 4126.153846 4395.384615
4234.871795 4235.384615 4188.717949 4234.358974 4223.589744 4230.769231 4243.076923 4238.461538 4221.025641 4224.102564 4195.897436 4117.948718 4140.512821 4398.974359
4240.000000 4231.794872 4190.769231 4234.871795 4223.589744 4233.846154 4241.538462 4244.102564 4233.846154 4228.205128 4199.487179 4129.743590 4144.615385 4400.000000
4230.769231 4219.487179 4183.076923 4226.666667 4221.025641 4230.769231 4235.384615 4234.871795 4223.076923 4226.153846 4198.461538 4126.666667 4142.564103 4390.256410
4232.820513 4228.205128 4186.666667 4233.333333 4223.589744 4232.820513 4238.974359 4238.974359 4225.128205 4222.564103 4203.589744 4131.794872 4151.794872 4387.179487
4238.461538 4240.512821 4191.794872 4245.128205 4224.615385 4236.410256 4249.743590 4250.256410 4239.487179 4227.692308 4210.256410 4131.282051 4155.384615 4389.743590
4238.974359 4238.461538 4193.333333 4246.666667 4224.615385 4234.871795 4251.794872 4242.564103 4236.923077 4228.205128 4207.692308 4128.717949 4144.102564 4386.153846
4237.435897 4232.820513 4192.307692 4240.512821 4228.205128 4231.794872 4244.615385 4232.307692 4226.153846 4222.051282 4200.000000 4130.256410 4137.435897 4381.538462
4232.820513 4230.256410 4187.692308 4236.410256 4225.128205 4229.743590 4237.435897 4235.897436 4222.564103 4220.512821 4196.410256 4123.589744 4137.948718 4380.000000
4233.846154 4227.692308 4186.666667 4235.897436 4223.076923 4228.717949 4230.769231 4234.358974 4224.102564 4224.615385 4198.461538 4130.256410 4139.487179 4385.128205
4239.487179 4230.769231 4189.230769 4236.923077 4222.051282 4226.153846 4229.230769 4235.897436 4228.717949 4226.153846 4203.589744 4135.384615 4143.076923 4392.820513
4244.615385 4232.307692 4190.769231 4235.384615 4221.025641 4226.153846 4228.717949 4243.076923 4230.256410 4225.641026 4205.128205 4135.384615 4146.666667 4392.820513
4243.589744 4229.230769 4190.769231 4234.871795 4222.564103 4228.205128 4225.641026 4239.487179 4227.179487 4224.615385 4202.051282 4138.974359 4143.076923 4391.282051
4227.692308 4222.564103 4181.538462 4229.230769 4221.538462 4225.128205 4225.641026 4230.256410 4218.974359 4223.076923 4194.358974 4130.769231 4135.384615 4393.333333
4219.487179 4212.820513 4174.358974 4220.512821 4225.641026 4227.179487 4228.717949 4227.692308 4214.358974 4226.153846 4187.692308 4132.307692 4129.230769 4396.410256
4239.487179 4224.102564 4187.179487 4233.846154 4227.692308 4231.282051 4239.487179 4240.512821 4230.769231 4229.230769 4200.512821 4137.948718 4139.487179 4398.974359
4252.307692 4240.000000 4198.461538 4248.717949 4224.102564 4232.307692 4243.076923 4249.230769 4248.717949 4226.666667 4212.307692 4139.487179 4149.230769 4402.564103
4236.410256 4229.230769 4187.179487 4234.871795 4225.128205 4233.846154 4234.358974 4239.487179 4236.923077 4223.589744 4201.538462 4144.615385 4138.974359 4405.641026
4230.769231 4218.974359 4178.974359 4226.666667 4223.076923 4232.820513 4236.923077 4231.282051 4223.589744 4226.666667 4192.820513 4139.487179 4129.230769 4404.615385
4247.179487 4231.794872 4190.256410 4240.512821 4224.615385 4232.307692 4245.128205 4237.435897 4233.333333 4229.230769 4199.487179 4143.589744 4135.897436 4406.666667
4248.717949 4240.000000 4195.384615 4243.589744 4224.615385 4231.282051 4237.435897 4245.641026 4244.102564 4226.666667 4207.692308 4150.769231 4147.692308 4410.769231
4242.564103 4235.897436 4190.769231 4236.923077 4220.512821 4227.692308 4225.641026 4240.000000 4238.974359 4225.128205 4211.282051 4152.307692 4150.256410 4411.282051
4249.230769 4237.948718 4194.358974 4241.538462 4225.641026 4231.282051 4224.615385 4228.717949 4232.820513 4224.615385 4209.230769 4161.538462 4147.179487 4409.230769
4252.820513 4241.538462 4199.487179 4247.179487 4226.666667 4232.307692 4227.692308 4233.846154 4239.487179 4223.076923 4206.666667 4160.512821 4146.666667 4408.717949
4248.717949 4237.948718 4200.512821 4243.589744 4225.128205 4229.230769 4231.794872 4241.538462 4249.743590 4224.615385 4210.769231 4168.205128 4151.282051 4413.846154
4251.794872 4243.589744 4204.102564 4247.692308 4226.153846 4230.256410 4243.589744 4238.461538 4253.333333 4226.666667 4220.000000 4177.435897 4159.487179 4422.051282
4245.641026 4242.051282 4196.923077 4247.179487 4222.564103 4233.333333 4242.564103 4227.179487 4232.820513 4225.128205 4211.794872 4165.641026 4145.128205 4424.615385
4222.051282 4216.410256 4176.923077 4223.589744 4224.102564 4228.205128 4228.205128 4218.461538 4202.051282 4226.666667 4184.102564 4155.384615 4105.641026 4414.358974
4208.717949 4202.051282 4168.717949 4208.717949 4224.102564 4220.000000 4232.820513 4227.179487 4200.000000 4226.666667 4179.487179 4150.256410 4095.384615 4409.743590
4214.871795 4213.846154 4178.461538 4216.923077 4223.589744 4225.641026 4241.025641 4235.384615 4215.897436 4223.076923 4196.923077 4154.871795 4118.974359 4421.538462
4224.615385 4228.717949 4187.692308 4229.230769 4224.102564 4232.307692 4231.282051 4236.410256 4227.179487 4224.102564 4206.153846 4163.076923 4135.384615 4431.794872
4236.923077 4243.589744 4201.538462 4246.153846 4222.564103 4231.282051 4232.820513 4242.051282 4243.076923 4228.717949 4218.974359 4167.179487 4149.230769 4438.461538
4248.205128 4257.948718 4218.974359 4260.000000 4226.153846 4232.307692 4241.025641 4242.051282 4250.256410 4229.230769 4234.871795 4177.435897 4161.025641 4451.794872
4241.538462 4255.384615 4216.410256 4252.820513 4226.666667 4233.333333 4234.871795 4236.923077 4241.025641 4226.153846 4231.794872 4171.794872 4157.948718 4471.282051
4228.205128 4240.000000 4204.615385 4239.487179 4226.153846 4232.307692 4228.717949 4234.871795 4235.897436 4228.205128 4221.538462 4166.666667 4149.743590 4490.769231
4223.589744 4235.897436 4204.102564 4241.025641 4226.666667 4234.358974 4234.871795 4233.333333 4239.487179 4230.256410 4222.051282 4172.307692 4148.717949 4503.076923
4224.615385 4246.666667 4208.717949 4249.743590 4222.051282 4240.000000 4248.717949 4243.076923 4241.538462 4225.128205 4228.717949 4170.769231 4152.307692 4506.153846
4232.307692 4257.435897 4217.435897 4255.384615 4222.564103 4244.102564 4261.538462 4253.333333 4248.205128 4223.076923 4235.897436 4180.000000 4157.948718 4514.358974
4236.410256 4256.410256 4221.538462 4255.897436 4223.076923 4239.487179 4254.871795 4248.717949 4257.435897 4226.666667 4242.051282 4183.589744 4163.076923 4524.102564
4230.256410 4247.179487 4219.487179 4248.717949 4224.615385 4233.846154 4237.435897 4238.974359 4247.179487 4227.692308 4240.512821 4180.000000 4160.512821 4530.256410
4229.230769 4250.256410 4222.564103 4251.282051 4227.692308 4235.897436 4243.589744 4242.564103 4244.615385 4226.153846 4238.974359 4187.179487 4161.025641 4536.410256
4231.794872 4259.487179 4223.076923 4260.000000 4224.615385 4237.948718 4257.948718 4258.974359 4263.076923 4225.641026 4244.615385 4185.641026 4168.205128 4538.461538
4220.512821 4249.743590 4214.871795 4247.692308 4227.179487 4238.461538 4243.589744 4257.435897 4264.615385 4227.179487 4242.564103 4183.076923 4162.051282 4538.461538
4201.538462 4239.487179 4206.666667 4235.384615 4230.256410 4237.435897 4230.769231 4240.512821 4248.205128 4226.666667 4242.564103 4180.000000 4156.410256 4543.589744
4199.487179 4245.641026 4207.179487 4243.589744 4226.666667 4236.923077 4239.487179 4243.589744 4250.256410 4228.717949 4250.769231 4179.487179 4164.102564 4552.820513
4203.076923 4249.230769 4207.179487 4248.717949 4224.102564 4237.948718 4243.076923 4253.846154 4262.564103 4230.256410 4249.743590 4183.589744 4164.102564 4560.000000
4191.794872 4243.076923 4198.461538 4242.564103 4221.025641 4234.871795 4234.358974 4236.410256 4252.820513 4226.153846 4238.974359 4172.820513 4153.333333 4566.153846
4181.025641 4236.410256 4193.846154 4236.923077 4223.076923 4233.846154 4234.871795 4222.564103 4235.897436 4226.153846 4237.435897 4172.307692 4147.179487 4572.820513
4188.717949 4240.512821 4201.538462 4240.512821 4225.641026 4236.923077 4238.974359 4235.897436 4236.410256 4229.743590 4249.230769 4181.025641 4154.871795 4581.025641
4196.410256 4247.692308 4208.717949 4246.666667 4224.102564 4237.948718 4237.435897 4245.641026 4245.128205 4226.153846 4257.948718 4182.051282 4165.128205 4587.692308
4189.743590 4243.589744 4207.179487 4244.102564 4225.641026 4239.487179 4247.179487 4244.102564 4247.692308 4223.589744 4254.871795 4186.666667 4163.076923 4594.871795
4184.615385 4241.538462 4206.153846 4244.615385 4223.589744 4236.410256 4257.435897 4248.717949 4251.794872 4228.717949 4257.435897 4186.666667 4160.512821 4604.615385
4187.179487 4244.615385 4209.230769 4245.641026 4224.615385 4233.846154 4244.102564 4244.615385 4248.717949 4228.717949 4261.538462 4193.846154 4160.512821 4609.743590
4188.717949 4243.589744 4208.205128 4243.076923 4225.641026 4233.333333 4229.743590 4233.333333 4239.487179 4224.102564 4260.000000 4198.461538 4157.435897 4606.666667
4183.076923 4240.000000 4201.538462 4240.512821 4224.102564 4232.307692 4227.692308 4234.871795 4243.589744 4225.641026 4255.897436 4190.769231 4151.794872 4600.512821
4173.333333 4232.820513 4191.794872 4232.820513 4226.666667 4233.333333 4224.615385 4234.871795 4243.589744 4228.205128 4246.666667 4189.743590 4142.051282 4591.282051
4168.205128 4228.717949 4187.179487 4227.179487 4224.102564 4230.769231 4225.128205 4229.230769 4234.871795 4224.615385 4242.051282 4183.076923 4140.512821 4580.512821
4171.794872 4229.743590 4193.846154 4229.743590 4224.102564 4228.717949 4230.256410 4231.282051 4234.871795 4222.564103 4245.641026 4186.153846 4144.615385 4574.358974
4176.410256 4234.871795 4200.512821 4235.384615 4226.153846 4231.794872 4236.410256 4242.051282 4244.102564 4225.641026 4252.307692 4197.435897 4151.794872 4567.692308
4171.282051 4235.384615 4196.410256 4229.743590 4222.564103 4230.769231 4238.974359 4242.564103 4238.974359 4228.205128 4255.897436 4192.307692 4155.897436 4559.487179
4168.717949 4233.846154 4192.307692 4224.615385 4226.666667 4231.794872 4237.948718 4230.769231 4226.666667 4229.743590 4252.307692 4191.282051 4151.794872 4561.025641
4180.000000 4243.076923 4201.538462 4237.948718 4228.717949 4233.846154 4243.589744 4241.025641 4240.512821 4227.692308 4254.871795 4192.307692 4157.948718 4566.153846
4191.794872 4255.384615 4220.000000 4250.256410 4226.153846 4233.846154 4252.307692 4262.051282 4264.615385 4224.615385 4267.179487 4201.538462 4174.871795 4567.692308
4189.743590 4252.307692 4221.538462 4243.076923 4223.076923 4231.794872 4242.564103 4248.717949 4255.897436 4226.153846 4273.333333 4206.153846 4178.974359 4572.307692
4183.076923 4240.000000 4207.179487 4231.794872 4218.461538 4228.717949 4225.641026 4222.564103 4234.358974 4227.179487 4271.282051 4193.333333 4176.923077 4581.025641
4186.153846 4244.102564 4209.743590 4236.410256 4224.102564 4232.307692 4232.820513 4232.307692 4248.717949 4227.692308 4271.282051 4196.923077 4183.589744 4587.179487
4187.179487 4256.923077 4220.000000 4244.102564 4226.666667 4233.846154 4244.615385 4250.256410 4263.589744 4226.666667 4273.333333 4196.410256 4182.564103 4589.230769
4185.128205 4254.871795 4219.487179 4242.051282 4223.076923 4232.820513 4237.948718 4236.410256 4243.589744 4226.666667 4267.179487 4189.743590 4169.230769 4595.897436
4190.769231 4249.743590 4217.948718 4239.487179 4223.589744 4232.307692 4232.307692 4231.282051 4241.025641 4227.179487 4264.102564 4193.846154 4168.717949 4604.615385
4198.461538 4253.333333 4225.641026 4242.564103 4224.615385 4232.307692 4238.974359 4241.538462 4255.384615 4227.692308 4275.897436 4195.897436 4183.076923 4609.743590
4202.564103 4262.051282 4238.974359 4248.205128 4226.153846 4235.384615 4248.205128 4244.615385 4257.948718 4230.256410 4288.205128 4202.051282 4190.769231 4617.948718
4201.538462 4270.256410 4241.025641 4255.384615 4223.076923 4235.897436 4260.000000 4259.487179 4270.256410 4228.717949 4291.282051 4190.769231 4191.794872 4638.461538
4200.512821 4269.743590 4235.897436 4256.923077 4222.564103 4238.461538 4261.538462 4266.666667 4278.461538 4225.641026 4291.794872 4174.871795 4190.769231 4669.743590
4201.025641 4264.102564 4239.487179 4251.794872 4227.179487 4241.538462 4249.230769 4246.666667 4266.153846 4224.102564 4293.333333 4178.974359 4184.102564 4699.487179
4201.025641 4265.128205 4240.000000 4249.743590 4224.102564 4236.923077 4244.102564 4241.025641 4260.512821 4226.153846 4290.256410 4178.974359 4180.000000 4721.025641
4200.512821 4266.666667 4234.358974 4247.692308 4225.128205 4233.333333 4241.538462 4243.589744 4261.538462 4231.282051 4284.615385 4178.974359 4178.974359 4741.025641
4195.897436 4260.000000 4228.205128 4244.615385 4228.717949 4232.820513 4237.948718 4232.307692 4254.358974 4231.282051 4288.205128 4178.461538 4182.564103 4756.410256
4188.205128 4249.230769 4222.564103 4237.948718 4226.666667 4232.307692 4237.435897 4227.692308 4246.153846 4226.153846 4296.410256 4177.948718 4183.076923 4766.666667
4189.230769 4247.179487 4224.102564 4232.820513 4226.153846 4233.846154 4244.102564 4233.333333 4246.153846 4226.666667 4296.410256 4187.179487 4176.410256 4782.051282
4198.974359 4256.923077 4235.897436 4243.589744 4224.102564 4234.871795 4252.307692 4240.512821 4257.948718 4227.179487 4300.000000 4190.769231 4179.487179 4796.923077
4203.076923 4263.076923 4241.538462 4253.333333 4226.666667 4234.871795 4243.589744 4248.717949 4268.717949 4223.076923 4311.794872 4200.000000 4187.692308 4801.538462
4198.974359 4260.000000 4233.333333 4249.230769 4226.666667 4235.384615 4233.846154 4253.333333 4268.205128 4223.076923 4320.000000 4201.025641 4190.769231 4805.641026
4190.769231 4248.205128 4225.128205 4237.435897 4225.128205 4232.307692 4234.358974 4245.641026 4260.000000 4228.717949 4312.307692 4187.179487 4181.538462 4815.384615
4185.641026 4240.512821 4224.615385 4233.846154 4230.256410 4229.743590 4228.205128 4228.205128 4247.692308 4230.769231 4299.487179 4190.256410 4169.230769 4818.461538
4192.820513 4250.256410 4232.820513 4239.487179 4225.641026 4229.230769 4219.487179 4224.102564 4240.512821 4228.205128 4308.205128 4198.974359 4177.435897 4812.820513
4202.564103 4257.435897 4240.000000 4241.025641 4222.564103 4230.769231 4222.564103 4233.846154 4250.769231 4226.666667 4321.025641 4208.717949 4188.717949 4813.333333
4200.512821 4254.871795 4241.538462 4244.102564 4227.692308 4232.820513 4235.384615 4243.589744 4265.128205 4228.205128 4320.512821 4214.871795 4192.307692 4814.358974
4201.025641 4262.051282 4249.743590 4256.410256 4228.717949 4235.897436 4250.256410 4249.743590 4267.179487 4229.743590 4322.564103 4216.923077 4200.512821 4807.692308
4206.666667 4266.666667 4252.820513 4256.410256 4226.666667 4239.487179 4252.820513 4246.666667 4260.000000 4230.769231 4317.948718 4221.538462 4195.897436 4801.025641
4195.897436 4255.897436 4237.948718 4241.025641 4221.538462 4233.846154 4234.358974 4237.435897 4249.743590 4226.666667 4301.025641 4210.256410 4177.435897 4796.410256
4182.564103 4246.153846 4231.282051 4232.820513 4223.076923 4227.179487 4222.564103 4230.769231 4241.025641 4226.153846 4298.461538 4209.230769 4173.846154 4790.256410
4192.820513 4251.282051 4243.589744 4241.538462 4226.666667 4228.717949 4235.384615 4237.435897 4248.205128 4228.717949 4312.307692 4223.076923 4186.666667 4782.051282
4198.974359 4259.487179 4250.769231 4249.743590 4222.564103 4231.794872 4241.025641 4242.051282 4257.435897 4224.615385 4311.282051 4221.538462 4192.820513 4774.871795
4178.974359 4250.256410 4246.666667 4240.000000 4223.589744 4230.256410 4223.589744 4227.179487 4238.974359 4223.076923 4300.000000 4221.025641 4184.102564 4768.205128
4163.589744 4239.487179 4238.461538 4229.743590 4226.153846 4223.589744 4217.435897 4216.410256 4223.076923 4227.692308 4299.487179 4217.948718 4176.410256 4762.564103
4167.692308 4240.000000 4237.948718 4230.769231 4227.692308 4227.179487 4226.666667 4229.230769 4241.025641 4227.179487 4304.102564 4215.897436 4179.487179 4763.589744
4177.948718 4248.717949 4247.179487 4235.384615 4227.179487 4233.333333 4228.205128 4241.538462 4258.461538 4223.589744 4304.615385 4223.076923 4188.717949 4768.205128
4180.000000 4255.897436 4252.307692 4240.512821 4222.051282 4230.769231 4232.307692 4241.025641 4252.820513 4226.666667 4306.666667 4223.589744 4189.743590 4762.564103
4174.358974 4251.794872 4248.717949 4238.974359 4225.128205 4232.307692 4238.974359 4237.948718 4247.179487 4231.794872 4306.153846 4226.666667 4184.615385 4754.871795
4174.871795 4252.307692 4250.256410 4238.461538 4228.205128 4233.846154 4237.948718 4237.948718 4249.230769 4229.743590 4307.692308 4225.128205 4191.282051 4755.897436
4187.179487 4258.461538 4258.461538 4242.564103 4227.179487 4232.307692 4238.974359 4241.538462 4256.923077 4226.666667 4311.794872 4227.179487 4196.410256 4758.461538
4189.743590 4253.333333 4254.871795 4238.974359 4227.692308 4229.230769 4236.923077 4247.692308 4263.589744 4226.153846 4310.769231 4234.871795 4187.692308 4752.820513
4175.384615 4241.025641 4243.076923 4227.179487 4223.076923 4224.102564 4224.615385 4234.871795 4246.666667 4225.641026 4303.589744 4224.615385 4183.076923 4746.153846
4167.692308 4236.410256 4239.487179 4221.025641 4225.641026 4224.615385 4214.358974 4216.923077 4226.153846 4225.641026 4296.923077 4222.051282 4180.512821 4745.641026
4173.846154 4242.564103 4244.102564 4231.282051 4229.743590 4229.230769 4221.538462 4230.256410 4241.025641 4225.641026 4302.051282 4227.692308 4184.102564 4746.153846
4176.923077 4244.615385 4247.692308 4240.512821 4226.153846 4231.282051 4238.974359 4246.666667 4266.153846 4229.743590 4306.153846 4227.692308 4189.230769 4749.230769
4174.871795 4239.487179 4242.564103 4233.333333 4225.641026 4227.692308 4240.000000 4237.948718 4261.538462 4229.743590 4297.435897 4226.666667 4182.564103 4751.282051
4177.948718 4242.051282 4237.948718 4229.743590 4222.564103 4225.128205 4236.923077 4240.512821 4253.846154 4227.692308 4294.358974 4221.025641 4181.538462 4747.179487
4188.717949 4251.282051 4248.205128 4238.461538 4222.051282 4230.256410 4244.615385 4256.923077 4266.153846 4231.794872 4301.025641 4229.743590 4191.794872 4750.256410
4189.230769 4250.256410 4250.769231 4236.410256 4226.153846 4229.743590 4241.538462 4256.923077 4272.820513 4232.307692 4301.025641 4232.307692 4191.282051 4755.384615
4178.461538 4237.435897 4236.410256 4224.615385 4227.179487 4224.615385 4225.128205 4245.641026 4260.512821 4225.128205 4293.333333 4219.487179 4179.487179 4752.307692
4180.512821 4243.076923 4240.000000 4232.820513 4226.153846 4230.256410 4229.230769 4244.102564 4254.871795 4221.538462 4291.794872 4224.615385 4184.102564 4756.410256
4191.794872 4256.923077 4252.307692 4245.128205 4223.076923 4234.358974 4242.564103 4245.128205 4259.487179 4225.128205 4295.384615 4228.205128 4197.948718 4766.666667
4189.230769 4243.589744 4240.512821 4230.769231 4225.641026 4229.743590 4231.282051 4228.717949 4240.512821 4228.717949 4286.666667 4223.589744 4189.230769 4769.230769
4177.435897 4229.743590 4229.230769 4223.589744 4229.743590 4226.666667 4224.615385 4220.000000 4222.564103 4228.717949 4277.435897 4215.384615 4177.948718 4771.794872
4186.153846 4245.128205 4243.589744 4240.512821 4227.179487 4230.256410 4240.000000 4237.948718 4240.000000 4228.205128 4284.102564 4213.333333 4189.743590 4776.923077
4196.410256 4254.358974 4252.307692 4248.717949 4226.666667 4237.948718 4245.641026 4244.102564 4254.358974 4230.256410 4288.205128 4226.153846 4200.000000 4776.410256
4184.615385 4242.564103 4241.025641 4238.461538 4224.615385 4235.897436 4238.461538 4233.333333 4247.692308 4229.230769 4284.102564 4222.051282 4197.435897 4777.948718
4186.666667 4246.666667 4243.076923 4237.435897 4224.615385 4229.743590 4245.128205 4242.564103 4253.846154 4225.641026 4289.230769 4217.948718 4204.102564 4785.641026
4209.230769 4266.666667 4257.435897 4251.282051 4226.153846 4233.333333 4257.948718 4259.487179 4271.794872 4226.153846 4298.974359 4227.179487 4218.461538 4784.615385
4210.256410 4265.641026 4258.461538 4254.358974 4223.076923 4234.871795 4250.769231 4257.435897 4273.333333 4226.666667 4297.435897 4224.102564 4222.051282 4780.000000
4199.487179 4254.871795 4249.743590 4242.564103 4226.153846 4230.769231 4240.000000 4250.256410 4264.102564 4226.153846 4293.333333 4222.051282 4221.025641 4782.051282
4202.051282 4257.948718 4246.666667 4239.487179 4227.692308 4228.717949 4238.461538 4246.153846 4254.358974 4227.179487 4291.794872 4218.461538 4225.641026 4781.025641
4191.794872 4248.205128 4235.897436 4232.820513 4224.615385 4229.230769 4228.717949 4230.769231 4233.846154 4231.794872 4271.282051 4211.282051 4204.615385 4769.743590
4162.564103 4217.435897 4213.333333 4208.205128 4226.666667 4223.589744 4225.641026 4214.871795 4202.564103 4232.307692 4236.923077 4200.000000 4160.512821 4751.794872
4161.538462 4217.435897 4211.282051 4207.692308 4227.179487 4220.000000 4242.564103 4221.025641 4195.384615 4228.717949 4233.333333 4193.846154 4158.461538 4745.128205
4188.717949 4249.743590 4239.487179 4234.871795 4227.179487 4228.205128 4246.666667 4236.923077 4226.153846 4229.743590 4258.974359 4214.871795 4202.564103 4752.820513
4202.564103 4263.076923 4255.897436 4244.615385 4225.641026 4231.282051 4236.410256 4241.538462 4255.897436 4229.743590 4275.384615 4227.179487 4232.307692 4750.769231
4198.461538 4254.358974 4249.743590 4236.410256 4225.128205 4227.179487 4233.846154 4235.897436 4253.846154 4227.179487 4270.256410 4227.692308 4225.641026 4739.487179
4201.025641 4257.948718 4254.358974 4242.564103 4226.153846 4226.153846 4241.025641 4244.615385 4249.743590 4226.666667 4266.153846 4235.384615 4218.974359 4735.897436
4209.230769 4266.666667 4268.205128 4253.846154 4222.051282 4226.153846 4242.051282 4261.538462 4262.051282 4228.717949 4274.358974 4230.256410 4231.794872 4728.717949
4206.666667 4256.923077 4268.205128 4245.128205 4225.641026 4227.179487 4232.307692 4243.589744 4254.358974 4231.794872 4273.846154 4226.153846 4234.871795 4716.923077
4206.153846 4253.846154 4260.000000 4238.461538 4227.692308 4227.179487 4230.769231 4223.076923 4237.948718 4231.282051 4267.692308 4228.205128 4229.230769 4714.358974
4213.333333 4263.589744 4267.179487 4247.179487 4223.589744 4226.666667 4246.153846 4241.538462 4249.230769 4225.128205 4271.794872 4231.794872 4236.923077 4711.794872
4219.487179 4270.256410 4284.102564 4256.923077 4227.692308 4230.769231 4262.564103 4259.487179 4271.794872 4225.641026 4276.923077 4236.410256 4248.205128 4711.794872
4223.076923 4274.358974 4287.179487 4261.025641 4226.666667 4232.307692 4260.000000 4252.307692 4272.307692 4228.205128 4274.358974 4230.256410 4249.230769 4712.307692
4216.923077 4270.769231 4280.512821 4256.923077 4223.589744 4231.794872 4242.051282 4240.512821 4258.461538 4224.615385 4267.692308 4231.282051 4241.538462 4704.102564
4206.666667 4265.128205 4276.410256 4250.769231 4223.589744 4231.282051 4241.538462 4237.948718 4258.461538 4223.076923 4267.692308 4230.769231 4239.487179 4700.000000
4211.794872 4268.717949 4280.512821 4256.923077 4224.615385 4230.769231 4255.897436 4246.153846 4269.743590 4229.743590 4276.410256 4225.128205 4249.230769 4707.692308
4220.000000 4268.205128 4287.692308 4256.410256 4228.205128 4231.282051 4252.820513 4255.384615 4272.307692 4231.282051 4280.512821 4230.769231 4257.948718 4707.692308
4217.435897 4258.461538 4287.692308 4244.615385 4226.153846 4227.179487 4241.025641 4258.461538 4266.666667 4228.717949 4278.461538 4228.205128 4256.410256 4696.923077
4228.717949 4263.589744 4294.358974 4245.641026 4225.641026 4227.179487 4243.589744 4255.897436 4273.333333 4234.358974 4283.589744 4232.820513 4261.538462 4698.974359
4235.897436 4274.871795 4303.076923 4257.435897 4225.128205 4230.256410 4242.564103 4241.025641 4275.384615 4234.358974 4285.641026 4238.461538 4270.769231 4702.051282
4220.512821 4267.692308 4296.410256 4255.384615 4220.512821 4226.666667 4232.307692 4226.153846 4253.846154 4229.743590 4270.769231 4228.205128 4254.871795 4692.307692
4221.025641 4265.128205 4296.410256 4254.871795 4225.641026 4230.256410 4241.538462 4242.564103 4252.820513 4232.307692 4264.615385 4227.179487 4242.051282 4685.128205
4229.743590 4271.794872 4301.025641 4259.487179 4226.666667 4235.897436 4260.000000 4259.487179 4272.820513 4230.256410 4277.435897 4226.153846 4255.897436 4683.076923
4218.974359 4258.974359 4289.230769 4243.589744 4223.589744 4231.794872 4249.743590 4237.948718 4260.512821 4222.564103 4275.384615 4224.102564 4255.897436 4676.923077
4211.794872 4246.666667 4282.564103 4229.743590 4225.641026 4223.589744 4234.358974 4227.179487 4243.076923 4223.076923 4265.641026 4224.615385 4236.923077 4668.717949
4221.025641 4256.410256 4291.794872 4239.487179 4227.179487 4223.076923 4245.128205 4244.102564 4257.948718 4230.769231 4271.794872 4220.512821 4240.000000 4667.179487
4218.461538 4254.358974 4287.179487 4241.025641 4227.179487 4225.641026 4245.641026 4241.025641 4261.025641 4231.794872 4273.333333 4223.076923 4247.179487 4665.128205
4213.333333 4248.717949 4281.025641 4237.435897 4225.128205 4225.128205 4235.384615 4242.564103 4253.333333 4228.717949 4269.230769 4219.487179 4245.641026 4658.974359
4221.538462 4259.487179 4294.871795 4247.179487 4224.615385 4226.666667 4243.076923 4256.410256 4261.538462 4228.717949 4273.333333 4220.000000 4250.769231 4656.410256
4209.743590 4251.282051 4284.615385 4239.487179 4224.102564 4227.179487 4241.025641 4233.846154 4250.769231 4232.307692 4260.000000 4216.410256 4237.435897 4647.692308
4190.256410 4231.282051 4257.948718 4219.487179 4222.564103 4222.564103 4222.564103 4213.846154 4228.717949 4230.769231 4245.128205 4200.512821 4223.589744 4636.410256
4203.589744 4243.589744 4269.743590 4227.179487 4226.153846 4225.641026 4235.384615 4233.846154 4241.538462 4224.615385 4258.461538 4211.282051 4243.589744 4635.897436
4224.102564 4264.615385 4292.820513 4245.641026 4225.641026 4230.256410 4258.461538 4248.205128 4260.000000 4225.128205 4272.307692 4220.000000 4262.564103 4634.358974
4213.333333 4253.846154 4284.615385 4238.461538 4223.589744 4228.205128 4244.615385 4233.846154 4245.128205 4232.307692 4258.461538 4208.717949 4243.076923 4624.102564
4207.179487 4242.564103 4274.358974 4230.256410 4224.615385 4224.102564 4235.897436 4232.307692 4234.358974 4233.846154 4247.692308 4203.076923 4228.205128 4615.897436
4222.564103 4259.487179 4290.256410 4250.256410 4223.076923 4225.128205 4252.820513 4248.205128 4254.358974 4226.666667 4262.051282 4206.153846 4251.282051 4611.794872
4226.153846 4267.692308 4301.025641 4257.948718 4226.153846 4230.769231 4248.717949 4247.692308 4261.025641 4221.538462 4266.666667 4213.846154 4260.512821 4603.589744
4222.564103 4260.000000 4291.794872 4245.128205 4226.153846 4229.743590 4235.384615 4237.948718 4246.153846 4224.615385 4257.435897 4209.230769 4251.794872 4597.435897
4226.666667 4262.051282 4292.820513 4246.666667 4223.076923 4227.179487 4242.564103 4238.461538 4246.153846 4231.794872 4262.051282 4204.615385 4257.948718 4594.871795
4231.794872 4267.179487 4300.512821 4254.871795 4226.666667 4232.820513 4249.230769 4246.666667 4260.512821 4231.794872 4270.256410 4210.769231 4267.179487 4588.205128
4227.179487 4263.589744 4293.333333 4247.692308 4225.641026 4233.333333 4244.615385 4245.128205 4255.384615 4226.666667 4266.153846 4203.076923 4264.102564 4583.076923
4218.974359 4253.333333 4281.538462 4235.384615 4226.666667 4228.205128 4237.435897 4234.871795 4242.564103 4230.256410 4258.974359 4199.487179 4256.923077 4584.102564
4217.948718 4253.846154 4284.102564 4240.000000 4229.743590 4229.230769 4236.410256 4236.923077 4249.743590 4232.820513 4259.487179 4201.538462 4258.461538 4584.102564
4222.051282 4264.102564 4290.256410 4248.205128 4224.615385 4232.307692 4242.051282 4243.076923 4256.923077 4225.641026 4261.025641 4200.512821 4261.538462 4586.153846
4222.564103 4257.435897 4286.153846 4241.538462 4222.564103 4229.743590 4240.512821 4231.794872 4242.564103 4225.641026 4259.487179 4203.589744 4255.897436 4594.871795
4214.871795 4243.076923 4277.435897 4231.282051 4223.076923 4224.615385 4235.897436 4223.589744 4231.282051 4229.230769 4255.897436 4195.897436 4247.692308 4597.435897
4216.410256 4247.692308 4279.487179 4235.897436 4226.666667 4228.717949 4242.564103 4242.051282 4244.102564 4226.666667 4251.282051 4195.384615 4247.179487 4598.461538
4226.153846 4263.076923 4291.794872 4249.743590 4226.153846 4233.846154 4250.256410 4256.923077 4261.538462 4224.615385 4255.897436 4202.051282 4253.846154 4604.615385
4228.717949 4258.461538 4290.769231 4245.641026 4221.538462 4229.743590 4240.000000 4242.051282 4254.871795 4229.743590 4262.051282 4198.974359 4254.871795 4607.179487
4232.307692 4254.871795 4289.743590 4238.974359 4225.128205 4231.282051 4241.538462 4234.871795 4251.282051 4231.282051 4266.153846 4203.076923 4258.974359 4605.641026
4242.564103 4272.820513 4302.051282 4255.897436 4227.692308 4236.923077 4257.948718 4253.846154 4268.205128 4229.230769 4275.384615 4206.666667 4274.358974 4605.641026
4241.538462 4277.435897 4301.538462 4263.076923 4227.179487 4235.384615 4245.128205 4255.897436 4269.743590 4231.282051 4269.743590 4206.666667 4266.153846 4603.589744
4223.589744 4260.512821 4281.025641 4245.641026 4226.666667 4230.256410 4221.025641 4237.435897 4245.641026 4231.282051 4252.820513 4199.487179 4242.564103 4597.948718
4214.358974 4251.282051 4273.846154 4236.923077 4224.102564 4229.230769 4228.717949 4235.384615 4238.461538 4227.692308 4254.871795 4193.846154 4247.692308 4592.307692
4216.410256 4255.897436 4281.025641 4242.051282 4224.102564 4233.333333 4244.102564 4245.128205 4252.307692 4228.205128 4266.153846 4204.102564 4256.923077 4592.307692
4213.846154 4262.051282 4277.435897 4241.538462 4220.512821 4231.794872 4245.128205 4248.717949 4255.897436 4231.282051 4260.000000 4196.923077 4248.205128 4593.846154
4215.897436 4263.589744 4274.871795 4237.435897 4223.076923 4230.769231 4240.512821 4239.487179 4242.564103 4227.179487 4252.820513 4191.794872 4246.666667 4596.410256
4227.692308 4268.717949 4284.615385 4240.512821 4228.717949 4232.820513 4230.769231 4231.282051 4242.564103 4224.102564 4263.589744 4204.615385 4256.410256 4602.564103
4232.820513 4268.717949 4287.179487 4246.666667 4224.102564 4229.743590 4229.743590 4243.589744 4260.000000 4228.205128 4271.794872 4204.102564 4260.000000 4605.641026
4230.256410 4262.564103 4288.205128 4249.230769 4225.128205 4232.820513 4242.051282 4249.743590 4260.000000 4230.769231 4270.256410 4205.641026 4259.487179 4604.615385
4232.307692 4266.153846 4293.846154 4255.384615 4227.179487 4235.897436 4247.692308 4241.538462 4250.256410 4228.205128 4272.820513 4210.256410 4262.564103 4604.102564
4234.871795 4270.769231 4292.820513 4256.923077 4223.589744 4233.333333 4242.564103 4245.128205 4257.435897 4225.128205 4272.307692 4211.282051 4260.512821 4605.128205
4228.717949 4262.564103 4281.538462 4247.179487 4224.615385 4230.256410 4242.051282 4246.153846 4255.384615 4228.205128 4261.025641 4208.205128 4255.384615 4606.153846
4227.179487 4259.487179 4279.487179 4244.615385 4226.153846 4229.743590 4246.153846 4240.000000 4241.025641 4227.179487 4257.948718 4198.461538 4252.307692 4605.641026
4233.846154 4263.589744 4285.641026 4245.641026 4228.205128 4231.282051 4238.461538 4236.410256 4234.358974 4225.641026 4256.923077 4204.102564 4244.102564 4605.128205
4229.743590 4257.435897 4276.410256 4240.512821 4225.128205 4229.230769 4226.666667 4227.692308 4231.794872 4227.692308 4245.641026 4203.076923 4237.948718 4600.000000
4219.487179 4250.256410 4266.666667 4238.974359 4224.102564 4230.256410 4230.769231 4228.205128 4233.846154 4227.179487 4244.615385 4195.897436 4238.461538 4593.846154
4221.538462 4255.897436 4274.358974 4246.153846 4227.692308 4234.871795 4245.128205 4247.179487 4247.692308 4227.179487 4254.358974 4202.564103 4243.076923 4588.717949
4229.230769 4264.102564 4280.000000 4253.333333 4224.102564 4234.871795 4252.307692 4253.846154 4257.435897 4228.205128 4262.051282 4203.589744 4252.820513 4588.205128
4234.871795 4261.025641 4276.410256 4250.256410 4226.153846 4235.897436 4251.282051 4248.717949 4257.948718 4227.692308 4264.615385 4208.717949 4253.846154 4588.717949
4229.230769 4247.692308 4269.743590 4237.948718 4229.743590 4234.871795 4248.717949 4252.820513 4260.000000 4226.666667 4261.538462 4208.205128 4245.641026 4581.025641
4218.461538 4240.512821 4263.076923 4228.717949 4225.641026 4229.743590 4237.948718 4242.564103 4248.205128 4229.230769 4254.358974 4198.461538 4244.102564 4572.820513
4224.102564 4254.871795 4267.179487 4241.025641 4225.641026 4231.794872 4237.948718 4231.282051 4240.000000 4228.717949 4250.769231 4206.153846 4246.153846 4572.307692
4238.974359 4272.307692 4276.410256 4259.487179 4228.205128 4236.410256 4256.923077 4253.333333 4259.487179 4227.692308 4256.923077 4212.307692 4250.256410 4572.307692
4232.307692 4258.461538 4269.743590 4248.717949 4230.256410 4235.897436 4260.000000 4262.051282 4263.589744 4231.794872 4252.820513 4209.743590 4245.641026 4560.512821
4213.333333 4238.974359 4252.820513 4228.717949 4228.205128 4232.820513 4248.717949 4244.102564 4241.538462 4229.743590 4241.025641 4201.025641 4231.794872 4550.256410
4212.307692 4241.538462 4250.769231 4235.897436 4225.128205 4231.794872 4246.153846 4248.205128 4243.076923 4229.743590 4237.435897 4196.410256 4228.205128 4551.282051
4218.461538 4243.076923 4256.923077 4239.487179 4226.666667 4232.820513 4240.000000 4255.897436 4252.820513 4231.794872 4237.435897 4202.051282 4232.307692 4546.153846
4218.461538 4240.512821 4256.410256 4228.717949 4222.051282 4231.794872 4233.846154 4241.025641 4244.102564 4228.717949 4243.076923 4199.487179 4238.974359 4535.384615
4228.717949 4250.769231 4264.615385 4237.435897 4222.564103 4234.871795 4243.589744 4237.948718 4248.205128 4230.769231 4253.333333 4207.692308 4251.794872 4537.435897
4241.025641 4261.538462 4277.435897 4251.794872 4229.230769 4235.384615 4243.076923 4249.230769 4261.538462 4234.871795 4257.948718 4217.948718 4261.025641 4538.974359
4235.897436 4253.333333 4274.871795 4239.487179 4226.666667 4229.743590 4218.974359 4241.538462 4252.820513 4228.717949 4249.743590 4208.205128 4249.230769 4527.692308
4228.717949 4240.000000 4267.692308 4224.615385 4225.641026 4229.743590 4217.948718 4223.589744 4238.974359 4225.128205 4239.487179 4205.641026 4235.384615 4521.538462
4230.769231 4242.051282 4269.230769 4231.282051 4224.102564 4231.794872 4241.025641 4231.282051 4238.461538 4230.769231 4242.564103 4204.615385 4246.666667 4524.102564
4227.692308 4242.051282 4270.256410 4231.282051 4223.076923 4230.256410 4239.487179 4239.487179 4233.846154 4228.205128 4243.076923 4205.641026 4248.205128 4520.512821
4223.076923 4236.410256 4262.051282 4223.589744 4227.692308 4229.230769 4222.051282 4224.102564 4223.589744 4221.025641 4233.846154 4205.641026 4224.615385 4510.256410
4230.256410 4241.538462 4262.051282 4229.230769 4225.641026 4230.256410 4226.666667 4223.076923 4227.692308 4225.128205 4235.897436 4198.461538 4225.641026 4503.076923
4233.846154 4242.051282 4269.230769 4230.256410 4226.153846 4229.230769 4229.743590 4235.897436 4236.410256 4233.846154 4241.025641 4203.076923 4236.410256 4496.410256
4219.487179 4230.256410 4260.000000 4221.025641 4227.692308 4224.102564 4223.076923 4229.743590 4231.794872 4230.256410 4229.743590 4195.897436 4219.487179 4483.589744
4210.256410 4225.641026 4242.564103 4217.435897 4227.692308 4226.153846 4230.256410 4213.333333 4215.897436 4223.589744 4218.461538 4185.128205 4207.179487 4473.333333
4220.512821 4233.846154 4240.512821 4219.487179 4227.692308 4230.769231 4241.538462 4223.589744 4214.871795 4227.179487 4223.076923 4191.794872 4224.102564 4471.282051
4232.820513 4242.564103 4251.282051 4229.230769 4225.128205 4230.256410 4243.076923 4251.794872 4240.512821 4227.692308 4238.974359 4195.384615 4240.000000 4466.666667
4234.358974 4243.076923 4255.384615 4231.794872 4229.230769 4230.256410 4230.256410 4245.641026 4247.692308 4226.666667 4242.564103 4199.487179 4235.897436 4459.487179
4232.307692 4239.487179 4248.205128 4226.153846 4230.256410 4229.743590 4214.871795 4223.589744 4226.153846 4227.692308 4233.333333 4197.435897 4234.871795 4455.897436
4229.743590 4235.384615 4244.615385 4224.102564 4227.179487 4229.743590 4216.923077 4229.230769 4218.974359 4226.666667 4224.102564 4192.820513 4233.333333 4451.282051
4221.538462 4234.871795 4244.615385 4224.615385 4229.230769 4232.307692 4236.410256 4238.461538 4227.692308 4227.692308 4223.589744 4194.871795 4227.692308 4448.205128
4216.410256 4233.333333 4236.410256 4218.974359 4226.153846 4230.256410 4240.000000 4230.256410 4229.230769 4227.179487 4227.692308 4187.692308 4228.205128 4451.794872
4214.871795 4225.128205 4224.615385 4209.230769 4227.692308 4228.205128 4220.000000 4222.051282 4218.974359 4224.102564 4221.538462 4186.666667 4223.076923 4460.000000
4213.846154 4222.051282 4220.000000 4207.179487 4229.230769 4229.230769 4227.179487 4225.128205 4210.256410 4225.641026 4216.410256 4181.538462 4215.897436 4463.589744
4212.307692 4220.000000 4217.948718 4206.153846 4225.128205 4228.205128 4242.564103 4225.128205 4201.538462 4228.717949 4210.256410 4173.333333 4207.179487 4462.564103
4214.871795 4221.538462 4218.461538 4209.743590 4224.102564 4229.230769 4229.230769 4223.589744 4205.128205 4226.153846 4198.974359 4179.487179 4204.102564 4468.717949
4224.615385 4237.948718 4227.692308 4224.615385 4222.051282 4230.256410 4220.000000 4230.256410 4221.538462 4226.666667 4208.205128 4183.589744 4223.076923 4476.923077
4235.384615 4250.256410 4240.512821 4238.461538 4226.153846 4232.820513 4236.410256 4244.102564 4241.538462 4229.230769 4235.897436 4193.846154 4249.743590 4480.512821
4234.871795 4245.641026 4238.461538 4237.435897 4232.820513 4232.820513 4248.205128 4256.410256 4256.923077 4226.153846 4246.666667 4197.948718 4254.871795 4481.538462
4227.179487 4235.384615 4225.128205 4225.128205 4230.769231 4228.205128 4232.820513 4243.589744 4245.128205 4224.102564 4232.307692 4184.615385 4240.512821 4482.564103
4237.948718 4240.512821 4231.282051 4226.666667 4229.743590 4230.769231 4220.512821 4226.666667 4234.871795 4226.666667 4233.333333 4191.282051 4247.692308 4487.692308
4254.871795 4260.000000 4250.256410 4246.153846 4227.692308 4234.358974 4238.461538 4246.666667 4256.410256 4228.205128 4253.846154 4205.128205 4271.794872 4488.717949
4254.358974 4262.564103 4252.307692 4249.743590 4227.179487 4235.897436 4267.179487 4269.743590 4268.205128 4228.205128 4249.743590 4206.666667 4265.641026 4483.076923
4249.230769 4250.769231 4241.025641 4238.974359 4228.205128 4236.923077 4268.205128 4261.025641 4254.358974 4227.692308 4228.205128 4195.897436 4241.025641 4476.923077
4251.794872 4257.948718 4242.564103 4248.205128 4224.102564 4239.487179 4245.641026 4250.256410 4249.743590 4230.256410 4226.666667 4191.282051 4244.102564 4476.923077
4259.487179 4269.743590 4253.333333 4262.051282 4224.615385 4240.512821 4244.615385 4255.897436 4261.538462 4233.333333 4238.974359 4202.564103 4255.897436 4475.384615
4252.307692 4258.461538 4245.641026 4252.307692 4226.666667 4236.410256 4255.384615 4254.358974 4256.410256 4229.230769 4240.512821 4195.384615 4250.769231 4464.615385
4237.948718 4237.948718 4226.153846 4232.820513 4228.717949 4234.871795 4242.051282 4236.923077 4237.435897 4226.153846 4232.307692 4186.153846 4240.000000 4456.923077
4238.461538 4235.897436 4218.974359 4231.282051 4228.205128 4234.871795 4230.769231 4238.974359 4238.461538 4227.179487 4230.256410 4192.307692 4237.948718 4452.820513
4249.743590 4248.205128 4229.743590 4242.564103 4222.564103 4234.358974 4245.128205 4262.051282 4256.410256 4229.743590 4237.948718 4193.846154 4247.179487 4450.256410
4258.974359 4255.384615 4243.589744 4247.692308 4225.128205 4238.461538 4255.897436 4262.051282 4261.025641 4231.282051 4242.564103 4200.512821 4254.358974 4447.179487
4261.538462 4257.948718 4243.589744 4251.282051 4224.615385 4238.461538 4247.179487 4245.641026 4252.307692 4228.717949 4238.974359 4200.512821 4251.794872 4440.000000
4256.923077 4255.384615 4238.974359 4255.897436 4223.589744 4235.384615 4240.512821 4244.615385 4245.641026 4230.769231 4236.410256 4198.974359 4249.743590 4433.846154
4248.717949 4247.179487 4239.487179 4249.743590 4228.717949 4235.897436 4246.666667 4243.076923 4241.025641 4234.358974 4237.435897 4199.487179 4250.769231 4429.230769
4242.564103 4243.589744 4234.871795 4243.589744 4227.692308 4234.358974 4255.897436 4245.128205 4241.025641 4226.153846 4240.000000 4192.307692 4249.230769 4423.589744
4241.025641 4245.128205 4226.666667 4242.564103 4226.153846 4233.846154 4248.205128 4261.538462 4250.256410 4220.000000 4240.512821 4195.897436 4245.641026 4418.461538
4233.333333 4239.487179 4216.923077 4231.794872 4224.102564 4230.256410 4221.538462 4252.820513 4242.051282 4227.692308 4231.282051 4188.205128 4240.512821 4411.282051
4230.256410 4236.410256 4214.871795 4223.589744 4225.128205 4229.230769 4213.846154 4232.307692 4223.076923 4230.256410 4221.538462 4180.000000 4235.384615 4401.538462
4240.512821 4249.743590 4227.179487 4242.051282 4227.692308 4233.846154 4233.846154 4240.000000 4223.589744 4223.589744 4227.692308 4189.230769 4240.512821 4397.435897
4249.743590 4260.512821 4235.897436 4257.435897 4223.589744 4232.307692 4244.615385 4250.769231 4234.358974 4226.153846 4235.384615 4189.230769 4248.205128 4401.025641
4242.051282 4250.256410 4229.743590 4242.564103 4227.179487 4229.743590 4232.820513 4234.871795 4229.230769 4235.384615 4226.153846 4188.717949 4235.897436 4400.512821
4229.230769 4234.871795 4220.000000 4225.641026 4228.205128 4230.769231 4221.538462 4227.179487 4214.358974 4232.820513 4219.487179 4186.666667 4227.692308 4393.846154
4231.794872 4230.769231 4220.512821 4224.102564 4223.589744 4228.717949 4226.666667 4237.948718 4210.769231 4224.102564 4226.666667 4185.128205 4236.410256 4389.230769
4235.384615 4230.256410 4223.589744 4225.128205 4227.179487 4228.205128 4233.846154 4240.512821 4213.846154 4226.666667 4226.153846 4189.230769 4236.410256 4384.615385
4230.769231 4237.435897 4224.615385 4232.820513 4225.641026 4232.307692 4240.000000 4247.692308 4221.538462 4227.179487 4226.666667 4185.641026 4239.487179 4380.512821
4229.743590 4246.153846 4221.538462 4237.435897 4225.128205 4232.820513 4236.923077 4250.256410 4222.051282 4223.076923 4226.153846 4185.128205 4244.615385 4381.025641
4236.410256 4248.205128 4219.487179 4238.974359 4227.179487 4226.666667 4232.307692 4241.538462 4219.487179 4226.153846 4225.128205 4183.589744 4242.564103 4379.487179
4243.589744 4250.256410 4225.128205 4244.615385 4225.128205 4227.692308 4236.410256 4246.153846 4228.717949 4229.743590 4229.230769 4183.076923 4247.179487 4375.897436
4242.051282 4248.717949 4226.153846 4242.564103 4226.666667 4230.769231 4233.846154 4254.871795 4228.205128 4228.205128 4222.564103 4188.717949 4244.615385 4373.333333
4237.948718 4244.615385 4217.948718 4238.461538 4225.641026 4225.641026 4226.666667 4245.128205 4216.923077 4227.179487 4216.410256 4182.564103 4232.820513 4370.256410
4244.102564 4248.717949 4222.564103 4244.102564 4224.615385 4228.205128 4224.102564 4231.282051 4220.000000 4227.179487 4227.179487 4185.128205 4236.923077 4368.717949
4248.717949 4254.871795 4230.256410 4246.666667 4224.615385 4231.794872 4221.025641 4238.461538 4235.897436 4226.153846 4238.461538 4190.769231 4249.230769 4366.666667
4237.435897 4245.641026 4224.102564 4235.384615 4224.102564 4228.205128 4219.487179 4245.641026 4236.923077 4228.205128 4233.333333 4181.538462 4244.615385 4359.487179
4230.256410 4233.846154 4216.410256 4227.179487 4226.153846 4224.615385 4220.512821 4233.333333 4224.615385 4227.692308 4224.102564 4183.589744 4231.794872 4354.871795
4237.948718 4237.948718 4219.487179 4233.333333 4223.076923 4222.051282 4221.025641 4227.692308 4217.435897 4226.153846 4222.564103 4184.615385 4227.692308 4358.461538
4247.692308 4244.102564 4228.205128 4241.025641 4226.153846 4225.128205 4228.205128 4237.435897 4219.487179 4232.307692 4226.666667 4186.666667 4228.205128 4358.461538
4249.230769 4248.717949 4230.769231 4243.076923 4228.205128 4227.179487 4234.871795 4241.025641 4228.205128 4235.897436 4235.897436 4192.307692 4236.923077 4352.820513
4247.179487 4251.794872 4228.717949 4242.564103 4224.615385 4223.076923 4218.461538 4232.820513 4230.769231 4228.205128 4242.051282 4188.205128 4245.128205 4352.307692
4250.769231 4252.307692 4233.333333 4245.641026 4229.743590 4221.538462 4210.256410 4230.256410 4225.641026 4223.589744 4238.974359 4193.846154 4240.512821 4353.333333
4260.000000 4256.410256 4240.000000 4254.358974 4229.230769 4224.615385 4234.358974 4243.589744 4233.846154 4227.692308 4240.000000 4194.358974 4239.487179 4349.743590
4264.102564 4256.923077 4242.564103 4257.948718 4225.128205 4228.205128 4235.897436 4244.102564 4242.051282 4229.743590 4243.076923 4197.435897 4242.051282 4347.692308
4262.051282 4253.846154 4240.512821 4252.307692 4229.230769 4225.641026 4212.820513 4228.205128 4235.384615 4227.179487 4242.051282 4209.743590 4242.051282 4349.230769
4257.948718 4254.358974 4236.410256 4249.230769 4228.205128 4223.076923 4220.512821 4229.230769 4229.743590 4227.179487 4241.538462 4206.153846 4246.153846 4346.666667
4250.769231 4248.205128 4230.256410 4242.564103 4225.641026 4226.153846 4234.871795 4239.487179 4229.230769 4230.769231 4242.051282 4204.615385 4244.102564 4341.538462
4248.717949 4237.948718 4226.153846 4236.410256 4225.641026 4224.615385 4224.615385 4241.025641 4234.358974 4231.282051 4249.743590 4209.230769 4245.128205 4339.487179
4259.487179 4240.000000 4233.846154 4240.000000 4225.641026 4222.051282 4213.846154 4238.974359 4243.076923 4227.179487 4258.974359 4222.051282 4255.897436 4340.512821
4266.666667 4253.846154 4245.128205 4248.205128 4225.641026 4226.666667 4222.051282 4237.948718 4237.435897 4225.641026 4262.564103 4232.820513 4260.512821 4342.564103
4257.948718 4257.948718 4237.948718 4250.256410 4224.615385 4225.641026 4232.820513 4234.871795 4223.589744 4224.615385 4257.948718 4224.102564 4250.256410 4338.974359
4243.589744 4240.000000 4220.512821 4238.461538 4227.692308 4220.000000 4217.948718 4223.589744 4214.358974 4226.153846 4241.025641 4222.051282 4236.410256 4333.333333
4238.461538 4230.769231 4215.384615 4232.307692 4226.153846 4220.000000 4207.692308 4222.051282 4214.358974 4229.230769 4231.794872 4219.487179 4235.384615 4332.307692
4246.666667 4245.641026 4223.076923 4242.051282 4224.102564 4226.153846 4218.461538 4232.820513 4227.179487 4228.205128 4238.974359 4220.512821 4241.025641 4327.692308
4251.282051 4250.769231 4222.051282 4242.051282 4229.230769 4228.717949 4218.461538 4231.794872 4238.461538 4224.615385 4243.076923 4232.307692 4240.000000 4316.923077
4240.512821 4233.333333 4208.205128 4227.179487 4227.179487 4221.025641 4208.205128 4221.538462 4225.641026 4227.692308 4237.948718 4224.102564 4230.769231 4308.205128
4237.948718 4224.615385 4210.256410 4224.102564 4227.179487 4220.512821 4214.871795 4220.000000 4209.743590 4234.358974 4239.487179 4221.025641 4228.717949 4303.076923
4252.307692 4241.538462 4227.692308 4242.051282 4227.692308 4228.717949 4228.717949 4233.333333 4226.666667 4231.282051 4254.358974 4231.794872 4248.717949 4299.487179
4257.435897 4250.769231 4231.794872 4251.282051 4225.128205 4230.769231 4224.615385 4243.076923 4244.102564 4228.717949 4263.076923 4235.897436 4263.076923 4294.358974
4246.666667 4236.923077 4224.102564 4239.487179 4227.179487 4228.717949 4219.487179 4237.948718 4233.333333 4233.333333 4250.769231 4237.435897 4246.153846 4285.641026
4242.564103 4229.743590 4222.564103 4230.769231 4224.102564 4223.589744 4224.102564 4231.282051 4222.564103 4231.794872 4242.564103 4232.820513 4231.794872 4273.846154
4247.692308 4233.333333 4225.128205 4231.794872 4224.615385 4222.564103 4222.564103 4222.564103 4225.641026 4224.102564 4246.153846 4235.897436 4238.461538 4269.230769
4246.666667 4236.410256 4224.102564 4237.435897 4228.205128 4225.641026 4217.435897 4223.076923 4233.333333 4224.102564 4244.615385 4236.410256 4242.564103 4269.743590
4245.641026 4238.461538 4225.128205 4241.025641 4225.128205 4226.666667 4224.102564 4235.897436 4239.487179 4227.179487 4246.153846 4229.743590 4244.615385 4270.769231
4248.205128 4238.974359 4221.025641 4240.000000 4226.666667 4227.179487 4232.307692 4238.974359 4241.538462 4227.692308 4249.743590 4230.256410 4247.692308 4277.948718
4248.205128 4238.461538 4215.897436 4242.051282 4227.179487 4226.666667 4226.153846 4232.820513 4240.512821 4228.205128 4249.743590 4221.025641 4248.717949 4282.564103
4245.641026 4239.487179 4218.461538 4241.025641 4225.128205 4228.205128 4223.076923 4232.820513 4238.461538 4228.205128 4245.128205 4218.461538 4243.076923 4284.102564
4243.589744 4239.487179 4215.384615 4238.461538 4223.589744 4225.641026 4226.666667 4230.769231 4233.333333 4228.205128 4243.589744 4218.974359 4234.358974 4286.666667
4244.615385 4238.461538 4212.307692 4239.487179 4224.102564 4222.051282 4221.538462 4224.615385 4225.641026 4226.153846 4244.102564 4207.179487 4235.384615 4285.641026
4248.717949 4241.538462 4218.461538 4242.051282 4227.179487 4226.666667 4224.102564 4229.230769 4223.589744 4229.230769 4242.051282 4210.256410 4238.461538 4283.589744
4250.256410 4245.641026 4220.000000 4245.641026 4225.128205 4227.692308 4235.897436 4242.051282 4230.769231 4228.717949 4249.230769 4214.358974 4237.948718 4286.153846
4235.384615 4226.666667 4204.102564 4233.333333 4226.666667 4219.487179 4214.358974 4218.974359 4212.307692 4224.615385 4245.641026 4210.769231 4222.051282 4289.230769
4229.230769 4213.846154 4196.923077 4224.102564 4229.230769 4213.846154 4190.256410 4191.794872 4193.333333 4226.153846 4237.948718 4209.230769 4212.820513 4290.769231
4252.820513 4242.564103 4216.923077 4245.128205 4225.128205 4222.051282 4217.435897 4223.076923 4228.205128 4226.666667 4253.333333 4209.743590 4235.897436 4303.076923
4263.589744 4253.846154 4225.641026 4256.923077 4226.666667 4230.769231 4241.538462 4252.307692 4253.846154 4226.666667 4267.692308 4217.948718 4246.666667 4320.512821
4238.461538 4224.102564 4203.589744 4233.333333 4225.641026 4222.564103 4222.564103 4227.692308 4225.641026 4229.743590 4257.948718 4209.743590 4223.589744 4325.641026
4221.538462 4206.153846 4184.102564 4216.410256 4225.641026 4214.358974 4207.179487 4204.615385 4204.102564 4229.743590 4246.153846 4202.564103 4204.102564 4333.333333
4234.358974 4221.538462 4195.897436 4228.205128 4229.743590 4222.051282 4228.717949 4220.512821 4220.512821 4223.076923 4257.948718 4212.820513 4216.923077 4350.769231
4246.666667 4237.435897 4211.282051 4245.128205 4227.179487 4226.153846 4249.230769 4237.948718 4233.846154 4226.153846 4274.358974 4217.435897 4235.897436 4364.615385
4245.128205 4235.384615 4209.230769 4241.538462 4229.230769 4221.538462 4235.384615 4232.820513 4229.743590 4234.358974 4273.333333 4223.076923 4229.230769 4367.179487
4234.871795 4224.615385 4200.000000 4228.717949 4229.230769 4219.487179 4220.512821 4224.102564 4220.512821 4229.230769 4266.666667 4218.461538 4211.794872 4363.589744
4228.205128 4219.487179 4198.974359 4229.230769 4222.564103 4223.076923 4228.205128 4223.589744 4218.461538 4227.179487 4272.307692 4216.410256 4211.794872 4366.666667
4237.435897 4226.666667 4209.743590 4238.461538 4224.615385 4224.615385 4235.384615 4232.820513 4231.282051 4232.820513 4283.589744 4231.282051 4228.717949 4369.230769
4247.179487 4232.307692 4211.794872 4240.512821 4225.641026 4223.076923 4227.692308 4228.205128 4232.307692 4231.282051 4279.487179 4230.256410 4233.846154 4366.153846
4243.589744 4226.153846 4207.179487 4237.948718 4225.128205 4225.641026 4220.512821 4206.666667 4216.923077 4225.128205 4269.230769 4224.615385 4224.102564 4367.179487
4238.461538 4221.538462 4207.692308 4235.897436 4224.102564 4225.128205 4217.948718 4204.102564 4211.794872 4224.615385 4269.743590 4221.538462 4220.000000 4370.256410
4240.512821 4227.179487 4213.846154 4235.897436 4225.641026 4222.564103 4220.000000 4216.923077 4215.897436 4226.153846 4270.769231 4223.076923 4226.153846 4369.230769
4251.282051 4243.589744 4223.589744 4246.153846 4228.717949 4229.743590 4238.974359 4226.666667 4230.256410 4225.128205 4276.410256 4237.948718 4238.974359 4369.743590
4249.230769 4243.589744 4216.923077 4244.102564 4224.102564 4228.205128 4236.923077 4226.666667 4238.974359 4226.666667 4274.871795 4232.307692 4241.538462 4368.717949
4232.820513 4218.461538 4200.512821 4222.051282 4226.666667 4216.410256 4203.589744 4212.820513 4220.000000 4232.307692 4257.435897 4222.564103 4225.128205 4365.128205
4236.923077 4220.512821 4209.230769 4227.692308 4229.743590 4217.948718 4209.230769 4213.846154 4219.487179 4231.794872 4260.512821 4231.282051 4224.615385 4367.692308
4248.717949 4236.410256 4226.153846 4243.589744 4223.076923 4226.153846 4237.435897 4234.871795 4240.512821 4226.666667 4277.435897 4235.384615 4237.435897 4372.307692
4230.256410 4216.410256 4208.205128 4221.025641 4223.076923 4223.589744 4226.153846 4226.666667 4223.076923 4228.717949 4257.948718 4225.128205 4215.384615 4372.820513
4210.256410 4195.384615 4185.128205 4203.589744 4227.179487 4216.923077 4210.769231 4200.000000 4190.769231 4228.717949 4233.333333 4210.769231 4192.307692 4375.384615
4233.846154 4216.410256 4207.179487 4233.333333 4229.230769 4222.564103 4227.692308 4208.205128 4209.743590 4226.666667 4255.384615 4227.179487 4216.923077 4383.076923
4257.948718 4243.076923 4234.871795 4257.948718 4224.615385 4226.153846 4232.820513 4224.615385 4237.948718 4228.717949 4279.487179 4241.538462 4243.076923 4391.794872
4242.564103 4234.871795 4227.179487 4244.615385 4222.564103 4220.000000 4218.974359 4218.461538 4222.564103 4227.692308 4270.256410 4226.666667 4233.333333 4395.384615
4231.794872 4224.102564 4215.897436 4234.358974 4228.205128 4221.538462 4219.487179 4217.948718 4211.794872 4226.666667 4263.076923 4222.564103 4227.179487 4397.435897
4238.461538 4234.358974 4216.923077 4242.564103 4227.179487 4224.615385 4226.666667 4217.948718 4222.051282 4228.205128 4269.230769 4221.025641 4236.410256 4403.589744
4236.410256 4241.025641 4217.948718 4244.102564 4225.641026 4226.153846 4221.025641 4204.615385 4221.538462 4224.102564 4269.230769 4216.923077 4233.846154 4414.358974
4232.307692 4235.897436 4220.000000 4237.948718 4228.205128 4226.153846 4210.769231 4211.282051 4221.025641 4221.025641 4267.179487 4217.948718 4232.820513 4423.589744
4237.948718 4235.384615 4225.128205 4241.538462 4225.128205 4223.076923 4217.948718 4229.743590 4232.307692 4228.205128 4272.307692 4216.410256 4243.589744 4429.743590
4243.589744 4237.435897 4229.743590 4246.153846 4225.128205 4225.128205 4231.282051 4225.641026 4235.384615 4234.358974 4276.923077 4221.538462 4243.589744 4440.512821
4244.615385 4240.000000 4232.820513 4247.692308 4226.666667 4229.743590 4231.282051 4220.000000 4233.846154 4229.743590 4280.512821 4217.435897 4243.076923 4451.282051
4242.051282 4241.538462 4232.307692 4245.128205 4226.153846 4230.769231 4225.641026 4226.153846 4238.461538 4225.641026 4278.974359 4214.871795 4247.179487 4462.051282
4233.333333 4229.230769 4224.102564 4235.897436 4227.692308 4226.153846 4221.025641 4222.051282 4232.307692 4227.692308 4269.743590 4217.948718 4236.923077 4474.358974
4234.871795 4226.666667 4225.128205 4238.974359 4226.153846 4221.538462 4223.589744 4216.410256 4226.153846 4228.717949 4266.153846 4213.333333 4228.205128 4485.641026
4247.179487 4237.948718 4236.923077 4247.692308 4229.230769 4225.128205 4227.692308 4217.435897 4229.230769 4229.743590 4268.205128 4219.487179 4231.282051 4497.948718
4245.128205 4235.384615 4235.897436 4245.641026 4228.717949 4227.179487 4230.769231 4221.025641 4229.230769 4228.717949 4270.256410 4220.000000 4233.333333 4514.871795
4231.794872 4219.487179 4223.589744 4233.846154 4225.128205 4224.102564 4228.717949 4225.641026 4221.538462 4223.589744 4265.641026 4212.820513 4224.615385 4522.564103
4232.820513 4220.000000 4227.179487 4232.820513 4229.743590 4222.564103 4228.205128 4230.769231 4225.128205 4224.615385 4262.051282 4220.512821 4222.564103 4526.153846
4246.153846 4238.974359 4245.641026 4249.743590 4227.692308 4225.128205 4237.435897 4237.435897 4245.128205 4229.230769 4276.410256 4225.641026 4241.538462 4543.076923
4244.615385 4241.025641 4249.230769 4250.769231 4223.076923 4227.692308 4234.871795 4227.179487 4241.025641 4229.743590 4277.948718 4221.538462 4241.025641 4557.435897
4229.743590 4226.666667 4231.794872 4236.410256 4224.102564 4220.512821 4217.948718 4209.230769 4213.333333 4226.153846 4257.435897 4206.666667 4221.025641 4557.948718
4227.179487 4223.589744 4228.205128 4233.846154 4228.205128 4216.923077 4210.256410 4209.230769 4207.179487 4225.128205 4257.948718 4201.538462 4222.051282 4564.102564
4234.358974 4229.743590 4242.051282 4238.974359 4229.230769 4223.076923 4215.384615 4212.820513 4218.461538 4227.692308 4271.794872 4212.820513 4231.794872 4579.487179
4231.282051 4226.666667 4244.102564 4234.358974 4221.025641 4222.051282 4221.025641 4211.794872 4224.102564 4228.205128 4272.307692 4208.717949 4231.282051 4595.897436
4224.102564 4216.923077 4236.923077 4224.102564 4224.615385 4218.461538 4220.512821 4213.846154 4221.538462 4227.692308 4266.666667 4204.102564 4227.692308 4610.256410
4217.948718 4215.384615 4229.230769 4221.538462 4232.307692 4221.025641 4223.589744 4217.435897 4221.025641 4228.717949 4262.564103 4200.512821 4221.538462 4622.564103
4216.410256 4214.871795 4221.538462 4220.512821 4228.205128 4221.025641 4221.538462 4213.333333 4218.461538 4227.692308 4261.538462 4195.384615 4216.410256 4638.461538
4224.102564 4217.435897 4226.153846 4221.538462 4227.179487 4221.538462 4215.384615 4211.282051 4218.461538 4225.641026 4266.666667 4203.589744 4220.000000 4663.076923
4230.769231 4223.076923 4231.794872 4228.717949 4226.153846 4218.461538 4222.564103 4216.923077 4218.974359 4228.205128 4270.769231 4202.564103 4219.487179 4690.256410
4232.307692 4218.974359 4226.153846 4230.256410 4225.641026 4217.948718 4230.256410 4222.564103 4223.076923 4230.256410 4272.820513 4204.102564 4217.435897 4713.333333
4231.794872 4211.794872 4219.487179 4224.615385 4226.153846 4221.025641 4224.615385 4223.589744 4229.230769 4225.641026 4278.974359 4210.769231 4226.153846 4706.666667
4228.717949 4209.743590 4215.897436 4220.000000 4222.564103 4217.435897 4211.794872 4212.307692 4217.435897 4225.641026 4273.846154 4203.589744 4219.487179 4674.358974
4227.179487 4208.717949 4210.256410 4217.948718 4226.153846 4215.384615 4204.615385 4199.487179 4202.051282 4230.256410 4262.564103 4203.076923 4201.538462 4660.512821
4231.794872 4210.769231 4210.769231 4220.512821 4227.692308 4217.948718 4208.205128 4207.179487 4209.743590 4230.769231 4268.717949 4205.128205 4210.256410 4668.717949
4234.358974 4210.256410 4212.307692 4219.487179 4225.641026 4217.435897 4212.820513 4215.897436 4220.512821 4227.179487 4274.358974 4209.743590 4222.051282 4674.358974
4226.666667 4207.692308 4202.564103 4213.846154 4224.102564 4213.846154 4210.256410 4215.384615 4218.974359 4224.102564 4270.256410 4210.256410 4216.410256 4677.435897
4223.589744 4215.384615 4196.410256 4218.974359 4224.615385 4214.358974 4209.230769 4216.410256 4215.897436 4227.179487 4271.794872 4206.666667 4220.000000 4683.076923
4236.923077 4226.153846 4207.692308 4228.205128 4227.692308 4219.487179 4210.256410 4208.205128 4214.358974 4235.897436 4277.435897 4222.564103 4231.282051 4691.794872
4249.743590 4229.743590 4216.410256 4229.743590 4224.615385 4218.461538 4212.820513 4200.512821 4218.461538 4231.282051 4285.641026 4230.769231 4240.512821 4696.410256
4245.128205 4226.153846 4209.743590 4227.692308 4225.641026 4216.410256 4217.435897 4207.179487 4229.743590 4222.564103 4287.179487 4229.230769 4240.000000 4691.794872
4234.358974 4220.512821 4200.512821 4224.615385 4230.256410 4217.435897 4220.000000 4217.435897 4230.769231 4224.615385 4276.923077 4230.769231 4227.692308 4689.743590
4239.487179 4222.051282 4204.102564 4225.641026 4226.666667 4214.871795 4223.589744 4231.282051 4234.358974 4224.615385 4282.564103 4230.256410 4233.333333 4694.358974
4253.846154 4230.256410 4216.410256 4235.384615 4227.692308 4217.948718 4223.076923 4227.179487 4243.076923 4224.102564 4296.923077 4245.641026 4250.256410 4695.384615
4249.743590 4225.128205 4211.794872 4233.846154 4226.153846 4217.435897 4210.256410 4202.051282 4224.615385 4227.692308 4285.128205 4248.205128 4241.538462 4692.307692
4236.923077 4208.205128 4196.923077 4218.461538 4221.538462 4211.282051 4198.974359 4191.794872 4201.025641 4227.179487 4267.179487 4237.948718 4221.538462 4686.666667
4232.307692 4204.615385 4192.307692 4212.307692 4224.615385 4212.820513 4205.128205 4202.564103 4206.153846 4223.589744 4267.179487 4237.948718 4217.435897 4675.897436
4232.307692 4208.717949 4192.820513 4217.435897 4227.692308 4215.384615 4217.435897 4208.717949 4217.435897 4228.717949 4271.282051 4234.358974 4219.487179 4669.743590
4232.820513 4201.538462 4190.769231 4213.846154 4229.743590 4214.871795 4217.435897 4200.000000 4210.256410 4234.358974 4264.615385 4236.923077 4218.461538 4669.230769
4230.256410 4198.974359 4185.128205 4209.230769 4225.641026 4212.307692 4206.153846 4201.538462 4200.000000 4229.230769 4258.974359 4234.358974 4219.487179 4655.384615
4236.923077 4211.794872 4187.179487 4220.000000 4225.128205 4213.846154 4208.205128 4215.384615 4206.153846 4230.256410 4266.666667 4229.743590 4223.076923 4640.512821
4251.282051 4220.000000 4198.461538 4234.358974 4231.794872 4218.461538 4228.205128 4220.000000 4222.564103 4233.333333 4279.487179 4238.461538 4235.384615 4630.769231
4249.230769 4217.948718 4202.051282 4234.358974 4227.179487 4217.948718 4232.820513 4214.358974 4225.641026 4228.717949 4283.589744 4234.871795 4247.179487 4621.025641
4236.410256 4214.358974 4191.794872 4222.051282 4225.641026 4216.410256 4218.461538 4214.871795 4214.871795 4229.230769 4272.307692 4227.179487 4235.384615 4617.435897
4237.948718 4213.846154 4183.076923 4220.512821 4228.205128 4217.948718 4213.846154 4218.461538 4220.000000 4231.282051 4265.641026 4222.564103 4227.179487 4611.282051
4235.384615 4203.076923 4178.461538 4215.897436 4225.128205 4217.435897 4204.102564 4206.666667 4221.538462 4227.692308 4260.512821 4215.384615 4228.205128 4593.333333
4219.487179 4190.256410 4167.692308 4200.512821 4226.666667 4213.333333 4193.333333 4192.307692 4203.076923 4225.128205 4249.743590 4211.282051 4214.871795 4583.589744
4216.923077 4196.410256 4165.128205 4202.564103 4225.641026 4211.794872 4203.076923 4202.051282 4201.538462 4229.743590 4255.897436 4205.641026 4213.846154 4584.102564
4221.025641 4198.461538 4170.256410 4207.692308 4223.589744 4212.307692 4196.923077 4205.128205 4202.051282 4232.820513 4261.538462 4209.743590 4219.487179 4576.410256
4219.487179 4189.743590 4168.205128 4200.512821 4224.615385 4208.717949 4186.153846 4192.307692 4189.743590 4230.256410 4256.410256 4208.717949 4211.794872 4569.743590
4218.974359 4192.820513 4168.205128 4201.025641 4226.153846 4208.717949 4200.000000 4195.384615 4196.923077 4229.230769 4257.948718 4200.000000 4217.435897 4571.794872
4220.000000 4194.871795 4172.307692 4202.564103 4228.205128 4213.333333 4198.974359 4204.102564 4209.743590 4233.333333 4263.589744 4206.153846 4227.179487 4571.282051
4221.538462 4197.948718 4174.871795 4204.102564 4226.666667 4212.307692 4197.948718 4206.153846 4210.256410 4231.794872 4269.230769 4208.205128 4229.230769 4567.692308
4232.820513 4212.820513 4190.769231 4215.897436 4227.692308 4214.871795 4218.461538 4216.923077 4225.641026 4225.641026 4280.000000 4216.410256 4237.948718 4561.025641
4243.076923 4221.538462 4205.128205 4223.076923 4228.205128 4218.461538 4215.897436 4223.589744 4236.410256 4225.641026 4286.153846 4224.615385 4246.153846 4555.384615
4232.307692 4207.692308 4193.333333 4211.794872 4222.564103 4212.307692 4194.358974 4203.589744 4209.743590 4226.666667 4273.333333 4210.769231 4231.282051 4552.820513
4214.358974 4188.205128 4174.871795 4198.461538 4226.153846 4211.282051 4192.307692 4180.000000 4182.564103 4228.205128 4253.846154 4205.128205 4210.769231 4545.128205
4215.897436 4192.307692 4176.923077 4206.153846 4225.128205 4215.384615 4203.076923 4191.282051 4198.461538 4229.230769 4256.410256 4205.128205 4216.923077 4533.846154
4233.846154 4215.897436 4194.871795 4226.153846 4219.487179 4217.435897 4213.333333 4217.948718 4228.717949 4225.128205 4272.820513 4213.846154 4231.794872 4534.358974
4237.435897 4219.487179 4202.564103 4227.692308 4225.641026 4217.435897 4218.461538 4212.820513 4223.076923 4226.666667 4269.743590 4222.051282 4229.230769 4536.923077
4230.769231 4206.153846 4196.410256 4214.871795 4229.743590 4215.384615 4213.846154 4202.564103 4206.666667 4229.743590 4259.487179 4217.435897 4226.153846 4530.256410
4234.871795 4208.717949 4199.487179 4216.923077 4226.666667 4217.948718 4215.384615 4217.435897 4218.461538 4228.205128 4265.641026 4221.538462 4235.897436 4530.769231
4237.435897 4220.512821 4207.179487 4230.256410 4222.051282 4219.487179 4227.692308 4223.076923 4227.692308 4226.153846 4271.282051 4218.461538 4239.487179 4534.871795
4232.307692 4211.282051 4201.538462 4224.102564 4224.102564 4219.487179 4224.102564 4204.102564 4210.769231 4230.256410 4263.076923 4211.794872 4230.769231 4530.256410
4231.794872 4203.076923 4198.461538 4217.948718 4228.205128 4218.461538 4209.230769 4197.948718 4208.205128 4233.333333 4257.435897 4215.384615 4229.743590 4530.769231
4233.846154 4214.358974 4206.153846 4229.743590 4223.589744 4214.358974 4210.769231 4212.820513 4227.692308 4228.717949 4262.564103 4210.256410 4234.871795 4533.846154
4234.358974 4215.897436 4207.692308 4230.256410 4223.589744 4215.384615 4223.589744 4213.333333 4225.641026 4225.128205 4267.692308 4211.282051 4242.051282 4530.256410
4238.461538 4213.333333 4206.153846 4225.128205 4224.102564 4220.000000 4227.692308 4209.743590 4220.000000 4226.666667 4274.358974 4213.333333 4258.461538 4527.179487
4240.000000 4222.051282 4209.743590 4227.692308 4222.051282 4217.948718 4218.974359 4216.410256 4232.820513 4228.205128 4275.384615 4208.717949 4255.384615 4527.692308
4235.384615 4221.538462 4209.743590 4224.102564 4226.666667 4215.384615 4218.974359 4222.564103 4238.974359 4228.205128 4263.589744 4206.666667 4231.794872 4525.641026
4228.205128 4210.256410 4200.512821 4214.358974 4225.641026 4216.923077 4229.743590 4222.564103 4225.128205 4227.179487 4260.000000 4197.948718 4230.256410 4518.974359
4225.128205 4205.128205 4195.897436 4209.230769 4224.615385 4218.461538 4221.538462 4210.769231 4212.307692 4224.615385 4259.487179 4194.871795 4234.358974 4513.846154
4227.692308 4207.692308 4197.435897 4207.692308 4222.564103 4216.923077 4211.282051 4209.743590 4217.435897 4224.615385 4255.384615 4190.256410 4226.153846 4510.769231
4230.256410 4211.794872 4199.487179 4211.282051 4222.051282 4217.435897 4217.435897 4222.564103 4227.179487 4230.769231 4255.897436 4187.179487 4227.692308 4510.256410
4234.358974 4222.051282 4207.692308 4222.564103 4226.153846 4221.025641 4226.666667 4224.615385 4227.692308 4234.358974 4261.538462 4196.410256 4238.974359 4507.692308
4241.025641 4228.717949 4213.333333 4230.256410 4224.615385 4220.000000 4231.282051 4215.384615 4224.615385 4228.717949 4271.794872 4193.846154 4252.820513 4504.615385
4238.974359 4217.948718 4206.666667 4222.051282 4227.692308 4217.948718 4226.153846 4208.205128 4219.487179 4224.615385 4271.282051 4190.256410 4252.820513 4505.641026
