4542.051282 4479.487179 5091.282051 4606.153846 4220.512821 4614.358974 4475.384615 4280.512821 4553.846154 4224.102564 4375.384615 4741.025641 4670.769231 4223.076923
4547.179487 4478.974359 5095.897436 4609.743590 4217.435897 4616.923077 4487.692308 4281.025641 4557.948718 4222.564103 4376.410256 4744.615385 4676.410256 4217.435897
4564.102564 4483.076923 5120.000000 4625.128205 4220.512821 4627.692308 4496.923077 4290.769231 4578.461538 4225.641026 4383.589744 4764.102564 4701.025641 4225.641026
4586.666667 4502.564103 5154.871795 4641.538462 4220.000000 4647.692308 4520.512821 4301.538462 4597.435897 4229.743590 4397.435897 4780.512821 4721.538462 4230.769231
4594.871795 4509.743590 5166.666667 4643.589744 4216.410256 4657.435897 4545.641026 4305.641026 4597.948718 4227.179487 4403.076923 4782.564103 4728.717949 4226.153846
4593.333333 4509.743590 5163.076923 4650.256410 4224.615385 4657.948718 4539.487179 4304.615385 4597.948718 4227.179487 4406.153846 4791.794872 4740.512821 4229.230769
4607.692308 4510.256410 5193.333333 4667.179487 4221.025641 4668.717949 4541.025641 4309.230769 4616.410256 4229.743590 4414.871795 4814.871795 4770.256410 4232.307692
4625.641026 4518.461538 5226.153846 4684.615385 4218.974359 4684.102564 4572.307692 4320.512821 4629.230769 4228.205128 4420.000000 4827.692308 4789.230769 4243.076923
4633.846154 4525.641026 5233.846154 4691.282051 4223.589744 4695.384615 4605.128205 4324.102564 4631.794872 4222.051282 4416.410256 4832.307692 4798.461538 4247.179487
4641.538462 4526.153846 5245.641026 4690.256410 4219.487179 4703.589744 4621.538462 4324.615385 4640.512821 4223.589744 4419.487179 4843.589744 4820.000000 4244.615385
4649.230769 4532.820513 5261.025641 4693.846154 4223.076923 4707.692308 4628.717949 4325.128205 4644.102564 4227.692308 4427.179487 4849.230769 4832.820513 4247.692308
4639.487179 4533.846154 5257.435897 4678.974359 4221.538462 4701.025641 4620.512821 4325.128205 4637.435897 4224.615385 4422.051282 4842.564103 4825.128205 4240.000000
4628.717949 4536.410256 5250.256410 4651.282051 4217.435897 4697.435897 4612.820513 4332.820513 4642.564103 4224.615385 4421.538462 4847.692308 4823.076923 4241.538462
4635.384615 4543.076923 5258.461538 4620.512821 4220.512821 4708.717949 4620.000000 4341.025641 4657.948718 4225.128205 4431.794872 4860.512821 4841.538462 4245.641026
4627.692308 4540.000000 5249.743590 4564.102564 4221.538462 4711.794872 4615.897436 4342.051282 4658.974359 4223.076923 4432.307692 4856.923077 4844.102564 4237.435897
4617.435897 4544.615385 5233.333333 4503.076923 4224.615385 4708.205128 4621.025641 4343.076923 4656.410256 4223.589744 4430.256410 4854.358974 4838.461538 4242.051282
4617.948718 4551.282051 5240.512821 4465.128205 4221.025641 4713.846154 4640.000000 4341.538462 4660.000000 4223.589744 4433.333333 4852.307692 4846.666667 4238.461538
4607.692308 4557.948718 5243.589744 4458.974359 4218.974359 4716.923077 4637.435897 4340.000000 4658.974359 4224.615385 4434.871795 4844.615385 4835.897436 4231.794872
4600.512821 4564.102564 5235.384615 4466.666667 4221.025641 4715.384615 4632.820513 4343.076923 4657.435897 4224.102564 4433.333333 4846.153846 4825.128205 4234.358974
4602.051282 4561.538462 5234.358974 4457.435897 4216.410256 4713.846154 4647.179487 4350.256410 4663.076923 4224.615385 4432.820513 4852.820513 4841.025641 4230.769231
4603.076923 4568.717949 5237.435897 4455.384615 4221.025641 4716.923077 4652.820513 4352.820513 4668.205128 4228.205128 4436.410256 4857.435897 4851.794872 4230.256410
4598.461538 4571.282051 5225.641026 4454.871795 4225.128205 4712.307692 4635.897436 4346.153846 4660.512821 4224.615385 4433.333333 4853.846154 4841.538462 4223.589744
4592.820513 4566.153846 5208.717949 4443.076923 4224.102564 4706.666667 4631.282051 4347.179487 4656.410256 4223.589744 4432.307692 4851.794872 4836.410256 4227.179487
4610.769231 4569.743590 5226.666667 4440.000000 4226.153846 4717.948718 4656.410256 4355.897436 4672.820513 4227.692308 4444.102564 4867.692308 4863.589744 4236.410256
4628.205128 4568.717949 5249.743590 4443.589744 4220.000000 4724.615385 4675.897436 4360.512821 4685.128205 4226.666667 4449.743590 4877.948718 4890.769231 4233.846154
4629.743590 4566.666667 5244.615385 4453.333333 4222.564103 4730.256410 4700.000000 4366.666667 4685.641026 4225.128205 4447.692308 4877.435897 4889.743590 4241.538462
4627.692308 4557.948718 5239.487179 4454.358974 4222.051282 4736.923077 4711.794872 4368.205128 4683.589744 4222.564103 4445.641026 4875.384615 4888.205128 4237.948718
4620.512821 4547.179487 5234.871795 4440.000000 4217.435897 4731.282051 4673.333333 4367.179487 4682.564103 4222.564103 4446.153846 4871.794872 4890.256410 4227.692308
4617.435897 4547.692308 5231.794872 4439.487179 4223.589744 4732.307692 4653.333333 4367.692308 4684.102564 4225.128205 4448.717949 4873.333333 4894.358974 4230.256410
4613.846154 4542.564103 5229.230769 4441.538462 4223.589744 4737.948718 4668.205128 4359.487179 4681.025641 4225.128205 4445.641026 4871.794872 4891.282051 4226.153846
4612.820513 4543.076923 5220.000000 4441.025641 4225.128205 4733.846154 4656.410256 4357.948718 4680.512821 4224.102564 4447.692308 4866.666667 4878.974359 4229.743590
4627.179487 4552.307692 5233.846154 4446.666667 4223.589744 4736.923077 4652.307692 4368.717949 4690.769231 4222.564103 4456.410256 4870.256410 4890.769231 4232.820513
4632.307692 4559.487179 5252.820513 4452.307692 4219.487179 4744.615385 4674.358974 4369.230769 4690.769231 4224.102564 4459.487179 4875.897436 4903.589744 4233.846154
4635.384615 4569.743590 5255.897436 4464.615385 4223.076923 4748.205128 4691.794872 4364.615385 4688.205128 4227.692308 4456.923077 4877.948718 4900.000000 4243.076923
4644.102564 4574.871795 5257.435897 4467.179487 4219.487179 4750.256410 4703.076923 4376.410256 4694.358974 4227.179487 4459.487179 4881.538462 4912.820513 4236.923077
4641.025641 4577.948718 5243.589744 4461.538462 4224.615385 4746.153846 4695.897436 4384.615385 4692.820513 4224.102564 4465.641026 4883.076923 4928.717949 4234.358974
4632.307692 4575.384615 5219.487179 4457.948718 4229.743590 4739.487179 4679.487179 4373.333333 4685.641026 4222.564103 4465.128205 4875.897436 4921.538462 4236.410256
4632.307692 4573.333333 5210.256410 4459.487179 4223.076923 4743.076923 4695.897436 4375.897436 4693.846154 4224.102564 4466.153846 4874.871795 4914.871795 4241.025641
4645.128205 4585.128205 5215.384615 4471.794872 4225.128205 4753.846154 4724.615385 4387.179487 4703.076923 4225.128205 4469.230769 4882.051282 4928.205128 4251.282051
4649.230769 4584.615385 5211.282051 4470.769231 4226.153846 4752.307692 4719.487179 4386.153846 4696.410256 4221.538462 4464.615385 4875.384615 4941.538462 4245.128205
4645.641026 4581.538462 5194.358974 4469.230769 4226.666667 4746.666667 4705.128205 4387.179487 4696.923077 4221.538462 4465.128205 4871.282051 4935.384615 4249.743590
4656.410256 4588.717949 5192.307692 4484.102564 4225.128205 4752.820513 4715.384615 4389.743590 4702.051282 4225.128205 4464.615385 4879.487179 4933.333333 4256.923077
4662.564103 4590.769231 5197.948718 4491.282051 4217.948718 4762.051282 4740.000000 4391.282051 4697.435897 4228.205128 4463.076923 4880.000000 4944.102564 4249.230769
4657.435897 4590.256410 5190.769231 4487.179487 4225.128205 4764.615385 4756.410256 4402.051282 4699.487179 4226.666667 4471.794872 4878.974359 4946.666667 4249.743590
4652.307692 4587.179487 5174.871795 4478.461538 4227.179487 4755.384615 4743.589744 4405.641026 4704.102564 4222.051282 4470.769231 4876.410256 4939.487179 4244.615385
4646.666667 4594.871795 5157.948718 4480.000000 4225.128205 4748.205128 4730.256410 4397.435897 4697.948718 4223.589744 4465.641026 4874.358974 4935.384615 4247.692308
4643.076923 4604.615385 5154.358974 4492.820513 4228.205128 4749.743590 4743.076923 4396.923077 4691.282051 4226.153846 4474.358974 4877.435897 4945.128205 4255.897436
4641.025641 4600.512821 5158.974359 4494.358974 4225.128205 4749.743590 4754.358974 4406.666667 4700.512821 4226.153846 4480.512821 4880.000000 4960.000000 4257.948718
4644.615385 4604.102564 5160.000000 4495.897436 4225.641026 4757.948718 4756.410256 4412.307692 4708.717949 4227.692308 4478.974359 4885.641026 4967.179487 4266.666667
4642.051282 4604.615385 5149.230769 4500.512821 4222.564103 4762.051282 4755.384615 4406.153846 4695.897436 4224.615385 4473.333333 4883.076923 4960.512821 4256.923077
4624.102564 4597.948718 5127.179487 4501.538462 4222.051282 4748.205128 4745.128205 4404.102564 4681.538462 4225.128205 4470.769231 4873.846154 4948.205128 4248.717949
4616.923077 4596.923077 5119.487179 4500.000000 4227.179487 4745.641026 4749.743590 4409.743590 4687.179487 4227.179487 4477.948718 4872.820513 4952.820513 4253.333333
4612.307692 4590.769231 5112.820513 4489.230769 4223.076923 4751.282051 4759.487179 4411.282051 4690.769231 4224.615385 4477.435897 4870.256410 4943.589744 4248.205128
4606.666667 4595.384615 5099.487179 4492.307692 4228.205128 4747.692308 4751.794872 4409.230769 4686.153846 4226.153846 4473.333333 4869.230769 4921.538462 4254.358974
4616.923077 4602.051282 5107.692308 4503.589744 4229.743590 4744.615385 4756.923077 4407.179487 4688.205128 4225.128205 4474.358974 4872.307692 4929.743590 4257.948718
4616.923077 4593.846154 5102.051282 4497.948718 4224.102564 4744.615385 4761.025641 4408.205128 4685.128205 4223.076923 4473.333333 4867.692308 4929.743590 4256.923077
4605.128205 4585.641026 5072.820513 4489.743590 4227.692308 4739.487179 4745.641026 4412.820513 4681.025641 4227.179487 4472.307692 4859.487179 4911.794872 4255.384615
4603.589744 4578.974359 5057.948718 4492.307692 4227.179487 4731.282051 4731.282051 4411.794872 4679.487179 4229.743590 4473.333333 4855.384615 4916.410256 4246.153846
4609.743590 4579.487179 5061.025641 4504.102564 4228.205128 4732.307692 4737.948718 4410.256410 4675.384615 4228.717949 4476.410256 4854.871795 4923.589744 4253.333333
4614.871795 4581.025641 5066.153846 4509.230769 4225.641026 4740.512821 4763.589744 4415.384615 4675.897436 4225.128205 4473.846154 4858.461538 4924.102564 4257.948718
4623.589744 4581.538462 5066.153846 4509.230769 4225.641026 4738.974359 4768.205128 4421.538462 4680.512821 4226.666667 4474.871795 4865.641026 4945.641026 4256.923077
4641.538462 4587.179487 5067.179487 4515.384615 4232.820513 4732.820513 4749.743590 4418.974359 4682.564103 4229.230769 4481.538462 4874.871795 4984.102564 4263.589744
4647.692308 4582.051282 5067.179487 4512.307692 4227.692308 4731.282051 4750.256410 4415.897436 4676.923077 4227.179487 4478.461538 4873.333333 4989.743590 4265.641026
4654.358974 4583.076923 5075.384615 4516.410256 4227.179487 4733.846154 4774.358974 4424.102564 4675.897436 4225.641026 4476.410256 4871.794872 4974.358974 4273.846154
4667.692308 4589.743590 5087.179487 4525.128205 4230.769231 4734.358974 4770.256410 4423.589744 4672.820513 4222.564103 4477.948718 4873.333333 4987.692308 4267.692308
4656.923077 4585.128205 5072.820513 4520.512821 4226.153846 4728.205128 4740.000000 4413.846154 4666.153846 4224.102564 4477.948718 4866.666667 4995.384615 4257.435897
4646.153846 4582.564103 5058.974359 4515.897436 4226.153846 4728.717949 4745.128205 4418.461538 4669.230769 4227.179487 4481.538462 4863.589744 4982.051282 4268.205128
4643.589744 4577.948718 5053.333333 4505.641026 4224.615385 4727.692308 4760.000000 4424.102564 4667.692308 4225.641026 4477.435897 4859.487179 4972.307692 4263.076923
4623.589744 4576.410256 5016.923077 4495.384615 4226.666667 4721.538462 4748.205128 4417.948718 4656.923077 4223.589744 4471.794872 4850.256410 4950.769231 4254.358974
4604.102564 4574.871795 4991.282051 4494.871795 4229.230769 4720.000000 4742.051282 4414.358974 4658.461538 4222.051282 4473.333333 4846.666667 4933.846154 4253.846154
4597.948718 4568.205128 5005.128205 4497.435897 4226.153846 4716.410256 4741.538462 4418.974359 4664.615385 4223.589744 4476.410256 4845.128205 4939.487179 4257.435897
4599.487179 4569.230769 5011.794872 4506.153846 4231.282051 4720.000000 4753.846154 4421.538462 4661.025641 4226.666667 4475.897436 4845.641026 4935.384615 4267.692308
4595.384615 4564.102564 4997.948718 4505.641026 4227.692308 4726.153846 4771.282051 4421.538462 4655.384615 4223.076923 4472.820513 4846.153846 4918.974359 4258.461538
4573.846154 4557.435897 4958.974359 4491.282051 4226.153846 4709.743590 4739.487179 4418.461538 4644.102564 4220.000000 4467.692308 4832.820513 4896.410256 4248.717949
4558.974359 4555.897436 4924.102564 4486.666667 4233.333333 4690.769231 4702.564103 4413.846154 4637.435897 4220.512821 4463.076923 4819.487179 4884.102564 4252.820513
4555.897436 4550.256410 4916.923077 4484.615385 4229.230769 4695.384615 4720.512821 4416.410256 4645.128205 4223.076923 4465.641026 4820.512821 4889.743590 4256.923077
4532.820513 4544.102564 4894.871795 4474.871795 4228.717949 4702.564103 4734.871795 4414.358974 4637.435897 4224.102564 4464.615385 4810.769231 4867.692308 4257.948718
4496.923077 4529.230769 4850.256410 4457.435897 4226.666667 4689.230769 4705.641026 4406.153846 4613.846154 4221.538462 4451.794872 4784.615385 4820.512821 4245.641026
4491.794872 4525.128205 4828.717949 4455.897436 4230.256410 4677.435897 4691.794872 4406.666667 4615.897436 4224.615385 4449.230769 4778.974359 4802.564103 4252.820513
4519.487179 4532.820513 4844.102564 4472.307692 4233.333333 4683.076923 4714.871795 4410.256410 4630.769231 4226.666667 4455.897436 4790.769231 4824.102564 4264.102564
4523.589744 4527.692308 4843.589744 4470.769231 4224.102564 4679.487179 4718.461538 4411.282051 4625.128205 4225.128205 4456.410256 4786.666667 4828.205128 4254.871795
4513.333333 4529.743590 4818.974359 4469.230769 4227.692308 4669.743590 4698.461538 4415.384615 4621.538462 4225.641026 4455.384615 4784.615385 4813.333333 4260.000000
4510.769231 4532.307692 4804.615385 4472.820513 4229.743590 4670.769231 4692.307692 4410.256410 4621.025641 4223.589744 4449.230769 4783.589744 4809.743590 4259.487179
4496.410256 4527.692308 4786.666667 4467.692308 4227.179487 4667.179487 4692.307692 4403.076923 4608.205128 4225.128205 4445.641026 4772.307692 4799.487179 4250.769231
4489.743590 4532.307692 4770.769231 4468.717949 4231.794872 4661.538462 4689.743590 4404.615385 4602.564103 4227.179487 4448.717949 4769.230769 4795.897436 4253.846154
4490.769231 4536.410256 4763.589744 4469.230769 4228.717949 4657.435897 4683.076923 4406.153846 4606.153846 4222.564103 4445.128205 4768.717949 4802.051282 4258.461538
4485.641026 4538.461538 4751.282051 4466.666667 4231.282051 4653.333333 4678.461538 4406.153846 4598.461538 4218.974359 4440.512821 4763.076923 4788.717949 4262.051282
4482.051282 4537.435897 4743.589744 4462.564103 4233.333333 4655.384615 4688.205128 4406.153846 4590.769231 4222.051282 4444.102564 4758.461538 4781.538462 4252.820513
4481.538462 4538.461538 4743.076923 4464.615385 4229.230769 4655.384615 4690.256410 4409.743590 4598.974359 4227.692308 4448.205128 4760.512821 4798.974359 4252.307692
4477.435897 4541.025641 4732.307692 4472.307692 4229.743590 4646.666667 4668.205128 4409.230769 4597.435897 4225.641026 4442.564103 4759.487179 4803.076923 4257.948718
4463.589744 4529.743590 4705.128205 4462.051282 4227.179487 4637.435897 4659.487179 4402.051282 4579.487179 4221.538462 4431.794872 4743.076923 4780.000000 4246.666667
4452.307692 4526.666667 4681.538462 4454.358974 4227.692308 4640.000000 4674.871795 4399.487179 4577.435897 4226.153846 4433.846154 4732.307692 4764.102564 4244.615385
4436.923077 4528.205128 4654.358974 4448.205128 4227.179487 4630.769231 4654.358974 4394.871795 4575.897436 4224.615385 4430.256410 4719.487179 4746.153846 4240.000000
4408.717949 4525.641026 4609.230769 4430.769231 4228.205128 4608.717949 4609.230769 4387.692308 4555.897436 4220.000000 4417.948718 4694.871795 4707.179487 4235.384615
4395.897436 4529.230769 4583.589744 4428.205128 4234.358974 4607.179487 4607.692308 4387.692308 4549.230769 4223.589744 4415.897436 4685.128205 4682.564103 4240.000000
4398.974359 4529.230769 4585.641026 4434.358974 4227.179487 4609.230769 4632.820513 4392.820513 4561.025641 4226.666667 4422.564103 4692.820513 4689.230769 4236.923077
4398.974359 4531.794872 4576.923077 4440.000000 4225.641026 4600.000000 4628.717949 4393.846154 4561.538462 4224.615385 4425.128205 4696.923077 4694.871795 4244.102564
4396.923077 4534.358974 4561.025641 4441.025641 4230.256410 4596.410256 4610.769231 4386.666667 4552.820513 4224.615385 4421.025641 4692.820513 4694.358974 4248.205128
4390.256410 4530.769231 4548.717949 4435.897436 4228.205128 4598.461538 4612.820513 4387.179487 4548.205128 4227.692308 4417.948718 4689.230769 4686.153846 4240.512821
4383.589744 4531.794872 4541.025641 4443.589744 4230.256410 4595.897436 4614.358974 4393.333333 4545.128205 4227.179487 4420.000000 4686.666667 4671.794872 4238.974359
4377.948718 4527.692308 4535.384615 4446.666667 4226.153846 4586.666667 4594.871795 4386.666667 4538.974359 4221.538462 4417.948718 4681.538462 4661.538462 4236.410256
4371.794872 4527.692308 4522.051282 4436.923077 4228.205128 4578.461538 4581.538462 4380.512821 4538.461538 4221.025641 4413.846154 4676.410256 4647.179487 4239.487179
4375.897436 4536.410256 4521.025641 4436.410256 4233.846154 4582.051282 4604.102564 4387.179487 4542.564103 4222.564103 4414.871795 4679.487179 4644.615385 4240.512821
4377.435897 4538.461538 4524.102564 4440.512821 4229.230769 4582.564103 4612.307692 4388.205128 4538.974359 4223.076923 4416.410256 4678.461538 4648.205128 4237.948718
4375.897436 4533.846154 4516.923077 4437.948718 4229.743590 4573.846154 4590.256410 4381.025641 4532.820513 4222.564103 4415.897436 4671.794872 4637.948718 4246.153846
4375.384615 4520.000000 4520.000000 4432.820513 4229.230769 4572.307692 4593.333333 4376.923077 4532.307692 4221.538462 4414.358974 4669.230769 4632.820513 4242.051282
4355.897436 4505.641026 4512.307692 4427.179487 4228.717949 4570.256410 4601.025641 4380.512821 4530.769231 4224.102564 4412.307692 4666.153846 4626.666667 4232.307692
4364.615385 4497.948718 4490.769231 4420.512821 4230.256410 4565.128205 4594.358974 4385.641026 4528.205128 4224.615385 4412.820513 4662.564103 4617.435897 4232.820513
4376.410256 4494.871795 4485.641026 4422.564103 4228.717949 4564.615385 4591.794872 4386.666667 4530.256410 4222.051282 4415.384615 4663.589744 4620.000000 4238.461538
4259.487179 4498.974359 4488.717949 4433.333333 4232.820513 4569.230769 4592.307692 4387.179487 4531.282051 4223.076923 4418.461538 4664.102564 4623.076923 4243.589744
4076.923077 4490.769231 4482.564103 4423.076923 4231.282051 4560.512821 4578.974359 4386.153846 4521.538462 4222.564103 4414.871795 4651.794872 4609.230769 4230.769231
4020.000000 4480.512821 4490.256410 4414.358974 4226.666667 4548.717949 4568.717949 4385.641026 4516.923077 4222.564103 4409.743590 4644.615385 4596.923077 4233.333333
4060.512821 4481.025641 4524.102564 4428.205128 4228.205128 4554.871795 4585.641026 4385.641026 4525.128205 4223.076923 4413.846154 4655.897436 4606.153846 4249.230769
4049.743590 4475.897436 4521.538462 4427.692308 4226.666667 4553.333333 4580.000000 4383.076923 4517.435897 4224.102564 4417.435897 4653.846154 4605.641026 4240.000000
4028.205128 4472.307692 4484.615385 4420.512821 4230.256410 4545.128205 4561.025641 4377.948718 4509.230769 4225.641026 4417.948718 4648.205128 4598.461538 4233.333333
4047.692308 4471.282051 4479.487179 4421.538462 4229.743590 4548.205128 4579.487179 4374.871795 4516.923077 4223.076923 4413.333333 4653.846154 4603.589744 4234.871795
4038.461538 4462.564103 4469.743590 4408.717949 4227.692308 4540.512821 4582.051282 4375.384615 4509.230769 4223.076923 4406.153846 4644.102564 4581.025641 4234.871795
4016.923077 4456.410256 4437.948718 4396.923077 4233.333333 4523.589744 4543.076923 4371.282051 4491.794872 4223.589744 4403.076923 4623.589744 4550.769231 4232.820513
4018.974359 4454.871795 4426.153846 4396.923077 4231.282051 4518.461538 4528.717949 4369.230769 4498.461538 4218.974359 4402.564103 4621.538462 4558.461538 4229.230769
4033.333333 4456.410256 4420.512821 4400.512821 4231.282051 4521.025641 4543.589744 4378.461538 4504.102564 4220.000000 4404.102564 4630.256410 4568.205128 4237.435897
4045.128205 4452.820513 4408.717949 4402.564103 4232.820513 4519.487179 4539.487179 4376.410256 4491.794872 4224.615385 4405.641026 4625.128205 4560.000000 4233.846154
4047.692308 4449.743590 4395.897436 4401.538462 4231.794872 4517.435897 4528.717949 4369.230769 4486.153846 4222.564103 4408.205128 4614.871795 4548.717949 4226.153846
4044.615385 4450.769231 4376.923077 4400.512821 4234.871795 4514.871795 4535.384615 4372.307692 4486.153846 4219.487179 4406.153846 4607.692308 4532.307692 4224.102564
4034.358974 4443.076923 4361.025641 4393.846154 4229.230769 4507.692308 4537.948718 4372.820513 4481.538462 4220.512821 4397.948718 4597.435897 4522.564103 4215.384615
4029.230769 4443.076923 4364.615385 4392.307692 4231.282051 4505.128205 4528.717949 4368.205128 4482.564103 4224.102564 4401.538462 4596.923077 4528.717949 4222.564103
4031.794872 4445.128205 4368.717949 4390.256410 4235.384615 4508.717949 4524.102564 4368.717949 4483.076923 4222.051282 4402.051282 4596.410256 4527.179487 4223.589744
4027.179487 4436.923077 4346.666667 4382.564103 4229.230769 4500.512821 4515.384615 4370.769231 4471.282051 4222.051282 4392.307692 4582.564103 4501.538462 4213.846154
4030.769231 4436.923077 4343.076923 4385.128205 4228.717949 4493.333333 4504.615385 4368.717949 4462.564103 4224.615385 4391.282051 4574.871795 4489.743590 4222.051282
4041.025641 4435.897436 4367.692308 4383.076923 4226.153846 4491.282051 4499.487179 4366.153846 4467.179487 4222.051282 4390.256410 4575.897436 4498.974359 4224.102564
4046.666667 4437.435897 4374.358974 4381.025641 4228.717949 4489.743590 4501.025641 4371.794872 4474.358974 4223.589744 4389.230769 4576.923077 4496.923077 4221.025641
4051.282051 4437.948718 4363.589744 4387.179487 4231.794872 4490.256410 4503.589744 4373.846154 4469.230769 4226.666667 4391.794872 4573.333333 4495.384615 4217.948718
4032.820513 4427.179487 4338.974359 4372.307692 4227.692308 4478.461538 4486.153846 4366.153846 4453.846154 4224.615385 4388.205128 4561.538462 4486.153846 4212.820513
4010.769231 4429.743590 4311.282051 4358.974359 4233.333333 4467.692308 4475.897436 4358.974359 4451.282051 4223.589744 4382.051282 4550.769231 4462.051282 4214.871795
4016.410256 4437.435897 4309.230769 4368.717949 4233.333333 4472.820513 4496.410256 4361.025641 4458.461538 4222.564103 4380.512821 4543.589744 4456.923077 4213.333333
4018.974359 4433.846154 4306.153846 4374.871795 4229.743590 4475.897436 4500.000000 4364.102564 4451.794872 4221.025641 4382.051282 4536.923077 4456.923077 4216.410256
3994.871795 4426.153846 4273.846154 4358.461538 4230.256410 4461.538462 4465.641026 4356.410256 4431.282051 4219.487179 4374.871795 4526.666667 4435.897436 4212.820513
3977.948718 4421.538462 4248.205128 4342.564103 4228.717949 4447.692308 4444.102564 4353.846154 4427.692308 4223.076923 4367.692308 4517.435897 4422.051282 4200.000000
3989.230769 4426.153846 4256.410256 4354.358974 4232.820513 4457.948718 4465.128205 4363.076923 4441.025641 4228.205128 4373.846154 4525.641026 4436.923077 4207.179487
3989.230769 4424.615385 4257.435897 4356.410256 4230.256410 4460.512821 4473.846154 4361.025641 4438.461538 4224.102564 4373.846154 4526.666667 4444.102564 4208.717949
3970.256410 4424.102564 4235.897436 4344.615385 4228.717949 4446.666667 4447.179487 4349.230769 4425.641026 4222.051282 4368.717949 4508.717949 4425.128205 4206.153846
3966.153846 4425.641026 4227.179487 4341.538462 4232.820513 4445.128205 4448.205128 4349.743590 4426.153846 4224.102564 4368.717949 4497.948718 4411.282051 4206.666667
3962.051282 4413.846154 4225.641026 4328.717949 4227.692308 4442.051282 4457.948718 4355.897436 4422.051282 4222.564103 4365.128205 4490.769231 4393.333333 4203.589744
3965.128205 4414.871795 4225.128205 4326.666667 4228.717949 4430.256410 4437.948718 4355.384615 4415.897436 4220.000000 4360.512821 4485.128205 4378.461538 4212.307692
3990.256410 4423.076923 4251.282051 4338.974359 4228.717949 4433.846154 4437.948718 4356.923077 4423.076923 4221.538462 4362.564103 4489.743590 4399.487179 4210.256410
3990.256410 4419.487179 4253.333333 4332.820513 4228.205128 4438.974359 4451.794872 4356.410256 4419.487179 4225.128205 4362.051282 4486.153846 4400.512821 4202.051282
3968.205128 4412.307692 4218.461538 4319.487179 4234.358974 4425.128205 4433.846154 4348.717949 4403.589744 4223.076923 4353.846154 4468.717949 4366.666667 4206.153846
3968.717949 4406.153846 4200.000000 4314.871795 4229.230769 4413.846154 4418.974359 4348.717949 4404.102564 4222.564103 4351.794872 4460.000000 4363.589744 4206.666667
3974.358974 4405.128205 4188.717949 4314.358974 4229.230769 4416.410256 4429.230769 4354.358974 4405.641026 4226.666667 4355.384615 4458.461538 4367.692308 4208.205128
3969.230769 4397.948718 4173.333333 4309.230769 4232.307692 4412.820513 4417.948718 4344.102564 4395.897436 4225.641026 4350.769231 4447.692308 4350.769231 4203.589744
3974.871795 4396.923077 4168.205128 4308.205128 4231.282051 4405.641026 4403.589744 4337.948718 4393.333333 4224.102564 4352.307692 4448.205128 4351.282051 4210.769231
3990.256410 4406.153846 4166.153846 4313.846154 4233.333333 4407.692308 4423.076923 4349.230769 4397.435897 4225.641026 4357.948718 4459.487179 4364.102564 4221.025641
3985.641026 4394.871795 4153.333333 4302.564103 4228.205128 4401.025641 4421.538462 4350.256410 4390.769231 4225.128205 4346.153846 4449.743590 4346.153846 4209.743590
3979.487179 4388.205128 4149.743590 4298.461538 4230.256410 4391.282051 4394.358974 4342.564103 4382.564103 4224.615385 4338.461538 4434.358974 4321.025641 4211.282051
3985.641026 4392.820513 4161.538462 4304.615385 4232.820513 4389.743590 4387.692308 4337.948718 4379.487179 4222.564103 4340.512821 4430.256410 4322.564103 4217.948718
3979.487179 4388.717949 4153.333333 4296.410256 4229.743590 4383.589744 4388.717949 4339.487179 4376.923077 4223.589744 4342.051282 4433.333333 4326.666667 4216.410256
3982.051282 4390.769231 4151.282051 4293.846154 4231.794872 4386.153846 4398.974359 4347.692308 4382.051282 4227.692308 4342.564103 4443.589744 4332.820513 4222.564103
3989.230769 4391.794872 4160.512821 4292.820513 4229.743590 4391.282051 4409.230769 4347.692308 4382.051282 4224.102564 4339.487179 4442.564103 4336.923077 4221.025641
3985.641026 4389.743590 4138.974359 4285.128205 4232.820513 4382.564103 4386.666667 4340.512821 4371.282051 4221.538462 4338.974359 4433.333333 4320.512821 4226.153846
3998.461538 4391.794872 4120.000000 4284.102564 4234.871795 4376.410256 4368.717949 4336.923077 4363.589744 4224.102564 4340.512821 4433.333333 4313.333333 4228.717949
4012.820513 4393.333333 4122.051282 4287.692308 4228.205128 4374.871795 4372.307692 4335.897436 4360.512821 4223.076923 4335.897436 4431.282051 4316.923077 4225.128205
4008.717949 4394.871795 4114.358974 4288.717949 4232.820513 4367.179487 4368.205128 4335.897436 4359.487179 4221.025641 4331.794872 4423.076923 4309.743590 4229.230769
3998.974359 4390.256410 4100.512821 4277.948718 4231.282051 4362.051282 4365.641026 4332.820513 4357.435897 4222.564103 4334.358974 4412.307692 4301.025641 4223.589744
3996.923077 4394.358974 4090.769231 4272.820513 4229.743590 4362.051282 4368.205128 4333.846154 4357.435897 4226.153846 4336.923077 4405.641026 4296.923077 4221.538462
3996.923077 4398.974359 4075.384615 4269.743590 4233.333333 4357.435897 4357.435897 4336.923077 4358.461538 4222.051282 4331.794872 4403.589744 4291.282051 4222.051282
3988.717949 4390.769231 4053.333333 4256.923077 4230.769231 4349.743590 4344.615385 4333.846154 4349.230769 4221.538462 4325.641026 4392.820513 4277.948718 4220.512821
3997.948718 4397.435897 4051.794872 4262.564103 4233.846154 4354.358974 4356.410256 4333.846154 4346.666667 4226.666667 4328.717949 4388.717949 4270.769231 4228.205128
4014.871795 4403.076923 4060.000000 4270.769231 4232.307692 4354.358974 4357.435897 4337.435897 4348.205128 4224.102564 4330.256410 4390.769231 4274.358974 4223.589744
4009.230769 4394.871795 4041.538462 4258.461538 4230.256410 4340.000000 4333.846154 4333.846154 4340.000000 4222.051282 4324.615385 4383.076923 4261.025641 4221.025641
4004.615385 4389.743590 4029.230769 4252.820513 4232.820513 4338.974359 4338.974359 4329.230769 4337.435897 4222.051282 4323.589744 4374.358974 4251.282051 4223.076923
4000.000000 4388.717949 4027.179487 4251.794872 4227.692308 4337.948718 4348.717949 4331.794872 4336.923077 4222.051282 4323.589744 4366.153846 4254.358974 4216.410256
3992.307692 4391.282051 4011.282051 4250.769231 4231.794872 4327.692308 4328.717949 4330.769231 4331.282051 4226.153846 4321.025641 4362.051282 4245.641026 4216.410256
3998.974359 4386.666667 4006.153846 4250.769231 4232.820513 4325.641026 4321.025641 4329.743590 4332.307692 4226.666667 4315.897436 4365.641026 4238.461538 4212.307692
3998.461538 4386.666667 4002.051282 4248.205128 4232.307692 4327.179487 4336.410256 4334.358974 4333.333333 4225.128205 4313.846154 4366.153846 4232.307692 4217.435897
3989.743590 4387.179487 3986.666667 4241.025641 4234.871795 4325.641026 4335.897436 4328.717949 4322.051282 4223.076923 4312.307692 4357.435897 4222.051282 4217.948718
3985.641026 4374.871795 3975.897436 4227.692308 4227.692308 4318.974359 4315.384615 4320.000000 4314.358974 4222.051282 4306.666667 4345.128205 4213.846154 4203.076923
3991.282051 4376.410256 3973.333333 4229.230769 4232.307692 4316.923077 4316.410256 4324.615385 4316.410256 4224.615385 4308.205128 4345.128205 4206.666667 4216.923077
3995.384615 4378.974359 3975.384615 4228.205128 4227.692308 4316.410256 4331.794872 4325.641026 4315.384615 4223.589744 4305.641026 4343.589744 4210.769231 4213.846154
3987.179487 4375.384615 3963.076923 4218.974359 4223.076923 4308.205128 4313.846154 4324.615385 4313.846154 4225.641026 4303.589744 4338.974359 4207.179487 4206.153846
3997.948718 4387.179487 3964.102564 4232.820513 4237.948718 4311.794872 4305.128205 4326.153846 4317.948718 4227.692308 4313.846154 4351.282051 4217.948718 4222.051282
4005.128205 4380.000000 3975.384615 4229.743590 4222.051282 4308.205128 4317.948718 4324.615385 4318.461538 4219.487179 4307.179487 4349.230769 4237.948718 4204.102564
3994.358974 4384.615385 3955.384615 4221.538462 4226.666667 4298.461538 4312.820513 4332.307692 4320.512821 4222.051282 4302.564103 4344.615385 4216.410256 4217.948718
4006.153846 4400.000000 3948.205128 4230.256410 4245.641026 4306.153846 4311.794872 4328.205128 4315.384615 4224.102564 4306.153846 4349.230769 4200.000000 4232.820513
4000.512821 4382.564103 3936.410256 4212.307692 4229.230769 4295.897436 4295.897436 4311.794872 4293.333333 4217.948718 4298.461538 4326.666667 4194.871795 4202.051282
3986.666667 4385.641026 3904.102564 4207.692308 4228.717949 4282.051282 4272.820513 4316.410256 4291.282051 4222.051282 4298.461538 4315.897436 4182.051282 4210.769231
4001.025641 4402.564103 3906.153846 4218.974359 4230.256410 4289.230769 4286.666667 4323.076923 4303.589744 4223.076923 4302.564103 4326.666667 4191.282051 4216.923077
4002.051282 4398.461538 3905.128205 4210.256410 4229.230769 4283.589744 4287.692308 4317.435897 4293.846154 4224.102564 4301.538462 4322.564103 4191.794872 4207.692308
3998.461538 4387.692308 3891.282051 4201.538462 4234.871795 4271.282051 4270.769231 4315.384615 4288.205128 4226.153846 4299.487179 4315.384615 4180.512821 4208.205128
4008.717949 4385.641026 3897.948718 4204.615385 4231.794872 4276.923077 4284.615385 4324.102564 4301.025641 4225.128205 4297.435897 4321.025641 4186.153846 4214.871795
4019.487179 4392.820513 3923.589744 4214.358974 4235.384615 4287.179487 4305.641026 4326.153846 4303.589744 4225.128205 4298.974359 4326.153846 4198.974359 4223.589744
4017.435897 4377.435897 3940.000000 4211.282051 4232.307692 4278.461538 4290.256410 4312.307692 4290.256410 4221.538462 4294.871795 4312.307692 4196.923077 4210.256410
4011.282051 4367.692308 3933.846154 4206.666667 4230.769231 4269.230769 4271.282051 4308.205128 4279.487179 4224.102564 4291.282051 4301.025641 4181.025641 4213.333333
4007.179487 4366.666667 3928.205128 4202.051282 4229.743590 4270.769231 4270.769231 4312.820513 4274.871795 4222.564103 4285.128205 4296.923077 4167.692308 4215.384615
3994.358974 4355.897436 3918.461538 4191.282051 4225.128205 4260.512821 4263.076923 4313.333333 4271.282051 4221.025641 4280.512821 4288.717949 4158.461538 4201.538462
3994.358974 4359.487179 3911.282051 4197.435897 4232.820513 4254.358974 4263.076923 4313.333333 4272.307692 4226.666667 4286.153846 4287.692308 4162.564103 4202.564103
3994.358974 4358.974359 3904.615385 4192.307692 4232.820513 4253.333333 4264.615385 4309.230769 4270.256410 4225.641026 4284.102564 4284.102564 4161.025641 4203.076923
3986.666667 4353.333333 3900.000000 4181.538462 4231.282051 4248.205128 4250.769231 4307.692308 4271.282051 4222.051282 4278.461538 4281.538462 4143.589744 4207.179487
3991.794872 4352.307692 3919.487179 4187.692308 4232.820513 4246.666667 4252.307692 4307.179487 4271.282051 4221.538462 4281.025641 4283.076923 4147.692308 4202.564103
3994.871795 4346.666667 3937.435897 4190.769231 4228.717949 4244.615385 4256.923077 4301.538462 4261.025641 4225.641026 4284.102564 4275.897436 4161.025641 4195.897436
4000.512821 4350.769231 3937.948718 4195.897436 4232.820513 4243.589744 4248.717949 4298.974359 4260.000000 4224.615385 4283.076923 4272.307692 4158.461538 4210.256410
4006.666667 4351.282051 3930.256410 4193.333333 4231.794872 4239.487179 4243.076923 4301.025641 4266.153846 4219.487179 4276.410256 4272.307692 4153.846154 4206.153846
4002.564103 4344.102564 3916.923077 4185.641026 4230.256410 4236.410256 4248.717949 4306.153846 4264.102564 4224.615385 4273.846154 4269.743590 4144.615385 4200.512821
4007.179487 4345.128205 3916.923077 4189.230769 4232.307692 4244.102564 4264.615385 4304.102564 4261.538462 4228.717949 4277.435897 4272.820513 4146.153846 4210.769231
4012.820513 4348.205128 3917.435897 4189.230769 4229.743590 4237.948718 4256.410256 4296.923077 4258.974359 4223.589744 4277.435897 4275.897436 4148.717949 4210.256410
4008.205128 4347.692308 3899.487179 4188.205128 4233.846154 4223.589744 4229.743590 4298.461538 4255.384615 4220.512821 4271.794872 4273.846154 4126.666667 4212.307692
4003.589744 4337.435897 3886.666667 4187.179487 4231.282051 4225.128205 4236.923077 4301.538462 4253.846154 4220.512821 4266.666667 4265.641026 4114.871795 4209.743590
3997.435897 4331.282051 3874.358974 4180.512821 4230.256410 4228.717949 4245.641026 4299.487179 4249.230769 4222.564103 4268.205128 4258.974359 4121.025641 4212.307692
3994.358974 4330.256410 3861.025641 4172.307692 4233.333333 4218.974359 4221.025641 4296.923077 4243.076923 4225.128205 4266.666667 4255.897436 4116.923077 4214.871795
3994.871795 4323.589744 3858.461538 4167.179487 4226.666667 4210.256410 4205.128205 4299.487179 4243.589744 4225.641026 4261.538462 4248.717949 4107.692308 4207.179487
3994.871795 4326.153846 3853.846154 4171.282051 4230.769231 4212.307692 4212.820513 4297.435897 4242.564103 4224.615385 4264.102564 4245.641026 4112.820513 4214.358974
3991.282051 4322.564103 3842.564103 4165.128205 4230.769231 4207.692308 4208.717949 4289.230769 4234.871795 4220.000000 4262.051282 4238.974359 4113.333333 4213.846154
3993.333333 4318.974359 3838.461538 4158.461538 4228.717949 4202.564103 4208.717949 4291.282051 4238.461538 4223.076923 4258.461538 4236.923077 4106.153846 4211.794872
4006.153846 4324.102564 3847.179487 4165.641026 4234.358974 4211.794872 4225.641026 4293.846154 4245.128205 4224.615385 4262.051282 4246.153846 4114.358974 4213.333333
4000.000000 4317.435897 3836.410256 4162.564103 4228.717949 4207.179487 4208.205128 4286.666667 4230.769231 4220.512821 4257.948718 4240.512821 4105.641026 4207.179487
3988.205128 4316.410256 3820.512821 4162.051282 4229.743590 4198.461538 4188.717949 4287.692308 4222.564103 4222.051282 4255.384615 4232.307692 4080.000000 4214.358974
3997.948718 4314.358974 3829.230769 4162.051282 4229.743590 4201.538462 4209.743590 4292.307692 4230.256410 4224.102564 4255.384615 4236.410256 4085.641026 4209.743590
3996.923077 4304.615385 3823.076923 4151.282051 4225.641026 4194.871795 4212.307692 4293.846154 4222.564103 4224.615385 4252.307692 4233.846154 4092.820513 4203.076923
3991.794872 4304.615385 3807.692308 4147.692308 4232.820513 4186.666667 4193.846154 4293.333333 4211.794872 4223.076923 4249.743590 4222.051282 4078.974359 4209.743590
3998.461538 4301.025641 3808.717949 4145.128205 4231.282051 4185.128205 4184.615385 4288.205128 4216.410256 4221.025641 4245.641026 4217.435897 4073.333333 4209.230769
3999.487179 4300.512821 3804.615385 4145.128205 4229.230769 4182.564103 4175.384615 4286.153846 4219.487179 4222.051282 4245.641026 4220.512821 4073.333333 4212.307692
3995.897436 4296.923077 3798.461538 4146.666667 4229.743590 4180.512821 4171.794872 4288.717949 4213.846154 4219.487179 4246.666667 4217.948718 4077.948718 4210.256410
3991.282051 4287.179487 3799.487179 4138.974359 4227.692308 4180.000000 4178.974359 4288.717949 4211.282051 4221.025641 4244.615385 4217.948718 4080.512821 4213.333333
3996.410256 4289.230769 3800.512821 4142.564103 4230.769231 4186.153846 4185.128205 4283.589744 4209.743590 4225.641026 4242.051282 4221.538462 4067.179487 4221.538462
4001.538462 4285.128205 3800.512821 4149.743590 4229.230769 4186.666667 4174.871795 4284.102564 4204.102564 4222.051282 4238.974359 4213.846154 4059.487179 4206.153846
3996.410256 4277.948718 3796.923077 4143.589744 4229.743590 4176.923077 4160.512821 4291.282051 4200.512821 4222.051282 4241.025641 4209.230769 4066.153846 4205.641026
3995.897436 4276.410256 3799.487179 4135.897436 4230.256410 4168.717949 4167.179487 4287.692308 4197.948718 4228.205128 4243.076923 4211.794872 4070.256410 4211.794872
3997.948718 4268.717949 3798.974359 4132.307692 4226.153846 4167.692308 4172.307692 4280.512821 4194.871795 4228.205128 4240.512821 4207.692308 4057.948718 4209.230769
4003.076923 4269.230769 3788.205128 4139.487179 4230.256410 4166.153846 4156.410256 4281.538462 4196.923077 4221.538462 4237.948718 4205.641026 4047.179487 4211.282051
4004.615385 4275.384615 3781.025641 4140.000000 4228.717949 4156.410256 4146.666667 4278.974359 4195.897436 4220.000000 4235.384615 4204.102564 4049.743590 4206.153846
4003.076923 4278.974359 3776.923077 4135.384615 4230.769231 4154.871795 4158.974359 4278.461538 4193.333333 4224.615385 4238.461538 4203.589744 4056.923077 4211.282051
4010.769231 4270.769231 3776.410256 4137.948718 4234.871795 4162.564103 4167.179487 4282.564103 4189.230769 4221.538462 4239.487179 4203.589744 4066.153846 4213.333333
4009.230769 4254.358974 3767.692308 4133.846154 4228.717949 4157.948718 4155.384615 4282.051282 4182.564103 4217.948718 4232.307692 4195.897436 4054.358974 4202.051282
4005.641026 4250.769231 3755.384615 4131.794872 4231.282051 4147.179487 4141.538462 4276.923077 4180.000000 4221.538462 4231.794872 4195.384615 4033.846154 4202.564103
4012.820513 4247.179487 3767.179487 4130.256410 4230.256410 4140.512821 4133.846154 4274.871795 4177.435897 4224.615385 4230.256410 4196.923077 4040.512821 4200.000000
4013.846154 4241.538462 3786.153846 4123.589744 4227.692308 4137.435897 4130.256410 4278.974359 4174.871795 4227.179487 4225.641026 4190.256410 4038.974359 4200.512821
4010.769231 4235.897436 3795.384615 4118.461538 4231.794872 4141.025641 4134.871795 4276.410256 4176.410256 4224.102564 4224.615385 4189.230769 4018.974359 4202.564103
4016.410256 4226.153846 3793.846154 4114.358974 4230.769231 4144.102564 4142.564103 4270.769231 4174.871795 4222.051282 4225.641026 4197.948718 4019.487179 4200.000000
4027.692308 4231.794872 3791.794872 4121.538462 4235.384615 4140.000000 4146.153846 4279.487179 4176.923077 4225.641026 4226.153846 4200.512821 4029.230769 4208.717949
4027.179487 4229.743590 3801.025641 4120.512821 4229.743590 4136.410256 4146.666667 4284.102564 4180.000000 4222.051282 4222.564103 4189.743590 4027.692308 4205.128205
4017.435897 4216.923077 3801.538462 4110.769231 4225.128205 4136.410256 4136.923077 4271.794872 4167.179487 4220.000000 4222.051282 4177.948718 4018.461538 4203.589744
4023.076923 4215.897436 3792.820513 4113.846154 4232.307692 4137.435897 4126.666667 4262.564103 4157.948718 4223.589744 4220.512821 4173.333333 4012.307692 4211.282051
4027.692308 4211.794872 3787.692308 4110.769231 4228.205128 4129.743590 4121.538462 4264.102564 4160.000000 4224.615385 4213.333333 4168.717949 4008.205128 4204.615385
4029.230769 4211.282051 3797.948718 4111.794872 4229.230769 4124.615385 4124.615385 4265.128205 4161.538462 4223.589744 4219.487179 4171.794872 4010.256410 4208.717949
4041.538462 4212.820513 3817.948718 4115.897436 4230.769231 4130.256410 4134.871795 4265.128205 4166.153846 4219.487179 4223.589744 4177.435897 4023.076923 4210.256410
4041.025641 4208.717949 3819.487179 4111.794872 4227.692308 4127.179487 4127.692308 4266.153846 4170.256410 4218.974359 4218.974359 4172.820513 4020.000000 4213.846154
4036.410256 4207.179487 3817.435897 4112.307692 4232.307692 4121.025641 4122.051282 4263.076923 4162.051282 4223.076923 4217.435897 4168.717949 4010.769231 4226.666667
4034.358974 4202.564103 3821.025641 4106.666667 4229.743590 4118.974359 4124.102564 4263.076923 4156.410256 4222.051282 4216.410256 4164.615385 4010.256410 4217.948718
4031.794872 4201.538462 3819.487179 4103.589744 4228.205128 4119.487179 4113.846154 4265.641026 4161.538462 4222.564103 4215.384615 4162.051282 4014.358974 4216.410256
4037.435897 4204.102564 3820.000000 4108.717949 4229.230769 4119.487179 4109.743590 4257.435897 4153.846154 4225.641026 4215.897436 4164.615385 4018.461538 4228.717949
4038.461538 4203.076923 3818.974359 4104.102564 4227.692308 4114.871795 4115.897436 4254.358974 4140.512821 4224.102564 4213.846154 4162.051282 4004.615385 4227.692308
4029.230769 4193.333333 3813.846154 4090.256410 4218.974359 4109.230769 4110.769231 4257.948718 4146.153846 4220.000000 4204.102564 4152.307692 3997.435897 4207.179487
4010.769231 4186.153846 3793.333333 4083.589744 4218.461538 4101.025641 4088.717949 4253.846154 4146.153846 4224.615385 4200.512821 4146.153846 3994.871795 4208.717949
4008.717949 4193.846154 3776.923077 4088.205128 4230.769231 4097.948718 4084.615385 4248.717949 4137.435897 4227.692308 4210.256410 4148.205128 3984.102564 4227.179487
4025.641026 4198.461538 3787.692308 4092.820513 4234.358974 4107.692308 4107.692308 4255.384615 4145.641026 4225.641026 4217.948718 4157.948718 3987.179487 4229.743590
4035.384615 4201.538462 3797.948718 4100.000000 4240.000000 4118.974359 4120.000000 4261.025641 4155.897436 4228.717949 4218.974359 4167.179487 3996.410256 4237.435897
4031.282051 4194.358974 3791.282051 4096.410256 4233.846154 4110.769231 4106.153846 4253.846154 4144.615385 4224.615385 4213.333333 4158.974359 3995.897436 4226.666667
4017.948718 4183.076923 3777.435897 4082.564103 4222.564103 4091.282051 4089.743590 4252.307692 4133.333333 4220.512821 4211.282051 4146.153846 3983.076923 4216.410256
4016.923077 4189.230769 3771.282051 4085.641026 4229.743590 4090.769231 4090.769231 4252.307692 4133.846154 4222.564103 4210.256410 4151.794872 3973.846154 4229.230769
4017.435897 4186.153846 3768.717949 4083.076923 4229.743590 4089.230769 4082.564103 4240.000000 4127.692308 4221.025641 4202.564103 4152.820513 3971.794872 4223.589744
4014.871795 4173.846154 3763.589744 4073.333333 4225.641026 4078.461538 4070.769231 4237.948718 4122.564103 4224.615385 4202.564103 4146.666667 3969.743590 4224.102564
4025.641026 4175.897436 3770.256410 4082.564103 4228.717949 4085.641026 4084.102564 4245.128205 4128.205128 4225.641026 4207.179487 4147.692308 3972.307692 4241.025641
4031.794872 4176.410256 3770.769231 4088.717949 4228.205128 4097.435897 4105.128205 4243.076923 4133.333333 4221.025641 4204.102564 4149.230769 3976.923077 4238.974359
4025.128205 4171.282051 3756.923077 4080.512821 4226.666667 4091.794872 4099.487179 4240.512821 4132.820513 4222.051282 4203.076923 4145.128205 3981.538462 4233.846154
4031.282051 4169.743590 3758.461538 4082.051282 4225.641026 4082.564103 4085.128205 4246.153846 4132.307692 4224.615385 4205.641026 4147.692308 3987.179487 4238.974359
4035.897436 4165.641026 3768.205128 4080.000000 4223.076923 4084.102564 4084.102564 4246.666667 4129.230769 4222.564103 4203.589744 4147.179487 3981.025641 4235.897436
4025.641026 4166.666667 3755.384615 4075.384615 4231.282051 4084.615385 4081.025641 4243.076923 4122.564103 4221.025641 4203.076923 4138.461538 3966.666667 4231.794872
4023.589744 4165.641026 3745.641026 4074.871795 4232.307692 4079.487179 4076.923077 4244.102564 4125.128205 4223.076923 4203.076923 4133.333333 3963.589744 4228.205128
4021.538462 4157.948718 3743.589744 4069.230769 4224.615385 4073.846154 4076.410256 4243.076923 4123.076923 4224.615385 4198.461538 4128.205128 3953.333333 4230.769231
4008.205128 4154.871795 3728.717949 4062.051282 4227.692308 4069.743590 4063.589744 4235.897436 4112.307692 4224.102564 4192.820513 4117.948718 3933.333333 4235.384615
4000.512821 4148.205128 3720.512821 4054.871795 4229.230769 4063.076923 4053.333333 4236.923077 4114.358974 4223.589744 4192.820513 4117.948718 3934.358974 4230.256410
4003.589744 4143.589744 3723.076923 4057.435897 4231.794872 4062.051282 4060.512821 4240.000000 4118.461538 4225.641026 4196.410256 4127.179487 3943.076923 4235.897436
4003.076923 4140.512821 3717.435897 4060.000000 4229.230769 4064.615385 4058.461538 4230.256410 4100.512821 4224.615385 4189.230769 4116.410256 3929.230769 4235.384615
3988.205128 4129.743590 3696.410256 4048.205128 4223.589744 4055.384615 4038.974359 4223.076923 4081.538462 4225.128205 4179.487179 4097.435897 3904.102564 4223.589744
3976.923077 4125.128205 3681.025641 4040.512821 4230.769231 4047.692308 4033.846154 4223.076923 4084.615385 4225.641026 4183.076923 4100.512821 3895.384615 4221.025641
3991.282051 4125.641026 3701.538462 4046.666667 4232.820513 4050.256410 4041.025641 4226.666667 4101.025641 4224.615385 4190.769231 4116.410256 3912.307692 4222.051282
4026.153846 4133.333333 3741.025641 4066.666667 4231.282051 4058.974359 4057.948718 4238.974359 4118.461538 4226.666667 4196.410256 4132.820513 3940.512821 4232.820513
4039.487179 4136.923077 3753.333333 4073.846154 4231.794872 4065.641026 4076.923077 4238.974359 4115.897436 4224.102564 4195.384615 4138.974359 3955.384615 4234.358974
4015.897436 4125.128205 3726.666667 4055.897436 4226.153846 4055.384615 4060.000000 4223.589744 4099.487179 4217.948718 4188.717949 4127.179487 3944.615385 4223.589744
4002.051282 4119.487179 3706.153846 4050.769231 4225.641026 4050.769231 4046.153846 4225.641026 4096.923077 4220.000000 4186.666667 4118.461538 3923.589744 4224.615385
4011.794872 4116.923077 3713.333333 4056.923077 4224.615385 4058.461538 4064.615385 4234.871795 4096.923077 4223.076923 4186.666667 4117.948718 3923.076923 4221.025641
4011.282051 4113.333333 3710.256410 4050.256410 4227.692308 4048.717949 4048.205128 4224.615385 4085.641026 4222.051282 4184.102564 4110.256410 3925.128205 4216.923077
4004.102564 4109.230769 3698.974359 4041.025641 4230.769231 4032.820513 4019.487179 4216.923077 4082.564103 4221.025641 4180.000000 4100.000000 3906.666667 4214.871795
4005.128205 4102.564103 3694.871795 4039.487179 4225.641026 4033.333333 4024.615385 4223.076923 4087.179487 4223.589744 4178.461538 4094.871795 3890.769231 4210.769231
4012.820513 4102.564103 3691.282051 4042.564103 4229.743590 4038.974359 4027.692308 4224.102564 4086.666667 4225.128205 4181.025641 4095.897436 3900.512821 4216.923077
4010.769231 4098.461538 3686.153846 4037.948718 4230.769231 4038.461538 4024.102564 4216.410256 4082.564103 4221.538462 4175.897436 4092.307692 3908.717949 4217.435897
4003.076923 4095.897436 3678.974359 4032.307692 4226.666667 4037.435897 4029.743590 4217.435897 4083.076923 4222.564103 4170.769231 4084.615385 3892.307692 4214.871795
4013.846154 4097.948718 3682.564103 4033.333333 4228.717949 4037.435897 4033.846154 4225.641026 4086.666667 4224.615385 4175.384615 4085.641026 3889.230769 4213.333333
4016.923077 4094.871795 3682.564103 4028.205128 4226.153846 4034.871795 4025.128205 4220.000000 4084.102564 4223.589744 4175.384615 4084.102564 3895.897436 4206.153846
4009.230769 4098.974359 3680.512821 4030.769231 4226.153846 4034.358974 4021.538462 4212.820513 4081.025641 4225.128205 4173.333333 4082.051282 3895.897436 4207.692308
4020.512821 4103.076923 3697.948718 4036.410256 4224.102564 4031.794872 4025.128205 4216.410256 4082.564103 4226.153846 4173.846154 4085.641026 3904.102564 4208.205128
4034.358974 4104.615385 3712.307692 4037.948718 4222.051282 4029.743590 4029.230769 4218.974359 4081.538462 4224.615385 4171.794872 4093.333333 3904.102564 4211.282051
4032.307692 4107.692308 3710.256410 4040.512821 4224.615385 4032.820513 4027.179487 4209.743590 4078.974359 4223.589744 4169.230769 4095.897436 3895.897436 4213.846154
4029.743590 4104.102564 3710.256410 4035.384615 4225.128205 4027.179487 4016.410256 4203.589744 4079.487179 4225.641026 4172.307692 4093.846154 3907.179487 4210.769231
4036.923077 4105.128205 3714.871795 4035.897436 4228.717949 4026.153846 4025.128205 4211.282051 4076.923077 4227.179487 4177.948718 4094.871795 3911.282051 4217.435897
4028.205128 4103.589744 3702.564103 4031.282051 4226.153846 4030.769231 4028.717949 4209.743590 4061.538462 4223.589744 4172.307692 4083.589744 3884.102564 4209.230769
4008.717949 4099.487179 3685.641026 4020.000000 4221.538462 4024.102564 4006.153846 4201.025641 4056.923077 4224.102564 4166.666667 4076.923077 3874.358974 4199.487179
4016.410256 4105.641026 3699.487179 4029.230769 4225.128205 4016.410256 3996.410256 4205.128205 4075.897436 4226.666667 4171.282051 4091.794872 3903.076923 4210.256410
4028.205128 4108.205128 3716.410256 4040.000000 4223.076923 4022.051282 4015.897436 4211.794872 4084.102564 4224.102564 4171.794872 4096.410256 3912.820513 4209.743590
4021.538462 4106.153846 3706.666667 4032.307692 4226.666667 4030.256410 4035.384615 4212.307692 4074.871795 4223.076923 4165.128205 4084.615385 3888.205128 4206.666667
4011.282051 4102.051282 3694.358974 4017.948718 4228.717949 4023.076923 4025.128205 4205.128205 4068.717949 4222.051282 4160.000000 4076.923077 3880.000000 4201.538462
3999.487179 4096.410256 3680.512821 4009.230769 4222.051282 4008.717949 3995.897436 4196.923077 4062.051282 4220.512821 4158.461538 4071.282051 3877.435897 4195.897436
3997.435897 4100.000000 3671.794872 4013.333333 4223.589744 4011.282051 3989.743590 4193.333333 4057.435897 4221.538462 4158.461538 4066.666667 3858.461538 4200.000000
4003.076923 4097.948718 3678.974359 4010.256410 4222.564103 4015.897436 3997.435897 4193.846154 4060.000000 4221.025641 4155.897436 4064.615385 3854.871795 4196.410256
4006.666667 4094.871795 3683.589744 4006.666667 4226.666667 4004.102564 3984.615385 4195.897436 4062.564103 4220.512821 4160.512821 4065.641026 3868.717949 4197.435897
4016.410256 4098.461538 3696.923077 4011.282051 4228.205128 4004.615385 3991.794872 4197.435897 4063.076923 4223.076923 4164.102564 4072.307692 3884.615385 4198.974359
4010.769231 4095.384615 3698.974359 4008.205128 4220.000000 4007.692308 4002.051282 4195.897436 4056.410256 4224.102564 4157.948718 4067.179487 3875.897436 4194.358974
3996.410256 4094.871795 3684.102564 4007.179487 4223.589744 4002.564103 3988.717949 4193.846154 4055.897436 4223.589744 4152.820513 4063.589744 3858.461538 4200.512821
4006.153846 4096.410256 3693.846154 4014.871795 4225.128205 4002.051282 3986.666667 4194.358974 4066.153846 4224.102564 4155.384615 4074.871795 3868.205128 4203.589744
4021.538462 4098.974359 3713.333333 4023.076923 4224.102564 4004.102564 3989.743590 4193.846154 4064.615385 4226.153846 4160.512821 4078.974359 3878.974359 4207.179487
4016.410256 4092.820513 3708.717949 4017.435897 4223.076923 4005.128205 3988.717949 4189.230769 4050.769231 4223.589744 4158.974359 4069.743590 3872.820513 4207.692308
4006.666667 4088.205128 3702.564103 4008.717949 4219.487179 4006.666667 4000.512821 4189.230769 4053.333333 4223.076923 4152.307692 4068.205128 3864.102564 4205.128205
4014.871795 4102.051282 3716.410256 4021.538462 4224.615385 4008.717949 4009.230769 4192.820513 4063.076923 4225.128205 4153.846154 4078.974359 3865.641026 4212.307692
4013.333333 4098.461538 3717.435897 4018.974359 4221.025641 4000.000000 3990.769231 4188.205128 4051.282051 4223.589744 4154.871795 4072.307692 3867.692308 4205.128205
3995.384615 4088.717949 3694.871795 4000.000000 4217.948718 3990.256410 3968.717949 4183.589744 4040.000000 4226.666667 4151.794872 4062.564103 3858.974359 4203.589744
3996.923077 4098.461538 3691.282051 4003.076923 4225.128205 3991.794872 3972.820513 4184.615385 4050.256410 4226.666667 4153.333333 4068.717949 3863.589744 4210.769231
4002.564103 4102.051282 3701.025641 4009.743590 4223.589744 3991.282051 3986.153846 4186.153846 4060.000000 4220.000000 4152.307692 4069.230769 3866.153846 4205.641026
3996.923077 4099.487179 3694.358974 4008.717949 4224.102564 3988.205128 3981.025641 4183.589744 4048.205128 4222.564103 4148.717949 4062.564103 3849.230769 4207.692308
3996.410256 4098.461538 3690.256410 4003.589744 4224.102564 3991.282051 3967.179487 4176.410256 4035.384615 4226.666667 4147.692308 4061.025641 3847.179487 4206.666667
3996.923077 4096.410256 3690.769231 3999.487179 4223.076923 3990.769231 3968.717949 4178.461538 4042.051282 4223.589744 4149.230769 4064.102564 3859.487179 4205.641026
3995.384615 4093.846154 3691.794872 4001.538462 4223.076923 3987.179487 3984.102564 4186.153846 4047.692308 4222.051282 4146.153846 4065.641026 3858.974359 4208.205128
3996.410256 4093.333333 3692.820513 4002.564103 4218.974359 3987.692308 3985.641026 4183.589744 4036.923077 4224.615385 4137.948718 4059.487179 3846.666667 4205.128205
3999.487179 4102.051282 3686.666667 4001.538462 4224.102564 3988.717949 3971.282051 4176.923077 4035.897436 4224.615385 4137.948718 4052.820513 3837.948718 4209.230769
4003.589744 4099.487179 3688.717949 3994.871795 4224.102564 3984.102564 3973.333333 4175.897436 4046.666667 4220.000000 4142.051282 4053.846154 3846.153846 4207.179487
4001.538462 4090.769231 3691.794872 3987.692308 4219.487179 3978.974359 3976.923077 4178.461538 4038.974359 4222.564103 4141.025641 4053.846154 3845.641026 4208.717949
4000.512821 4097.435897 3686.666667 3990.769231 4223.076923 3979.487179 3963.076923 4175.897436 4027.179487 4224.615385 4134.358974 4045.641026 3829.743590 4212.820513
4000.512821 4104.102564 3684.615385 3988.205128 4220.512821 3976.923077 3947.179487 4168.205128 4025.128205 4220.512821 4131.282051 4035.897436 3823.076923 4203.076923
4005.641026 4111.794872 3689.743590 3985.128205 4223.076923 3974.358974 3953.846154 4167.179487 4024.615385 4223.589744 4133.333333 4036.923077 3825.641026 4208.205128
4018.974359 4107.179487 3705.641026 3991.794872 4221.025641 3980.000000 3973.333333 4173.846154 4029.743590 4226.153846 4132.820513 4043.076923 3834.358974 4211.282051
4024.102564 4095.384615 3711.794872 3999.487179 4216.923077 3981.538462 3968.205128 4177.948718 4034.871795 4224.102564 4132.820513 4046.153846 3842.051282 4206.666667
4019.487179 4096.923077 3702.564103 4004.615385 4227.179487 3975.384615 3955.384615 4172.820513 4031.794872 4223.589744 4130.256410 4044.102564 3838.974359 4209.230769
4008.717949 4091.282051 3695.384615 3996.410256 4226.666667 3966.666667 3949.743590 4163.589744 4026.666667 4224.615385 4125.128205 4035.384615 3831.794872 4206.153846
4007.692308 4085.641026 3698.974359 3990.769231 4223.076923 3966.666667 3951.794872 4165.128205 4029.743590 4226.666667 4131.282051 4036.410256 3837.948718 4212.820513
4014.871795 4083.076923 3704.615385 3992.820513 4226.666667 3975.384615 3966.666667 4173.333333 4035.897436 4224.102564 4134.871795 4043.589744 3850.256410 4216.410256
3997.435897 4074.358974 3689.230769 3982.051282 4225.128205 3971.794872 3958.974359 4171.282051 4029.230769 4218.461538 4126.153846 4032.307692 3838.974359 4207.692308
3982.051282 4074.358974 3676.410256 3978.974359 4223.076923 3962.051282 3933.846154 4162.051282 4014.871795 4221.025641 4126.153846 4020.512821 3823.589744 4207.179487
3991.794872 4069.743590 3687.692308 3982.564103 4216.923077 3963.076923 3944.102564 4160.000000 4013.846154 4224.102564 4128.205128 4024.102564 3830.256410 4201.025641
3991.282051 4059.487179 3687.179487 3975.384615 4218.461538 3965.128205 3956.410256 4164.102564 4018.461538 4223.076923 4123.589744 4028.717949 3823.076923 4197.435897
3980.000000 4054.871795 3679.487179 3970.769231 4223.589744 3958.461538 3936.410256 4160.000000 4013.333333 4221.025641 4120.512821 4025.641026 3809.743590 4193.333333
3983.076923 4052.820513 3689.230769 3975.384615 4220.512821 3948.717949 3924.615385 4155.897436 4010.769231 4222.051282 4123.076923 4026.153846 3825.128205 4191.282051
3997.948718 4055.384615 3705.128205 3982.564103 4224.102564 3955.897436 3942.564103 4162.051282 4015.897436 4224.102564 4128.205128 4034.358974 3840.512821 4202.051282
3998.461538 4053.846154 3705.641026 3975.384615 4226.153846 3962.564103 3944.102564 4160.000000 4009.743590 4219.487179 4124.102564 4032.820513 3823.076923 4198.461538
3988.205128 4049.230769 3698.461538 3969.743590 4225.128205 3949.743590 3927.179487 4154.871795 4004.615385 4219.487179 4119.487179 4027.692308 3805.641026 4193.333333
3996.923077 4044.102564 3711.282051 3978.974359 4222.051282 3947.692308 3938.974359 4161.025641 4012.820513 4223.589744 4122.564103 4031.282051 3818.461538 4195.384615
4003.076923 4038.974359 3717.435897 3975.897436 4217.948718 3955.384615 3954.358974 4162.564103 4007.692308 4225.641026 4120.512821 4033.333333 3821.025641 4190.769231
3988.717949 4041.025641 3698.461538 3966.153846 4224.102564 3950.256410 3943.076923 4155.384615 3997.948718 4223.589744 4115.897436 4034.871795 3809.230769 4191.794872
3984.102564 4042.564103 3697.435897 3964.615385 4222.564103 3941.538462 3929.743590 4152.820513 4002.051282 4221.538462 4113.846154 4031.282051 3807.179487 4187.179487
3990.769231 4043.589744 3707.179487 3970.769231 4220.512821 3944.102564 3925.128205 4152.820513 4004.615385 4224.615385 4112.307692 4020.512821 3796.410256 4188.205128
3989.230769 4044.102564 3703.589744 3971.282051 4224.102564 3946.666667 3921.025641 4147.179487 3996.410256 4223.076923 4110.769231 4015.384615 3795.384615 4191.794872
3983.076923 4039.487179 3714.871795 3962.051282 4221.025641 3942.564103 3924.615385 4144.615385 3999.487179 4222.564103 4113.333333 4016.410256 3817.948718 4186.153846
3990.769231 4045.128205 3761.025641 3966.153846 4224.102564 3944.102564 3932.820513 4153.333333 4009.230769 4225.641026 4117.948718 4022.564103 3826.153846 4188.717949
3993.846154 4045.128205 3792.307692 3969.230769 4220.000000 3943.076923 3928.205128 4153.846154 4004.615385 4224.102564 4112.820513 4020.000000 3818.461538 4185.128205
3983.076923 4039.487179 3778.461538 3963.589744 4217.435897 3940.512821 3927.692308 4150.769231 3998.461538 4223.589744 4108.205128 4010.256410 3818.461538 4187.179487
3982.564103 4045.641026 3768.717949 3963.589744 4225.641026 3946.666667 3936.410256 4149.230769 4003.076923 4224.102564 4111.794872 4013.333333 3825.641026 4193.333333
3975.384615 4044.102564 3760.512821 3954.871795 4221.538462 3937.435897 3918.974359 4143.589744 3996.410256 4224.102564 4106.153846 4010.256410 3818.461538 4182.051282
3969.230769 4043.076923 3742.564103 3953.333333 4220.000000 3930.256410 3909.230769 4145.128205 3991.282051 4225.641026 4103.076923 4004.102564 3806.153846 4187.179487
3983.076923 4048.205128 3747.692308 3960.000000 4222.051282 3943.076923 3938.974359 4148.205128 4002.564103 4225.641026 4109.743590 4013.333333 3818.974359 4194.358974
3986.153846 4051.282051 3751.794872 3955.897436 4220.512821 3947.179487 3951.282051 4147.692308 4004.102564 4224.102564 4110.769231 4021.025641 3826.666667 4193.333333
3982.051282 4056.923077 3743.589744 3957.948718 4223.589744 3941.538462 3932.820513 4145.641026 3995.384615 4225.641026 4104.615385 4013.846154 3812.307692 4195.897436
3987.692308 4058.974359 3749.230769 3961.025641 4217.948718 3939.487179 3923.076923 4144.102564 3996.410256 4225.641026 4102.564103 4006.666667 3810.256410 4193.333333
3995.897436 4067.179487 3759.487179 3960.000000 4220.000000 3943.589744 3940.000000 4144.615385 4001.025641 4224.102564 4107.179487 4018.974359 3827.179487 4199.487179
4000.512821 4071.282051 3762.051282 3957.948718 4224.615385 3944.615385 3947.692308 4144.615385 3995.384615 4221.538462 4107.179487 4026.153846 3833.333333 4199.487179
4000.000000 4067.692308 3761.538462 3960.512821 4217.435897 3936.923077 3925.128205 4144.615385 3990.769231 4224.615385 4103.589744 4016.923077 3822.051282 4196.923077
4007.692308 4073.846154 3763.589744 3969.743590 4218.974359 3938.974359 3925.128205 4144.102564 3998.974359 4229.743590 4106.153846 4021.538462 3826.153846 4207.692308
4016.923077 4074.358974 3768.717949 3967.692308 4222.051282 3949.743590 3953.333333 4143.076923 4007.692308 4223.589744 4106.666667 4032.307692 3841.025641 4208.205128
4012.307692 4073.846154 3768.205128 3967.692308 4223.589744 3948.205128 3951.282051 4146.153846 4004.615385 4217.948718 4107.179487 4029.230769 3838.974359 4206.153846
4004.615385 4073.846154 3764.102564 3972.307692 4221.025641 3942.564103 3934.358974 4143.589744 3994.358974 4221.538462 4107.692308 4015.897436 3834.358974 4203.076923
4003.589744 4073.333333 3760.512821 3967.692308 4216.923077 3946.153846 3943.589744 4140.000000 3992.307692 4226.153846 4105.128205 4013.846154 3840.000000 4201.025641
4012.820513 4083.076923 3770.256410 3969.230769 4224.615385 3948.717949 3948.717949 4144.615385 3999.487179 4225.641026 4107.179487 4024.615385 3849.230769 4204.615385
4020.000000 4085.641026 3808.205128 3972.820513 4223.076923 3945.128205 3950.769231 4145.641026 4001.538462 4221.538462 4105.641026 4024.102564 3849.743590 4195.897436
4018.461538 4085.128205 3843.076923 3971.794872 4218.974359 3948.205128 3970.769231 4142.051282 4002.564103 4223.076923 4102.051282 4016.923077 3842.564103 4202.051282
4018.974359 4089.743590 3850.769231 3973.333333 4220.000000 3956.923077 3990.256410 4138.974359 4005.641026 4223.589744 4103.076923 4020.000000 3845.128205 4211.794872
4009.743590 4082.564103 3833.846154 3964.615385 4218.974359 3951.794872 3975.897436 4140.000000 3999.487179 4223.076923 4101.538462 4015.897436 3839.487179 4202.051282
4001.538462 4076.923077 3821.025641 3958.461538 4221.538462 3947.179487 3962.051282 4146.153846 3993.846154 4223.589744 4101.538462 4007.692308 3826.153846 4205.128205
4012.820513 4076.923077 3831.282051 3965.128205 4218.974359 3956.923077 3991.794872 4147.179487 4002.564103 4223.589744 4103.076923 4013.333333 3841.025641 4210.769231
4020.512821 4079.487179 3834.871795 3971.282051 4220.512821 3957.435897 4000.000000 4141.025641 4011.794872 4225.128205 4103.589744 4020.000000 3857.435897 4208.205128
4021.025641 4077.435897 3832.820513 3972.307692 4221.538462 3946.153846 3957.435897 4136.410256 4008.205128 4223.589744 4103.076923 4018.974359 3859.487179 4201.025641
4020.512821 4066.666667 3828.205128 3972.307692 4211.794872 3938.461538 3920.000000 4132.820513 3996.923077 4222.051282 4103.076923 4016.410256 3864.615385 4197.948718
4024.102564 4065.641026 3826.153846 3974.358974 4217.948718 3945.128205 3918.974359 4134.358974 4000.512821 4224.102564 4103.589744 4019.487179 3864.102564 4207.692308
4028.717949 4061.538462 3845.128205 3967.179487 4223.589744 3947.692308 3926.666667 4138.974359 4009.743590 4224.102564 4101.025641 4024.102564 3858.461538 4202.051282
4032.820513 4054.871795 3861.025641 3965.128205 4218.974359 3943.076923 3925.641026 4136.923077 4004.615385 4225.128205 4103.076923 4022.051282 3856.410256 4200.512821
4047.692308 4057.948718 3865.641026 3980.000000 4217.948718 3954.358974 3945.641026 4138.461538 4004.615385 4224.615385 4108.717949 4021.025641 3862.051282 4212.820513
4054.871795 4054.871795 3862.564103 3980.000000 4216.923077 3959.487179 3954.358974 4141.025641 4011.282051 4222.051282 4105.641026 4022.051282 3867.179487 4209.230769
4047.179487 4051.794872 3854.871795 3974.871795 4220.512821 3946.153846 3934.358974 4137.948718 4010.769231 4223.076923 4103.076923 4025.128205 3867.179487 4206.153846
4053.846154 4052.820513 3860.512821 3981.538462 4217.435897 3950.256410 3937.948718 4137.948718 4005.128205 4223.589744 4103.076923 4027.692308 3871.794872 4205.641026
4068.205128 4055.384615 3863.076923 3983.589744 4213.333333 3961.538462 3951.282051 4139.487179 4005.641026 4224.102564 4103.076923 4030.256410 3875.384615 4208.205128
4066.153846 4052.820513 3846.153846 3976.923077 4220.000000 3950.769231 3937.435897 4131.282051 4006.666667 4223.589744 4100.512821 4025.641026 3872.820513 4210.256410
4051.282051 4039.487179 3832.307692 3965.128205 4218.461538 3937.435897 3923.589744 4128.205128 4006.666667 4222.564103 4096.410256 4013.333333 3873.333333 4202.564103
4060.512821 4037.435897 3843.589744 3972.820513 4217.435897 3954.871795 3949.743590 4143.589744 4010.769231 4225.641026 4105.641026 4020.512821 3885.641026 4213.333333
4080.000000 4040.000000 3861.025641 3988.205128 4217.435897 3971.794872 3981.025641 4143.589744 4010.256410 4223.589744 4109.230769 4030.256410 3893.846154 4216.410256
4067.692308 4032.307692 3851.794872 3980.512821 4218.461538 3954.871795 3956.923077 4130.769231 3999.487179 4222.051282 4098.974359 4016.410256 3876.410256 4203.076923
4057.435897 4031.794872 3841.025641 3973.846154 4224.102564 3940.512821 3930.256410 4128.717949 3994.358974 4224.615385 4098.974359 4010.256410 3868.205128 4206.666667
4067.179487 4033.846154 3850.769231 3977.948718 4216.923077 3944.102564 3960.000000 4132.307692 4000.512821 4224.102564 4107.692308 4015.384615 3886.666667 4211.282051
4071.282051 4038.974359 3852.307692 3985.128205 4215.384615 3951.282051 3996.410256 4133.846154 4005.128205 4225.128205 4106.153846 4011.794872 3887.692308 4211.282051
4071.794872 4045.641026 3846.153846 3985.641026 4218.974359 3953.846154 3984.615385 4128.205128 4004.102564 4226.153846 4098.461538 4008.205128 3875.897436 4205.641026
4068.205128 4045.641026 3846.666667 3982.051282 4216.410256 3949.230769 3967.179487 4126.153846 4000.512821 4222.051282 4097.435897 4015.384615 3876.410256 4204.615385
4062.564103 4047.179487 3843.076923 3985.641026 4218.974359 3952.307692 3985.128205 4129.230769 3997.948718 4218.461538 4102.051282 4022.564103 3880.000000 4212.307692
4060.512821 4044.615385 3835.897436 3981.025641 4217.948718 3957.948718 3995.897436 4129.743590 4002.051282 4220.000000 4102.051282 4018.461538 3884.615385 4203.589744
4061.538462 4051.282051 3832.307692 3975.384615 4220.512821 3953.333333 3978.461538 4126.666667 4008.717949 4224.102564 4098.974359 4013.333333 3892.820513 4201.025641
4064.615385 4064.615385 3837.948718 3982.051282 4222.051282 3949.743590 3974.358974 4124.102564 4008.717949 4224.615385 4096.410256 4014.358974 3898.461538 4203.076923
4063.589744 4064.102564 3841.025641 3985.128205 4214.358974 3953.846154 3989.230769 4126.666667 4007.692308 4223.589744 4099.487179 4014.358974 3893.846154 4198.461538
4060.512821 4063.076923 3835.384615 3985.128205 4219.487179 3958.974359 3990.256410 4128.717949 4009.230769 4223.076923 4101.538462 4012.307692 3879.487179 4202.051282
4052.307692 4055.384615 3828.717949 3974.871795 4222.564103 3955.897436 3980.000000 4124.102564 4005.641026 4224.102564 4093.846154 4003.589744 3871.282051 4197.435897
4055.897436 4053.333333 3828.205128 3975.897436 4217.948718 3952.820513 3978.461538 4124.102564 4002.564103 4228.205128 4097.435897 4005.128205 3881.538462 4200.512821
4075.897436 4063.076923 3844.102564 3996.923077 4217.435897 3960.000000 3971.282051 4127.692308 4007.692308 4227.179487 4106.153846 4017.948718 3894.358974 4208.205128
4075.897436 4064.102564 3847.179487 3994.871795 4216.923077 3958.461538 3941.025641 4126.666667 4010.769231 4221.538462 4099.487179 4014.871795 3885.641026 4203.076923
4067.179487 4063.076923 3837.948718 3983.076923 4221.538462 3951.282051 3927.692308 4126.153846 4009.230769 4221.538462 4096.410256 4011.282051 3878.974359 4203.076923
4072.820513 4060.000000 3844.615385 3988.205128 4217.948718 3954.358974 3949.743590 4128.205128 4006.153846 4223.589744 4103.589744 4017.435897 3899.487179 4204.102564
4071.282051 4059.487179 3844.102564 3993.846154 4215.897436 3957.948718 3946.153846 4128.717949 4002.564103 4223.076923 4104.102564 4015.897436 3905.641026 4206.153846
4062.051282 4061.538462 3831.794872 3988.205128 4222.564103 3953.846154 3913.333333 4120.000000 3998.974359 4222.564103 4095.897436 4007.179487 3890.769231 4202.051282
4062.564103 4054.358974 3829.743590 3979.487179 4219.487179 3947.692308 3912.820513 4115.384615 4001.025641 4222.564103 4092.820513 4003.076923 3889.230769 4196.923077
4071.794872 4055.897436 3835.384615 3987.179487 4219.487179 3952.307692 3940.512821 4124.102564 4008.205128 4225.128205 4097.948718 4008.717949 3899.487179 4209.230769
4080.512821 4057.435897 3843.076923 3990.256410 4218.974359 3957.948718 3937.948718 4126.666667 4006.666667 4224.102564 4097.948718 4012.307692 3908.205128 4206.666667
4079.487179 4052.307692 3847.179487 3986.153846 4217.435897 3953.333333 3916.923077 4122.051282 4000.000000 4222.564103 4095.384615 4013.846154 3905.128205 4200.000000
4084.102564 4059.487179 3852.820513 3993.333333 4220.512821 3953.333333 3928.205128 4124.615385 4004.102564 4224.102564 4101.538462 4021.025641 3907.692308 4207.692308
4093.846154 4068.205128 3863.589744 3996.923077 4216.410256 3961.025641 3948.717949 4128.717949 4009.230769 4223.589744 4105.128205 4023.589744 3921.538462 4204.615385
4091.794872 4067.692308 3865.128205 3996.410256 4217.435897 3964.615385 3952.307692 4131.282051 4010.769231 4225.128205 4102.051282 4019.487179 3918.974359 4204.102564
4081.025641 4057.435897 3858.461538 3995.897436 4219.487179 3960.512821 3947.692308 4131.282051 4010.769231 4223.589744 4095.897436 4014.358974 3911.794872 4198.974359
4075.897436 4053.846154 3847.692308 3993.333333 4216.410256 3952.820513 3927.692308 4123.589744 4002.564103 4223.589744 4094.871795 4012.307692 3907.692308 4197.435897
4087.179487 4057.948718 3854.358974 3997.948718 4218.974359 3961.538462 3934.358974 4120.512821 4002.564103 4225.641026 4101.538462 4018.461538 3909.230769 4210.769231
4089.230769 4050.256410 3868.205128 4000.000000 4218.461538 3968.717949 3956.923077 4126.666667 4012.307692 4223.589744 4101.025641 4019.487179 3912.307692 4206.153846
4083.076923 4048.205128 3865.641026 4004.102564 4218.461538 3961.538462 3950.256410 4132.820513 4013.333333 4223.076923 4097.948718 4015.897436 3908.717949 4205.128205
4094.871795 4050.769231 3871.282051 4010.256410 4215.897436 3962.564103 3945.128205 4131.282051 4009.743590 4223.076923 4100.000000 4015.384615 3911.794872 4211.282051
4091.282051 4045.128205 3871.794872 4004.615385 4212.820513 3962.051282 3947.692308 4126.153846 4006.153846 4223.589744 4099.487179 4010.769231 3916.923077 4209.230769
4074.358974 4040.512821 3861.538462 4001.538462 4222.564103 3958.461538 3942.564103 4124.615385 4005.641026 4225.641026 4100.512821 4016.410256 3918.461538 4206.666667
4076.410256 4029.230769 3866.666667 4005.128205 4221.538462 3958.974359 3940.512821 4126.666667 4011.282051 4224.102564 4101.538462 4025.641026 3917.948718 4201.025641
4081.025641 4025.128205 3872.820513 4010.256410 4216.410256 3960.512821 3942.564103 4128.717949 4012.307692 4223.076923 4098.461538 4021.538462 3911.794872 4209.743590
4079.487179 4028.205128 3874.358974 4011.282051 4218.974359 3965.128205 3947.692308 4123.076923 4008.205128 4223.076923 4094.871795 4017.435897 3919.487179 4216.410256
4079.487179 4023.076923 3877.948718 4005.128205 4218.461538 3963.589744 3947.179487 4120.000000 4011.282051 4223.076923 4095.897436 4019.487179 3932.820513 4210.769231
4084.615385 4021.538462 3882.564103 4008.205128 4220.512821 3960.000000 3945.128205 4126.666667 4014.358974 4223.076923 4098.461538 4018.461538 3932.307692 4215.384615
4084.102564 4018.974359 3888.205128 4013.333333 4214.871795 3960.000000 3949.230769 4128.717949 4008.717949 4220.512821 4095.384615 4012.820513 3931.282051 4215.384615
4075.384615 4018.974359 3887.179487 4013.333333 4216.410256 3963.589744 3951.282051 4125.128205 4009.230769 4221.538462 4096.410256 4014.358974 3934.871795 4214.871795
4074.871795 4024.102564 3892.307692 4017.435897 4226.153846 3965.641026 3956.923077 4129.230769 4021.025641 4223.589744 4101.538462 4022.564103 3944.615385 4214.871795
4077.435897 4018.461538 3902.564103 4022.564103 4219.487179 3967.692308 3969.743590 4134.358974 4022.051282 4223.589744 4102.051282 4022.564103 3952.820513 4215.384615
4069.743590 4014.871795 3896.923077 4025.641026 4215.897436 3971.282051 3966.153846 4130.256410 4012.820513 4223.076923 4102.564103 4020.000000 3943.589744 4222.564103
4058.461538 4015.384615 3886.666667 4016.923077 4216.410256 3966.153846 3955.897436 4125.641026 4015.897436 4221.538462 4100.512821 4023.589744 3939.487179 4217.435897
4058.461538 4021.538462 3887.692308 4012.307692 4216.923077 3964.102564 3961.025641 4131.794872 4022.564103 4223.076923 4099.487179 4027.692308 3949.230769 4218.974359
4066.666667 4027.692308 3893.846154 4021.025641 4218.974359 3972.307692 3965.128205 4131.794872 4016.923077 4223.589744 4098.974359 4024.102564 3950.769231 4227.179487
4061.025641 4024.615385 3891.794872 4017.435897 4213.333333 3970.769231 3958.461538 4126.666667 4010.256410 4221.538462 4095.384615 4013.846154 3942.051282 4220.000000
4062.564103 4031.794872 3895.384615 4016.923077 4217.948718 3968.205128 3968.205128 4130.769231 4016.923077 4224.615385 4100.000000 4020.512821 3945.641026 4221.025641
4078.461538 4039.487179 3916.410256 4026.666667 4221.538462 3975.897436 3981.538462 4133.333333 4023.589744 4224.615385 4105.128205 4034.358974 3964.615385 4222.051282
4083.076923 4037.948718 3923.589744 4028.205128 4218.974359 3978.461538 3978.974359 4133.846154 4024.102564 4220.000000 4103.589744 4036.923077 3968.205128 4225.641026
4084.615385 4042.564103 3924.102564 4031.282051 4221.025641 3978.974359 3988.205128 4135.897436 4027.692308 4220.512821 4104.102564 4040.000000 3960.000000 4230.769231
4076.410256 4041.538462 3929.743590 4029.743590 4219.487179 3980.512821 3996.410256 4130.769231 4027.179487 4224.615385 4104.615385 4037.948718 3957.948718 4222.564103
4066.666667 4037.435897 3928.205128 4028.717949 4218.461538 3978.461538 3984.102564 4132.307692 4023.589744 4226.153846 4105.128205 4030.256410 3958.974359 4223.589744
4070.256410 4036.923077 3927.179487 4030.256410 4213.846154 3979.487179 3981.025641 4138.974359 4022.564103 4223.076923 4105.128205 4028.205128 3961.025641 4222.051282
4066.153846 4044.615385 3925.641026 4028.717949 4213.333333 3979.487179 3984.102564 4133.333333 4020.512821 4224.102564 4104.102564 4027.179487 3961.538462 4214.358974
4052.307692 4047.179487 3918.461538 4025.641026 4220.512821 3971.794872 3971.794872 4122.564103 4012.820513 4224.102564 4100.000000 4017.948718 3955.384615 4212.820513
4048.717949 4024.615385 3913.846154 4016.923077 4215.384615 3965.641026 3965.641026 4126.153846 4009.743590 4220.512821 4094.871795 4010.256410 3943.589744 4209.230769
4055.384615 4017.948718 3916.410256 4022.051282 4215.384615 3974.358974 3979.487179 4133.846154 4018.974359 4223.589744 4094.871795 4017.435897 3934.871795 4218.974359
4057.435897 4026.666667 3918.974359 4031.282051 4217.948718 3980.000000 3981.025641 4126.153846 4021.538462 4224.102564 4094.358974 4019.487179 3941.538462 4221.025641
4049.743590 4023.589744 3926.666667 4026.153846 4215.897436 3967.692308 3961.025641 4121.538462 4012.307692 4224.102564 4095.384615 4012.820513 3949.743590 4218.461538
4055.384615 4023.589744 3954.871795 4027.692308 4216.410256 3972.307692 3971.282051 4129.743590 4012.820513 4225.641026 4097.435897 4017.435897 3944.102564 4230.769231
4061.538462 4024.615385 3979.487179 4027.179487 4211.282051 3982.051282 3985.641026 4128.205128 4019.487179 4222.051282 4094.358974 4018.461538 3940.512821 4228.717949
4057.435897 4027.179487 3991.282051 4026.153846 4215.897436 3972.820513 3969.230769 4123.076923 4022.051282 4222.564103 4096.410256 4018.461538 3949.743590 4222.564103
4070.256410 4028.717949 4021.538462 4035.897436 4221.025641 3973.846154 3977.948718 4131.282051 4023.589744 4226.666667 4103.589744 4030.256410 3969.230769 4225.641026
4082.564103 4024.102564 4035.384615 4037.435897 4212.307692 3984.102564 4001.538462 4137.948718 4024.615385 4226.666667 4101.025641 4032.307692 3971.282051 4229.230769
4071.282051 4026.666667 4010.256410 4030.769231 4217.435897 3981.025641 3991.282051 4129.743590 4024.615385 4222.564103 4096.410256 4022.564103 3956.410256 4231.794872
4063.589744 4026.666667 3998.974359 4026.666667 4222.051282 3974.871795 3977.435897 4123.589744 4024.102564 4221.538462 4095.897436 4023.589744 3961.538462 4225.641026
4075.897436 4025.641026 4007.692308 4035.897436 4218.461538 3981.025641 3991.282051 4133.333333 4024.102564 4224.102564 4101.538462 4033.846154 3969.743590 4233.846154
4086.153846 4027.179487 4004.102564 4044.102564 4216.923077 3989.230769 4008.205128 4134.358974 4025.641026 4224.102564 4102.564103 4033.333333 3962.564103 4237.948718
4081.025641 4025.128205 3989.230769 4037.948718 4213.333333 3987.179487 4015.384615 4126.666667 4027.692308 4224.615385 4096.923077 4026.153846 3960.512821 4224.615385
4087.692308 4030.256410 3991.282051 4043.076923 4216.923077 3989.743590 4031.794872 4132.307692 4029.743590 4226.153846 4096.923077 4033.846154 3974.358974 4229.743590
4096.923077 4028.205128 4000.000000 4048.717949 4216.410256 3993.333333 4043.589744 4133.333333 4023.589744 4226.153846 4097.435897 4035.897436 3979.487179 4231.282051
4087.692308 4025.128205 3986.666667 4043.589744 4215.897436 3988.205128 4033.333333 4125.641026 4022.564103 4226.153846 4094.358974 4026.666667 3966.666667 4230.256410
4089.230769 4031.794872 3985.128205 4045.641026 4218.461538 3984.615385 4023.076923 4129.230769 4036.923077 4224.102564 4096.410256 4033.333333 3979.487179 4233.333333
4098.461538 4032.307692 3998.974359 4050.256410 4214.358974 3987.179487 4031.282051 4133.333333 4040.512821 4223.076923 4098.974359 4042.051282 3996.410256 4233.333333
4088.717949 4027.692308 3984.615385 4046.153846 4217.435897 3991.794872 4037.948718 4129.743590 4025.641026 4226.153846 4094.358974 4032.307692 3975.897436 4237.948718
4062.564103 4013.846154 3954.871795 4030.256410 4215.897436 3988.717949 4027.179487 4126.153846 4016.923077 4223.589744 4086.666667 4009.230769 3952.307692 4230.769231
4047.179487 4007.692308 3945.128205 4024.615385 4212.820513 3977.948718 4010.256410 4127.692308 4020.000000 4222.564103 4089.743590 3998.974359 3952.307692 4228.717949
4071.282051 4017.435897 3974.358974 4042.564103 4216.923077 3986.153846 4028.717949 4130.769231 4033.846154 4230.256410 4098.461538 4020.000000 3977.948718 4244.102564
4101.025641 4020.512821 4005.641026 4056.410256 4214.358974 4003.589744 4063.589744 4135.384615 4045.128205 4231.282051 4097.435897 4043.589744 4004.615385 4248.717949
4098.461538 4022.051282 3996.923077 4055.384615 4216.923077 3996.410256 4044.615385 4133.846154 4041.025641 4223.076923 4097.435897 4039.487179 4005.641026 4249.230769
4095.384615 4023.589744 3984.102564 4051.794872 4216.923077 3985.128205 4016.923077 4128.205128 4034.358974 4220.512821 4100.000000 4027.179487 4003.589744 4247.692308
4112.820513 4029.743590 3997.435897 4059.487179 4211.794872 3992.307692 4034.358974 4126.153846 4033.846154 4225.641026 4097.948718 4031.282051 4006.153846 4250.769231
4132.307692 4039.487179 4017.435897 4074.358974 4213.846154 4001.025641 4050.769231 4127.179487 4037.948718 4226.666667 4099.487179 4041.538462 4011.794872 4254.358974
4137.435897 4038.461538 4025.128205 4072.307692 4212.820513 3994.871795 4037.948718 4132.820513 4044.615385 4222.564103 4102.564103 4043.076923 4025.641026 4250.256410
4143.589744 4041.025641 4026.666667 4072.820513 4214.871795 3992.820513 4031.282051 4135.384615 4043.076923 4223.076923 4105.128205 4045.641026 4042.051282 4258.974359
4162.564103 4049.743590 4040.512821 4087.179487 4215.897436 4002.564103 4045.641026 4128.205128 4036.923077 4224.102564 4105.641026 4050.256410 4051.794872 4262.564103
4171.794872 4054.871795 4047.179487 4089.230769 4214.358974 4005.128205 4053.333333 4127.179487 4038.461538 4225.128205 4104.102564 4048.205128 4037.948718 4258.461538
4168.717949 4061.538462 4042.051282 4084.615385 4218.461538 4001.025641 4050.256410 4132.820513 4044.102564 4223.589744 4105.128205 4046.153846 4024.102564 4258.974359
4167.179487 4061.025641 4042.564103 4084.102564 4216.410256 3998.974359 4040.512821 4131.794872 4042.051282 4221.538462 4104.102564 4047.692308 4043.076923 4253.846154
4176.410256 4069.743590 4055.897436 4094.358974 4216.410256 4009.230769 4053.333333 4135.897436 4043.589744 4225.641026 4107.179487 4056.923077 4062.564103 4261.538462
4180.512821 4081.538462 4064.615385 4099.487179 4214.871795 4020.512821 4080.512821 4142.051282 4047.179487 4224.615385 4104.615385 4061.538462 4053.846154 4258.461538
4161.538462 4078.461538 4049.743590 4087.692308 4210.256410 4012.307692 4075.384615 4138.974359 4041.025641 4221.538462 4094.358974 4052.307692 4034.871795 4243.076923
4158.461538 4076.410256 4049.230769 4087.692308 4216.410256 4005.641026 4063.589744 4142.564103 4046.153846 4225.641026 4099.487179 4054.358974 4039.487179 4244.102564
4172.307692 4074.871795 4065.128205 4092.307692 4213.333333 4014.358974 4072.307692 4144.102564 4053.333333 4224.615385 4106.153846 4058.974359 4049.743590 4238.461538
4165.128205 4073.846154 4052.820513 4088.717949 4213.333333 4021.025641 4077.435897 4133.846154 4046.666667 4221.538462 4101.538462 4049.230769 4032.820513 4235.384615
4153.333333 4075.384615 4040.512821 4085.128205 4217.948718 4013.333333 4063.589744 4129.230769 4049.743590 4222.564103 4098.974359 4042.564103 4023.589744 4230.256410
4148.717949 4072.307692 4041.025641 4080.512821 4214.358974 4004.615385 4029.743590 4132.820513 4055.897436 4224.102564 4101.025641 4043.076923 4027.179487 4219.487179
4152.307692 4075.384615 4038.461538 4085.641026 4215.897436 4013.333333 4010.256410 4136.923077 4050.769231 4224.615385 4102.564103 4053.333333 4022.051282 4226.666667
4159.487179 4080.000000 4045.641026 4094.358974 4213.333333 4024.102564 4025.641026 4137.948718 4050.769231 4224.615385 4101.025641 4064.615385 4023.589744 4227.179487
4151.282051 4076.923077 4046.666667 4092.307692 4213.333333 4018.461538 4028.205128 4139.487179 4054.358974 4225.641026 4100.000000 4061.538462 4026.666667 4221.025641
4137.948718 4064.615385 4034.871795 4083.076923 4216.923077 4015.897436 4009.230769 4136.923077 4044.102564 4224.102564 4098.974359 4047.692308 4017.435897 4216.410256
4133.846154 4055.897436 4029.230769 4074.871795 4211.794872 4015.384615 4003.589744 4137.948718 4040.512821 4224.102564 4098.974359 4041.538462 4005.641026 4211.282051
4133.846154 4067.692308 4032.307692 4076.923077 4214.871795 4016.923077 4017.948718 4142.051282 4051.794872 4225.128205 4099.487179 4046.153846 4001.538462 4210.769231
4130.256410 4070.769231 4043.076923 4075.384615 4217.948718 4022.564103 4026.666667 4137.948718 4052.307692 4223.076923 4094.358974 4045.641026 4004.615385 4203.076923
4128.717949 4067.692308 4056.410256 4077.948718 4216.410256 4025.128205 4025.128205 4136.923077 4048.717949 4224.615385 4099.487179 4047.179487 4015.384615 4206.153846
4136.923077 4072.307692 4063.589744 4088.205128 4217.435897 4023.589744 4023.076923 4140.512821 4054.358974 4224.102564 4103.589744 4051.794872 4024.102564 4209.230769
4128.717949 4066.666667 4053.333333 4077.948718 4214.358974 4013.333333 4008.717949 4134.871795 4053.333333 4221.538462 4093.333333 4039.487179 4009.230769 4195.384615
4125.128205 4066.666667 4051.282051 4080.000000 4217.948718 4012.820513 4005.641026 4132.307692 4049.230769 4225.128205 4093.846154 4033.846154 3999.487179 4198.974359
4137.948718 4072.307692 4066.666667 4096.410256 4215.897436 4026.153846 4017.435897 4137.948718 4051.282051 4225.641026 4099.487179 4041.025641 4012.820513 4199.487179
4136.923077 4071.794872 4063.589744 4091.794872 4210.256410 4025.641026 4015.897436 4142.051282 4052.820513 4223.589744 4096.410256 4040.512821 4014.358974 4188.205128
4139.487179 4074.871795 4064.615385 4091.282051 4216.410256 4023.076923 4020.000000 4141.025641 4055.897436 4225.128205 4098.461538 4045.128205 4015.384615 4187.692308
4150.769231 4077.435897 4080.512821 4098.974359 4216.923077 4024.615385 4024.102564 4143.076923 4056.410256 4226.153846 4105.641026 4051.794872 4033.333333 4187.692308
4153.333333 4083.589744 4075.384615 4098.461538 4216.410256 4026.153846 4016.410256 4138.974359 4054.871795 4225.128205 4109.230769 4046.153846 4032.307692 4193.333333
4153.333333 4087.179487 4067.179487 4092.820513 4215.897436 4028.205128 4026.666667 4129.743590 4057.948718 4222.051282 4106.153846 4041.025641 4022.564103 4193.333333
4154.358974 4086.153846 4073.333333 4091.794872 4214.871795 4025.128205 4028.717949 4137.948718 4060.000000 4224.102564 4102.564103 4043.589744 4029.230769 4194.358974
4156.410256 4086.666667 4076.923077 4095.384615 4214.871795 4022.051282 4007.692308 4144.615385 4054.358974 4224.102564 4106.153846 4044.615385 4033.333333 4201.025641
4155.897436 4082.051282 4071.794872 4094.358974 4209.230769 4028.717949 4013.333333 4131.794872 4050.769231 4220.512821 4106.153846 4038.974359 4026.666667 4196.923077
4149.743590 4084.615385 4059.487179 4094.871795 4214.871795 4031.794872 4024.102564 4126.153846 4054.871795 4223.076923 4100.512821 4035.384615 4018.461538 4198.974359
4143.589744 4084.615385 4053.333333 4093.333333 4218.974359 4024.102564 4011.794872 4136.923077 4054.871795 4224.615385 4100.000000 4036.923077 4018.461538 4197.948718
4147.179487 4078.461538 4060.512821 4089.230769 4212.307692 4024.102564 4012.820513 4141.025641 4054.871795 4223.589744 4102.051282 4038.974359 4018.974359 4198.461538
4154.358974 4081.538462 4064.102564 4094.871795 4214.358974 4036.923077 4030.256410 4133.333333 4057.948718 4224.615385 4100.000000 4040.512821 4016.923077 4208.205128
