4230.769231 4229.230769 4230.256410 4233.333333 4226.666667 4232.820513 4238.974359 4253.846154 4252.307692 4230.769231 4242.564103 4206.666667 4272.820513 4226.666667
4238.974359 4236.410256 4235.384615 4240.000000 4226.666667 4233.333333 4247.179487 4254.358974 4251.282051 4232.307692 4248.205128 4208.717949 4282.564103 4231.282051
4251.794872 4246.666667 4246.666667 4247.692308 4229.230769 4241.025641 4254.871795 4248.205128 4247.692308 4232.820513 4252.820513 4213.333333 4289.743590 4231.794872
4256.410256 4249.743590 4256.410256 4251.794872 4224.102564 4242.564103 4257.435897 4259.487179 4254.871795 4231.282051 4257.435897 4217.948718 4291.282051 4227.692308
4241.025641 4234.358974 4242.051282 4238.974359 4229.743590 4234.358974 4243.076923 4252.820513 4247.179487 4231.282051 4250.256410 4210.256410 4277.435897 4228.717949
4236.410256 4231.794872 4234.358974 4233.846154 4226.666667 4234.871795 4240.000000 4241.025641 4243.076923 4231.282051 4245.641026 4204.615385 4273.846154 4224.615385
4235.384615 4233.333333 4235.384615 4237.435897 4224.102564 4238.461538 4240.512821 4238.461538 4244.615385 4231.794872 4242.564103 4206.153846 4270.256410 4224.102564
4231.282051 4232.307692 4234.358974 4237.948718 4228.717949 4232.820513 4236.410256 4237.435897 4241.025641 4232.307692 4238.974359 4205.641026 4262.564103 4225.128205
4241.538462 4241.538462 4241.538462 4241.025641 4223.589744 4228.717949 4243.076923 4247.692308 4247.692308 4231.794872 4245.128205 4210.256410 4270.256410 4223.589744
4246.153846 4241.538462 4243.589744 4238.461538 4228.205128 4232.820513 4247.179487 4252.307692 4252.307692 4232.307692 4245.641026 4212.820513 4271.282051 4227.692308
4241.025641 4238.461538 4240.512821 4237.435897 4228.717949 4233.846154 4243.076923 4246.153846 4251.282051 4232.307692 4241.025641 4209.743590 4265.641026 4222.051282
4231.794872 4233.846154 4231.794872 4235.897436 4225.641026 4229.230769 4231.282051 4234.358974 4246.666667 4231.794872 4240.000000 4203.076923 4259.487179 4218.974359
4226.153846 4227.179487 4222.051282 4232.820513 4229.230769 4223.076923 4224.615385 4229.743590 4241.538462 4232.307692 4233.333333 4195.384615 4248.205128 4223.076923
4231.282051 4232.307692 4226.153846 4237.948718 4225.128205 4213.846154 4232.307692 4238.461538 4238.974359 4233.333333 4229.743590 4194.358974 4245.128205 4224.102564
4228.717949 4232.820513 4228.205128 4236.410256 4228.205128 4208.205128 4232.307692 4234.871795 4240.512821 4232.307692 4232.820513 4197.435897 4248.205128 4226.666667
4225.128205 4228.205128 4226.153846 4232.820513 4227.179487 4207.179487 4228.717949 4230.769231 4242.564103 4231.794872 4234.358974 4195.897436 4249.743590 4222.051282
4225.128205 4223.076923 4223.589744 4230.769231 4223.589744 4204.102564 4225.641026 4232.307692 4238.461538 4232.307692 4230.769231 4192.307692 4243.076923 4221.025641
4220.000000 4217.435897 4216.410256 4226.153846 4227.692308 4200.000000 4223.076923 4228.205128 4235.897436 4232.820513 4230.769231 4191.794872 4233.846154 4225.641026
4214.358974 4215.384615 4213.333333 4218.974359 4223.076923 4196.923077 4225.128205 4225.128205 4237.948718 4232.307692 4229.230769 4189.743590 4228.717949 4224.615385
4212.820513 4211.794872 4215.384615 4217.948718 4226.666667 4199.487179 4225.128205 4227.692308 4231.282051 4232.307692 4225.128205 4189.230769 4224.102564 4228.205128
4225.128205 4220.000000 4227.179487 4230.769231 4228.717949 4205.128205 4229.743590 4235.897436 4234.358974 4231.794872 4235.897436 4197.435897 4238.974359 4227.692308
4222.051282 4216.410256 4225.641026 4226.153846 4225.128205 4198.461538 4223.589744 4230.769231 4239.487179 4232.307692 4237.435897 4200.000000 4240.000000 4226.153846
4197.435897 4193.333333 4204.615385 4204.615385 4228.205128 4191.794872 4207.692308 4213.333333 4229.743590 4232.820513 4218.974359 4189.743590 4215.384615 4227.692308
4199.487179 4195.897436 4204.615385 4206.153846 4222.564103 4191.282051 4209.743590 4213.333333 4228.205128 4231.794872 4217.435897 4187.179487 4218.461538 4222.564103
4214.358974 4209.743590 4213.846154 4216.410256 4228.717949 4194.871795 4214.358974 4217.948718 4233.333333 4231.794872 4226.153846 4191.794872 4228.205128 4226.153846
4214.871795 4212.820513 4215.897436 4217.435897 4231.282051 4193.333333 4214.358974 4214.871795 4231.282051 4232.307692 4226.153846 4192.820513 4225.128205 4228.205128
4208.717949 4207.692308 4211.282051 4214.871795 4222.051282 4189.230769 4208.717949 4205.641026 4228.717949 4232.307692 4224.102564 4190.256410 4225.128205 4223.589744
4202.564103 4199.487179 4201.538462 4207.179487 4228.717949 4185.128205 4195.384615 4199.487179 4227.692308 4232.307692 4218.974359 4180.512821 4218.974359 4222.051282
4206.153846 4202.564103 4203.076923 4205.641026 4228.717949 4182.051282 4198.461538 4210.769231 4231.794872 4232.307692 4217.948718 4181.538462 4212.820513 4219.487179
4205.641026 4202.051282 4204.615385 4206.153846 4226.666667 4186.666667 4203.076923 4207.179487 4227.692308 4232.307692 4220.512821 4186.666667 4212.307692 4224.102564
4198.461538 4196.410256 4196.410256 4202.051282 4227.179487 4186.153846 4193.333333 4187.692308 4216.923077 4232.820513 4216.923077 4176.410256 4212.820513 4225.128205
4195.897436 4194.358974 4191.282051 4201.538462 4225.128205 4180.512821 4189.743590 4186.666667 4213.846154 4232.307692 4210.769231 4171.282051 4208.717949 4220.000000
4200.000000 4192.820513 4194.871795 4203.589744 4230.256410 4183.589744 4193.333333 4194.871795 4217.435897 4231.282051 4209.230769 4177.435897 4205.641026 4220.512821
4208.717949 4198.974359 4201.538462 4205.641026 4227.692308 4185.128205 4193.846154 4199.487179 4216.410256 4230.769231 4215.897436 4181.025641 4213.333333 4220.512821
4205.641026 4199.487179 4202.051282 4203.589744 4226.666667 4185.128205 4193.846154 4203.589744 4217.435897 4232.307692 4218.974359 4183.076923 4213.333333 4224.615385
4206.153846 4198.461538 4207.692308 4205.128205 4228.205128 4185.641026 4203.076923 4209.743590 4224.615385 4232.820513 4221.025641 4186.153846 4215.897436 4225.128205
4209.743590 4199.487179 4209.230769 4205.641026 4225.128205 4183.076923 4206.153846 4205.128205 4224.102564 4231.282051 4222.051282 4184.615385 4221.538462 4223.589744
4202.564103 4193.846154 4197.948718 4199.487179 4230.256410 4182.051282 4199.487179 4198.974359 4217.435897 4231.282051 4214.871795 4179.487179 4210.256410 4226.153846
4203.076923 4197.435897 4200.000000 4200.512821 4225.128205 4182.564103 4200.000000 4205.128205 4221.025641 4231.794872 4213.333333 4176.410256 4207.692308 4221.538462
4202.051282 4194.871795 4203.589744 4200.512821 4224.102564 4178.461538 4195.384615 4198.974359 4219.487179 4231.282051 4216.410256 4176.923077 4209.743590 4225.641026
4197.435897 4189.743590 4200.000000 4200.000000 4228.717949 4177.948718 4191.794872 4193.846154 4216.923077 4231.282051 4218.461538 4180.000000 4212.307692 4230.256410
4198.461538 4191.794872 4199.487179 4202.051282 4225.128205 4177.948718 4192.307692 4198.461538 4220.000000 4231.282051 4216.923077 4179.487179 4216.410256 4222.564103
4196.923077 4185.641026 4192.307692 4195.384615 4231.282051 4177.435897 4185.641026 4188.205128 4213.333333 4230.769231 4207.692308 4171.282051 4205.128205 4222.564103
4200.512821 4190.769231 4195.897436 4198.461538 4226.666667 4182.051282 4194.358974 4188.717949 4212.820513 4231.282051 4208.717949 4171.794872 4205.128205 4219.487179
4200.512821 4196.923077 4201.538462 4203.076923 4222.564103 4183.076923 4204.102564 4196.923077 4215.897436 4232.820513 4215.384615 4176.923077 4215.897436 4217.435897
4191.794872 4186.153846 4189.230769 4189.743590 4230.769231 4176.410256 4190.256410 4189.743590 4207.692308 4232.820513 4211.794872 4167.179487 4207.692308 4217.948718
4189.743590 4181.025641 4183.589744 4185.128205 4227.692308 4177.435897 4183.076923 4186.666667 4203.076923 4232.307692 4207.692308 4162.564103 4198.461538 4217.435897
4194.358974 4191.282051 4194.871795 4199.487179 4227.179487 4187.179487 4195.384615 4190.256410 4205.641026 4232.820513 4209.230769 4173.846154 4206.666667 4224.615385
4203.589744 4203.589744 4209.230769 4210.256410 4224.615385 4188.717949 4204.615385 4193.333333 4211.794872 4232.307692 4216.923077 4181.538462 4223.076923 4223.076923
4200.000000 4193.333333 4200.512821 4197.435897 4222.051282 4181.538462 4189.743590 4189.743590 4210.769231 4231.794872 4218.974359 4177.948718 4214.871795 4221.025641
4191.794872 4180.512821 4190.769231 4189.230769 4229.230769 4180.000000 4183.589744 4190.256410 4209.230769 4232.820513 4213.333333 4174.358974 4203.076923 4224.102564
4201.538462 4193.846154 4203.076923 4202.051282 4225.641026 4183.076923 4201.025641 4206.153846 4219.487179 4232.307692 4216.923077 4180.512821 4216.410256 4223.589744
4203.589744 4197.948718 4202.051282 4203.589744 4224.615385 4186.153846 4198.461538 4201.538462 4217.948718 4230.769231 4217.435897 4182.051282 4217.435897 4226.153846
4202.564103 4195.897436 4197.435897 4201.025641 4224.102564 4189.230769 4191.282051 4188.205128 4208.205128 4230.769231 4214.358974 4177.435897 4212.820513 4222.564103
4209.743590 4201.538462 4208.205128 4208.205128 4222.051282 4190.256410 4204.615385 4200.000000 4211.282051 4233.333333 4219.487179 4180.512821 4218.974359 4222.564103
4210.256410 4201.025641 4212.820513 4210.256410 4228.717949 4190.256410 4212.820513 4212.307692 4220.000000 4233.333333 4223.076923 4184.615385 4218.461538 4227.179487
4209.743590 4203.589744 4209.230769 4209.743590 4226.153846 4188.205128 4207.692308 4207.692308 4221.025641 4231.794872 4221.025641 4182.564103 4216.923077 4225.641026
4212.307692 4207.179487 4210.769231 4212.307692 4227.179487 4187.692308 4204.102564 4199.487179 4217.435897 4232.307692 4223.076923 4183.589744 4222.051282 4230.256410
4226.153846 4216.410256 4224.615385 4221.538462 4226.666667 4194.871795 4215.897436 4210.256410 4220.512821 4232.820513 4232.307692 4191.794872 4235.384615 4229.743590
4230.256410 4214.871795 4230.256410 4223.076923 4224.102564 4197.948718 4216.410256 4217.435897 4221.538462 4231.794872 4229.230769 4192.307692 4232.820513 4227.179487
4214.358974 4205.641026 4218.461538 4215.384615 4228.205128 4195.897436 4200.000000 4205.641026 4218.974359 4232.307692 4219.487179 4185.641026 4218.974359 4231.282051
4212.820513 4212.307692 4219.487179 4217.948718 4222.564103 4194.871795 4204.102564 4206.666667 4221.025641 4232.820513 4227.692308 4190.256410 4224.102564 4230.256410
4210.769231 4202.564103 4218.461538 4216.410256 4226.153846 4196.923077 4212.820513 4213.333333 4218.974359 4232.307692 4232.307692 4192.820513 4216.923077 4231.282051
4202.564103 4191.282051 4210.256410 4211.282051 4228.205128 4195.897436 4210.769231 4213.846154 4221.025641 4231.282051 4218.461538 4184.102564 4205.641026 4228.717949
4209.743590 4211.794872 4210.769231 4214.871795 4221.538462 4193.846154 4206.666667 4212.820513 4224.102564 4231.282051 4214.871795 4181.538462 4218.461538 4229.743590
4223.076923 4227.179487 4217.435897 4218.461538 4227.692308 4194.871795 4203.589744 4205.641026 4215.384615 4231.794872 4224.102564 4185.128205 4225.641026 4236.923077
4239.487179 4233.846154 4229.743590 4225.641026 4226.666667 4194.871795 4208.717949 4207.179487 4214.871795 4230.769231 4228.717949 4190.769231 4228.205128 4235.384615
4254.871795 4247.179487 4236.410256 4233.846154 4228.205128 4200.512821 4208.205128 4210.256410 4222.051282 4229.743590 4225.128205 4194.871795 4237.435897 4236.923077
4273.333333 4266.666667 4244.615385 4244.615385 4229.230769 4204.102564 4211.794872 4209.743590 4218.974359 4230.769231 4226.153846 4198.461538 4246.153846 4237.948718
4291.282051 4281.538462 4256.410256 4255.384615 4224.102564 4198.974359 4216.410256 4210.256410 4216.923077 4232.820513 4233.333333 4208.205128 4256.410256 4239.487179
4302.564103 4290.769231 4261.538462 4261.025641 4229.743590 4201.538462 4210.769231 4208.205128 4220.000000 4232.820513 4237.435897 4217.435897 4269.230769 4243.076923
4318.974359 4305.641026 4274.358974 4270.769231 4227.179487 4206.153846 4217.948718 4211.282051 4221.025641 4231.794872 4242.564103 4223.589744 4281.025641 4238.974359
4327.692308 4314.358974 4280.512821 4275.897436 4226.153846 4204.102564 4223.589744 4214.358974 4215.384615 4232.307692 4241.025641 4226.666667 4280.000000 4241.025641
4329.230769 4318.974359 4277.948718 4274.358974 4229.230769 4203.589744 4217.435897 4214.358974 4213.846154 4231.794872 4240.000000 4227.179487 4280.000000 4242.564103
4336.410256 4323.589744 4280.512821 4278.974359 4224.102564 4207.692308 4217.948718 4215.384615 4218.461538 4231.794872 4247.692308 4231.282051 4286.666667 4238.974359
4340.512821 4327.692308 4282.564103 4284.615385 4229.743590 4211.794872 4220.512821 4215.384615 4221.538462 4232.307692 4243.076923 4229.230769 4281.025641 4244.615385
4347.179487 4342.564103 4291.282051 4290.769231 4228.717949 4212.307692 4224.102564 4224.615385 4223.589744 4231.794872 4241.538462 4226.666667 4284.615385 4244.102564
4349.743590 4343.076923 4297.435897 4289.230769 4226.666667 4214.871795 4224.102564 4223.076923 4221.025641 4231.794872 4248.717949 4233.846154 4293.333333 4243.076923
4349.743590 4336.923077 4298.974359 4287.692308 4230.769231 4217.948718 4230.769231 4218.461538 4223.589744 4232.307692 4252.307692 4240.000000 4293.333333 4244.102564
4356.923077 4345.641026 4306.153846 4295.897436 4227.692308 4215.384615 4238.974359 4227.692308 4230.769231 4231.794872 4252.820513 4243.589744 4295.384615 4242.564103
4349.743590 4338.974359 4304.102564 4293.333333 4231.282051 4216.923077 4229.230769 4225.128205 4224.615385 4232.307692 4248.717949 4241.025641 4290.256410 4245.641026
4336.923077 4324.615385 4295.897436 4285.641026 4224.615385 4222.564103 4222.051282 4221.025641 4220.000000 4232.307692 4243.589744 4233.333333 4282.051282 4243.589744
4326.666667 4316.923077 4290.256410 4281.538462 4220.512821 4222.051282 4226.153846 4225.128205 4220.512821 4231.794872 4238.974359 4228.205128 4269.743590 4244.615385
4321.025641 4310.769231 4291.282051 4280.000000 4228.717949 4223.589744 4229.230769 4226.666667 4219.487179 4232.820513 4240.512821 4229.743590 4263.589744 4244.102564
4321.538462 4309.230769 4293.846154 4277.948718 4226.153846 4227.692308 4229.743590 4226.153846 4221.538462 4232.307692 4245.641026 4232.307692 4267.692308 4237.435897
4310.256410 4297.948718 4281.025641 4269.230769 4228.205128 4226.153846 4222.564103 4218.461538 4221.025641 4229.743590 4237.948718 4223.589744 4257.435897 4242.051282
4298.974359 4290.769231 4272.307692 4267.179487 4227.692308 4224.102564 4218.974359 4217.948718 4220.512821 4230.256410 4232.307692 4218.974359 4254.871795 4241.538462
4293.846154 4290.769231 4271.794872 4266.666667 4225.641026 4225.641026 4223.076923 4222.564103 4221.538462 4232.307692 4233.846154 4221.538462 4256.410256 4237.435897
4288.717949 4286.666667 4269.230769 4262.051282 4230.256410 4227.692308 4225.641026 4221.025641 4220.000000 4232.820513 4232.820513 4217.948718 4249.230769 4237.948718
4289.230769 4284.102564 4270.769231 4261.538462 4223.589744 4226.666667 4225.128205 4218.461538 4221.538462 4232.307692 4232.307692 4216.923077 4250.769231 4237.948718
4286.666667 4276.410256 4267.692308 4259.487179 4225.641026 4225.128205 4217.948718 4214.871795 4220.512821 4232.307692 4228.717949 4221.025641 4247.692308 4241.025641
4290.256410 4277.948718 4268.717949 4261.025641 4228.717949 4225.641026 4218.974359 4219.487179 4217.948718 4231.794872 4229.230769 4218.974359 4245.128205 4236.923077
4292.307692 4282.051282 4271.794872 4262.564103 4226.666667 4230.769231 4227.692308 4223.589744 4217.948718 4230.769231 4233.333333 4216.410256 4248.205128 4234.358974
4288.717949 4275.384615 4269.230769 4259.487179 4229.230769 4233.846154 4230.256410 4222.564103 4221.025641 4232.820513 4234.358974 4220.512821 4249.230769 4236.410256
4292.820513 4277.948718 4275.897436 4263.589744 4225.641026 4227.692308 4233.846154 4230.256410 4228.205128 4233.333333 4235.897436 4227.692308 4257.435897 4237.435897
4293.333333 4281.025641 4280.000000 4266.153846 4229.230769 4227.692308 4235.384615 4234.358974 4228.717949 4231.794872 4237.435897 4228.205128 4262.051282 4242.051282
4292.820513 4276.923077 4280.512821 4264.615385 4227.692308 4234.358974 4240.000000 4234.358974 4229.230769 4231.282051 4240.512821 4227.179487 4263.076923 4239.487179
4290.769231 4272.820513 4277.948718 4263.076923 4222.051282 4232.820513 4244.615385 4239.487179 4233.333333 4231.794872 4240.512821 4228.717949 4261.538462 4236.923077
4283.589744 4270.769231 4271.282051 4261.538462 4229.743590 4233.333333 4238.974359 4240.512821 4231.794872 4230.256410 4235.384615 4226.666667 4253.846154 4240.512821
4287.692308 4272.820513 4274.871795 4264.615385 4228.205128 4240.512821 4236.923077 4242.051282 4231.282051 4230.769231 4238.974359 4227.692308 4253.846154 4237.435897
4287.692308 4267.179487 4276.923077 4261.538462 4228.717949 4241.538462 4235.384615 4238.974359 4230.256410 4233.333333 4241.538462 4227.179487 4251.794872 4238.974359
4282.564103 4268.717949 4272.307692 4258.974359 4229.230769 4238.974359 4235.384615 4240.000000 4231.794872 4232.307692 4238.461538 4222.564103 4250.769231 4238.974359
4280.512821 4272.307692 4271.794872 4260.000000 4225.641026 4237.948718 4237.948718 4248.717949 4233.333333 4230.769231 4238.461538 4225.128205 4251.282051 4237.435897
4281.025641 4266.153846 4274.358974 4259.487179 4231.794872 4242.051282 4238.974359 4244.615385 4228.717949 4231.794872 4239.487179 4227.179487 4247.692308 4243.076923
4288.717949 4274.358974 4280.512821 4266.153846 4226.666667 4244.615385 4244.615385 4242.051282 4233.846154 4232.820513 4240.512821 4225.641026 4250.256410 4238.974359
4283.076923 4272.307692 4275.897436 4265.128205 4225.641026 4241.025641 4245.128205 4242.564103 4237.948718 4233.846154 4235.897436 4225.641026 4244.615385 4235.384615
4270.256410 4258.974359 4271.794872 4254.871795 4231.794872 4240.512821 4248.205128 4242.564103 4231.794872 4233.846154 4231.282051 4225.128205 4240.000000 4233.333333
4274.871795 4258.461538 4276.923077 4253.333333 4227.179487 4242.564103 4252.307692 4242.564103 4228.717949 4231.282051 4235.384615 4225.641026 4243.589744 4229.743590
4277.948718 4260.000000 4271.794872 4256.923077 4228.717949 4242.051282 4243.589744 4232.820513 4227.179487 4230.256410 4235.897436 4222.051282 4237.948718 4233.333333
4282.051282 4269.230769 4271.282051 4265.128205 4226.153846 4236.923077 4245.128205 4237.948718 4233.333333 4231.794872 4238.461538 4220.000000 4241.538462 4233.333333
4283.589744 4272.820513 4274.871795 4265.641026 4227.179487 4235.897436 4250.769231 4247.692308 4241.025641 4232.307692 4242.564103 4224.615385 4248.717949 4237.435897
4277.948718 4264.615385 4272.820513 4257.435897 4230.256410 4240.512821 4248.717949 4243.076923 4237.435897 4231.282051 4241.538462 4227.179487 4246.153846 4236.923077
4276.410256 4263.076923 4272.307692 4254.871795 4224.102564 4241.538462 4243.076923 4238.461538 4230.769231 4232.820513 4240.000000 4225.641026 4248.205128 4233.333333
4272.307692 4262.051282 4267.179487 4254.871795 4229.230769 4240.000000 4235.897436 4238.974359 4230.256410 4233.333333 4238.461538 4222.051282 4241.025641 4237.435897
4267.692308 4263.589744 4265.641026 4256.923077 4229.743590 4237.435897 4238.974359 4241.538462 4231.282051 4231.794872 4240.000000 4222.564103 4234.358974 4233.333333
4260.512821 4257.948718 4257.948718 4252.307692 4227.692308 4238.461538 4238.974359 4231.794872 4224.615385 4231.282051 4236.923077 4222.564103 4234.871795 4231.794872
4257.435897 4249.230769 4252.307692 4246.666667 4229.743590 4236.410256 4236.923077 4226.153846 4223.589744 4232.307692 4229.230769 4214.871795 4232.307692 4235.384615
4264.102564 4255.384615 4262.051282 4253.333333 4225.641026 4228.717949 4239.487179 4237.435897 4233.846154 4232.307692 4229.230769 4213.333333 4232.820513 4233.333333
4263.589744 4260.000000 4262.564103 4255.897436 4229.230769 4232.307692 4235.384615 4237.948718 4232.307692 4232.307692 4233.333333 4217.948718 4236.410256 4233.333333
4261.538462 4256.923077 4256.923077 4252.307692 4228.717949 4241.538462 4238.461538 4233.333333 4228.205128 4231.794872 4236.410256 4220.000000 4244.102564 4228.205128
4260.000000 4249.743590 4256.923077 4250.256410 4228.205128 4240.512821 4242.564103 4232.307692 4228.717949 4231.282051 4237.435897 4217.948718 4242.051282 4228.205128
4265.128205 4252.820513 4260.000000 4249.743590 4231.282051 4236.410256 4236.923077 4232.307692 4228.205128 4232.307692 4236.410256 4215.897436 4240.512821 4230.769231
4271.794872 4263.076923 4260.512821 4252.820513 4224.615385 4236.410256 4233.333333 4230.256410 4226.153846 4232.307692 4237.435897 4216.410256 4247.179487 4226.666667
4261.538462 4251.282051 4252.820513 4250.769231 4228.205128 4238.461538 4232.307692 4221.538462 4220.512821 4232.307692 4233.333333 4215.384615 4240.512821 4227.692308
4259.487179 4243.589744 4253.846154 4247.179487 4227.692308 4236.410256 4236.410256 4226.666667 4224.102564 4232.307692 4233.333333 4219.487179 4241.025641 4222.051282
4265.128205 4243.076923 4256.923077 4241.538462 4224.102564 4235.384615 4235.897436 4235.897436 4228.717949 4232.307692 4238.461538 4219.487179 4241.025641 4216.410256
4260.000000 4240.512821 4254.871795 4240.000000 4230.769231 4233.333333 4230.769231 4227.179487 4224.102564 4232.307692 4235.897436 4212.307692 4232.820513 4216.923077
4262.564103 4247.692308 4259.487179 4247.179487 4227.179487 4230.256410 4235.897436 4226.666667 4221.538462 4232.307692 4232.307692 4214.358974 4236.410256 4214.871795
4260.512821 4241.025641 4255.384615 4242.564103 4228.717949 4232.307692 4235.384615 4229.743590 4221.538462 4232.307692 4228.717949 4215.897436 4234.358974 4216.410256
4256.410256 4236.923077 4254.871795 4238.974359 4228.717949 4232.307692 4232.307692 4228.205128 4222.564103 4232.307692 4233.333333 4213.846154 4236.410256 4213.333333
4264.615385 4250.769231 4266.153846 4246.153846 4224.615385 4233.333333 4236.410256 4232.307692 4226.153846 4232.820513 4243.076923 4222.051282 4248.717949 4212.820513
4267.692308 4249.743590 4263.076923 4245.128205 4231.282051 4236.410256 4233.333333 4232.307692 4224.615385 4233.333333 4240.000000 4222.564103 4245.641026 4213.846154
4256.923077 4236.923077 4249.743590 4234.871795 4227.179487 4232.820513 4223.589744 4220.512821 4221.025641 4231.794872 4229.743590 4211.794872 4233.846154 4205.641026
4238.974359 4226.666667 4236.410256 4224.102564 4225.128205 4231.282051 4213.846154 4204.615385 4216.923077 4231.794872 4223.589744 4204.615385 4223.076923 4209.230769
4240.000000 4233.846154 4238.461538 4228.205128 4228.717949 4233.333333 4217.948718 4208.717949 4215.897436 4232.307692 4228.205128 4208.717949 4228.717949 4212.820513
4248.205128 4240.512821 4247.692308 4235.897436 4228.717949 4231.282051 4223.589744 4218.461538 4218.461538 4231.794872 4233.333333 4214.871795 4238.461538 4210.256410
4242.564103 4234.358974 4246.666667 4232.307692 4231.794872 4230.769231 4218.461538 4217.435897 4219.487179 4231.794872 4233.846154 4210.256410 4232.820513 4209.230769
4246.666667 4241.025641 4253.846154 4236.923077 4225.128205 4235.384615 4227.179487 4230.256410 4224.615385 4231.794872 4243.076923 4209.743590 4238.974359 4207.692308
4253.333333 4248.205128 4262.564103 4244.102564 4226.666667 4238.461538 4239.487179 4243.076923 4231.282051 4231.282051 4248.205128 4220.512821 4253.333333 4215.384615
4256.410256 4252.820513 4263.076923 4249.743590 4230.256410 4242.051282 4242.564103 4242.564103 4234.871795 4231.282051 4246.666667 4221.538462 4254.871795 4216.923077
4253.846154 4249.743590 4256.923077 4250.256410 4225.641026 4237.948718 4236.410256 4235.897436 4227.692308 4232.307692 4245.641026 4213.333333 4243.076923 4211.794872
4244.102564 4235.384615 4249.743590 4237.435897 4230.769231 4232.820513 4226.153846 4224.102564 4213.846154 4231.794872 4241.025641 4208.205128 4230.769231 4215.384615
4246.153846 4236.923077 4251.794872 4232.820513 4227.179487 4236.410256 4227.179487 4224.102564 4211.794872 4230.256410 4237.435897 4207.692308 4238.461538 4213.333333
4248.205128 4241.538462 4249.230769 4238.974359 4226.666667 4238.974359 4229.743590 4224.102564 4207.692308 4231.794872 4233.846154 4207.179487 4242.051282 4213.333333
4249.743590 4242.051282 4248.717949 4241.538462 4229.743590 4240.512821 4232.820513 4221.538462 4206.666667 4232.307692 4236.410256 4208.717949 4240.000000 4214.358974
4254.358974 4244.102564 4253.846154 4239.487179 4225.641026 4241.025641 4234.871795 4226.666667 4213.846154 4231.282051 4238.461538 4211.282051 4243.589744 4212.307692
4248.205128 4239.487179 4248.717949 4235.897436 4230.769231 4239.487179 4230.256410 4228.205128 4213.333333 4231.794872 4233.333333 4210.769231 4238.974359 4214.358974
4246.153846 4241.538462 4252.307692 4238.974359 4226.666667 4239.487179 4236.410256 4232.307692 4212.820513 4232.820513 4238.461538 4215.384615 4240.000000 4211.794872
4251.794872 4245.128205 4258.461538 4242.564103 4224.102564 4242.564103 4243.076923 4235.897436 4215.897436 4231.794872 4247.179487 4222.051282 4247.179487 4215.384615
4257.435897 4246.153846 4258.974359 4247.692308 4229.743590 4245.128205 4241.538462 4238.461538 4216.923077 4231.794872 4246.153846 4224.615385 4253.846154 4219.487179
4258.974359 4246.666667 4261.025641 4245.128205 4224.615385 4244.102564 4238.974359 4239.487179 4218.461538 4232.820513 4244.102564 4225.128205 4258.461538 4219.487179
4255.384615 4242.051282 4261.025641 4238.461538 4227.179487 4244.615385 4238.461538 4233.333333 4218.461538 4231.282051 4243.076923 4225.128205 4247.179487 4224.615385
4257.435897 4244.102564 4265.641026 4246.666667 4228.205128 4244.615385 4245.641026 4239.487179 4220.000000 4230.256410 4244.615385 4225.128205 4242.051282 4223.076923
4257.948718 4246.153846 4266.666667 4251.794872 4226.666667 4245.128205 4243.589744 4246.153846 4222.564103 4231.282051 4244.615385 4225.128205 4249.743590 4224.102564
4260.512821 4250.256410 4265.641026 4249.743590 4227.692308 4248.205128 4244.102564 4245.641026 4225.128205 4231.794872 4245.641026 4226.153846 4260.000000 4223.589744
4266.666667 4257.948718 4270.769231 4253.333333 4224.102564 4245.641026 4254.358974 4249.230769 4229.743590 4232.307692 4250.256410 4228.717949 4267.692308 4218.461538
4255.384615 4246.153846 4262.564103 4248.717949 4231.794872 4241.025641 4243.589744 4244.102564 4225.128205 4232.307692 4243.589744 4222.564103 4253.846154 4221.538462
4254.871795 4242.051282 4258.461538 4247.179487 4230.256410 4243.589744 4235.897436 4240.512821 4222.564103 4231.282051 4240.000000 4217.435897 4243.076923 4221.538462
4264.615385 4249.743590 4264.615385 4251.282051 4225.128205 4252.820513 4245.128205 4245.641026 4224.615385 4230.769231 4246.666667 4223.589744 4250.769231 4221.025641
4257.948718 4244.102564 4261.538462 4245.641026 4230.769231 4251.282051 4247.692308 4242.564103 4227.692308 4231.794872 4242.051282 4221.538462 4252.307692 4223.076923
4247.179487 4235.897436 4252.820513 4238.974359 4228.717949 4243.589744 4244.102564 4239.487179 4228.717949 4231.794872 4234.871795 4216.410256 4243.589744 4223.076923
4243.589744 4231.282051 4246.666667 4234.358974 4232.307692 4248.205128 4237.948718 4236.410256 4218.974359 4231.794872 4236.923077 4217.948718 4231.794872 4226.666667
4252.820513 4238.974359 4253.333333 4236.410256 4227.692308 4249.743590 4237.948718 4238.461538 4217.435897 4230.769231 4242.051282 4219.487179 4237.948718 4223.076923
4255.897436 4243.589744 4259.487179 4242.051282 4222.051282 4238.974359 4243.076923 4243.589744 4224.615385 4229.743590 4241.025641 4216.923077 4243.589744 4223.589744
4244.102564 4230.256410 4251.794872 4240.512821 4229.230769 4241.025641 4241.025641 4240.000000 4225.128205 4230.769231 4232.820513 4211.794872 4231.794872 4226.666667
4240.512821 4226.153846 4250.256410 4236.410256 4228.205128 4246.153846 4237.948718 4241.025641 4223.589744 4232.307692 4228.205128 4210.769231 4225.128205 4220.000000
4244.615385 4230.769231 4251.794872 4234.871795 4231.794872 4240.000000 4236.410256 4239.487179 4220.512821 4232.307692 4229.230769 4210.769231 4223.076923 4224.615385
4254.358974 4238.461538 4257.435897 4242.564103 4230.769231 4239.487179 4239.487179 4236.923077 4221.025641 4231.794872 4234.871795 4214.871795 4230.256410 4228.717949
4253.333333 4239.487179 4258.461538 4242.564103 4223.076923 4241.538462 4237.435897 4235.897436 4224.615385 4232.307692 4237.435897 4217.435897 4232.820513 4226.153846
4239.487179 4230.769231 4247.179487 4233.846154 4228.717949 4236.410256 4226.153846 4232.307692 4218.974359 4232.820513 4231.794872 4209.743590 4219.487179 4225.641026
4234.871795 4229.743590 4244.615385 4233.333333 4228.205128 4234.358974 4226.666667 4234.358974 4211.794872 4232.307692 4229.743590 4204.102564 4215.384615 4222.564103
4232.307692 4227.692308 4244.102564 4231.794872 4227.179487 4237.948718 4229.230769 4232.820513 4213.846154 4231.794872 4227.179487 4204.615385 4214.358974 4225.128205
4231.282051 4228.717949 4243.076923 4230.256410 4226.666667 4233.846154 4227.179487 4234.871795 4224.102564 4230.769231 4227.692308 4204.102564 4214.358974 4223.076923
4226.666667 4227.692308 4239.487179 4227.692308 4225.641026 4229.230769 4221.538462 4231.794872 4225.641026 4231.282051 4228.205128 4201.025641 4211.282051 4220.000000
4212.820513 4213.846154 4229.230769 4216.410256 4232.820513 4230.769231 4211.282051 4216.410256 4211.794872 4232.307692 4217.948718 4194.871795 4201.538462 4224.615385
4213.846154 4211.794872 4226.666667 4213.846154 4228.717949 4228.205128 4211.794872 4215.897436 4211.794872 4231.794872 4215.384615 4195.384615 4206.153846 4222.051282
4221.538462 4218.461538 4230.256410 4223.589744 4227.179487 4231.282051 4217.948718 4218.974359 4218.461538 4230.769231 4221.025641 4202.051282 4212.307692 4220.512821
4227.179487 4228.205128 4240.000000 4230.769231 4228.205128 4239.487179 4224.102564 4222.564103 4217.435897 4231.282051 4228.205128 4204.615385 4212.307692 4217.948718
4228.205128 4229.743590 4241.025641 4228.717949 4224.615385 4237.435897 4225.128205 4229.743590 4217.435897 4231.794872 4229.230769 4203.076923 4211.282051 4219.487179
4221.538462 4217.948718 4229.743590 4218.974359 4231.282051 4232.820513 4218.974359 4225.128205 4218.974359 4231.794872 4221.538462 4200.000000 4205.128205 4228.717949
4223.589744 4220.512821 4230.769231 4221.025641 4230.256410 4230.769231 4218.461538 4217.435897 4213.846154 4230.769231 4218.974359 4197.948718 4207.179487 4227.179487
4224.102564 4223.589744 4232.307692 4225.128205 4228.205128 4226.666667 4212.307692 4215.897436 4205.641026 4232.820513 4218.461538 4196.923077 4203.589744 4226.153846
4218.461538 4217.435897 4231.282051 4221.538462 4228.717949 4224.615385 4207.692308 4215.384615 4205.641026 4233.333333 4215.897436 4196.923077 4195.384615 4228.205128
4218.974359 4217.435897 4235.384615 4221.025641 4223.589744 4229.743590 4210.769231 4212.307692 4207.692308 4232.307692 4216.923077 4201.538462 4194.358974 4231.282051
4222.564103 4221.538462 4235.384615 4223.076923 4229.743590 4235.384615 4213.846154 4212.307692 4206.666667 4233.333333 4218.974359 4200.512821 4194.358974 4236.410256
4224.615385 4225.128205 4235.384615 4223.589744 4227.179487 4233.846154 4221.025641 4220.000000 4210.769231 4232.820513 4220.000000 4196.410256 4198.974359 4230.769231
4212.307692 4214.871795 4225.641026 4213.333333 4227.179487 4226.153846 4210.256410 4211.282051 4204.615385 4232.307692 4213.846154 4193.846154 4193.846154 4227.179487
4202.051282 4205.641026 4216.410256 4202.051282 4232.820513 4224.102564 4190.256410 4194.871795 4195.384615 4232.820513 4206.153846 4188.205128 4184.615385 4225.128205
4201.025641 4200.000000 4220.000000 4199.487179 4226.666667 4224.102564 4192.820513 4200.000000 4202.051282 4230.256410 4207.179487 4186.153846 4177.435897 4220.512821
4191.794872 4188.205128 4215.897436 4196.923077 4229.743590 4222.564103 4199.487179 4204.615385 4202.051282 4229.743590 4205.128205 4185.641026 4163.589744 4224.615385
4187.692308 4195.384615 4209.743590 4197.948718 4229.743590 4223.076923 4196.410256 4199.487179 4193.846154 4232.307692 4201.538462 4182.051282 4165.128205 4222.564103
4183.076923 4200.512821 4203.076923 4194.871795 4227.692308 4224.615385 4188.717949 4193.333333 4193.333333 4232.307692 4197.435897 4174.358974 4165.641026 4217.948718
4175.897436 4192.820513 4196.923077 4194.871795 4231.282051 4220.512821 4186.153846 4186.666667 4191.794872 4230.769231 4191.282051 4170.769231 4151.282051 4218.461538
4181.538462 4194.871795 4204.615385 4198.461538 4225.641026 4214.358974 4184.102564 4179.487179 4187.692308 4231.794872 4190.769231 4172.820513 4152.820513 4218.974359
4177.435897 4185.128205 4201.538462 4186.666667 4227.692308 4215.897436 4166.666667 4165.641026 4181.025641 4232.307692 4184.615385 4165.128205 4150.769231 4221.538462
4169.230769 4175.897436 4193.846154 4182.564103 4227.692308 4221.025641 4164.102564 4162.564103 4180.512821 4230.769231 4179.487179 4159.487179 4141.025641 4216.923077
4171.794872 4181.025641 4195.897436 4190.256410 4226.153846 4224.102564 4176.923077 4167.179487 4185.128205 4230.256410 4183.076923 4162.564103 4141.538462 4214.871795
4169.230769 4177.435897 4192.820513 4182.564103 4231.794872 4221.538462 4176.410256 4165.641026 4183.589744 4231.282051 4184.102564 4156.923077 4143.589744 4215.897436
4160.512821 4169.743590 4188.205128 4175.897436 4226.666667 4214.358974 4170.256410 4168.717949 4181.538462 4232.307692 4178.461538 4150.769231 4140.000000 4213.846154
4159.487179 4165.128205 4187.179487 4179.487179 4229.230769 4215.384615 4163.589744 4169.230769 4182.051282 4232.307692 4174.358974 4156.923077 4134.871795 4218.461538
4169.230769 4167.692308 4193.846154 4181.025641 4230.256410 4216.923077 4168.205128 4170.256410 4184.615385 4231.794872 4181.538462 4163.076923 4141.538462 4218.974359
4168.205128 4170.769231 4193.333333 4176.923077 4226.153846 4211.282051 4169.743590 4168.717949 4179.487179 4232.307692 4182.051282 4162.564103 4137.948718 4217.948718
4159.487179 4165.128205 4185.128205 4172.307692 4228.205128 4208.205128 4158.974359 4157.435897 4171.282051 4233.333333 4173.333333 4158.461538 4123.589744 4220.512821
4163.076923 4165.641026 4187.179487 4172.820513 4223.589744 4211.282051 4157.948718 4155.384615 4176.923077 4231.282051 4176.410256 4154.358974 4132.307692 4217.948718
4165.128205 4164.615385 4188.205128 4173.846154 4229.230769 4215.384615 4163.589744 4160.000000 4180.000000 4232.307692 4182.051282 4153.333333 4145.641026 4221.538462
4164.102564 4168.205128 4191.794872 4177.948718 4230.769231 4216.923077 4171.282051 4167.692308 4183.589744 4234.358974 4184.102564 4158.461538 4146.666667 4220.000000
4161.538462 4169.230769 4196.923077 4177.948718 4225.128205 4214.358974 4170.256410 4172.307692 4188.205128 4229.230769 4185.128205 4163.076923 4136.923077 4217.435897
4163.076923 4168.205128 4201.538462 4178.974359 4231.282051 4211.794872 4168.205128 4171.282051 4187.179487 4225.641026 4182.564103 4161.538462 4132.820513 4223.076923
4177.435897 4180.000000 4209.743590 4189.230769 4227.179487 4213.846154 4181.538462 4181.025641 4189.743590 4230.256410 4183.076923 4164.615385 4145.641026 4222.564103
4175.897436 4175.897436 4205.641026 4186.666667 4226.666667 4217.435897 4183.589744 4182.051282 4192.307692 4233.846154 4185.641026 4165.128205 4145.128205 4223.589744
4166.666667 4168.717949 4201.538462 4182.051282 4229.230769 4215.384615 4178.461538 4178.974359 4194.358974 4231.794872 4189.743590 4164.102564 4143.589744 4223.076923
4176.923077 4180.512821 4212.307692 4192.820513 4224.102564 4209.743590 4183.589744 4188.205128 4195.384615 4232.820513 4195.384615 4168.717949 4154.358974 4224.615385
4181.025641 4180.512821 4215.384615 4192.820513 4229.230769 4212.820513 4182.051282 4186.666667 4189.743590 4234.358974 4191.794872 4166.666667 4147.179487 4229.743590
4174.358974 4174.871795 4210.256410 4182.051282 4229.743590 4214.871795 4176.410256 4177.948718 4188.205128 4231.282051 4187.179487 4163.589744 4141.538462 4223.076923
4165.641026 4168.717949 4202.051282 4176.410256 4230.256410 4206.666667 4171.282051 4175.897436 4190.256410 4231.794872 4184.102564 4164.102564 4142.564103 4223.076923
4160.512821 4163.076923 4196.923077 4176.410256 4230.256410 4204.102564 4170.256410 4176.410256 4188.717949 4232.307692 4179.487179 4160.000000 4136.410256 4225.128205
4162.564103 4164.102564 4198.974359 4175.897436 4226.153846 4209.230769 4172.307692 4170.769231 4183.076923 4232.307692 4177.435897 4154.358974 4131.794872 4220.512821
4156.923077 4160.512821 4193.333333 4170.769231 4230.769231 4212.307692 4168.205128 4159.487179 4179.487179 4231.794872 4173.333333 4149.743590 4121.025641 4221.538462
4151.282051 4157.948718 4189.230769 4169.230769 4226.153846 4210.769231 4164.102564 4158.974359 4181.025641 4231.282051 4170.256410 4146.153846 4118.974359 4220.512821
4153.846154 4160.000000 4188.717949 4167.179487 4226.153846 4207.179487 4157.948718 4155.384615 4175.384615 4232.307692 4172.307692 4147.179487 4132.820513 4222.051282
4164.615385 4165.128205 4195.897436 4168.717949 4230.256410 4205.128205 4153.846154 4153.333333 4173.333333 4232.820513 4176.923077 4150.256410 4147.179487 4223.076923
4167.179487 4167.179487 4202.051282 4174.358974 4222.051282 4201.538462 4154.871795 4161.025641 4181.538462 4232.307692 4180.000000 4152.820513 4146.666667 4223.076923
4153.846154 4158.461538 4191.282051 4168.205128 4226.153846 4203.076923 4153.333333 4158.974359 4183.076923 4231.794872 4176.410256 4151.282051 4133.846154 4227.179487
4159.487179 4167.692308 4193.846154 4169.743590 4228.205128 4208.205128 4160.000000 4164.615385 4186.153846 4230.769231 4180.512821 4153.333333 4140.512821 4222.051282
4172.820513 4177.948718 4205.128205 4179.487179 4227.692308 4210.256410 4167.692308 4173.846154 4187.692308 4231.794872 4188.717949 4160.512821 4155.897436 4220.000000
4171.282051 4174.358974 4206.666667 4182.564103 4227.692308 4207.692308 4169.743590 4174.358974 4182.051282 4232.820513 4191.794872 4161.538462 4160.000000 4222.564103
4172.820513 4177.948718 4211.282051 4184.615385 4221.025641 4210.769231 4172.820513 4177.948718 4184.102564 4231.794872 4194.358974 4161.025641 4161.025641 4220.000000
4173.846154 4181.025641 4210.769231 4185.128205 4228.205128 4216.923077 4170.256410 4177.435897 4189.743590 4231.282051 4192.307692 4163.589744 4161.025641 4223.076923
4172.820513 4182.051282 4207.692308 4186.153846 4228.717949 4215.897436 4171.282051 4175.384615 4190.256410 4232.307692 4191.282051 4164.615385 4165.641026 4223.076923
4165.128205 4173.846154 4203.076923 4183.076923 4223.076923 4216.410256 4170.769231 4171.794872 4186.666667 4231.794872 4190.256410 4156.923077 4156.410256 4222.564103
4160.512821 4168.205128 4200.512821 4178.974359 4227.692308 4216.923077 4164.615385 4167.692308 4185.128205 4231.794872 4185.641026 4146.666667 4146.153846 4223.076923
4169.743590 4177.948718 4205.128205 4183.589744 4225.641026 4213.846154 4167.179487 4174.358974 4188.717949 4232.820513 4186.153846 4152.307692 4155.897436 4223.076923
4170.769231 4176.410256 4204.102564 4182.051282 4228.205128 4213.846154 4167.179487 4178.461538 4187.692308 4232.820513 4187.692308 4161.025641 4156.923077 4227.179487
4173.333333 4174.358974 4207.179487 4180.000000 4225.641026 4216.410256 4167.692308 4179.487179 4189.230769 4232.307692 4189.743590 4161.538462 4154.871795 4222.564103
4178.974359 4180.512821 4212.307692 4186.153846 4222.564103 4213.846154 4171.794872 4180.512821 4195.384615 4232.820513 4191.794872 4162.564103 4157.435897 4223.076923
4180.512821 4188.205128 4212.820513 4192.307692 4229.743590 4211.282051 4173.333333 4181.025641 4198.461538 4232.307692 4194.871795 4164.615385 4157.948718 4229.743590
4185.128205 4195.384615 4216.923077 4196.410256 4227.179487 4213.333333 4177.435897 4185.641026 4200.512821 4231.794872 4199.487179 4166.153846 4161.025641 4230.769231
4183.076923 4188.205128 4213.333333 4192.820513 4228.717949 4217.948718 4180.000000 4183.076923 4198.461538 4231.794872 4196.410256 4164.615385 4160.000000 4236.923077
4185.128205 4187.692308 4215.384615 4196.410256 4229.230769 4218.461538 4182.564103 4183.076923 4200.000000 4230.769231 4198.974359 4164.615385 4165.128205 4231.794872
4184.615385 4185.128205 4216.410256 4192.307692 4225.641026 4209.743590 4174.871795 4182.564103 4200.000000 4231.794872 4202.564103 4165.641026 4165.128205 4226.666667
4166.666667 4162.051282 4199.487179 4172.307692 4229.743590 4205.641026 4162.051282 4170.769231 4191.282051 4233.333333 4187.692308 4157.948718 4147.179487 4230.769231
4159.487179 4158.461538 4190.256410 4169.743590 4224.102564 4205.128205 4163.589744 4168.205128 4190.256410 4231.794872 4177.948718 4151.282051 4143.076923 4225.641026
4168.717949 4171.282051 4198.974359 4182.564103 4228.205128 4204.615385 4168.205128 4175.897436 4195.384615 4230.256410 4185.641026 4156.923077 4148.205128 4227.692308
4180.512821 4180.000000 4212.307692 4189.743590 4230.256410 4207.692308 4172.820513 4182.564103 4195.384615 4231.794872 4193.333333 4165.128205 4151.282051 4230.769231
4175.897436 4176.410256 4207.692308 4183.076923 4223.076923 4204.615385 4168.717949 4172.307692 4188.717949 4233.846154 4190.256410 4157.948718 4148.717949 4226.666667
4163.076923 4164.102564 4194.871795 4175.384615 4228.205128 4203.589744 4159.487179 4156.923077 4184.615385 4233.333333 4183.076923 4146.666667 4144.615385 4226.153846
4171.282051 4168.717949 4205.641026 4181.025641 4226.153846 4207.692308 4172.307692 4170.769231 4195.384615 4232.307692 4189.743590 4155.384615 4157.435897 4228.717949
4184.615385 4182.564103 4215.897436 4188.717949 4226.153846 4209.743590 4186.153846 4187.692308 4203.589744 4232.307692 4202.051282 4167.179487 4163.589744 4235.897436
4186.666667 4190.256410 4210.256410 4190.769231 4229.230769 4211.282051 4185.128205 4186.153846 4200.512821 4233.333333 4202.051282 4164.615385 4160.000000 4233.846154
4184.615385 4186.666667 4209.743590 4191.794872 4226.153846 4211.794872 4180.512821 4182.564103 4200.000000 4231.794872 4195.384615 4163.589744 4158.974359 4230.769231
4183.589744 4184.615385 4218.461538 4194.871795 4229.230769 4212.307692 4181.538462 4185.128205 4203.589744 4230.769231 4193.846154 4170.256410 4158.461538 4235.384615
4195.897436 4197.948718 4230.256410 4204.615385 4225.641026 4213.333333 4193.846154 4200.000000 4209.230769 4231.794872 4204.102564 4176.923077 4172.820513 4234.358974
4202.051282 4201.025641 4229.230769 4205.641026 4225.641026 4216.923077 4194.358974 4202.051282 4209.743590 4231.282051 4212.307692 4178.974359 4184.102564 4236.410256
4195.897436 4195.384615 4220.512821 4200.000000 4229.230769 4215.384615 4184.102564 4190.769231 4206.666667 4232.307692 4207.179487 4172.820513 4178.974359 4236.410256
4185.641026 4188.717949 4210.256410 4191.794872 4226.153846 4209.230769 4181.025641 4185.128205 4202.051282 4233.846154 4195.897436 4164.102564 4165.128205 4231.282051
4177.435897 4178.974359 4201.025641 4185.641026 4229.743590 4212.307692 4182.051282 4180.512821 4196.410256 4232.307692 4189.743590 4158.461538 4155.384615 4234.358974
4181.538462 4187.179487 4207.692308 4193.333333 4226.666667 4215.897436 4186.153846 4183.076923 4197.435897 4231.282051 4195.384615 4159.487179 4166.666667 4231.794872
4179.487179 4187.692308 4205.641026 4190.256410 4227.179487 4212.820513 4180.512821 4174.871795 4193.333333 4232.820513 4191.282051 4158.461538 4164.615385 4231.282051
4178.461538 4183.076923 4201.025641 4182.564103 4230.769231 4212.307692 4175.897436 4167.179487 4187.692308 4232.820513 4187.692308 4157.948718 4152.307692 4232.820513
4192.820513 4197.948718 4215.897436 4195.897436 4222.564103 4212.307692 4185.641026 4181.025641 4193.333333 4232.307692 4198.974359 4167.179487 4164.102564 4231.282051
4185.641026 4194.358974 4212.820513 4196.923077 4225.128205 4208.205128 4180.000000 4182.564103 4191.794872 4232.307692 4195.897436 4167.692308 4167.179487 4231.282051
4178.461538 4185.128205 4204.615385 4187.692308 4224.102564 4205.128205 4176.410256 4181.538462 4192.820513 4232.307692 4191.794872 4166.153846 4164.102564 4225.641026
4189.743590 4193.846154 4213.333333 4194.871795 4224.102564 4207.692308 4188.205128 4190.256410 4202.564103 4232.820513 4203.589744 4172.820513 4170.769231 4228.205128
4189.230769 4192.820513 4210.256410 4197.435897 4231.794872 4210.256410 4191.794872 4187.179487 4205.641026 4232.820513 4201.025641 4167.179487 4168.205128 4229.743590
4177.435897 4183.076923 4200.000000 4190.769231 4227.179487 4206.666667 4184.615385 4182.564103 4204.102564 4231.794872 4192.307692 4156.923077 4159.487179 4223.589744
4175.384615 4183.076923 4204.615385 4192.307692 4227.692308 4206.153846 4182.051282 4187.692308 4200.512821 4232.307692 4195.897436 4157.435897 4158.461538 4229.743590
4187.179487 4193.846154 4214.871795 4198.974359 4225.641026 4209.230769 4189.230769 4193.846154 4201.025641 4231.282051 4198.974359 4161.025641 4165.641026 4231.794872
4188.717949 4191.794872 4208.205128 4196.410256 4223.076923 4208.205128 4185.128205 4189.743590 4205.641026 4231.282051 4194.871795 4159.487179 4164.615385 4228.717949
4188.205128 4193.846154 4209.230769 4197.948718 4229.230769 4210.256410 4183.076923 4187.692308 4210.256410 4232.307692 4201.025641 4163.076923 4169.743590 4230.769231
4198.974359 4211.794872 4224.615385 4204.102564 4224.102564 4212.307692 4195.384615 4197.435897 4212.307692 4232.307692 4213.846154 4172.820513 4189.743590 4231.794872
4197.435897 4207.179487 4221.025641 4200.512821 4225.128205 4210.256410 4195.384615 4198.974359 4208.717949 4233.333333 4215.384615 4178.974359 4195.897436 4236.410256
4201.538462 4206.666667 4220.512821 4209.230769 4227.692308 4210.769231 4196.923077 4204.102564 4209.230769 4232.307692 4220.000000 4181.025641 4199.487179 4234.871795
4206.666667 4217.948718 4227.179487 4219.487179 4226.666667 4218.461538 4205.128205 4208.717949 4209.230769 4230.769231 4220.512821 4180.512821 4195.897436 4231.282051
4201.025641 4216.410256 4224.102564 4214.871795 4229.230769 4218.974359 4206.153846 4203.076923 4209.230769 4232.307692 4207.179487 4176.923077 4183.076923 4231.282051
4204.615385 4220.512821 4227.692308 4217.948718 4224.615385 4213.846154 4210.769231 4208.205128 4222.564103 4232.820513 4208.205128 4176.410256 4189.230769 4228.205128
4209.743590 4224.102564 4229.743590 4218.974359 4225.641026 4218.974359 4212.307692 4212.820513 4224.102564 4230.769231 4218.461538 4179.487179 4200.000000 4232.820513
4209.743590 4224.615385 4230.256410 4216.923077 4222.564103 4219.487179 4211.282051 4213.333333 4215.384615 4230.769231 4222.564103 4182.051282 4203.589744 4233.333333
4210.769231 4224.102564 4232.820513 4216.923077 4220.512821 4213.846154 4211.282051 4215.897436 4222.051282 4232.820513 4223.589744 4184.102564 4203.076923 4233.333333
4212.307692 4223.589744 4234.871795 4220.512821 4231.282051 4217.948718 4214.358974 4217.435897 4225.641026 4232.307692 4223.589744 4185.641026 4204.102564 4237.435897
4218.461538 4230.769231 4238.974359 4231.282051 4226.153846 4224.615385 4222.564103 4223.589744 4199.487179 4230.769231 4224.102564 4189.230769 4212.820513 4233.333333
4220.000000 4234.358974 4238.461538 4234.358974 4224.102564 4224.615385 4225.128205 4223.589744 4166.153846 4231.282051 4223.076923 4189.743590 4211.282051 4232.820513
4222.564103 4241.538462 4243.589744 4232.820513 4226.666667 4224.615385 4229.230769 4226.153846 4164.102564 4231.282051 4226.666667 4189.743590 4212.820513 4230.769231
4227.692308 4245.128205 4251.282051 4235.384615 4224.102564 4226.666667 4231.282051 4228.717949 4175.384615 4231.794872 4230.769231 4195.897436 4219.487179 4231.282051
4225.641026 4239.487179 4247.179487 4233.846154 4227.179487 4228.717949 4224.102564 4222.051282 4174.358974 4233.333333 4227.179487 4193.333333 4212.307692 4236.923077
4229.230769 4247.179487 4247.179487 4235.897436 4222.564103 4228.717949 4229.743590 4225.128205 4177.948718 4232.820513 4230.769231 4193.333333 4215.384615 4232.307692
4232.307692 4247.692308 4252.820513 4237.948718 4225.641026 4230.769231 4234.871795 4234.871795 4183.589744 4231.282051 4238.461538 4203.076923 4223.589744 4232.820513
4233.846154 4240.000000 4256.410256 4237.435897 4228.205128 4238.974359 4233.333333 4238.461538 4185.128205 4232.307692 4239.487179 4201.538462 4224.102564 4234.358974
4237.435897 4244.615385 4258.461538 4241.025641 4222.051282 4239.487179 4233.846154 4235.897436 4187.179487 4232.820513 4236.410256 4196.410256 4222.564103 4232.820513
4241.538462 4253.333333 4261.025641 4246.666667 4228.205128 4237.435897 4236.923077 4233.333333 4190.256410 4232.307692 4238.461538 4202.051282 4220.000000 4237.435897
4255.384615 4264.102564 4272.307692 4255.384615 4228.205128 4240.512821 4244.102564 4237.948718 4194.358974 4231.794872 4246.153846 4210.769231 4227.179487 4237.948718
4256.923077 4260.512821 4272.307692 4253.846154 4226.153846 4239.487179 4240.000000 4235.897436 4190.769231 4232.307692 4244.102564 4211.282051 4232.307692 4242.051282
4247.179487 4251.282051 4264.102564 4250.256410 4228.205128 4233.846154 4232.820513 4232.307692 4190.256410 4232.820513 4240.512821 4205.641026 4229.230769 4238.974359
4241.538462 4251.794872 4262.564103 4252.307692 4223.589744 4235.897436 4237.948718 4234.358974 4196.923077 4231.794872 4242.564103 4199.487179 4223.589744 4231.794872
4229.230769 4242.564103 4249.230769 4241.538462 4228.205128 4240.000000 4236.923077 4226.666667 4188.717949 4231.794872 4232.820513 4191.282051 4209.230769 4234.871795
4225.641026 4237.948718 4243.076923 4234.871795 4226.666667 4236.410256 4234.358974 4223.589744 4183.076923 4232.307692 4227.179487 4189.743590 4205.641026 4230.769231
4230.256410 4241.025641 4248.717949 4241.025641 4226.153846 4235.384615 4230.769231 4225.641026 4189.230769 4232.307692 4234.358974 4193.846154 4210.256410 4228.205128
4231.794872 4241.025641 4250.256410 4244.615385 4229.743590 4234.358974 4223.076923 4222.564103 4189.230769 4232.820513 4236.923077 4196.410256 4215.897436 4228.205128
4237.435897 4243.589744 4253.333333 4242.051282 4222.564103 4230.256410 4218.974359 4222.564103 4187.179487 4233.333333 4238.974359 4202.564103 4222.564103 4226.153846
4233.846154 4240.000000 4249.743590 4238.974359 4225.641026 4233.333333 4217.948718 4218.974359 4186.153846 4232.820513 4238.974359 4203.076923 4213.846154 4229.743590
4224.615385 4235.384615 4242.051282 4235.384615 4227.179487 4234.871795 4218.461538 4215.384615 4184.615385 4231.282051 4232.820513 4194.358974 4204.615385 4226.153846
4215.384615 4227.692308 4233.846154 4226.153846 4227.692308 4228.717949 4211.794872 4212.820513 4184.615385 4231.794872 4227.692308 4188.205128 4202.051282 4226.153846
4211.282051 4221.025641 4229.230769 4224.102564 4229.230769 4225.641026 4208.205128 4212.820513 4187.692308 4232.820513 4227.692308 4187.692308 4197.948718 4228.205128
4216.410256 4224.615385 4233.333333 4232.307692 4219.487179 4228.717949 4220.000000 4224.102564 4194.871795 4231.794872 4227.692308 4190.256410 4201.538462 4226.666667
4214.871795 4223.589744 4231.282051 4229.743590 4225.641026 4233.333333 4226.153846 4225.641026 4193.333333 4231.794872 4225.128205 4191.282051 4202.051282 4232.307692
4208.717949 4222.051282 4227.179487 4221.538462 4229.230769 4232.307692 4221.025641 4218.461538 4188.717949 4232.820513 4227.179487 4186.153846 4199.487179 4228.205128
4199.487179 4212.307692 4218.461538 4216.410256 4224.615385 4231.794872 4210.769231 4209.743590 4188.205128 4231.794872 4221.025641 4176.923077 4188.717949 4223.589744
4196.410256 4206.666667 4213.333333 4215.384615 4226.153846 4232.820513 4205.128205 4205.641026 4188.205128 4230.256410 4212.820513 4174.871795 4181.538462 4224.615385
4203.076923 4214.871795 4218.461538 4217.435897 4221.025641 4230.769231 4205.641026 4210.256410 4187.692308 4231.794872 4218.461538 4182.564103 4190.256410 4222.051282
4197.435897 4207.692308 4213.333333 4211.794872 4224.102564 4231.282051 4197.435897 4201.538462 4182.564103 4232.820513 4220.000000 4181.538462 4186.666667 4224.615385
4197.435897 4208.205128 4213.333333 4213.846154 4226.666667 4232.820513 4201.025641 4196.410256 4187.179487 4232.307692 4219.487179 4178.461538 4188.205128 4224.615385
4203.589744 4216.410256 4217.435897 4220.000000 4222.051282 4226.153846 4207.179487 4201.538462 4192.820513 4232.307692 4222.564103 4183.076923 4195.897436 4225.641026
4196.410256 4209.743590 4211.282051 4214.358974 4226.153846 4225.128205 4199.487179 4195.897436 4186.153846 4233.333333 4215.897436 4180.000000 4183.589744 4227.692308
4198.974359 4209.230769 4211.282051 4213.333333 4225.128205 4227.692308 4202.051282 4192.307692 4183.589744 4232.820513 4212.820513 4176.923077 4175.897436 4221.025641
4202.564103 4208.717949 4210.256410 4213.846154 4228.205128 4222.051282 4201.025641 4190.256410 4183.076923 4231.794872 4215.897436 4180.512821 4180.000000 4221.538462
4202.051282 4209.743590 4210.769231 4214.871795 4227.692308 4220.000000 4198.974359 4195.897436 4186.666667 4232.307692 4219.487179 4182.051282 4189.743590 4224.102564
4204.102564 4214.358974 4218.461538 4217.435897 4224.615385 4221.538462 4208.205128 4204.102564 4189.230769 4233.333333 4221.025641 4182.564103 4196.923077 4224.102564
4203.076923 4211.282051 4219.487179 4214.358974 4228.717949 4224.102564 4209.743590 4200.512821 4189.230769 4232.820513 4220.000000 4185.128205 4194.358974 4223.076923
4209.230769 4213.846154 4223.076923 4221.538462 4224.615385 4226.153846 4206.666667 4203.589744 4194.871795 4231.282051 4225.641026 4190.769231 4198.974359 4220.512821
4216.923077 4221.025641 4227.692308 4230.769231 4227.692308 4224.102564 4206.666667 4208.717949 4195.897436 4232.307692 4229.743590 4192.307692 4206.153846 4225.641026
4217.435897 4226.666667 4226.666667 4229.230769 4229.743590 4223.589744 4210.769231 4207.179487 4194.358974 4234.358974 4225.641026 4187.179487 4209.230769 4226.666667
4202.564103 4215.897436 4216.410256 4218.461538 4222.051282 4224.102564 4206.666667 4204.615385 4193.846154 4231.794872 4217.948718 4177.948718 4194.358974 4225.128205
4187.179487 4199.487179 4205.641026 4210.769231 4226.666667 4224.102564 4198.974359 4205.128205 4193.846154 4229.743590 4214.871795 4172.820513 4175.384615 4228.205128
4196.923077 4208.205128 4212.307692 4218.974359 4226.153846 4221.025641 4206.666667 4211.282051 4196.410256 4231.282051 4225.641026 4179.487179 4193.333333 4225.641026
4204.102564 4212.820513 4215.384615 4218.974359 4227.692308 4219.487179 4205.128205 4206.153846 4194.358974 4232.307692 4229.230769 4182.564103 4213.333333 4228.717949
4204.615385 4209.743590 4214.358974 4215.384615 4228.717949 4222.564103 4199.487179 4201.538462 4192.820513 4232.307692 4225.641026 4180.512821 4203.589744 4231.282051
4210.769231 4217.435897 4224.615385 4228.205128 4221.538462 4225.641026 4210.256410 4213.846154 4199.487179 4232.307692 4229.230769 4188.717949 4195.384615 4227.179487
4209.230769 4217.435897 4225.641026 4231.282051 4228.205128 4228.205128 4217.435897 4220.512821 4204.102564 4233.846154 4230.769231 4192.307692 4203.076923 4228.205128
4200.512821 4214.358974 4215.384615 4220.000000 4229.743590 4224.102564 4212.820513 4215.897436 4203.589744 4233.333333 4222.564103 4180.512821 4204.615385 4225.641026
4194.358974 4211.282051 4206.666667 4215.897436 4227.692308 4220.000000 4207.179487 4212.820513 4203.589744 4232.307692 4214.871795 4173.846154 4188.205128 4228.205128
4202.564103 4210.769231 4214.871795 4221.025641 4228.205128 4224.615385 4215.897436 4219.487179 4209.230769 4232.820513 4221.538462 4182.051282 4192.307692 4233.333333
4212.820513 4218.461538 4225.641026 4222.564103 4224.102564 4226.153846 4225.641026 4226.666667 4211.282051 4232.307692 4229.230769 4190.769231 4210.769231 4230.769231
4207.692308 4221.538462 4220.512821 4224.102564 4230.769231 4225.128205 4222.051282 4222.051282 4204.615385 4232.307692 4226.153846 4189.743590 4207.179487 4232.820513
4210.256410 4223.589744 4225.641026 4233.333333 4229.230769 4225.128205 4223.589744 4226.153846 4207.692308 4231.794872 4225.641026 4190.256410 4208.205128 4231.282051
4213.333333 4217.435897 4228.717949 4227.692308 4226.153846 4225.128205 4223.076923 4227.692308 4210.256410 4231.794872 4224.615385 4194.871795 4211.794872 4233.333333
4208.205128 4211.282051 4222.051282 4216.410256 4229.230769 4225.128205 4217.435897 4220.512821 4202.051282 4232.820513 4222.564103 4194.358974 4205.641026 4233.846154
4215.384615 4222.051282 4231.282051 4227.179487 4223.589744 4225.128205 4218.974359 4227.692308 4204.615385 4232.820513 4228.205128 4195.384615 4211.282051 4229.230769
4222.051282 4225.641026 4238.974359 4237.435897 4228.205128 4224.102564 4218.461538 4232.307692 4208.717949 4231.794872 4228.205128 4195.897436 4213.333333 4230.769231
4222.564103 4225.128205 4238.974359 4237.435897 4229.743590 4224.102564 4221.538462 4231.282051 4204.615385 4231.794872 4228.717949 4194.871795 4214.358974 4227.692308
4224.615385 4228.717949 4240.512821 4236.410256 4226.666667 4228.205128 4227.692308 4232.820513 4204.102564 4232.820513 4235.384615 4198.974359 4222.564103 4230.769231
4225.641026 4228.717949 4238.461538 4234.871795 4228.205128 4227.692308 4227.179487 4231.794872 4207.692308 4231.282051 4233.333333 4199.487179 4222.564103 4234.358974
4221.538462 4226.153846 4233.333333 4230.256410 4225.128205 4220.512821 4220.512821 4228.205128 4210.256410 4230.769231 4227.179487 4194.871795 4212.307692 4227.692308
4208.205128 4216.410256 4224.102564 4222.051282 4230.769231 4221.538462 4208.205128 4215.384615 4202.051282 4233.333333 4218.461538 4187.692308 4199.487179 4227.692308
4205.641026 4216.410256 4224.102564 4224.102564 4227.692308 4222.564103 4207.179487 4209.230769 4196.410256 4232.820513 4216.410256 4184.615385 4204.102564 4227.179487
4202.564103 4213.333333 4219.487179 4221.025641 4222.564103 4216.923077 4204.615385 4207.179487 4196.923077 4231.794872 4217.435897 4182.564103 4208.717949 4227.179487
4194.358974 4197.948718 4208.205128 4208.205128 4229.743590 4218.974359 4195.897436 4201.538462 4193.846154 4232.307692 4208.205128 4178.461538 4196.410256 4227.179487
4200.000000 4200.000000 4213.846154 4209.230769 4225.641026 4224.102564 4202.051282 4203.589744 4193.333333 4231.794872 4205.641026 4177.435897 4192.307692 4222.051282
4198.974359 4199.487179 4211.794872 4208.205128 4226.666667 4223.076923 4201.538462 4200.000000 4190.256410 4231.282051 4206.153846 4172.820513 4186.153846 4225.128205
4186.666667 4193.846154 4201.538462 4203.076923 4227.692308 4221.025641 4194.358974 4193.333333 4188.717949 4231.794872 4200.000000 4165.641026 4182.051282 4222.564103
4178.461538 4191.794872 4193.846154 4202.051282 4222.564103 4221.538462 4192.820513 4191.282051 4189.743590 4232.307692 4193.846154 4165.128205 4179.487179 4219.487179
4177.948718 4190.769231 4193.333333 4203.076923 4227.179487 4220.512821 4195.897436 4195.384615 4194.358974 4231.794872 4196.410256 4164.102564 4176.410256 4222.564103
4185.128205 4194.358974 4202.564103 4205.641026 4226.153846 4218.461538 4203.076923 4202.564103 4200.000000 4231.794872 4205.128205 4167.179487 4184.615385 4220.512821
4176.923077 4183.589744 4195.897436 4195.897436 4228.717949 4219.487179 4193.333333 4189.230769 4189.230769 4231.794872 4197.435897 4164.102564 4177.948718 4224.615385
4172.820513 4177.948718 4189.743590 4190.256410 4230.256410 4215.384615 4188.205128 4181.025641 4183.589744 4232.307692 4189.230769 4157.948718 4170.256410 4225.128205
4184.615385 4188.205128 4201.538462 4201.025641 4226.153846 4213.846154 4196.923077 4191.794872 4195.384615 4232.820513 4195.384615 4164.102564 4181.025641 4218.461538
4184.102564 4188.717949 4205.128205 4205.128205 4228.717949 4217.435897 4196.923077 4192.307692 4202.051282 4231.794872 4200.000000 4170.256410 4181.025641 4216.410256
4173.846154 4185.641026 4196.923077 4196.923077 4225.128205 4214.358974 4192.307692 4192.307692 4196.410256 4230.769231 4197.948718 4165.641026 4169.230769 4215.384615
4165.128205 4175.384615 4188.717949 4183.589744 4227.179487 4215.384615 4189.230769 4188.205128 4187.179487 4232.307692 4192.820513 4159.487179 4163.076923 4221.025641
4177.435897 4174.871795 4197.948718 4189.230769 4228.205128 4218.461538 4197.435897 4186.153846 4190.256410 4233.846154 4196.923077 4167.179487 4179.487179 4220.512821
4192.307692 4187.692308 4214.358974 4205.128205 4222.564103 4217.435897 4206.666667 4198.974359 4198.461538 4232.307692 4208.717949 4179.487179 4193.846154 4217.435897
4183.589744 4185.641026 4206.666667 4202.564103 4228.717949 4218.974359 4198.974359 4201.538462 4195.384615 4231.794872 4208.717949 4175.897436 4184.102564 4220.512821
4173.846154 4176.923077 4194.871795 4192.307692 4226.666667 4217.948718 4190.769231 4191.794872 4191.794872 4231.794872 4201.538462 4167.692308 4181.025641 4213.846154
4174.358974 4176.923077 4194.358974 4191.794872 4226.666667 4216.923077 4190.256410 4184.615385 4194.358974 4231.282051 4198.461538 4169.230769 4183.076923 4213.333333
4184.102564 4188.717949 4200.000000 4201.538462 4229.230769 4221.538462 4194.358974 4191.282051 4199.487179 4231.282051 4201.025641 4171.282051 4181.538462 4219.487179
4187.692308 4191.794872 4198.974359 4200.512821 4222.564103 4215.384615 4190.256410 4191.282051 4198.461538 4232.307692 4199.487179 4167.179487 4176.410256 4218.461538
4173.846154 4172.820513 4185.641026 4183.589744 4228.717949 4206.666667 4173.846154 4172.820513 4186.666667 4232.307692 4189.743590 4159.487179 4163.076923 4217.948718
4174.358974 4171.282051 4185.641026 4183.589744 4228.205128 4208.717949 4175.897436 4171.794872 4182.564103 4230.769231 4190.256410 4158.974359 4166.153846 4213.846154
4186.153846 4182.564103 4194.871795 4195.897436 4224.102564 4209.743590 4189.230769 4185.641026 4189.743590 4231.282051 4197.435897 4167.179487 4178.461538 4216.410256
4185.128205 4180.512821 4198.461538 4196.923077 4228.205128 4208.205128 4188.717949 4189.230769 4195.897436 4233.333333 4196.923077 4168.717949 4175.384615 4216.923077
4183.589744 4179.487179 4200.000000 4195.384615 4224.615385 4209.743590 4187.692308 4188.717949 4201.538462 4232.307692 4193.846154 4166.153846 4172.820513 4212.820513
4181.025641 4175.897436 4191.794872 4191.282051 4226.153846 4208.717949 4184.615385 4183.589744 4198.461538 4230.256410 4189.230769 4162.051282 4170.769231 4213.333333
4170.256410 4167.692308 4181.538462 4183.589744 4224.102564 4205.128205 4178.974359 4175.384615 4189.743590 4230.769231 4181.025641 4156.410256 4162.051282 4208.717949
4163.076923 4161.538462 4178.461538 4180.000000 4224.102564 4205.128205 4176.410256 4169.743590 4184.102564 4232.820513 4166.153846 4156.410256 4157.435897 4210.769231
4166.666667 4166.666667 4182.564103 4184.102564 4229.743590 4205.128205 4182.051282 4175.384615 4184.615385 4232.820513 4158.461538 4159.487179 4165.641026 4213.846154
4169.743590 4173.333333 4183.589744 4185.641026 4224.102564 4199.487179 4181.538462 4183.589744 4188.205128 4232.307692 4162.051282 4157.435897 4167.179487 4209.743590
4157.435897 4161.025641 4174.358974 4177.948718 4225.641026 4202.564103 4176.923077 4176.923077 4186.153846 4231.794872 4160.512821 4148.717949 4150.256410 4213.333333
4158.461538 4157.435897 4176.923077 4181.538462 4225.641026 4210.769231 4189.743590 4176.923077 4189.230769 4230.769231 4164.615385 4147.179487 4152.820513 4211.282051
4170.769231 4165.128205 4183.589744 4185.641026 4225.128205 4209.230769 4189.230769 4180.512821 4193.333333 4230.256410 4182.564103 4154.358974 4167.179487 4208.717949
4172.307692 4166.153846 4180.000000 4180.000000 4228.205128 4208.205128 4172.820513 4171.794872 4189.230769 4231.794872 4198.461538 4157.948718 4167.692308 4212.820513
4167.179487 4167.179487 4179.487179 4180.000000 4223.076923 4209.230769 4174.358974 4165.641026 4189.743590 4232.307692 4201.538462 4152.820513 4166.153846 4212.307692
4158.461538 4158.974359 4174.358974 4178.461538 4226.666667 4206.153846 4174.871795 4160.000000 4187.179487 4231.794872 4194.358974 4146.153846 4157.948718 4212.307692
4164.102564 4160.512821 4174.358974 4182.564103 4227.692308 4204.102564 4173.846154 4166.153846 4184.615385 4232.307692 4195.384615 4152.820513 4159.487179 4211.794872
4172.307692 4170.256410 4182.051282 4189.743590 4225.128205 4206.153846 4181.538462 4180.000000 4187.179487 4232.307692 4202.051282 4162.051282 4165.128205 4215.384615
4168.717949 4170.769231 4185.128205 4190.769231 4228.205128 4203.076923 4189.743590 4184.615385 4191.282051 4231.794872 4200.512821 4160.512821 4164.102564 4212.820513
4169.230769 4173.846154 4183.589744 4191.282051 4222.051282 4196.410256 4191.282051 4189.743590 4198.974359 4232.307692 4201.025641 4159.487179 4168.205128 4206.153846
4165.128205 4170.256410 4174.871795 4187.692308 4225.128205 4200.512821 4184.102564 4189.230769 4202.564103 4233.333333 4199.487179 4158.974359 4163.589744 4212.307692
4167.692308 4173.333333 4181.025641 4190.769231 4228.205128 4203.076923 4185.641026 4187.179487 4203.076923 4231.794872 4198.461538 4157.435897 4163.076923 4212.307692
4175.897436 4178.461538 4188.205128 4197.435897 4224.102564 4198.974359 4188.717949 4184.102564 4202.051282 4230.769231 4203.589744 4159.487179 4163.589744 4209.230769
4168.717949 4170.769231 4176.410256 4191.794872 4228.205128 4195.384615 4177.948718 4174.871795 4199.487179 4232.820513 4202.051282 4156.923077 4155.384615 4210.256410
4165.641026 4173.333333 4175.897436 4188.717949 4224.102564 4195.384615 4172.820513 4176.410256 4205.641026 4232.307692 4198.974359 4153.846154 4162.564103 4207.179487
4170.256410 4178.461538 4183.076923 4192.820513 4226.153846 4201.025641 4174.871795 4178.461538 4203.589744 4231.282051 4197.948718 4155.384615 4167.692308 4210.769231
4172.820513 4177.948718 4182.051282 4193.846154 4228.717949 4203.076923 4180.512821 4176.923077 4197.948718 4233.333333 4200.000000 4154.358974 4160.512821 4210.256410
4166.666667 4174.871795 4177.435897 4187.692308 4223.589744 4200.512821 4183.589744 4178.974359 4202.051282 4229.230769 4198.461538 4150.256410 4154.871795 4207.692308
4157.948718 4167.692308 4170.769231 4184.102564 4229.743590 4203.076923 4178.974359 4178.974359 4203.076923 4226.153846 4194.871795 4145.641026 4153.333333 4213.846154
4161.538462 4169.743590 4172.820513 4186.153846 4226.153846 4201.025641 4177.435897 4177.948718 4198.974359 4230.256410 4196.923077 4144.615385 4156.923077 4211.282051
4159.487179 4165.128205 4170.256410 4181.025641 4224.102564 4190.256410 4169.230769 4168.717949 4193.846154 4233.846154 4192.820513 4143.589744 4151.282051 4209.743590
4156.410256 4158.974359 4167.179487 4176.923077 4226.153846 4190.256410 4164.615385 4170.769231 4197.435897 4231.794872 4189.230769 4140.512821 4149.743590 4211.282051
4161.025641 4163.589744 4172.820513 4178.974359 4222.051282 4195.384615 4172.307692 4184.102564 4204.615385 4231.282051 4194.358974 4144.102564 4155.384615 4211.282051
4158.461538 4163.589744 4172.820513 4176.410256 4228.717949 4196.410256 4173.333333 4178.974359 4199.487179 4233.333333 4193.333333 4145.128205 4153.333333 4214.871795
4167.692308 4169.743590 4180.000000 4183.589744 4225.641026 4198.974359 4178.974359 4176.410256 4198.974359 4232.307692 4195.897436 4149.743590 4163.076923 4211.794872
4178.974359 4175.897436 4188.717949 4192.307692 4223.076923 4202.051282 4181.538462 4177.948718 4201.538462 4231.794872 4201.025641 4157.435897 4173.333333 4215.384615
4176.410256 4175.384615 4187.692308 4190.256410 4226.666667 4197.435897 4177.948718 4174.871795 4198.974359 4232.307692 4199.487179 4157.435897 4169.230769 4216.410256
4178.974359 4178.461538 4189.743590 4190.769231 4223.076923 4195.897436 4182.051282 4181.025641 4201.025641 4232.307692 4202.051282 4159.487179 4169.743590 4211.794872
4179.487179 4178.974359 4191.794872 4193.333333 4228.205128 4201.025641 4185.128205 4189.230769 4208.205128 4232.307692 4205.128205 4161.538462 4171.794872 4217.435897
4180.512821 4184.615385 4194.871795 4196.923077 4225.128205 4200.512821 4188.717949 4194.358974 4214.358974 4232.307692 4206.153846 4160.512821 4181.025641 4217.435897
4187.179487 4189.230769 4197.948718 4202.051282 4223.076923 4201.025641 4195.897436 4197.948718 4212.307692 4232.820513 4210.256410 4165.128205 4195.384615 4215.897436
4196.410256 4194.871795 4206.153846 4210.769231 4226.666667 4208.205128 4203.076923 4203.076923 4211.282051 4232.820513 4215.384615 4171.794872 4201.025641 4213.333333
4194.871795 4200.512821 4210.256410 4212.820513 4222.051282 4205.128205 4201.025641 4205.641026 4213.333333 4231.794872 4212.820513 4171.282051 4194.871795 4210.256410
4181.025641 4190.256410 4200.000000 4203.076923 4227.692308 4201.538462 4193.333333 4196.923077 4207.692308 4231.794872 4203.076923 4164.102564 4183.589744 4212.307692
4188.717949 4193.846154 4206.666667 4207.692308 4227.692308 4207.179487 4202.564103 4200.000000 4208.205128 4232.307692 4207.179487 4168.205128 4192.820513 4207.692308
4204.615385 4207.692308 4222.051282 4219.487179 4224.102564 4208.717949 4210.256410 4211.282051 4214.871795 4232.307692 4218.974359 4178.461538 4207.692308 4209.230769
4209.230769 4211.794872 4226.666667 4222.051282 4226.153846 4210.256410 4209.230769 4213.333333 4221.025641 4232.307692 4221.538462 4182.051282 4210.256410 4214.358974
4216.923077 4215.384615 4230.256410 4226.153846 4221.538462 4214.358974 4216.923077 4216.923077 4224.615385 4231.794872 4221.025641 4182.564103 4211.282051 4212.820513
4222.051282 4216.410256 4229.743590 4229.743590 4227.179487 4210.256410 4215.897436 4216.410256 4218.974359 4231.794872 4221.025641 4183.589744 4210.256410 4213.846154
4222.564103 4218.974359 4234.358974 4231.282051 4226.666667 4206.666667 4211.282051 4214.871795 4217.435897 4231.794872 4224.615385 4184.615385 4216.410256 4210.256410
4211.794872 4211.794872 4229.743590 4222.564103 4223.589744 4211.794872 4211.794872 4211.794872 4220.000000 4231.794872 4220.512821 4181.025641 4211.794872 4210.769231
4204.102564 4202.564103 4214.358974 4215.384615 4228.205128 4215.384615 4213.846154 4207.179487 4219.487179 4232.307692 4208.717949 4178.974359 4198.974359 4214.871795
4213.846154 4213.333333 4218.974359 4225.128205 4224.102564 4210.769231 4218.461538 4212.820513 4220.512821 4232.820513 4208.205128 4179.487179 4207.692308 4211.794872
4215.384615 4215.897436 4226.666667 4229.230769 4226.153846 4211.282051 4218.974359 4213.333333 4220.512821 4232.307692 4214.358974 4179.487179 4216.923077 4211.794872
4214.358974 4214.871795 4226.666667 4228.205128 4225.641026 4214.871795 4224.102564 4215.384615 4225.128205 4231.794872 4223.589744 4185.128205 4224.102564 4211.794872
4220.000000 4220.000000 4224.102564 4230.256410 4224.102564 4212.820513 4225.641026 4217.948718 4225.641026 4233.333333 4228.717949 4190.256410 4230.256410 4212.307692
4220.512821 4218.974359 4224.102564 4231.282051 4230.769231 4211.282051 4221.025641 4218.974359 4223.076923 4231.794872 4225.641026 4182.051282 4228.205128 4212.820513
4221.025641 4218.974359 4226.153846 4231.794872 4223.589744 4212.820513 4221.538462 4224.102564 4227.179487 4230.256410 4223.589744 4178.461538 4230.256410 4207.179487
4216.923077 4214.871795 4220.000000 4226.666667 4223.589744 4213.846154 4212.820513 4213.333333 4225.128205 4233.333333 4220.512821 4185.641026 4226.666667 4209.230769
4220.512821 4219.487179 4220.512821 4227.179487 4228.205128 4211.282051 4208.205128 4209.743590 4223.589744 4233.846154 4222.051282 4189.743590 4231.282051 4210.769231
4223.589744 4223.076923 4223.589744 4231.794872 4223.589744 4210.769231 4217.948718 4223.076923 4228.205128 4231.282051 4227.692308 4187.179487 4238.974359 4211.282051
4215.384615 4216.923077 4218.974359 4228.717949 4228.717949 4213.846154 4225.641026 4226.153846 4228.717949 4231.794872 4226.153846 4183.589744 4231.282051 4211.794872
4223.076923 4229.230769 4227.692308 4235.384615 4228.205128 4214.871795 4231.794872 4222.564103 4228.717949 4232.820513 4228.717949 4186.666667 4233.846154 4206.666667
4233.333333 4237.948718 4235.384615 4245.128205 4226.666667 4217.435897 4231.282051 4222.051282 4228.717949 4232.307692 4233.333333 4192.820513 4242.051282 4209.743590
4227.692308 4236.923077 4232.307692 4246.666667 4228.205128 4216.923077 4229.743590 4224.102564 4227.692308 4231.794872 4231.282051 4190.256410 4242.051282 4208.205128
4223.076923 4236.410256 4230.256410 4245.128205 4225.641026 4212.307692 4227.179487 4223.076923 4231.282051 4232.307692 4227.692308 4190.256410 4236.410256 4207.179487
4224.615385 4234.871795 4230.769231 4243.076923 4228.717949 4214.871795 4227.179487 4223.589744 4234.871795 4232.820513 4226.666667 4192.820513 4233.846154 4211.794872
4236.923077 4242.564103 4240.512821 4249.230769 4223.589744 4222.051282 4241.538462 4237.435897 4235.897436 4231.794872 4233.846154 4194.871795 4249.230769 4208.717949
4235.897436 4238.461538 4237.948718 4247.179487 4224.102564 4222.564103 4235.384615 4231.282051 4228.717949 4231.794872 4235.384615 4194.358974 4249.743590 4208.717949
4225.641026 4228.205128 4228.205128 4236.410256 4227.179487 4215.384615 4217.435897 4212.820513 4224.615385 4233.333333 4228.205128 4192.307692 4237.435897 4207.692308
4229.230769 4232.307692 4234.358974 4234.358974 4223.589744 4215.384615 4223.589744 4218.974359 4234.358974 4232.820513 4228.717949 4195.384615 4241.538462 4205.641026
4232.307692 4230.256410 4237.948718 4231.794872 4228.717949 4218.461538 4227.692308 4225.128205 4235.897436 4230.769231 4231.282051 4195.384615 4243.076923 4211.794872
4234.358974 4230.769231 4237.948718 4229.743590 4227.179487 4214.358974 4222.051282 4222.564103 4232.820513 4230.769231 4235.384615 4195.384615 4247.179487 4210.256410
4233.846154 4236.923077 4239.487179 4230.769231 4230.769231 4214.871795 4226.153846 4222.564103 4231.282051 4233.333333 4239.487179 4198.461538 4250.769231 4210.769231
4233.846154 4234.871795 4239.487179 4229.743590 4231.794872 4217.948718 4238.461538 4229.230769 4231.794872 4232.820513 4238.461538 4196.410256 4246.666667 4213.333333
4233.333333 4227.692308 4235.384615 4226.153846 4221.538462 4214.871795 4236.923077 4235.384615 4237.948718 4229.743590 4235.384615 4193.333333 4242.051282 4209.230769
4224.615385 4222.564103 4230.769231 4221.538462 4227.692308 4215.384615 4225.641026 4226.153846 4237.948718 4229.743590 4231.282051 4191.282051 4238.461538 4211.282051
4229.743590 4230.256410 4236.923077 4226.153846 4229.230769 4218.461538 4230.256410 4225.641026 4234.358974 4233.846154 4233.333333 4192.820513 4244.615385 4209.230769
4230.769231 4227.179487 4231.794872 4223.589744 4225.641026 4216.410256 4229.743590 4230.256410 4234.871795 4234.358974 4233.333333 4192.820513 4240.000000 4207.692308
4223.076923 4220.000000 4225.641026 4217.948718 4229.230769 4216.410256 4220.000000 4226.153846 4238.974359 4231.282051 4234.871795 4190.256410 4235.897436 4209.743590
4233.846154 4231.282051 4240.512821 4229.230769 4225.641026 4216.923077 4227.179487 4230.256410 4242.564103 4231.794872 4243.076923 4195.897436 4252.307692 4211.282051
4243.589744 4236.410256 4244.615385 4237.948718 4228.205128 4217.948718 4231.282051 4235.897436 4240.000000 4233.333333 4242.564103 4204.102564 4256.410256 4215.897436
4241.538462 4235.897436 4242.051282 4235.384615 4224.102564 4222.051282 4231.282051 4236.923077 4241.538462 4231.794872 4241.538462 4206.153846 4250.256410 4209.743590
4239.487179 4234.871795 4245.641026 4231.282051 4222.051282 4220.000000 4234.358974 4233.846154 4243.589744 4232.307692 4243.076923 4205.641026 4246.666667 4208.717949
4242.051282 4230.769231 4247.179487 4229.743590 4230.769231 4221.025641 4234.871795 4234.358974 4240.000000 4234.358974 4243.589744 4206.153846 4248.205128 4213.846154
4241.538462 4227.179487 4244.615385 4229.230769 4226.153846 4223.589744 4232.307692 4236.410256 4237.435897 4232.820513 4243.076923 4207.179487 4252.307692 4208.205128
4235.384615 4223.589744 4237.948718 4226.153846 4224.615385 4215.384615 4225.641026 4227.692308 4235.897436 4230.769231 4237.435897 4204.615385 4246.666667 4205.128205
4239.487179 4223.076923 4238.461538 4226.666667 4225.128205 4208.717949 4229.743590 4230.769231 4239.487179 4231.282051 4233.333333 4205.128205 4240.000000 4206.666667
4238.461538 4215.384615 4241.025641 4224.102564 4227.179487 4213.333333 4233.846154 4234.871795 4240.512821 4232.820513 4233.846154 4207.692308 4235.897436 4210.256410
4235.897436 4217.948718 4240.512821 4227.179487 4232.307692 4219.487179 4229.230769 4227.179487 4235.384615 4233.333333 4233.846154 4204.102564 4236.923077 4208.717949
4242.564103 4235.897436 4241.025641 4236.410256 4225.128205 4213.333333 4229.230769 4223.589744 4229.230769 4231.794872 4230.769231 4200.512821 4242.051282 4203.589744
4231.282051 4226.666667 4232.820513 4227.692308 4226.153846 4207.692308 4225.641026 4217.948718 4221.538462 4230.769231 4223.076923 4196.923077 4231.282051 4211.282051
4222.051282 4215.897436 4230.769231 4220.512821 4227.179487 4211.794872 4225.128205 4218.974359 4228.205128 4231.282051 4224.102564 4194.358974 4224.615385 4209.230769
4229.230769 4224.615385 4233.333333 4226.666667 4225.128205 4214.871795 4228.205128 4226.666667 4238.461538 4231.794872 4228.717949 4197.435897 4229.230769 4204.615385
4217.435897 4213.333333 4217.948718 4217.435897 4231.282051 4211.794872 4220.000000 4220.000000 4225.641026 4231.282051 4216.923077 4188.717949 4215.384615 4208.205128
4207.179487 4203.589744 4211.794872 4211.282051 4225.641026 4208.717949 4215.897436 4213.846154 4216.410256 4230.769231 4211.282051 4181.025641 4212.307692 4205.641026
4220.000000 4217.948718 4223.076923 4224.102564 4226.153846 4217.435897 4224.615385 4220.000000 4227.179487 4231.794872 4220.000000 4191.794872 4225.641026 4207.692308
4224.102564 4226.153846 4222.051282 4227.692308 4228.205128 4221.538462 4229.743590 4224.102564 4234.358974 4231.794872 4218.461538 4189.230769 4223.589744 4204.615385
4201.025641 4207.179487 4201.025641 4213.846154 4224.102564 4209.230769 4214.358974 4212.820513 4223.589744 4231.794872 4205.128205 4166.666667 4207.692308 4199.487179
4189.743590 4193.846154 4190.256410 4205.641026 4228.717949 4208.717949 4200.000000 4198.461538 4213.846154 4232.820513 4202.051282 4162.051282 4203.076923 4204.102564
4204.615385 4207.692308 4202.564103 4211.794872 4224.102564 4218.461538 4206.666667 4204.102564 4220.512821 4232.307692 4211.282051 4174.358974 4212.820513 4202.051282
4193.333333 4200.000000 4193.333333 4201.025641 4225.128205 4213.846154 4200.000000 4205.128205 4216.923077 4231.282051 4204.102564 4167.692308 4199.487179 4201.025641
4179.487179 4190.256410 4180.000000 4193.333333 4229.230769 4208.205128 4193.846154 4197.948718 4209.743590 4231.282051 4194.358974 4156.923077 4191.794872 4201.538462
4191.794872 4204.615385 4191.794872 4206.153846 4222.564103 4218.974359 4206.153846 4203.076923 4218.461538 4232.307692 4202.564103 4164.615385 4207.179487 4200.000000
4194.871795 4205.128205 4196.410256 4208.205128 4227.692308 4222.564103 4206.153846 4204.615385 4221.538462 4232.820513 4207.692308 4169.230769 4206.666667 4200.512821
4201.025641 4207.179487 4201.025641 4209.230769 4227.692308 4211.794872 4209.230769 4207.179487 4220.512821 4231.794872 4210.769231 4171.282051 4209.743590 4200.000000
4212.820513 4217.435897 4211.282051 4217.435897 4225.128205 4213.333333 4221.538462 4218.974359 4227.179487 4231.282051 4219.487179 4180.000000 4221.025641 4205.128205
4218.461538 4223.589744 4216.923077 4224.102564 4226.666667 4218.974359 4228.717949 4232.820513 4235.897436 4232.307692 4227.692308 4188.717949 4228.717949 4204.615385
4223.076923 4226.666667 4217.948718 4222.564103 4224.102564 4216.410256 4228.205128 4236.923077 4237.435897 4232.307692 4226.666667 4191.282051 4237.435897 4201.538462
4226.153846 4226.666667 4215.897436 4220.512821 4228.205128 4216.410256 4228.205128 4232.307692 4236.923077 4231.282051 4219.487179 4187.179487 4234.871795 4206.666667
4240.512821 4237.435897 4226.666667 4229.743590 4226.153846 4216.923077 4232.820513 4234.358974 4236.923077 4231.282051 4224.615385 4192.307692 4233.846154 4207.692308
4252.307692 4244.615385 4235.384615 4233.846154 4226.153846 4215.897436 4225.128205 4223.076923 4222.051282 4231.794872 4231.794872 4199.487179 4242.564103 4210.769231
4263.076923 4254.358974 4237.435897 4233.846154 4227.179487 4216.923077 4218.974359 4210.256410 4215.897436 4231.794872 4229.230769 4199.487179 4256.923077 4212.820513
4276.923077 4270.769231 4241.538462 4242.564103 4220.512821 4215.384615 4221.538462 4213.333333 4227.692308 4232.307692 4230.769231 4204.102564 4268.717949 4210.769231
4283.076923 4277.948718 4246.153846 4249.743590 4228.205128 4215.384615 4217.948718 4213.846154 4227.179487 4233.333333 4237.435897 4211.794872 4275.897436 4218.974359
4293.333333 4285.128205 4256.410256 4255.384615 4227.179487 4217.948718 4221.538462 4220.512821 4227.179487 4232.307692 4247.179487 4217.435897 4290.256410 4220.512821
4295.384615 4281.538462 4255.384615 4251.794872 4223.589744 4219.487179 4225.128205 4228.205128 4235.384615 4232.307692 4249.230769 4216.923077 4290.769231 4217.435897
4284.615385 4265.128205 4243.076923 4241.025641 4229.230769 4220.512821 4221.025641 4226.153846 4233.846154 4233.333333 4243.076923 4209.743590 4283.589744 4215.384615
4277.435897 4259.487179 4239.487179 4236.410256 4225.641026 4217.435897 4219.487179 4227.692308 4228.717949 4233.333333 4243.589744 4207.179487 4287.692308 4212.307692
4275.897436 4256.410256 4244.102564 4238.461538 4227.692308 4215.384615 4222.564103 4230.256410 4233.333333 4232.307692 4248.205128 4211.794872 4288.205128 4214.871795
4272.820513 4250.769231 4248.205128 4240.512821 4226.153846 4222.051282 4230.256410 4231.282051 4237.435897 4232.307692 4249.230769 4211.282051 4286.666667 4213.333333
4247.692308 4230.769231 4227.692308 4227.692308 4225.128205 4218.461538 4216.923077 4220.000000 4225.641026 4231.794872 4235.897436 4197.948718 4267.179487 4212.820513
4213.846154 4203.589744 4198.461538 4206.153846 4231.794872 4207.179487 4192.820513 4202.051282 4215.384615 4231.282051 4218.461538 4178.974359 4238.974359 4211.794872
4210.256410 4195.897436 4202.564103 4201.538462 4226.153846 4209.743590 4201.025641 4212.307692 4229.230769 4232.307692 4221.025641 4178.461538 4243.589744 4209.230769
4212.820513 4191.794872 4210.769231 4204.102564 4226.153846 4221.025641 4216.923077 4229.743590 4235.897436 4233.333333 4230.256410 4190.256410 4256.923077 4215.384615
4196.410256 4180.000000 4199.487179 4200.512821 4225.641026 4218.461538 4211.794872 4224.102564 4227.179487 4231.794872 4226.666667 4184.102564 4247.692308 4208.205128
4171.282051 4163.589744 4182.051282 4186.666667 4224.615385 4209.230769 4199.487179 4209.743590 4222.564103 4232.307692 4213.846154 4167.179487 4226.153846 4201.025641
4155.384615 4148.205128 4169.230769 4171.794872 4229.230769 4209.743590 4196.410256 4203.589744 4222.051282 4232.820513 4207.179487 4162.051282 4212.820513 4205.641026
4154.358974 4148.205128 4172.820513 4173.333333 4223.076923 4214.358974 4205.128205 4212.820513 4225.641026 4231.794872 4213.846154 4168.205128 4217.948718 4206.153846
4150.769231 4147.179487 4172.307692 4176.923077 4226.153846 4220.000000 4208.717949 4215.897436 4227.692308 4231.794872 4213.846154 4168.717949 4215.384615 4204.102564
4147.692308 4143.076923 4166.666667 4174.871795 4227.692308 4220.512821 4207.692308 4212.307692 4226.666667 4231.794872 4210.256410 4164.102564 4210.769231 4195.897436
4143.589744 4140.512821 4165.641026 4172.820513 4224.102564 4214.871795 4201.025641 4206.153846 4222.564103 4232.820513 4212.820513 4163.589744 4211.794872 4196.410256
4131.282051 4132.820513 4158.974359 4169.743590 4228.717949 4214.358974 4193.333333 4201.025641 4219.487179 4233.846154 4207.179487 4158.461538 4203.076923 4203.076923
4126.666667 4133.333333 4155.897436 4170.769231 4222.051282 4213.846154 4196.923077 4207.692308 4222.564103 4232.307692 4203.589744 4152.307692 4198.974359 4200.000000
4113.846154 4120.512821 4145.641026 4161.538462 4225.128205 4208.205128 4191.794872 4202.051282 4217.948718 4231.794872 4201.025641 4146.666667 4190.769231 4201.025641
4101.538462 4105.641026 4135.384615 4149.230769 4230.256410 4205.641026 4182.051282 4191.794872 4211.794872 4232.307692 4194.358974 4138.974359 4182.564103 4201.538462
4105.128205 4109.230769 4136.923077 4149.230769 4222.564103 4207.692308 4182.051282 4194.358974 4213.846154 4232.307692 4189.230769 4136.410256 4179.487179 4201.538462
4105.641026 4111.282051 4137.435897 4152.307692 4226.153846 4211.282051 4185.128205 4198.461538 4216.923077 4232.307692 4189.230769 4139.487179 4176.923077 4206.666667
4110.769231 4119.487179 4144.615385 4158.974359 4226.666667 4213.333333 4194.358974 4204.615385 4218.461538 4230.256410 4194.871795 4147.179487 4189.230769 4203.589744
4110.256410 4117.435897 4143.589744 4156.923077 4227.179487 4212.820513 4192.307692 4199.487179 4212.820513 4230.256410 4192.307692 4147.179487 4189.743590 4202.564103
4105.641026 4115.384615 4139.487179 4154.358974 4228.717949 4214.358974 4188.205128 4194.358974 4210.769231 4232.307692 4189.743590 4141.538462 4180.512821 4204.102564
4113.846154 4129.230769 4147.179487 4165.128205 4224.102564 4212.307692 4193.333333 4203.076923 4218.461538 4232.307692 4197.435897 4145.641026 4184.102564 4205.128205
4118.974359 4133.333333 4151.282051 4170.769231 4228.205128 4209.230769 4192.820513 4205.641026 4220.000000 4229.743590 4200.000000 4149.743590 4182.051282 4208.717949
4118.461538 4131.794872 4147.179487 4167.179487 4226.666667 4206.666667 4191.794872 4203.076923 4220.000000 4231.282051 4196.410256 4146.666667 4177.948718 4204.615385
4116.410256 4128.717949 4141.538462 4161.025641 4225.128205 4206.666667 4189.230769 4195.897436 4218.974359 4233.846154 4193.333333 4142.564103 4176.923077 4204.615385
4124.102564 4135.384615 4149.230769 4166.153846 4225.641026 4212.307692 4197.948718 4200.512821 4218.461538 4231.794872 4199.487179 4151.282051 4185.641026 4206.153846
4131.282051 4141.025641 4156.410256 4173.846154 4223.076923 4212.820513 4206.153846 4217.435897 4222.564103 4230.769231 4204.615385 4159.487179 4191.282051 4207.692308
4122.051282 4131.282051 4148.205128 4166.666667 4229.230769 4209.230769 4197.435897 4212.820513 4217.435897 4232.820513 4196.923077 4151.794872 4182.051282 4211.794872
