4294.358974 4284.615385 4294.358974 4237.948718 4228.205128 4247.179487 4268.205128 4268.717949 4244.615385 4232.307692 4223.589744 4231.282051 4258.461538 4243.589744
4291.794872 4285.641026 4297.948718 4239.487179 4229.230769 4246.153846 4264.615385 4262.564103 4241.025641 4232.820513 4221.538462 4236.410256 4259.487179 4246.153846
4297.435897 4292.820513 4303.076923 4243.076923 4226.153846 4237.948718 4266.153846 4262.564103 4245.641026 4232.307692 4226.666667 4236.923077 4261.538462 4244.102564
4294.358974 4293.846154 4299.487179 4241.538462 4231.794872 4233.333333 4263.589744 4265.128205 4246.153846 4231.794872 4223.076923 4234.358974 4253.333333 4247.179487
4291.282051 4289.743590 4296.923077 4235.897436 4228.205128 4241.025641 4262.564103 4263.076923 4246.153846 4231.794872 4220.000000 4233.333333 4256.923077 4247.179487
4291.794872 4281.538462 4296.410256 4230.769231 4225.641026 4243.589744 4258.974359 4256.923077 4247.692308 4232.307692 4221.538462 4235.384615 4263.589744 4246.153846
4293.846154 4286.666667 4297.948718 4236.410256 4231.794872 4238.974359 4256.410256 4261.538462 4248.205128 4232.307692 4222.564103 4238.461538 4264.102564 4243.589744
4294.871795 4293.846154 4301.538462 4241.025641 4228.205128 4241.538462 4263.589744 4269.743590 4250.769231 4232.307692 4228.205128 4239.487179 4272.307692 4241.538462
4296.410256 4290.256410 4303.589744 4237.948718 4230.256410 4249.743590 4268.205128 4268.205128 4253.846154 4231.794872 4233.333333 4241.025641 4278.461538 4247.692308
4312.820513 4306.666667 4320.000000 4253.333333 4228.717949 4252.307692 4275.897436 4277.435897 4260.512821 4232.307692 4233.846154 4248.205128 4283.589744 4243.589744
4311.282051 4305.128205 4320.000000 4255.384615 4226.153846 4248.717949 4269.743590 4273.846154 4258.974359 4232.820513 4228.205128 4246.666667 4273.846154 4240.000000
4291.794872 4274.871795 4297.435897 4233.846154 4231.794872 4245.128205 4251.794872 4257.948718 4252.307692 4232.307692 4224.102564 4234.871795 4260.512821 4242.564103
4287.692308 4270.256410 4292.307692 4226.666667 4230.256410 4245.641026 4253.333333 4265.641026 4253.846154 4232.307692 4227.179487 4233.846154 4262.564103 4241.538462
4285.641026 4274.358974 4294.358974 4229.743590 4231.794872 4252.307692 4258.461538 4266.666667 4251.794872 4232.307692 4223.589744 4237.435897 4262.564103 4241.538462
4286.666667 4277.435897 4291.794872 4233.333333 4228.717949 4257.948718 4256.410256 4257.435897 4252.307692 4231.794872 4217.948718 4232.307692 4264.102564 4236.410256
4284.102564 4277.435897 4284.102564 4230.769231 4227.692308 4256.410256 4248.205128 4254.871795 4252.307692 4233.846154 4213.846154 4226.666667 4257.948718 4236.923077
4267.179487 4257.948718 4270.769231 4213.846154 4232.820513 4253.333333 4240.512821 4248.717949 4245.641026 4234.871795 4205.641026 4222.564103 4243.076923 4240.512821
4257.435897 4240.000000 4262.051282 4205.128205 4225.128205 4248.205128 4240.000000 4242.051282 4241.538462 4232.307692 4202.564103 4217.435897 4242.564103 4231.282051
4260.000000 4247.179487 4261.538462 4215.384615 4226.666667 4242.051282 4236.410256 4239.487179 4240.512821 4232.307692 4200.512821 4212.307692 4247.179487 4233.333333
4266.666667 4261.538462 4267.179487 4220.000000 4230.769231 4239.487179 4235.384615 4240.512821 4242.051282 4234.358974 4193.846154 4213.333333 4243.076923 4236.410256
4266.153846 4249.743590 4266.153846 4212.307692 4229.230769 4240.512821 4236.923077 4241.025641 4240.512821 4232.820513 4191.282051 4215.384615 4236.923077 4234.358974
4258.974359 4232.820513 4263.076923 4209.230769 4233.333333 4243.076923 4235.384615 4238.461538 4236.923077 4232.307692 4195.897436 4212.307692 4239.487179 4235.897436
4261.025641 4242.564103 4268.717949 4213.846154 4229.743590 4243.076923 4240.000000 4242.051282 4240.000000 4232.307692 4196.923077 4213.846154 4243.076923 4234.358974
4265.128205 4251.282051 4268.717949 4213.846154 4231.794872 4241.025641 4240.000000 4239.487179 4237.948718 4231.282051 4187.692308 4215.897436 4231.794872 4236.923077
4262.564103 4246.153846 4264.102564 4212.820513 4231.282051 4235.384615 4238.974359 4237.435897 4233.846154 4231.794872 4186.153846 4211.794872 4225.128205 4234.358974
4255.384615 4237.435897 4261.538462 4209.230769 4225.641026 4230.769231 4236.410256 4239.487179 4238.974359 4231.794872 4189.743590 4210.769231 4226.666667 4235.384615
4251.794872 4232.820513 4258.974359 4208.205128 4232.307692 4231.282051 4229.743590 4238.461538 4240.000000 4231.794872 4182.051282 4210.769231 4217.435897 4240.512821
4257.948718 4247.692308 4262.564103 4216.410256 4230.256410 4233.333333 4231.282051 4238.461538 4235.384615 4232.820513 4177.435897 4206.153846 4216.410256 4234.871795
4256.923077 4252.820513 4257.948718 4212.820513 4229.743590 4237.435897 4231.282051 4233.333333 4232.307692 4232.307692 4180.512821 4205.128205 4221.538462 4235.897436
4254.871795 4244.615385 4255.384615 4206.153846 4231.282051 4236.923077 4229.230769 4229.230769 4234.358974 4231.794872 4182.564103 4209.230769 4224.615385 4237.435897
4257.948718 4246.153846 4262.051282 4213.333333 4227.692308 4229.230769 4230.769231 4232.820513 4233.846154 4232.820513 4181.538462 4210.769231 4228.205128 4232.820513
4252.307692 4246.666667 4256.923077 4217.435897 4231.282051 4226.666667 4232.307692 4234.358974 4229.230769 4233.333333 4175.897436 4206.153846 4224.102564 4234.871795
4256.923077 4248.717949 4257.948718 4216.410256 4226.666667 4229.230769 4240.000000 4240.000000 4235.897436 4231.282051 4177.948718 4207.179487 4227.179487 4235.384615
4261.025641 4247.179487 4264.102564 4213.333333 4225.641026 4231.282051 4241.025641 4242.051282 4242.564103 4231.794872 4185.128205 4213.333333 4230.769231 4236.923077
4258.974359 4248.205128 4270.256410 4216.410256 4230.769231 4231.282051 4242.564103 4246.153846 4245.641026 4233.333333 4188.205128 4217.435897 4232.307692 4236.410256
4263.076923 4252.820513 4273.333333 4223.589744 4229.230769 4229.743590 4247.692308 4256.410256 4248.717949 4232.307692 4186.153846 4219.487179 4236.410256 4237.435897
4256.923077 4241.538462 4260.000000 4210.769231 4233.846154 4232.307692 4235.897436 4244.615385 4240.000000 4231.794872 4174.871795 4213.333333 4227.692308 4243.076923
4255.897436 4238.461538 4256.923077 4203.076923 4230.256410 4236.923077 4235.384615 4240.512821 4239.487179 4231.282051 4173.846154 4211.282051 4226.666667 4237.948718
4259.487179 4241.025641 4264.615385 4211.282051 4229.230769 4236.923077 4243.076923 4253.333333 4249.230769 4232.307692 4180.000000 4216.410256 4232.307692 4236.923077
4253.846154 4236.410256 4261.025641 4212.307692 4233.333333 4235.897436 4239.487179 4246.153846 4245.641026 4233.846154 4174.871795 4211.282051 4228.717949 4239.487179
4247.692308 4230.769231 4253.333333 4205.641026 4226.666667 4235.384615 4238.461538 4231.282051 4235.897436 4233.846154 4169.743590 4204.102564 4217.948718 4234.871795
4243.589744 4226.666667 4251.794872 4204.102564 4229.230769 4234.358974 4240.512821 4230.769231 4235.897436 4232.307692 4169.230769 4205.128205 4209.230769 4233.333333
4253.333333 4236.923077 4263.589744 4215.384615 4229.230769 4235.384615 4244.102564 4245.641026 4246.153846 4231.794872 4172.307692 4208.717949 4225.128205 4231.794872
4258.974359 4239.487179 4268.205128 4217.435897 4226.666667 4234.358974 4244.102564 4250.256410 4247.179487 4232.307692 4173.333333 4210.256410 4233.333333 4237.948718
4253.333333 4229.743590 4261.538462 4212.307692 4230.256410 4234.871795 4244.102564 4248.205128 4242.051282 4232.820513 4174.358974 4211.794872 4222.564103 4240.000000
4254.871795 4235.384615 4263.076923 4216.923077 4226.666667 4238.461538 4250.769231 4253.846154 4248.717949 4232.307692 4183.076923 4217.948718 4230.769231 4233.333333
4257.435897 4238.461538 4265.128205 4219.487179 4228.717949 4242.051282 4251.794872 4255.384615 4255.384615 4232.820513 4186.666667 4220.512821 4241.025641 4235.897436
4256.410256 4235.897436 4264.102564 4217.948718 4227.692308 4241.538462 4249.230769 4255.897436 4254.358974 4232.820513 4180.000000 4214.358974 4235.897436 4233.846154
4252.820513 4236.410256 4261.025641 4220.000000 4227.179487 4241.025641 4246.666667 4251.794872 4250.769231 4231.794872 4175.384615 4210.256410 4222.051282 4233.846154
4256.923077 4242.564103 4264.102564 4225.128205 4231.282051 4237.948718 4245.128205 4246.666667 4248.205128 4230.256410 4180.000000 4211.794872 4223.076923 4236.410256
4262.051282 4247.179487 4269.743590 4224.615385 4227.179487 4228.717949 4246.153846 4248.205128 4246.153846 4230.769231 4180.512821 4213.333333 4236.410256 4233.846154
4253.333333 4239.487179 4262.564103 4218.974359 4232.307692 4233.846154 4246.153846 4247.179487 4243.076923 4232.307692 4174.358974 4212.820513 4230.256410 4238.974359
4251.794872 4236.410256 4258.974359 4220.512821 4231.794872 4243.589744 4248.717949 4250.769231 4246.153846 4231.282051 4177.948718 4212.307692 4224.615385 4236.923077
4258.461538 4237.435897 4261.538462 4221.025641 4227.179487 4237.948718 4245.641026 4250.256410 4246.666667 4231.794872 4181.538462 4211.282051 4229.230769 4231.282051
4266.153846 4243.076923 4267.179487 4223.589744 4232.307692 4237.435897 4248.205128 4248.205128 4243.589744 4232.307692 4181.025641 4213.846154 4235.897436 4233.333333
4275.384615 4252.307692 4277.948718 4233.333333 4225.128205 4242.564103 4264.102564 4263.589744 4253.846154 4231.282051 4191.282051 4225.128205 4246.666667 4235.897436
4268.205128 4240.000000 4275.384615 4229.230769 4224.102564 4240.000000 4262.051282 4269.230769 4257.435897 4231.794872 4194.871795 4228.717949 4238.974359 4241.538462
4263.076923 4237.435897 4267.692308 4217.948718 4227.179487 4235.897436 4248.717949 4256.410256 4248.717949 4232.307692 4185.641026 4217.948718 4224.615385 4236.923077
4273.846154 4257.948718 4271.282051 4215.897436 4226.153846 4237.435897 4246.666667 4249.230769 4243.589744 4232.820513 4181.025641 4211.794872 4221.538462 4234.871795
4279.487179 4269.743590 4276.410256 4215.897436 4230.769231 4235.897436 4251.282051 4252.307692 4246.153846 4233.333333 4180.512821 4217.435897 4217.435897 4241.538462
4275.897436 4276.923077 4277.948718 4221.025641 4226.153846 4231.282051 4251.282051 4255.897436 4248.717949 4232.307692 4181.025641 4223.076923 4211.794872 4237.435897
4268.205128 4282.051282 4270.769231 4226.153846 4226.666667 4233.846154 4239.487179 4243.076923 4236.923077 4231.282051 4176.410256 4215.897436 4199.487179 4235.897436
4268.717949 4287.692308 4266.153846 4225.128205 4229.230769 4235.897436 4235.897436 4235.384615 4229.743590 4232.307692 4170.769231 4206.153846 4189.743590 4235.384615
4269.230769 4288.205128 4265.641026 4221.538462 4225.128205 4232.307692 4238.461538 4239.487179 4234.358974 4233.333333 4167.179487 4205.641026 4182.564103 4233.846154
4261.025641 4286.153846 4257.948718 4224.102564 4231.282051 4236.410256 4232.820513 4234.871795 4231.282051 4232.307692 4160.000000 4203.589744 4172.820513 4236.410256
4264.102564 4300.512821 4256.410256 4236.410256 4230.769231 4242.564103 4236.923077 4231.794872 4225.641026 4231.794872 4158.974359 4201.538462 4174.871795 4231.282051
4272.820513 4309.230769 4262.051282 4236.923077 4229.743590 4241.025641 4241.538462 4235.384615 4226.153846 4232.307692 4160.512821 4206.153846 4178.461538 4232.820513
4276.923077 4302.051282 4268.717949 4234.358974 4230.769231 4241.025641 4241.025641 4240.512821 4232.820513 4232.307692 4161.025641 4208.717949 4184.615385 4234.871795
4273.846154 4297.435897 4267.692308 4237.948718 4228.205128 4242.051282 4242.051282 4237.948718 4232.820513 4231.794872 4167.692308 4206.666667 4191.282051 4234.358974
4267.179487 4294.871795 4260.000000 4230.256410 4231.282051 4237.948718 4238.974359 4230.769231 4226.153846 4231.282051 4170.256410 4204.102564 4182.051282 4237.435897
4273.333333 4307.692308 4264.615385 4234.871795 4226.666667 4237.435897 4241.025641 4241.025641 4232.307692 4230.769231 4167.179487 4205.641026 4176.410256 4232.820513
4274.871795 4314.358974 4268.717949 4251.282051 4227.692308 4242.051282 4241.025641 4243.589744 4236.923077 4232.820513 4167.179487 4208.205128 4182.051282 4233.846154
4274.358974 4303.589744 4270.769231 4247.179487 4231.794872 4242.564103 4243.589744 4234.871795 4231.794872 4233.846154 4174.358974 4210.256410 4188.717949 4236.410256
4283.589744 4302.051282 4277.948718 4238.974359 4225.128205 4244.102564 4254.871795 4244.102564 4235.384615 4231.794872 4182.051282 4215.897436 4193.333333 4235.897436
4284.615385 4309.230769 4276.923077 4246.153846 4229.230769 4250.769231 4254.871795 4255.384615 4242.051282 4231.282051 4182.051282 4218.461538 4197.435897 4238.974359
4287.179487 4317.435897 4282.051282 4254.871795 4230.256410 4254.358974 4258.461538 4257.435897 4248.205128 4232.307692 4186.153846 4221.538462 4210.256410 4235.384615
4290.769231 4313.333333 4285.641026 4251.794872 4229.230769 4254.358974 4262.051282 4256.923077 4248.717949 4232.820513 4191.794872 4227.179487 4208.205128 4237.948718
4281.538462 4304.102564 4271.282051 4250.256410 4231.794872 4250.769231 4255.384615 4254.871795 4243.076923 4232.307692 4186.666667 4220.000000 4190.256410 4239.487179
4275.897436 4310.256410 4266.666667 4251.794872 4225.641026 4245.641026 4257.435897 4253.333333 4246.666667 4231.282051 4183.589744 4212.820513 4193.846154 4233.846154
4275.384615 4315.897436 4271.794872 4248.717949 4232.820513 4250.256410 4262.564103 4250.769231 4249.743590 4229.743590 4187.179487 4215.897436 4198.974359 4236.923077
4277.435897 4317.435897 4275.897436 4260.512821 4232.307692 4254.871795 4263.589744 4255.897436 4248.717949 4230.769231 4188.205128 4216.923077 4197.435897 4235.897436
4277.435897 4313.333333 4273.333333 4267.692308 4226.153846 4251.282051 4260.000000 4257.435897 4247.692308 4231.794872 4185.128205 4211.282051 4194.358974 4233.333333
4281.025641 4316.923077 4275.897436 4262.564103 4231.282051 4252.820513 4265.641026 4261.025641 4247.692308 4232.307692 4189.230769 4213.846154 4200.000000 4235.384615
4292.307692 4328.205128 4290.256410 4268.717949 4229.743590 4255.897436 4271.794872 4266.666667 4248.717949 4232.820513 4195.897436 4224.615385 4209.743590 4235.384615
4282.051282 4316.923077 4280.512821 4267.692308 4230.256410 4251.794872 4253.333333 4249.230769 4242.564103 4232.307692 4188.717949 4220.000000 4197.435897 4237.435897
4274.871795 4306.153846 4267.179487 4261.538462 4230.769231 4251.794872 4247.692308 4242.564103 4246.666667 4231.794872 4188.205128 4211.794872 4195.384615 4231.794872
4286.666667 4316.410256 4278.461538 4267.692308 4231.282051 4255.384615 4263.589744 4261.538462 4258.461538 4233.333333 4198.974359 4219.487179 4210.256410 4233.333333
4286.666667 4331.282051 4286.666667 4278.974359 4231.794872 4251.282051 4265.128205 4263.076923 4257.435897 4234.358974 4198.461538 4226.153846 4207.692308 4241.538462
4278.461538 4325.641026 4276.923077 4278.461538 4223.589744 4247.179487 4259.487179 4254.358974 4252.307692 4233.333333 4194.871795 4222.051282 4204.102564 4234.358974
4272.307692 4296.410256 4263.076923 4265.641026 4228.205128 4251.282051 4256.410256 4253.333333 4248.717949 4232.820513 4194.871795 4215.384615 4203.589744 4233.333333
4272.820513 4288.205128 4270.256410 4259.487179 4228.717949 4250.256410 4257.948718 4256.923077 4249.230769 4231.282051 4196.923077 4218.974359 4205.128205 4237.435897
4268.205128 4300.000000 4276.410256 4260.512821 4223.589744 4245.128205 4255.384615 4251.794872 4248.205128 4231.794872 4196.410256 4221.538462 4202.051282 4235.897436
4262.564103 4308.717949 4268.205128 4266.666667 4229.743590 4248.717949 4251.282051 4246.666667 4246.666667 4232.820513 4196.410256 4212.307692 4196.410256 4233.846154
4268.205128 4311.282051 4267.179487 4271.794872 4226.666667 4251.794872 4254.871795 4255.384615 4250.256410 4230.769231 4196.923077 4208.205128 4197.435897 4232.820513
4264.615385 4289.230769 4266.153846 4264.102564 4228.717949 4251.794872 4255.897436 4255.897436 4250.256410 4231.282051 4192.307692 4213.333333 4194.358974 4237.435897
4267.692308 4283.589744 4270.256410 4262.051282 4231.282051 4249.743590 4261.538462 4255.384615 4256.923077 4233.333333 4201.025641 4218.974359 4208.717949 4235.384615
4279.487179 4308.717949 4276.410256 4271.794872 4226.153846 4245.641026 4262.564103 4260.000000 4260.512821 4231.282051 4215.384615 4222.564103 4229.743590 4236.410256
4272.820513 4301.538462 4269.743590 4271.282051 4232.307692 4248.205128 4252.820513 4253.846154 4250.769231 4229.230769 4208.717949 4219.487179 4223.589744 4242.051282
4268.717949 4278.461538 4269.230769 4264.102564 4229.743590 4251.794872 4255.384615 4255.897436 4252.307692 4231.794872 4202.564103 4217.435897 4221.538462 4236.410256
4274.358974 4283.589744 4276.923077 4268.717949 4228.717949 4252.307692 4262.051282 4259.487179 4255.897436 4233.333333 4210.256410 4224.102564 4231.794872 4236.410256
4280.000000 4300.512821 4283.076923 4281.025641 4230.769231 4254.358974 4260.000000 4255.897436 4249.230769 4232.820513 4213.846154 4227.179487 4235.897436 4238.461538
4278.461538 4296.923077 4281.025641 4273.846154 4227.692308 4253.333333 4254.358974 4251.282051 4248.717949 4231.794872 4207.179487 4223.589744 4228.717949 4237.435897
4272.307692 4283.076923 4271.794872 4261.538462 4232.307692 4248.717949 4253.333333 4248.205128 4250.769231 4232.307692 4205.128205 4221.025641 4223.589744 4237.948718
4272.820513 4288.205128 4271.794872 4267.692308 4231.282051 4247.692308 4257.948718 4253.333333 4250.769231 4231.794872 4215.384615 4223.589744 4232.307692 4234.871795
4268.717949 4294.871795 4269.743590 4268.205128 4229.743590 4249.230769 4251.794872 4252.307692 4253.846154 4231.282051 4216.410256 4225.128205 4235.384615 4237.948718
4269.743590 4294.871795 4270.256410 4272.307692 4228.717949 4247.692308 4248.717949 4251.282051 4261.538462 4232.820513 4211.282051 4222.564103 4232.307692 4237.435897
4275.384615 4289.743590 4275.897436 4277.948718 4226.666667 4245.128205 4254.871795 4256.923077 4258.974359 4231.794872 4213.846154 4223.076923 4230.256410 4234.871795
4263.076923 4270.769231 4265.128205 4259.487179 4232.307692 4247.692308 4249.743590 4252.820513 4243.589744 4229.743590 4210.256410 4220.512821 4220.512821 4239.487179
4257.948718 4276.923077 4261.538462 4259.487179 4228.717949 4252.820513 4254.358974 4257.435897 4245.128205 4230.256410 4207.692308 4217.435897 4223.589744 4235.897436
4261.538462 4293.846154 4266.153846 4276.923077 4227.179487 4254.871795 4264.102564 4265.128205 4255.897436 4231.282051 4213.333333 4218.974359 4227.179487 4236.410256
4258.974359 4284.615385 4262.564103 4268.205128 4229.743590 4249.743590 4260.000000 4258.461538 4254.358974 4231.794872 4209.743590 4217.948718 4223.589744 4238.974359
4257.948718 4272.820513 4262.564103 4260.512821 4225.128205 4243.589744 4252.820513 4254.871795 4248.205128 4232.307692 4203.589744 4216.410256 4228.717949 4236.410256
4261.538462 4278.461538 4265.128205 4268.717949 4231.794872 4248.717949 4250.256410 4260.000000 4248.717949 4231.282051 4214.358974 4218.461538 4228.205128 4238.974359
4271.282051 4296.410256 4270.256410 4273.846154 4230.256410 4252.820513 4256.923077 4269.230769 4260.512821 4230.256410 4226.666667 4225.128205 4230.256410 4234.871795
4277.948718 4293.333333 4276.410256 4274.358974 4226.666667 4248.717949 4262.051282 4270.769231 4265.641026 4231.794872 4222.564103 4230.256410 4242.564103 4236.923077
4275.897436 4283.076923 4282.051282 4278.974359 4229.743590 4253.333333 4260.512821 4267.179487 4258.974359 4233.333333 4223.076923 4232.307692 4249.230769 4241.025641
4276.923077 4290.256410 4286.153846 4281.538462 4224.615385 4255.897436 4261.025641 4274.871795 4261.025641 4232.820513 4234.358974 4236.923077 4247.692308 4237.435897
4277.435897 4291.282051 4284.615385 4276.923077 4231.282051 4252.307692 4266.666667 4276.923077 4266.666667 4231.794872 4232.307692 4239.487179 4242.051282 4240.000000
4277.948718 4290.769231 4285.641026 4275.897436 4232.820513 4254.871795 4274.358974 4272.820513 4264.615385 4231.794872 4229.230769 4237.435897 4245.641026 4237.435897
4274.871795 4285.128205 4284.615385 4275.897436 4227.692308 4255.384615 4266.666667 4271.794872 4261.025641 4232.307692 4233.333333 4236.923077 4248.717949 4236.410256
4275.897436 4283.076923 4285.128205 4277.435897 4231.282051 4254.358974 4258.461538 4273.333333 4263.076923 4232.307692 4237.435897 4238.461538 4250.256410 4238.974359
4284.615385 4296.410256 4294.871795 4282.051282 4228.205128 4257.948718 4268.717949 4274.871795 4265.641026 4231.794872 4242.051282 4241.538462 4256.923077 4234.871795
4281.025641 4291.282051 4291.282051 4278.461538 4228.717949 4259.487179 4268.205128 4268.205128 4263.076923 4232.820513 4239.487179 4239.487179 4254.358974 4235.897436
4280.000000 4283.589744 4285.128205 4281.538462 4228.717949 4257.948718 4265.128205 4267.692308 4262.564103 4231.794872 4236.923077 4235.384615 4258.974359 4231.282051
4285.128205 4289.743590 4288.717949 4286.153846 4228.205128 4258.461538 4266.153846 4266.666667 4262.564103 4230.256410 4241.538462 4238.461538 4265.641026 4226.666667
4281.025641 4288.205128 4290.256410 4278.461538 4232.307692 4260.000000 4263.589744 4265.641026 4260.512821 4231.794872 4239.487179 4241.025641 4259.487179 4230.256410
4280.000000 4286.153846 4288.205128 4279.487179 4228.717949 4258.974359 4268.205128 4271.794872 4263.589744 4232.307692 4237.948718 4238.974359 4260.000000 4231.282051
4273.846154 4287.179487 4276.923077 4281.025641 4233.333333 4259.487179 4266.153846 4264.615385 4260.512821 4230.769231 4238.461538 4233.333333 4258.974359 4232.307692
4276.410256 4284.102564 4280.512821 4274.871795 4233.333333 4256.410256 4260.512821 4260.000000 4258.461538 4230.769231 4239.487179 4233.333333 4262.564103 4228.717949
4284.102564 4276.923077 4288.205128 4270.256410 4227.692308 4249.743590 4257.435897 4267.179487 4264.102564 4231.282051 4242.564103 4236.923077 4261.538462 4230.256410
4270.256410 4271.794872 4275.384615 4269.230769 4232.820513 4253.333333 4252.820513 4260.000000 4259.487179 4231.794872 4239.487179 4229.230769 4246.666667 4232.307692
4257.435897 4270.769231 4266.153846 4272.307692 4228.205128 4256.410256 4253.333333 4252.820513 4252.307692 4231.282051 4229.743590 4220.512821 4246.153846 4222.564103
4258.974359 4265.128205 4268.205128 4268.717949 4228.717949 4255.384615 4255.897436 4253.846154 4250.769231 4231.282051 4226.153846 4222.051282 4247.692308 4225.641026
4261.025641 4258.974359 4271.282051 4263.076923 4231.794872 4258.461538 4256.923077 4257.435897 4253.333333 4231.794872 4237.948718 4225.128205 4241.538462 4227.692308
4259.487179 4260.512821 4269.230769 4265.128205 4226.666667 4258.974359 4253.333333 4257.948718 4254.871795 4231.794872 4244.102564 4225.641026 4238.974359 4222.564103
4261.538462 4275.384615 4265.641026 4277.435897 4231.794872 4257.948718 4248.717949 4251.794872 4252.820513 4232.307692 4230.769231 4222.564103 4239.487179 4225.641026
4267.692308 4289.743590 4270.769231 4283.589744 4228.717949 4259.487179 4249.230769 4254.358974 4255.384615 4231.794872 4227.692308 4222.051282 4241.538462 4225.128205
4257.435897 4276.410256 4262.564103 4271.794872 4228.205128 4256.410256 4241.025641 4249.743590 4250.256410 4230.769231 4235.897436 4221.025641 4223.076923 4223.589744
4253.333333 4272.307692 4254.871795 4273.333333 4231.282051 4251.794872 4235.384615 4242.564103 4244.102564 4230.769231 4233.333333 4215.897436 4209.743590 4222.564103
4262.564103 4289.230769 4264.615385 4282.564103 4224.615385 4255.384615 4242.564103 4247.179487 4250.256410 4232.820513 4226.666667 4213.846154 4221.025641 4222.051282
4253.846154 4277.435897 4258.461538 4269.743590 4228.717949 4258.974359 4241.025641 4243.589744 4250.769231 4232.820513 4221.538462 4209.743590 4220.512821 4223.076923
4244.615385 4268.205128 4245.128205 4265.128205 4231.282051 4252.307692 4233.846154 4235.897436 4242.051282 4230.769231 4218.974359 4205.641026 4207.692308 4219.487179
4243.589744 4273.846154 4245.641026 4272.820513 4229.743590 4249.743590 4229.230769 4232.307692 4231.282051 4231.282051 4213.846154 4207.179487 4198.974359 4224.615385
4243.076923 4267.692308 4246.153846 4267.179487 4229.230769 4252.820513 4229.743590 4233.846154 4236.923077 4232.820513 4217.435897 4209.743590 4204.102564 4225.641026
4244.102564 4258.974359 4244.615385 4261.025641 4229.230769 4247.692308 4234.871795 4237.435897 4246.666667 4231.794872 4226.153846 4208.717949 4215.897436 4220.000000
4236.923077 4250.769231 4242.051282 4259.487179 4233.333333 4240.000000 4229.743590 4232.820513 4242.051282 4231.794872 4217.948718 4204.102564 4214.871795 4221.538462
4231.794872 4250.256410 4237.948718 4257.435897 4227.179487 4236.923077 4230.256410 4233.846154 4242.051282 4232.307692 4210.256410 4202.564103 4210.769231 4217.948718
4229.230769 4247.179487 4229.743590 4255.897436 4228.717949 4240.000000 4230.769231 4233.846154 4240.000000 4231.794872 4218.461538 4200.512821 4204.615385 4217.948718
4229.743590 4238.974359 4231.282051 4252.820513 4231.794872 4242.051282 4226.666667 4227.692308 4229.743590 4231.794872 4224.615385 4196.923077 4204.102564 4220.000000
4227.692308 4231.794872 4232.820513 4244.615385 4223.589744 4240.512821 4226.153846 4227.179487 4229.230769 4232.307692 4216.410256 4194.871795 4204.102564 4217.435897
4217.948718 4228.205128 4222.564103 4244.615385 4229.743590 4244.615385 4229.230769 4227.692308 4232.820513 4231.794872 4204.102564 4191.794872 4196.410256 4222.051282
4224.102564 4239.487179 4230.769231 4254.871795 4230.256410 4247.179487 4236.923077 4232.820513 4234.358974 4230.769231 4220.512821 4197.948718 4200.512821 4221.538462
4230.256410 4236.410256 4238.461538 4243.589744 4225.128205 4243.589744 4232.307692 4233.846154 4235.897436 4232.307692 4244.102564 4208.717949 4200.512821 4221.538462
4226.153846 4221.025641 4227.179487 4232.307692 4229.743590 4245.128205 4227.692308 4234.358974 4237.948718 4233.333333 4241.538462 4204.615385 4190.256410 4221.025641
4233.333333 4231.794872 4229.743590 4248.717949 4225.641026 4246.666667 4237.435897 4243.076923 4240.512821 4231.794872 4235.897436 4205.128205 4190.256410 4221.025641
4233.846154 4240.512821 4236.923077 4254.871795 4227.179487 4245.128205 4237.435897 4240.512821 4235.384615 4230.769231 4232.820513 4207.692308 4181.538462 4227.692308
4226.666667 4233.846154 4235.897436 4243.589744 4229.743590 4245.641026 4237.435897 4238.974359 4233.846154 4231.282051 4227.692308 4197.948718 4175.384615 4222.051282
4221.538462 4227.179487 4226.153846 4232.820513 4228.205128 4245.641026 4233.846154 4238.461538 4236.923077 4231.282051 4225.128205 4192.820513 4180.512821 4215.897436
4217.435897 4226.666667 4216.410256 4231.282051 4233.333333 4243.589744 4220.000000 4226.153846 4230.256410 4231.282051 4229.743590 4193.846154 4182.564103 4221.025641
4228.205128 4230.769231 4233.846154 4243.076923 4228.717949 4241.025641 4224.102564 4229.743590 4230.769231 4231.282051 4246.666667 4199.487179 4198.461538 4225.128205
4237.435897 4226.666667 4248.717949 4243.589744 4228.717949 4242.051282 4238.461538 4247.179487 4240.512821 4231.794872 4261.025641 4206.153846 4210.769231 4228.205128
4224.102564 4224.102564 4231.794872 4229.230769 4230.769231 4242.564103 4228.717949 4242.564103 4238.461538 4231.282051 4253.333333 4197.435897 4196.923077 4223.589744
4210.256410 4227.692308 4214.871795 4227.692308 4228.205128 4242.564103 4211.794872 4222.051282 4230.256410 4230.256410 4242.564103 4188.717949 4194.358974 4221.538462
4221.538462 4229.230769 4229.743590 4242.051282 4231.794872 4245.128205 4221.538462 4223.076923 4235.897436 4231.794872 4258.461538 4202.051282 4216.923077 4223.589744
4240.000000 4239.487179 4245.128205 4253.846154 4225.128205 4244.615385 4236.410256 4241.025641 4248.205128 4232.820513 4276.410256 4212.307692 4238.461538 4219.487179
4236.410256 4242.564103 4235.897436 4248.205128 4228.205128 4248.717949 4227.179487 4237.948718 4244.615385 4231.794872 4268.717949 4206.153846 4230.769231 4224.615385
4237.435897 4245.128205 4242.564103 4248.205128 4233.333333 4254.871795 4227.692308 4236.410256 4243.076923 4231.794872 4269.230769 4209.743590 4224.615385 4227.179487
4245.641026 4241.538462 4255.384615 4250.769231 4227.692308 4254.871795 4240.512821 4244.102564 4249.230769 4234.358974 4282.564103 4217.435897 4234.871795 4223.076923
4236.923077 4232.307692 4242.564103 4244.615385 4230.769231 4250.256410 4232.820513 4239.487179 4245.128205 4233.333333 4270.769231 4206.666667 4235.384615 4223.076923
4233.846154 4237.948718 4234.871795 4253.333333 4228.717949 4245.128205 4224.615385 4237.435897 4242.564103 4231.794872 4257.948718 4202.051282 4232.307692 4221.538462
4231.794872 4242.051282 4233.333333 4256.410256 4229.230769 4247.179487 4223.589744 4235.384615 4240.512821 4232.820513 4262.564103 4206.666667 4232.307692 4227.179487
4227.692308 4237.948718 4229.743590 4242.564103 4228.717949 4249.230769 4223.589744 4233.846154 4240.000000 4233.333333 4261.025641 4203.589744 4245.128205 4226.666667
4231.794872 4245.641026 4234.358974 4249.743590 4226.666667 4245.641026 4227.179487 4238.974359 4243.076923 4231.794872 4264.102564 4204.615385 4254.358974 4221.538462
4229.743590 4240.512821 4235.384615 4261.025641 4234.358974 4241.538462 4222.564103 4230.256410 4239.487179 4231.794872 4280.512821 4203.589744 4251.794872 4224.102564
4230.769231 4233.333333 4236.923077 4250.256410 4229.743590 4242.051282 4221.025641 4222.051282 4234.871795 4231.794872 4294.358974 4197.948718 4277.435897 4223.589744
4233.333333 4243.589744 4234.358974 4249.230769 4230.769231 4247.692308 4222.051282 4221.538462 4230.769231 4231.282051 4287.179487 4197.948718 4293.333333 4227.692308
4235.384615 4258.461538 4233.846154 4265.128205 4234.871795 4247.179487 4225.128205 4228.717949 4234.358974 4231.794872 4271.282051 4201.025641 4283.076923 4228.717949
4243.076923 4255.897436 4244.102564 4267.692308 4226.666667 4245.128205 4231.282051 4240.512821 4244.102564 4233.333333 4285.128205 4206.153846 4296.410256 4225.641026
4245.128205 4243.076923 4247.179487 4259.487179 4230.256410 4249.230769 4228.717949 4241.025641 4243.076923 4233.333333 4307.692308 4209.743590 4309.743590 4231.794872
4242.051282 4247.692308 4242.051282 4261.538462 4230.256410 4249.743590 4229.743590 4240.000000 4245.128205 4231.794872 4297.948718 4206.153846 4297.948718 4231.282051
4237.435897 4247.179487 4237.948718 4263.589744 4228.205128 4245.641026 4232.307692 4242.051282 4248.205128 4231.794872 4287.179487 4204.615385 4304.615385 4231.794872
4246.666667 4252.820513 4244.615385 4267.692308 4229.743590 4249.230769 4236.410256 4245.128205 4245.641026 4232.820513 4308.205128 4211.794872 4331.794872 4236.410256
4258.974359 4266.153846 4257.435897 4273.333333 4225.128205 4254.871795 4242.564103 4249.230769 4247.179487 4232.307692 4316.410256 4215.897436 4325.128205 4233.846154
4251.282051 4252.820513 4254.358974 4265.641026 4229.743590 4253.846154 4241.025641 4247.179487 4248.205128 4232.307692 4295.897436 4212.307692 4315.384615 4233.333333
4252.307692 4250.769231 4252.820513 4268.205128 4230.256410 4249.230769 4244.102564 4252.307692 4250.769231 4232.307692 4292.820513 4211.794872 4351.282051 4232.307692
4262.051282 4259.487179 4259.487179 4278.461538 4228.717949 4248.717949 4245.641026 4255.384615 4253.846154 4231.794872 4307.692308 4214.358974 4371.282051 4236.410256
4267.179487 4261.025641 4268.717949 4283.076923 4229.230769 4256.923077 4251.282051 4258.461538 4256.923077 4231.794872 4329.743590 4226.666667 4371.794872 4239.487179
4278.974359 4274.358974 4282.564103 4291.794872 4225.641026 4260.000000 4262.564103 4270.769231 4256.410256 4232.820513 4346.666667 4243.076923 4387.692308 4238.974359
4276.923077 4277.948718 4280.512821 4289.230769 4232.307692 4254.871795 4258.461538 4263.076923 4249.743590 4232.820513 4331.282051 4234.358974 4373.333333 4243.076923
4259.487179 4264.102564 4263.076923 4279.487179 4231.282051 4254.358974 4252.307692 4252.820513 4248.717949 4231.794872 4303.589744 4211.794872 4356.410256 4235.384615
4252.820513 4253.846154 4256.923077 4274.358974 4228.717949 4254.871795 4257.435897 4258.461538 4251.794872 4231.282051 4297.435897 4215.384615 4373.333333 4230.256410
4263.076923 4255.897436 4270.256410 4272.307692 4233.333333 4251.794872 4260.000000 4260.512821 4253.333333 4232.307692 4310.769231 4232.307692 4393.846154 4237.435897
4264.102564 4260.000000 4272.820513 4269.230769 4225.641026 4246.666667 4251.282051 4258.461538 4255.384615 4231.794872 4308.205128 4232.307692 4397.435897 4233.846154
4247.692308 4256.410256 4254.358974 4265.641026 4228.205128 4248.205128 4245.128205 4261.538462 4253.333333 4231.282051 4286.666667 4219.487179 4385.128205 4228.717949
4256.923077 4263.589744 4262.564103 4277.435897 4231.794872 4250.256410 4255.384615 4268.717949 4257.948718 4232.820513 4297.948718 4225.128205 4408.205128 4229.743590
4267.179487 4268.205128 4273.846154 4282.051282 4227.692308 4250.256410 4258.974359 4266.153846 4260.512821 4233.333333 4319.487179 4236.410256 4462.051282 4237.435897
4246.153846 4256.923077 4253.846154 4266.153846 4229.230769 4247.179487 4250.256410 4261.025641 4253.333333 4231.282051 4296.410256 4219.487179 4497.948718 4236.923077
4245.641026 4253.846154 4251.282051 4268.717949 4226.153846 4245.641026 4254.871795 4267.692308 4256.410256 4230.769231 4293.333333 4209.230769 4519.487179 4229.743590
4259.487179 4250.769231 4265.128205 4275.384615 4228.717949 4249.743590 4258.974359 4266.153846 4260.512821 4232.307692 4321.025641 4225.641026 4501.538462 4238.461538
4256.923077 4253.333333 4267.692308 4267.692308 4226.666667 4251.282051 4256.923077 4264.102564 4258.461538 4231.794872 4310.769231 4227.179487 4483.076923 4238.461538
4254.871795 4266.666667 4269.230769 4267.692308 4222.564103 4247.179487 4260.512821 4270.256410 4258.974359 4231.794872 4298.974359 4221.025641 4520.512821 4232.307692
4265.641026 4269.230769 4273.846154 4274.871795 4231.282051 4249.743590 4261.025641 4270.256410 4258.974359 4232.820513 4326.666667 4234.358974 4553.333333 4236.410256
4266.666667 4263.589744 4273.846154 4268.717949 4230.256410 4255.384615 4262.564103 4270.769231 4255.897436 4231.794872 4325.128205 4236.410256 4515.384615 4235.897436
4251.794872 4261.025641 4262.564103 4257.948718 4229.743590 4253.846154 4261.538462 4268.205128 4252.307692 4232.307692 4290.256410 4218.974359 4484.102564 4236.923077
4260.000000 4266.666667 4267.692308 4266.153846 4228.717949 4255.897436 4264.615385 4267.692308 4257.948718 4233.333333 4295.897436 4223.589744 4517.948718 4237.435897
4270.256410 4259.487179 4274.871795 4269.230769 4222.564103 4254.358974 4268.205128 4271.794872 4263.589744 4232.307692 4310.256410 4234.358974 4533.333333 4240.512821
4255.384615 4246.666667 4265.128205 4252.307692 4229.230769 4250.769231 4259.487179 4266.666667 4259.487179 4232.307692 4300.512821 4225.128205 4512.307692 4244.102564
4251.794872 4258.461538 4268.205128 4249.743590 4227.692308 4252.307692 4257.948718 4269.230769 4258.974359 4232.307692 4300.000000 4222.051282 4510.256410 4238.974359
4261.538462 4263.589744 4271.794872 4255.897436 4226.153846 4255.897436 4262.564103 4274.358974 4258.974359 4232.307692 4300.000000 4225.128205 4509.230769 4241.025641
4270.256410 4259.487179 4273.846154 4262.564103 4230.256410 4260.000000 4269.230769 4271.794872 4260.512821 4232.820513 4302.564103 4226.666667 4509.230769 4241.538462
4271.282051 4267.179487 4280.000000 4266.153846 4229.230769 4257.948718 4268.717949 4268.205128 4261.025641 4232.820513 4318.461538 4232.820513 4520.000000 4237.948718
4260.000000 4258.974359 4270.769231 4258.461538 4232.307692 4255.897436 4255.384615 4258.974359 4257.435897 4231.282051 4322.051282 4228.717949 4515.384615 4240.000000
4260.000000 4249.743590 4266.666667 4254.358974 4226.666667 4257.435897 4255.384615 4261.538462 4257.948718 4230.769231 4317.435897 4224.102564 4515.384615 4237.435897
4262.051282 4250.769231 4269.230769 4253.333333 4226.153846 4260.000000 4262.564103 4267.692308 4256.410256 4232.820513 4317.948718 4228.717949 4530.769231 4241.025641
4254.871795 4251.282051 4265.641026 4250.769231 4231.794872 4256.923077 4266.153846 4262.564103 4258.974359 4232.307692 4308.717949 4226.153846 4520.000000 4243.589744
4248.717949 4250.769231 4257.948718 4249.743590 4226.666667 4249.743590 4256.923077 4258.461538 4260.000000 4229.743590 4295.384615 4218.974359 4491.794872 4237.948718
4240.000000 4239.487179 4245.641026 4240.512821 4229.743590 4251.794872 4237.435897 4251.794872 4247.179487 4230.256410 4283.589744 4213.333333 4479.487179 4236.923077
4233.846154 4233.333333 4239.487179 4234.358974 4228.717949 4248.717949 4237.948718 4248.205128 4244.102564 4231.282051 4274.358974 4207.692308 4484.615385 4233.333333
4231.282051 4231.794872 4237.948718 4236.410256 4227.692308 4236.410256 4242.564103 4242.051282 4247.179487 4231.794872 4272.307692 4206.153846 4474.871795 4232.307692
4234.871795 4234.871795 4240.512821 4239.487179 4232.307692 4237.435897 4236.923077 4242.051282 4245.128205 4232.307692 4270.256410 4208.717949 4456.410256 4234.871795
4243.589744 4239.487179 4248.205128 4239.487179 4228.717949 4246.666667 4238.461538 4254.871795 4251.282051 4232.307692 4277.948718 4213.846154 4461.538462 4233.846154
4238.974359 4229.743590 4243.589744 4227.179487 4232.820513 4242.564103 4237.435897 4249.230769 4252.820513 4231.794872 4286.153846 4211.794872 4458.974359 4234.358974
4233.846154 4225.641026 4238.461538 4222.564103 4230.256410 4234.871795 4232.307692 4241.025641 4245.641026 4231.282051 4279.487179 4207.692308 4440.512821 4228.205128
4231.282051 4222.051282 4237.435897 4223.076923 4227.179487 4238.461538 4230.769231 4241.025641 4244.102564 4230.769231 4265.128205 4203.589744 4424.102564 4231.282051
4223.589744 4214.871795 4229.230769 4215.897436 4232.820513 4242.564103 4228.717949 4236.410256 4243.076923 4230.769231 4264.102564 4198.461538 4407.692308 4236.923077
4227.179487 4221.025641 4229.230769 4217.435897 4227.692308 4241.538462 4223.589744 4231.794872 4239.487179 4231.794872 4274.871795 4199.487179 4403.589744 4232.820513
4234.871795 4229.230769 4237.435897 4226.666667 4229.230769 4246.153846 4222.564103 4236.923077 4237.435897 4232.307692 4275.897436 4205.641026 4409.743590 4239.487179
4240.000000 4233.333333 4244.615385 4233.333333 4230.769231 4250.256410 4236.410256 4250.769231 4246.153846 4232.307692 4275.384615 4209.743590 4415.897436 4242.051282
4243.076923 4234.871795 4246.153846 4234.871795 4228.205128 4252.307692 4242.564103 4252.820513 4254.871795 4233.333333 4279.487179 4212.307692 4412.307692 4237.435897
4249.743590 4245.128205 4250.256410 4240.512821 4228.717949 4251.282051 4238.974359 4252.820513 4255.897436 4233.846154 4286.153846 4212.820513 4407.692308 4238.974359
4258.974359 4253.333333 4257.948718 4243.076923 4225.128205 4246.153846 4247.179487 4259.487179 4255.384615 4230.769231 4291.282051 4215.897436 4405.128205 4242.564103
4247.179487 4232.307692 4246.153846 4230.256410 4232.820513 4246.666667 4246.666667 4251.282051 4248.205128 4232.307692 4281.538462 4215.384615 4386.153846 4244.102564
4236.923077 4221.538462 4237.948718 4223.589744 4231.794872 4247.179487 4240.512821 4244.102564 4245.641026 4233.846154 4274.871795 4207.692308 4382.051282 4236.923077
4241.025641 4230.256410 4244.102564 4226.153846 4224.102564 4241.538462 4237.435897 4248.205128 4248.205128 4226.666667 4278.974359 4209.743590 4390.256410 4236.923077
4240.512821 4228.717949 4242.564103 4223.076923 4231.282051 4239.487179 4231.794872 4244.615385 4242.051282 4224.615385 4277.435897 4213.333333 4380.000000 4241.538462
4240.512821 4226.153846 4241.025641 4222.564103 4228.205128 4245.128205 4233.333333 4243.589744 4239.487179 4232.307692 4269.743590 4206.153846 4369.743590 4235.897436
4241.538462 4227.179487 4242.564103 4222.564103 4227.692308 4246.153846 4234.871795 4246.153846 4247.179487 4234.358974 4271.794872 4204.102564 4367.179487 4236.410256
4248.717949 4238.974359 4248.717949 4231.794872 4231.282051 4245.641026 4236.410256 4250.769231 4250.769231 4230.769231 4287.179487 4215.384615 4372.820513 4235.897436
4252.820513 4236.923077 4252.307692 4234.871795 4227.692308 4248.717949 4239.487179 4253.333333 4246.666667 4231.794872 4288.717949 4222.051282 4373.846154 4234.871795
4242.564103 4217.435897 4245.128205 4218.461538 4231.794872 4247.179487 4235.897436 4246.153846 4245.641026 4232.820513 4267.692308 4211.282051 4353.846154 4240.512821
4240.000000 4226.666667 4243.076923 4218.461538 4229.743590 4236.410256 4232.820513 4242.051282 4248.205128 4231.794872 4264.615385 4207.692308 4334.358974 4236.410256
4241.538462 4236.923077 4240.512821 4230.769231 4229.743590 4229.743590 4228.717949 4239.487179 4243.589744 4232.307692 4277.948718 4212.307692 4316.410256 4233.333333
4240.512821 4225.128205 4240.000000 4229.743590 4230.769231 4226.666667 4230.769231 4238.974359 4241.025641 4231.282051 4277.435897 4211.282051 4291.794872 4234.358974
4237.948718 4218.974359 4240.000000 4216.410256 4226.666667 4218.974359 4235.897436 4237.435897 4241.538462 4231.794872 4262.564103 4210.256410 4254.871795 4235.384615
4227.692308 4216.923077 4231.794872 4208.205128 4231.282051 4214.871795 4227.692308 4228.205128 4238.461538 4233.333333 4245.641026 4208.205128 4227.692308 4237.435897
4225.641026 4214.358974 4232.307692 4213.846154 4229.743590 4213.333333 4223.076923 4227.179487 4240.000000 4230.769231 4247.179487 4205.641026 4235.384615 4230.769231
4226.666667 4209.230769 4232.820513 4215.897436 4229.743590 4211.794872 4227.692308 4229.743590 4239.487179 4228.717949 4256.410256 4203.589744 4220.512821 4234.358974
4229.230769 4210.256410 4232.307692 4213.846154 4230.256410 4212.307692 4227.692308 4234.358974 4241.538462 4231.282051 4256.923077 4203.076923 4186.153846 4237.435897
4232.307692 4212.307692 4240.000000 4213.846154 4226.153846 4211.794872 4226.666667 4238.461538 4245.128205 4232.307692 4259.487179 4206.153846 4186.153846 4232.820513
4222.564103 4206.153846 4240.000000 4213.846154 4233.333333 4213.846154 4231.794872 4232.820513 4237.435897 4230.256410 4256.410256 4205.641026 4197.435897 4237.435897
4223.076923 4208.205128 4235.384615 4217.948718 4230.256410 4214.871795 4239.487179 4237.948718 4238.974359 4230.769231 4252.307692 4203.589744 4209.230769 4238.974359
4233.333333 4206.153846 4237.435897 4219.487179 4228.205128 4212.307692 4232.820513 4243.076923 4247.179487 4233.333333 4253.333333 4207.179487 4224.615385 4239.487179
4238.974359 4194.358974 4244.615385 4215.897436 4230.256410 4212.820513 4228.205128 4236.923077 4245.641026 4232.820513 4261.538462 4211.282051 4242.564103 4238.461538
4236.923077 4188.717949 4243.076923 4203.589744 4222.564103 4212.820513 4230.256410 4241.025641 4247.692308 4231.794872 4285.128205 4215.384615 4256.923077 4235.384615
4226.153846 4174.358974 4229.743590 4189.743590 4227.692308 4209.743590 4224.102564 4243.589744 4250.256410 4232.820513 4287.692308 4216.923077 4256.410256 4241.025641
4228.205128 4162.564103 4237.948718 4195.897436 4229.743590 4210.769231 4231.794872 4248.205128 4251.282051 4232.307692 4264.615385 4217.948718 4253.333333 4243.076923
4235.897436 4164.102564 4250.256410 4201.538462 4227.692308 4215.897436 4241.538462 4255.897436 4254.358974 4231.794872 4261.025641 4221.538462 4245.128205 4244.615385
4234.358974 4167.179487 4245.641026 4195.384615 4233.333333 4215.384615 4240.000000 4255.384615 4255.384615 4232.820513 4275.384615 4222.564103 4238.974359 4242.564103
4233.333333 4167.179487 4244.615385 4201.025641 4228.205128 4213.846154 4244.102564 4254.871795 4257.435897 4232.820513 4281.538462 4221.538462 4254.358974 4237.435897
4224.615385 4156.410256 4240.000000 4199.487179 4228.717949 4217.435897 4241.025641 4251.282051 4251.794872 4230.769231 4278.974359 4220.000000 4250.769231 4239.487179
4221.025641 4154.871795 4234.871795 4189.230769 4228.205128 4217.948718 4233.333333 4247.692308 4248.205128 4230.256410 4269.743590 4222.051282 4222.564103 4236.410256
4227.179487 4165.128205 4238.974359 4196.923077 4226.153846 4212.307692 4233.333333 4248.717949 4251.282051 4233.333333 4257.948718 4222.051282 4213.333333 4235.384615
4229.743590 4168.205128 4244.615385 4207.692308 4229.230769 4212.307692 4240.512821 4253.333333 4253.846154 4233.846154 4269.743590 4217.948718 4225.641026 4234.871795
4230.256410 4172.307692 4244.102564 4207.179487 4225.641026 4215.897436 4249.743590 4262.051282 4255.384615 4231.282051 4283.589744 4219.487179 4235.384615 4230.769231
4226.666667 4169.743590 4234.358974 4201.025641 4231.282051 4213.846154 4242.564103 4257.435897 4253.333333 4232.307692 4269.230769 4220.512821 4224.102564 4237.948718
4231.794872 4173.333333 4239.487179 4206.666667 4234.871795 4209.230769 4236.410256 4255.384615 4257.948718 4234.358974 4265.128205 4221.025641 4217.435897 4236.410256
4236.410256 4178.974359 4247.179487 4210.256410 4231.794872 4207.692308 4237.435897 4257.948718 4262.051282 4233.846154 4269.743590 4223.589744 4221.538462 4229.743590
4229.230769 4170.256410 4237.948718 4201.538462 4231.794872 4209.743590 4237.435897 4254.871795 4255.897436 4232.820513 4263.589744 4221.025641 4221.538462 4233.333333
4230.256410 4171.282051 4237.948718 4203.076923 4225.128205 4213.846154 4246.153846 4259.487179 4253.333333 4231.282051 4265.128205 4220.000000 4224.615385 4231.282051
4233.333333 4176.410256 4243.589744 4209.743590 4228.717949 4220.000000 4248.717949 4259.487179 4254.871795 4231.282051 4267.692308 4224.102564 4222.564103 4230.256410
4237.948718 4185.128205 4248.717949 4214.871795 4228.717949 4220.000000 4245.641026 4259.487179 4258.974359 4233.333333 4269.743590 4227.692308 4231.794872 4230.769231
4243.076923 4192.307692 4251.794872 4217.435897 4223.076923 4214.871795 4247.179487 4264.102564 4257.948718 4231.794872 4267.179487 4230.256410 4236.923077 4231.794872
4236.410256 4185.641026 4243.589744 4214.871795 4230.769231 4219.487179 4248.205128 4260.512821 4253.333333 4229.230769 4246.666667 4226.153846 4213.333333 4233.846154
4233.846154 4183.076923 4239.487179 4209.743590 4228.205128 4225.128205 4252.307692 4264.615385 4258.974359 4231.794872 4240.512821 4226.153846 4210.769231 4232.307692
4240.000000 4188.205128 4250.769231 4212.820513 4226.666667 4225.128205 4256.410256 4274.871795 4265.641026 4233.333333 4260.000000 4236.923077 4226.153846 4238.974359
4245.641026 4194.871795 4258.461538 4222.564103 4230.256410 4218.974359 4257.435897 4272.307692 4262.051282 4232.307692 4265.641026 4236.410256 4227.692308 4237.948718
4240.512821 4187.692308 4246.666667 4214.871795 4229.743590 4214.358974 4246.153846 4261.538462 4255.897436 4232.307692 4249.743590 4222.564103 4221.538462 4232.820513
4230.769231 4175.897436 4234.358974 4200.512821 4233.333333 4218.461538 4234.358974 4262.051282 4257.948718 4232.307692 4246.153846 4221.538462 4224.102564 4237.948718
4226.153846 4173.333333 4233.333333 4200.512821 4228.717949 4216.410256 4238.461538 4269.743590 4263.589744 4231.794872 4252.307692 4228.205128 4231.282051 4234.358974
4214.871795 4159.487179 4221.538462 4190.769231 4230.769231 4207.692308 4234.871795 4259.487179 4257.948718 4232.820513 4246.666667 4217.948718 4225.641026 4233.333333
4222.051282 4163.076923 4227.692308 4190.256410 4231.794872 4209.743590 4232.820513 4252.820513 4255.384615 4232.307692 4254.358974 4213.333333 4232.307692 4235.897436
4240.000000 4181.538462 4249.230769 4208.205128 4223.076923 4212.307692 4239.487179 4260.000000 4262.051282 4231.282051 4260.512821 4224.615385 4236.410256 4236.410256
4224.615385 4167.179487 4235.897436 4196.923077 4229.743590 4209.230769 4232.307692 4254.871795 4253.846154 4231.794872 4233.333333 4220.512821 4212.820513 4236.410256
4216.923077 4167.179487 4227.179487 4187.692308 4231.282051 4211.794872 4231.282051 4254.358974 4248.717949 4231.794872 4230.256410 4216.410256 4213.846154 4232.307692
4236.410256 4193.846154 4245.128205 4208.205128 4227.692308 4219.487179 4238.974359 4259.487179 4256.923077 4231.794872 4253.846154 4228.717949 4230.769231 4236.410256
4241.538462 4192.307692 4249.743590 4210.256410 4227.692308 4218.974359 4241.025641 4257.435897 4262.051282 4232.307692 4242.564103 4227.692308 4225.128205 4235.897436
4230.769231 4177.435897 4242.051282 4196.923077 4226.153846 4215.897436 4241.025641 4262.564103 4264.102564 4232.820513 4225.128205 4221.025641 4219.487179 4233.846154
4226.666667 4182.051282 4238.974359 4202.051282 4233.846154 4217.948718 4240.512821 4263.076923 4258.461538 4232.820513 4229.230769 4221.538462 4221.538462 4240.000000
4229.743590 4192.307692 4241.025641 4211.794872 4229.230769 4215.384615 4238.974359 4251.282051 4250.256410 4231.794872 4223.589744 4215.384615 4216.923077 4235.384615
4219.487179 4178.974359 4231.282051 4197.948718 4225.128205 4216.410256 4229.743590 4235.897436 4244.615385 4231.282051 4206.666667 4208.205128 4205.641026 4234.871795
4211.794872 4168.717949 4223.589744 4187.179487 4229.230769 4220.000000 4228.205128 4238.461538 4245.128205 4232.307692 4199.487179 4209.230769 4205.641026 4236.923077
4218.974359 4175.897436 4229.230769 4191.282051 4225.128205 4216.923077 4235.384615 4250.769231 4250.769231 4231.282051 4199.487179 4212.820513 4208.205128 4233.846154
4223.076923 4181.538462 4233.846154 4196.410256 4229.230769 4215.897436 4234.358974 4247.692308 4247.692308 4229.743590 4208.717949 4217.948718 4205.128205 4238.974359
4227.692308 4191.282051 4238.461538 4204.615385 4229.230769 4223.076923 4238.974359 4252.820513 4248.717949 4230.769231 4221.025641 4220.512821 4212.307692 4236.410256
4216.410256 4181.025641 4225.641026 4193.333333 4225.641026 4219.487179 4234.871795 4254.358974 4249.230769 4232.820513 4206.153846 4210.769231 4210.256410 4230.256410
4206.666667 4170.256410 4215.384615 4182.051282 4229.230769 4215.897436 4226.153846 4246.153846 4245.128205 4233.846154 4184.102564 4204.102564 4196.923077 4231.794872
4229.743590 4188.717949 4240.512821 4201.538462 4225.641026 4224.615385 4243.076923 4256.410256 4252.307692 4231.794872 4189.230769 4217.435897 4205.128205 4233.846154
4237.435897 4190.256410 4251.282051 4204.102564 4229.230769 4226.666667 4251.794872 4262.051282 4255.897436 4229.743590 4189.743590 4222.564103 4210.256410 4237.435897
4224.615385 4177.435897 4237.435897 4186.666667 4229.230769 4216.410256 4237.948718 4252.307692 4252.307692 4231.794872 4184.615385 4215.384615 4201.025641 4233.333333
4222.564103 4182.564103 4231.282051 4190.769231 4225.641026 4213.846154 4227.179487 4243.076923 4249.743590 4232.820513 4190.769231 4213.333333 4191.794872 4230.769231
4225.128205 4195.897436 4235.384615 4203.589744 4229.230769 4218.974359 4231.794872 4242.564103 4248.205128 4230.769231 4189.230769 4214.871795 4190.256410 4234.358974
4228.205128 4198.974359 4242.051282 4204.102564 4226.666667 4215.897436 4242.564103 4250.769231 4251.282051 4229.743590 4188.205128 4219.487179 4203.076923 4232.820513
4231.282051 4186.666667 4243.076923 4196.410256 4228.717949 4216.410256 4241.538462 4253.333333 4251.794872 4231.282051 4195.897436 4221.538462 4206.153846 4233.846154
4239.487179 4184.615385 4249.743590 4196.923077 4227.692308 4224.615385 4242.564103 4254.871795 4250.256410 4231.282051 4202.051282 4224.102564 4209.230769 4232.820513
4240.512821 4194.871795 4251.794872 4200.000000 4222.564103 4223.076923 4245.641026 4254.871795 4245.641026 4231.282051 4200.000000 4225.641026 4211.282051 4232.820513
4231.794872 4194.358974 4241.025641 4197.948718 4229.230769 4218.461538 4242.051282 4246.666667 4245.128205 4232.820513 4195.897436 4217.948718 4197.435897 4234.871795
4235.384615 4195.897436 4243.589744 4202.051282 4228.205128 4221.025641 4244.615385 4247.179487 4251.282051 4232.307692 4202.564103 4219.487179 4200.512821 4232.307692
4238.461538 4195.897436 4248.205128 4205.128205 4230.256410 4223.589744 4245.641026 4248.717949 4248.205128 4231.794872 4206.153846 4226.153846 4214.871795 4238.461538
4235.897436 4194.871795 4246.666667 4204.102564 4231.282051 4220.512821 4243.076923 4248.717949 4244.102564 4232.307692 4205.641026 4226.666667 4218.974359 4235.897436
4226.666667 4189.230769 4236.923077 4193.333333 4225.128205 4214.358974 4233.846154 4245.128205 4243.589744 4232.307692 4203.076923 4220.512821 4207.692308 4228.717949
4208.717949 4172.307692 4217.948718 4174.358974 4229.743590 4209.230769 4220.000000 4231.282051 4237.435897 4232.307692 4191.282051 4207.692308 4191.282051 4230.769231
4204.615385 4164.102564 4210.256410 4173.846154 4227.179487 4209.230769 4217.948718 4227.692308 4235.897436 4232.307692 4186.666667 4196.410256 4185.128205 4227.179487
4202.051282 4161.538462 4210.256410 4177.948718 4226.153846 4215.384615 4220.512821 4230.769231 4235.384615 4231.282051 4189.230769 4193.333333 4179.487179 4227.179487
4201.538462 4167.179487 4215.897436 4177.435897 4227.179487 4216.923077 4224.102564 4236.923077 4236.923077 4230.769231 4187.692308 4196.923077 4186.666667 4229.743590
4207.179487 4177.948718 4220.000000 4181.538462 4225.128205 4213.846154 4223.589744 4237.948718 4238.974359 4232.820513 4185.128205 4198.974359 4195.384615 4229.743590
4205.641026 4176.410256 4214.358974 4185.641026 4232.307692 4214.358974 4216.410256 4228.205128 4232.307692 4234.358974 4180.512821 4195.384615 4178.974359 4229.743590
4211.282051 4181.538462 4221.025641 4189.230769 4226.666667 4218.974359 4224.615385 4233.846154 4231.282051 4232.307692 4187.179487 4200.512821 4178.974359 4227.692308
4218.461538 4191.794872 4230.769231 4191.282051 4225.128205 4224.102564 4234.358974 4243.076923 4238.461538 4232.307692 4204.615385 4212.307692 4196.923077 4234.871795
4215.384615 4186.666667 4230.256410 4193.846154 4229.743590 4220.512821 4233.333333 4240.512821 4237.948718 4232.307692 4204.615385 4208.205128 4188.717949 4234.358974
4211.794872 4173.846154 4224.102564 4193.846154 4224.102564 4214.358974 4229.743590 4236.923077 4232.820513 4231.794872 4186.153846 4198.974359 4162.564103 4227.179487
4209.743590 4173.333333 4216.410256 4185.641026 4227.692308 4216.410256 4224.615385 4235.384615 4233.333333 4232.307692 4174.871795 4201.025641 4157.435897 4230.769231
4214.358974 4190.256410 4221.025641 4186.666667 4228.205128 4215.897436 4230.256410 4243.076923 4237.948718 4230.769231 4189.743590 4207.179487 4177.435897 4229.743590
4213.846154 4188.717949 4226.666667 4193.333333 4228.717949 4213.846154 4231.794872 4243.589744 4235.384615 4228.717949 4197.948718 4205.641026 4174.358974 4231.282051
4216.923077 4182.564103 4227.179487 4200.000000 4231.794872 4219.487179 4226.666667 4234.358974 4231.794872 4231.282051 4191.794872 4200.000000 4168.205128 4232.307692
4232.820513 4196.410256 4234.871795 4206.153846 4227.179487 4221.538462 4232.820513 4243.076923 4238.974359 4234.358974 4193.846154 4209.743590 4180.512821 4231.282051
4234.358974 4197.948718 4241.025641 4205.128205 4229.230769 4222.564103 4239.487179 4252.820513 4243.589744 4231.794872 4188.717949 4219.487179 4174.871795 4238.461538
4228.205128 4187.692308 4237.948718 4201.025641 4228.205128 4227.692308 4237.435897 4246.153846 4240.512821 4230.769231 4190.256410 4212.820513 4169.230769 4236.923077
4222.051282 4179.487179 4227.179487 4193.846154 4227.692308 4226.666667 4230.769231 4241.025641 4236.923077 4232.307692 4209.743590 4208.205128 4176.923077 4235.897436
4217.948718 4180.512821 4225.128205 4190.769231 4230.769231 4220.512821 4229.230769 4247.179487 4240.512821 4232.820513 4205.128205 4208.717949 4180.512821 4237.948718
4212.820513 4183.076923 4222.051282 4192.307692 4223.076923 4215.897436 4224.102564 4240.000000 4238.461538 4231.794872 4171.282051 4196.410256 4168.717949 4235.897436
4201.025641 4175.384615 4205.641026 4189.230769 4225.128205 4216.923077 4213.333333 4217.948718 4224.615385 4231.794872 4157.948718 4183.076923 4152.307692 4238.974359
4200.512821 4178.974359 4206.153846 4190.256410 4227.179487 4220.000000 4220.512821 4224.102564 4227.179487 4232.307692 4175.897436 4190.769231 4153.333333 4235.897436
4197.435897 4180.000000 4208.717949 4187.692308 4225.641026 4216.923077 4220.512821 4228.717949 4231.794872 4232.307692 4176.410256 4190.256410 4153.333333 4234.358974
4189.743590 4171.794872 4198.461538 4182.564103 4228.717949 4211.282051 4205.128205 4210.256410 4222.051282 4232.307692 4160.512821 4175.897436 4141.538462 4235.384615
4201.025641 4177.948718 4206.153846 4187.692308 4224.102564 4213.846154 4208.717949 4213.333333 4218.974359 4232.307692 4159.487179 4178.461538 4143.076923 4231.794872
4209.743590 4176.410256 4214.358974 4186.153846 4228.717949 4220.512821 4212.820513 4223.589744 4222.564103 4232.820513 4175.384615 4192.307692 4161.025641 4237.435897
4208.205128 4169.743590 4210.769231 4184.102564 4229.743590 4217.948718 4210.256410 4222.051282 4225.641026 4232.307692 4190.256410 4195.384615 4173.333333 4238.461538
4206.666667 4174.871795 4208.205128 4190.256410 4226.153846 4215.897436 4212.820513 4223.589744 4225.128205 4231.282051 4182.564103 4192.307692 4166.153846 4235.897436
4202.051282 4174.358974 4205.641026 4187.692308 4229.230769 4217.435897 4211.282051 4221.025641 4216.923077 4232.307692 4178.461538 4189.230769 4150.769231 4237.948718
4202.564103 4172.820513 4206.666667 4186.153846 4223.076923 4216.410256 4206.153846 4220.512821 4216.410256 4232.820513 4190.256410 4188.717949 4156.923077 4238.461538
4201.538462 4171.794872 4204.615385 4190.769231 4225.641026 4216.410256 4207.692308 4221.025641 4220.000000 4231.794872 4180.512821 4185.128205 4165.128205 4240.512821
4203.589744 4176.923077 4207.179487 4194.871795 4229.230769 4217.435897 4215.897436 4221.538462 4216.923077 4231.282051 4167.179487 4182.564103 4158.974359 4234.358974
4210.256410 4183.076923 4212.307692 4194.358974 4224.102564 4216.410256 4217.948718 4220.512821 4210.256410 4232.307692 4180.512821 4189.743590 4154.871795 4235.384615
4210.769231 4182.051282 4212.820513 4193.846154 4228.717949 4215.897436 4214.871795 4220.512821 4210.256410 4232.820513 4192.820513 4192.307692 4166.153846 4242.051282
4214.871795 4186.666667 4221.025641 4200.000000 4226.153846 4216.410256 4221.025641 4228.717949 4221.025641 4232.307692 4195.897436 4193.333333 4177.948718 4236.410256
4211.794872 4178.974359 4218.461538 4193.333333 4228.205128 4216.410256 4218.974359 4228.205128 4221.538462 4231.794872 4201.538462 4198.461538 4162.564103 4238.974359
4204.615385 4171.282051 4203.589744 4184.102564 4232.307692 4215.897436 4210.769231 4221.025641 4210.769231 4231.794872 4192.820513 4190.256410 4159.487179 4240.512821
4204.102564 4183.076923 4201.025641 4189.743590 4228.717949 4212.820513 4207.692308 4217.948718 4211.282051 4232.820513 4174.871795 4178.974359 4180.000000 4234.358974
4211.794872 4194.871795 4211.282051 4195.897436 4228.717949 4215.384615 4209.743590 4216.923077 4220.512821 4232.820513 4173.333333 4183.589744 4171.282051 4237.435897
4229.230769 4205.641026 4230.256410 4206.666667 4223.589744 4223.589744 4219.487179 4227.179487 4226.153846 4232.307692 4189.743590 4198.974359 4155.897436 4240.512821
4234.871795 4205.128205 4233.333333 4210.769231 4228.717949 4223.076923 4213.846154 4226.666667 4220.000000 4232.307692 4195.384615 4200.000000 4160.512821 4243.589744
4230.769231 4200.512821 4224.102564 4203.589744 4231.794872 4218.974359 4202.051282 4212.820513 4213.846154 4231.282051 4191.794872 4191.794872 4170.769231 4240.512821
4233.846154 4200.000000 4223.076923 4202.051282 4221.025641 4217.435897 4208.717949 4208.717949 4212.820513 4231.282051 4197.435897 4195.384615 4178.974359 4240.000000
4238.974359 4201.025641 4226.153846 4205.641026 4226.153846 4216.923077 4213.846154 4211.794872 4211.282051 4232.820513 4203.589744 4202.051282 4187.692308 4248.717949
4240.000000 4206.153846 4226.666667 4205.128205 4228.205128 4217.435897 4209.230769 4215.384615 4215.384615 4232.307692 4203.076923 4201.025641 4196.923077 4243.589744
4227.692308 4198.461538 4215.384615 4192.307692 4225.128205 4218.461538 4203.589744 4212.307692 4216.410256 4232.307692 4202.051282 4194.358974 4191.282051 4239.487179
4219.487179 4190.256410 4209.230769 4191.282051 4227.179487 4218.974359 4204.615385 4211.794872 4215.384615 4232.820513 4210.769231 4191.282051 4186.153846 4238.974359
4214.358974 4188.717949 4205.128205 4195.384615 4224.102564 4215.384615 4203.589744 4212.307692 4211.794872 4231.794872 4204.615385 4186.153846 4186.666667 4236.410256
4198.974359 4176.923077 4191.282051 4182.051282 4229.230769 4216.923077 4194.358974 4204.102564 4202.051282 4231.282051 4185.641026 4175.897436 4172.820513 4238.974359
4198.461538 4176.923077 4193.846154 4178.974359 4228.717949 4218.974359 4197.435897 4207.179487 4203.589744 4232.820513 4191.282051 4177.435897 4175.384615 4236.410256
4195.897436 4175.897436 4194.358974 4181.025641 4226.666667 4218.461538 4194.358974 4205.128205 4205.128205 4232.820513 4196.410256 4180.000000 4176.923077 4234.358974
4175.897436 4161.538462 4180.512821 4168.717949 4227.179487 4218.974359 4184.615385 4193.846154 4198.461538 4232.820513 4185.641026 4170.769231 4160.512821 4232.820513
4165.128205 4151.282051 4173.846154 4157.435897 4222.051282 4211.794872 4183.589744 4195.384615 4199.487179 4232.820513 4190.256410 4166.153846 4157.948718 4231.282051
4158.461538 4136.923077 4168.205128 4150.769231 4228.717949 4205.128205 4178.974359 4194.871795 4203.076923 4231.282051 4186.153846 4166.153846 4154.871795 4233.333333
4153.333333 4129.743590 4165.128205 4148.205128 4228.717949 4209.743590 4180.000000 4194.871795 4204.615385 4230.769231 4173.846154 4162.051282 4153.333333 4227.692308
4149.230769 4132.820513 4165.641026 4149.230769 4224.102564 4211.794872 4185.641026 4201.025641 4205.128205 4232.307692 4186.153846 4164.615385 4158.974359 4229.743590
4142.564103 4130.256410 4161.538462 4148.717949 4228.717949 4210.769231 4182.051282 4201.538462 4205.641026 4232.820513 4188.717949 4164.615385 4154.358974 4234.871795
4132.307692 4121.025641 4154.358974 4143.076923 4224.615385 4210.256410 4177.435897 4197.435897 4207.692308 4231.794872 4165.128205 4150.769231 4138.461538 4227.179487
4114.358974 4104.615385 4144.615385 4131.794872 4225.128205 4208.205128 4179.487179 4193.333333 4204.615385 4231.794872 4166.153846 4142.051282 4124.615385 4225.128205
4108.717949 4100.000000 4141.538462 4126.666667 4224.102564 4205.641026 4185.128205 4195.897436 4201.538462 4232.820513 4183.589744 4146.666667 4123.589744 4222.051282
4111.282051 4098.461538 4141.025641 4122.564103 4224.102564 4205.641026 4181.025641 4192.820513 4201.025641 4232.820513 4169.743590 4148.205128 4117.948718 4219.487179
4102.051282 4087.179487 4133.333333 4115.897436 4230.769231 4202.051282 4176.923077 4186.153846 4201.538462 4231.282051 4152.820513 4140.000000 4106.666667 4221.538462
4092.820513 4079.487179 4126.666667 4113.333333 4225.641026 4194.358974 4178.974359 4187.179487 4204.102564 4230.769231 4159.487179 4132.307692 4106.666667 4216.923077
4088.205128 4074.358974 4120.512821 4107.179487 4225.641026 4195.384615 4168.717949 4178.461538 4200.512821 4232.307692 4155.897436 4129.230769 4103.076923 4216.923077
4095.897436 4085.128205 4127.692308 4112.820513 4225.128205 4200.000000 4165.128205 4176.923077 4198.974359 4232.307692 4153.846154 4134.871795 4109.230769 4216.410256
4109.230769 4101.025641 4144.615385 4129.230769 4222.564103 4201.538462 4179.487179 4190.769231 4205.128205 4232.307692 4170.769231 4148.205128 4128.717949 4220.512821
4115.384615 4103.589744 4150.769231 4135.384615 4227.692308 4200.512821 4184.102564 4197.435897 4206.666667 4232.820513 4177.948718 4154.871795 4134.871795 4224.615385
4122.564103 4109.230769 4156.410256 4137.435897 4222.051282 4198.461538 4181.025641 4196.410256 4206.666667 4231.794872 4172.820513 4155.897436 4135.897436 4220.000000
4121.025641 4109.230769 4154.871795 4134.871795 4226.666667 4201.025641 4177.435897 4189.230769 4204.615385 4232.307692 4172.820513 4152.820513 4129.743590 4221.538462
4123.076923 4109.743590 4151.794872 4133.846154 4230.769231 4202.564103 4185.128205 4189.743590 4209.743590 4233.846154 4172.820513 4149.230769 4120.000000 4220.512821
4124.615385 4110.256410 4150.256410 4134.358974 4222.564103 4200.512821 4186.153846 4192.307692 4211.282051 4232.820513 4164.615385 4148.717949 4108.205128 4218.974359
4113.846154 4100.000000 4138.974359 4126.666667 4225.128205 4197.435897 4168.205128 4177.948718 4198.974359 4231.282051 4155.897436 4141.538462 4093.846154 4222.051282
4117.948718 4108.717949 4142.051282 4130.769231 4225.641026 4201.025641 4172.307692 4178.461538 4199.487179 4232.307692 4161.025641 4140.000000 4105.128205 4220.512821
4122.564103 4116.923077 4147.179487 4135.897436 4226.153846 4205.128205 4182.564103 4190.256410 4206.153846 4232.820513 4161.538462 4144.615385 4120.512821 4224.102564
4108.205128 4103.589744 4130.769231 4123.076923 4224.615385 4200.512821 4165.641026 4182.564103 4199.487179 4232.307692 4150.769231 4136.923077 4108.205128 4223.589744
4099.487179 4092.307692 4121.538462 4114.871795 4221.025641 4194.871795 4152.820513 4171.794872 4192.307692 4231.794872 4146.666667 4129.743590 4089.743590 4219.487179
4100.000000 4085.128205 4124.615385 4113.333333 4227.692308 4198.974359 4162.564103 4172.820513 4193.333333 4232.307692 4143.076923 4129.743590 4085.641026 4222.051282
4103.076923 4087.179487 4126.666667 4108.717949 4223.589744 4205.128205 4170.769231 4181.538462 4198.461538 4231.794872 4140.512821 4130.769231 4099.487179 4216.410256
4105.641026 4097.948718 4125.641026 4110.769231 4222.564103 4208.205128 4164.102564 4177.948718 4195.384615 4232.307692 4141.538462 4131.794872 4111.282051 4214.871795
4107.179487 4103.589744 4128.717949 4119.487179 4226.666667 4214.358974 4163.589744 4174.358974 4192.820513 4232.307692 4145.128205 4131.794872 4113.846154 4214.358974
4102.051282 4091.794872 4124.615385 4111.794872 4222.051282 4212.820513 4168.717949 4180.512821 4197.435897 4231.794872 4148.205128 4131.282051 4110.256410 4212.820513
4097.948718 4084.615385 4117.435897 4104.102564 4225.641026 4209.230769 4164.102564 4177.435897 4196.410256 4232.307692 4141.025641 4130.256410 4109.743590 4220.000000
4107.179487 4098.974359 4128.717949 4118.974359 4223.589744 4210.256410 4161.025641 4174.871795 4194.358974 4232.820513 4145.128205 4132.820513 4123.076923 4220.000000
4105.641026 4093.333333 4129.230769 4111.794872 4223.589744 4207.692308 4159.487179 4176.923077 4197.948718 4232.820513 4155.897436 4134.871795 4125.641026 4218.461538
4101.538462 4084.102564 4122.051282 4090.256410 4229.230769 4208.205128 4163.589744 4181.025641 4202.051282 4232.820513 4149.743590 4132.820513 4129.230769 4217.435897
4113.333333 4096.410256 4131.282051 4094.871795 4223.076923 4212.307692 4172.307692 4184.615385 4203.589744 4231.794872 4137.435897 4131.794872 4137.435897 4211.794872
4114.871795 4097.948718 4133.333333 4107.179487 4224.102564 4214.358974 4167.692308 4182.051282 4201.025641 4231.282051 4138.974359 4132.307692 4131.282051 4213.846154
4120.512821 4105.641026 4142.051282 4115.897436 4225.128205 4214.358974 4176.410256 4192.307692 4207.692308 4231.282051 4156.410256 4137.435897 4144.102564 4216.410256
4124.615385 4112.307692 4145.641026 4112.820513 4223.589744 4218.461538 4185.128205 4196.923077 4211.282051 4231.282051 4155.897436 4138.461538 4153.333333 4218.461538
4113.333333 4097.435897 4129.743590 4103.589744 4226.153846 4217.948718 4170.769231 4183.076923 4201.025641 4231.794872 4142.051282 4131.794872 4136.923077 4215.897436
4113.333333 4096.410256 4128.717949 4109.230769 4223.589744 4212.820513 4167.179487 4184.615385 4197.948718 4231.794872 4143.589744 4131.794872 4136.923077 4211.794872
4115.384615 4103.076923 4135.897436 4113.333333 4227.692308 4218.974359 4178.461538 4192.307692 4201.538462 4231.794872 4145.641026 4133.333333 4143.589744 4218.461538
4116.410256 4101.025641 4139.487179 4108.717949 4225.128205 4220.000000 4182.564103 4191.794872 4204.615385 4231.282051 4147.692308 4135.384615 4147.179487 4217.435897
4123.076923 4100.512821 4142.564103 4111.282051 4224.615385 4210.769231 4174.871795 4189.743590 4206.666667 4232.307692 4155.897436 4142.051282 4155.384615 4215.384615
4131.282051 4112.820513 4146.666667 4122.564103 4229.743590 4209.743590 4173.846154 4189.230769 4206.153846 4232.307692 4156.410256 4138.974359 4159.487179 4216.923077
4136.410256 4125.128205 4151.794872 4129.230769 4223.076923 4215.384615 4181.538462 4192.307692 4206.666667 4231.794872 4148.717949 4134.871795 4157.948718 4212.820513
4133.846154 4121.538462 4152.307692 4129.743590 4225.641026 4216.410256 4180.512821 4190.256410 4205.128205 4232.307692 4152.820513 4141.538462 4160.512821 4218.461538
4136.923077 4122.051282 4159.487179 4133.333333 4227.179487 4216.410256 4185.641026 4195.384615 4209.230769 4232.307692 4165.128205 4148.205128 4174.358974 4218.974359
4142.051282 4129.230769 4165.641026 4136.410256 4223.076923 4217.435897 4189.743590 4200.512821 4211.282051 4231.282051 4162.564103 4147.179487 4175.897436 4215.384615
4147.179487 4136.923077 4166.666667 4142.051282 4228.205128 4218.974359 4190.769231 4196.923077 4207.692308 4231.794872 4161.538462 4146.666667 4172.820513 4217.948718
4150.769231 4143.589744 4167.692308 4148.717949 4224.102564 4217.435897 4193.333333 4198.974359 4208.717949 4231.282051 4170.256410 4147.692308 4181.538462 4216.923077
4139.487179 4127.692308 4156.923077 4137.435897 4227.179487 4210.769231 4180.512821 4189.743590 4205.128205 4231.282051 4162.564103 4143.076923 4170.769231 4218.461538
4140.512821 4122.051282 4156.923077 4134.358974 4227.692308 4209.230769 4178.461538 4180.512821 4199.487179 4231.282051 4150.256410 4141.538462 4157.435897 4218.461538
4156.923077 4137.948718 4168.717949 4148.717949 4220.512821 4213.846154 4192.307692 4189.230769 4200.000000 4231.282051 4154.871795 4148.717949 4171.794872 4222.564103
4160.000000 4142.051282 4164.102564 4153.333333 4227.179487 4213.846154 4190.256410 4196.410256 4205.128205 4231.282051 4165.641026 4150.769231 4181.538462 4225.128205
4155.384615 4138.461538 4164.615385 4147.692308 4225.641026 4210.256410 4185.128205 4198.461538 4213.333333 4230.256410 4167.179487 4149.743590 4177.435897 4216.410256
4146.666667 4129.743590 4154.871795 4135.897436 4224.102564 4211.282051 4184.102564 4191.282051 4211.794872 4231.794872 4160.000000 4146.666667 4172.307692 4217.435897
4144.615385 4128.717949 4145.641026 4138.461538 4226.153846 4214.871795 4185.128205 4186.666667 4207.692308 4233.333333 4158.461538 4145.128205 4176.410256 4220.000000
4150.256410 4138.974359 4213.333333 4152.820513 4224.102564 4211.794872 4184.615385 4188.717949 4209.230769 4228.205128 4167.179487 4148.205128 4177.435897 4220.512821
4147.179487 4142.051282 4320.000000 4150.769231 4227.692308 4206.666667 4181.025641 4185.641026 4206.153846 4225.641026 4160.000000 4145.128205 4169.230769 4222.564103
4152.307692 4152.307692 4363.589744 4151.282051 4223.589744 4209.743590 4189.230769 4191.794872 4208.205128 4230.256410 4154.358974 4144.102564 4176.410256 4218.461538
4157.435897 4149.743590 4347.179487 4158.461538 4223.076923 4218.461538 4194.358974 4196.923077 4210.769231 4233.333333 4167.692308 4152.307692 4178.461538 4222.564103
4149.230769 4129.743590 4342.564103 4152.307692 4224.615385 4217.948718 4190.256410 4193.333333 4205.128205 4231.282051 4170.256410 4152.307692 4168.717949 4224.615385
4143.076923 4129.230769 4341.538462 4145.641026 4222.051282 4212.820513 4183.076923 4189.743590 4201.025641 4230.256410 4157.435897 4146.153846 4171.282051 4218.974359
4144.615385 4145.128205 4326.153846 4149.230769 4227.179487 4216.923077 4177.948718 4187.179487 4204.102564 4230.769231 4154.871795 4146.666667 4171.794872 4220.000000
4156.410256 4153.333333 4334.871795 4158.461538 4222.564103 4216.923077 4190.256410 4196.410256 4213.333333 4230.769231 4167.692308 4154.358974 4176.923077 4218.461538
4158.974359 4141.538462 4341.025641 4157.435897 4224.102564 4213.846154 4195.897436 4200.000000 4215.384615 4231.794872 4165.128205 4155.897436 4179.487179 4221.538462
4150.256410 4139.487179 4325.641026 4153.846154 4229.230769 4216.923077 4185.641026 4192.820513 4211.282051 4231.282051 4153.333333 4149.230769 4170.769231 4222.051282
4153.846154 4154.871795 4322.051282 4162.564103 4221.538462 4215.897436 4189.743590 4193.333333 4209.230769 4232.307692 4158.974359 4148.205128 4168.717949 4216.923077
4158.974359 4153.846154 4326.666667 4166.666667 4224.615385 4216.923077 4200.000000 4195.384615 4206.153846 4232.307692 4161.538462 4152.820513 4170.769231 4221.025641
4164.102564 4152.307692 4330.769231 4168.205128 4223.589744 4221.538462 4198.974359 4201.025641 4211.794872 4230.256410 4161.538462 4154.358974 4177.948718 4222.051282
4169.743590 4160.512821 4332.307692 4178.974359 4223.589744 4220.512821 4196.410256 4207.692308 4220.000000 4231.282051 4167.692308 4157.435897 4181.538462 4223.589744
4179.487179 4166.666667 4340.512821 4186.153846 4229.743590 4223.076923 4206.666667 4213.846154 4220.000000 4232.307692 4178.461538 4165.128205 4190.769231 4224.102564
4181.538462 4170.769231 4343.589744 4183.076923 4220.000000 4224.102564 4209.230769 4213.333333 4215.897436 4230.769231 4182.051282 4167.179487 4195.384615 4221.538462
4171.794872 4171.282051 4330.256410 4181.538462 4219.487179 4217.948718 4198.461538 4203.589744 4215.897436 4230.769231 4171.282051 4160.512821 4177.435897 4227.179487
4185.128205 4180.512821 4335.897436 4195.897436 4225.128205 4222.051282 4209.743590 4217.435897 4228.717949 4232.307692 4173.846154 4166.153846 4187.692308 4227.179487
4196.923077 4180.000000 4346.153846 4198.461538 4227.179487 4228.205128 4218.974359 4229.230769 4230.256410 4232.307692 4185.128205 4173.333333 4213.846154 4226.153846
4188.205128 4175.897436 4339.487179 4192.307692 4225.641026 4226.153846 4210.256410 4214.358974 4216.410256 4232.820513 4183.589744 4168.205128 4208.205128 4224.615385
4190.256410 4189.743590 4338.974359 4203.076923 4218.974359 4224.102564 4215.384615 4218.461538 4223.076923 4232.307692 4178.974359 4167.692308 4197.948718 4220.000000
4187.692308 4186.666667 4336.923077 4205.641026 4225.641026 4229.743590 4220.512821 4230.769231 4234.358974 4229.743590 4176.410256 4171.282051 4200.512821 4224.102564
4184.615385 4175.384615 4332.820513 4196.923077 4226.153846 4227.179487 4214.358974 4222.564103 4228.205128 4230.769231 4176.923077 4170.769231 4208.717949 4221.538462
4190.769231 4178.461538 4332.307692 4198.974359 4221.025641 4220.000000 4211.282051 4215.897436 4225.641026 4233.333333 4182.564103 4172.307692 4215.384615 4218.461538
4196.410256 4188.717949 4334.871795 4211.282051 4225.128205 4227.179487 4220.512821 4225.641026 4233.333333 4233.333333 4185.128205 4175.384615 4225.128205 4221.538462
4198.461538 4197.435897 4335.384615 4212.307692 4221.025641 4234.358974 4226.153846 4230.256410 4231.282051 4231.282051 4184.102564 4176.410256 4236.410256 4219.487179
4195.897436 4189.230769 4325.128205 4201.025641 4223.589744 4235.384615 4216.923077 4218.461538 4223.076923 4232.820513 4185.128205 4177.435897 4235.384615 4221.538462
4202.564103 4188.205128 4330.256410 4207.692308 4224.615385 4235.384615 4218.974359 4224.615385 4232.307692 4233.333333 4188.205128 4183.076923 4243.076923 4222.564103
4205.641026 4194.871795 4337.948718 4214.871795 4220.512821 4236.410256 4220.512821 4234.358974 4236.923077 4229.230769 4185.128205 4187.179487 4248.717949 4225.641026
4194.871795 4191.282051 4325.128205 4209.743590 4223.589744 4234.871795 4209.230769 4222.051282 4226.666667 4228.205128 4170.769231 4178.461538 4230.256410 4227.179487
4196.410256 4192.820513 4320.000000 4216.410256 4220.000000 4231.282051 4211.794872 4222.564103 4230.769231 4231.794872 4163.589744 4173.333333 4221.538462 4216.923077
4197.948718 4188.717949 4318.974359 4215.897436 4225.128205 4229.230769 4211.282051 4225.641026 4233.846154 4232.820513 4167.179487 4172.820513 4227.179487 4217.948718
4193.333333 4186.666667 4313.846154 4200.000000 4227.692308 4226.153846 4201.538462 4217.435897 4222.564103 4230.769231 4166.666667 4167.179487 4230.769231 4218.461538
4198.461538 4194.871795 4316.923077 4203.076923 4219.487179 4229.230769 4206.153846 4216.410256 4223.589744 4231.794872 4164.102564 4168.205128 4229.230769 4216.923077
4211.282051 4207.692308 4323.076923 4225.641026 4225.641026 4233.846154 4216.410256 4222.051282 4231.794872 4233.846154 4169.230769 4176.923077 4234.871795 4222.051282
4218.461538 4218.974359 4324.102564 4232.307692 4226.153846 4230.256410 4219.487179 4225.128205 4231.794872 4231.794872 4177.948718 4184.102564 4245.641026 4221.538462
4212.307692 4208.717949 4318.461538 4220.512821 4227.179487 4227.692308 4216.923077 4221.025641 4227.179487 4231.282051 4173.846154 4184.102564 4238.974359 4221.538462
4216.923077 4205.128205 4322.051282 4226.666667 4228.717949 4231.794872 4222.564103 4227.692308 4233.333333 4231.794872 4174.358974 4184.102564 4235.897436 4221.538462
4221.538462 4211.794872 4322.051282 4230.256410 4222.564103 4228.205128 4221.025641 4231.282051 4233.846154 4231.794872 4181.025641 4182.564103 4238.974359 4222.564103
4206.666667 4203.589744 4305.128205 4214.358974 4227.179487 4223.076923 4204.615385 4216.410256 4223.076923 4232.307692 4173.846154 4173.846154 4224.615385 4226.666667
4211.282051 4210.256410 4308.717949 4221.025641 4224.615385 4226.666667 4212.820513 4221.538462 4230.256410 4232.307692 4175.897436 4178.974359 4228.717949 4225.128205
4223.589744 4221.538462 4321.025641 4233.846154 4222.051282 4229.743590 4226.666667 4232.820513 4238.461538 4232.820513 4187.179487 4189.230769 4245.128205 4230.769231
4218.461538 4216.410256 4310.769231 4225.641026 4225.128205 4226.666667 4215.897436 4224.615385 4228.205128 4231.794872 4178.974359 4182.051282 4240.512821 4231.794872
4207.692308 4212.307692 4295.897436 4217.435897 4222.051282 4221.538462 4201.538462 4213.333333 4218.974359 4230.769231 4162.051282 4172.307692 4230.256410 4224.615385
4204.615385 4207.692308 4296.410256 4221.025641 4225.641026 4224.615385 4203.076923 4207.179487 4216.923077 4232.307692 4159.487179 4177.948718 4233.846154 4225.641026
4213.846154 4214.871795 4305.128205 4230.769231 4224.615385 4226.666667 4211.794872 4210.769231 4220.512821 4231.794872 4167.179487 4182.051282 4246.666667 4224.615385
4221.538462 4226.666667 4304.615385 4235.897436 4226.666667 4222.564103 4209.743590 4215.897436 4220.000000 4228.717949 4167.692308 4178.974359 4242.051282 4228.205128
4218.974359 4219.487179 4300.512821 4228.717949 4225.641026 4225.128205 4208.717949 4217.948718 4217.948718 4229.743590 4165.128205 4180.512821 4234.358974 4227.692308
4213.846154 4208.717949 4300.000000 4224.615385 4218.461538 4227.179487 4215.897436 4222.051282 4221.538462 4233.846154 4166.153846 4182.051282 4238.461538 4218.461538
4209.743590 4211.794872 4295.384615 4226.153846 4226.153846 4226.153846 4216.410256 4222.564103 4218.974359 4233.846154 4164.102564 4181.025641 4231.794872 4222.564103
4215.384615 4219.487179 4295.384615 4225.641026 4224.102564 4225.128205 4218.461538 4227.179487 4218.974359 4230.769231 4165.641026 4182.564103 4230.256410 4225.641026
4213.846154 4215.384615 4291.282051 4222.564103 4220.512821 4225.128205 4216.923077 4226.666667 4224.102564 4231.794872 4168.205128 4182.564103 4234.358974 4224.615385
4209.230769 4210.769231 4285.641026 4228.205128 4227.179487 4228.205128 4210.256410 4218.461538 4223.589744 4232.820513 4165.128205 4179.487179 4231.282051 4224.102564
4215.897436 4212.307692 4290.256410 4234.358974 4222.564103 4227.692308 4211.282051 4216.923077 4219.487179 4231.282051 4165.128205 4180.000000 4228.205128 4222.564103
4215.897436 4206.666667 4287.692308 4227.692308 4224.615385 4224.615385 4209.230769 4219.487179 4220.000000 4232.820513 4168.205128 4181.025641 4222.564103 4226.666667
4213.333333 4213.846154 4285.641026 4229.743590 4226.153846 4224.615385 4210.769231 4227.179487 4228.205128 4233.333333 4173.846154 4184.615385 4227.692308 4226.153846
4209.743590 4216.923077 4285.641026 4231.282051 4225.128205 4226.666667 4214.358974 4225.641026 4227.179487 4227.179487 4172.307692 4188.205128 4234.358974 4227.179487
4210.256410 4211.794872 4283.589744 4226.153846 4227.692308 4226.666667 4212.307692 4217.948718 4221.025641 4226.666667 4165.128205 4184.615385 4227.692308 4229.230769
4221.538462 4217.948718 4288.205128 4231.794872 4223.076923 4225.641026 4214.871795 4221.538462 4224.102564 4231.282051 4166.666667 4187.692308 4225.641026 4225.128205
4212.307692 4209.743590 4278.974359 4229.743590 4226.666667 4226.153846 4212.307692 4220.512821 4227.179487 4232.307692 4163.076923 4189.743590 4223.589744 4227.179487
4202.564103 4201.538462 4270.256410 4226.153846 4227.179487 4226.153846 4209.743590 4220.000000 4231.282051 4230.769231 4160.000000 4184.102564 4226.153846 4227.692308
4212.307692 4207.179487 4274.871795 4231.794872 4222.051282 4230.256410 4209.743590 4220.512821 4228.205128 4226.666667 4163.589744 4183.076923 4226.666667 4229.230769
4210.256410 4200.512821 4269.743590 4223.589744 4225.641026 4230.769231 4203.076923 4206.153846 4212.307692 4225.128205 4155.384615 4179.487179 4211.282051 4229.743590
4198.974359 4197.948718 4257.435897 4214.871795 4223.589744 4226.666667 4199.487179 4196.410256 4207.692308 4230.256410 4144.102564 4174.871795 4207.179487 4224.615385
4197.948718 4203.076923 4256.410256 4221.538462 4225.128205 4232.820513 4201.538462 4202.564103 4214.871795 4232.307692 4146.153846 4180.000000 4214.358974 4229.230769
4204.102564 4198.461538 4266.666667 4223.076923 4224.615385 4236.923077 4213.333333 4217.435897 4221.538462 4229.230769 4151.282051 4185.128205 4214.358974 4228.205128
4202.564103 4191.794872 4265.128205 4216.923077 4221.538462 4229.743590 4215.384615 4219.487179 4220.512821 4231.282051 4145.641026 4182.564103 4204.102564 4222.564103
4207.179487 4203.076923 4255.384615 4222.564103 4227.692308 4227.179487 4203.076923 4208.205128 4213.846154 4233.333333 4144.615385 4177.948718 4209.230769 4227.692308
4226.153846 4222.564103 4262.051282 4231.282051 4222.051282 4229.743590 4201.025641 4207.692308 4215.897436 4231.282051 4153.846154 4183.589744 4229.743590 4227.692308
4235.384615 4228.205128 4267.692308 4232.820513 4223.076923 4234.358974 4200.000000 4206.666667 4216.923077 4232.307692 4152.307692 4186.666667 4220.000000 4227.692308
4254.358974 4249.230769 4278.974359 4248.205128 4228.205128 4234.871795 4201.025641 4201.538462 4215.384615 4231.794872 4152.307692 4186.153846 4214.358974 4226.153846
4285.641026 4276.923077 4294.358974 4263.589744 4223.589744 4231.794872 4206.153846 4203.589744 4215.897436 4232.307692 4163.589744 4200.000000 4240.512821 4227.692308
4292.307692 4276.410256 4294.358974 4256.923077 4228.205128 4233.333333 4204.102564 4203.589744 4214.871795 4232.820513 4162.564103 4209.230769 4249.743590 4234.358974
4300.512821 4289.230769 4300.512821 4264.102564 4229.230769 4237.435897 4205.128205 4207.179487 4216.923077 4231.794872 4157.435897 4207.179487 4242.051282 4231.794872
4319.487179 4315.384615 4310.769231 4282.051282 4229.743590 4234.358974 4204.615385 4205.641026 4218.974359 4232.307692 4160.000000 4211.282051 4242.051282 4231.794872
4338.974359 4337.948718 4320.512821 4295.384615 4229.743590 4236.410256 4212.307692 4206.666667 4223.076923 4233.333333 4166.153846 4223.589744 4260.512821 4233.846154
4347.692308 4350.769231 4329.230769 4303.076923 4223.076923 4244.615385 4223.076923 4216.410256 4228.717949 4232.820513 4166.666667 4228.717949 4274.871795 4231.794872
4342.051282 4345.128205 4324.615385 4300.000000 4226.666667 4247.692308 4218.461538 4208.717949 4221.025641 4231.794872 4160.512821 4221.025641 4266.666667 4231.282051
4350.769231 4352.307692 4327.179487 4306.666667 4224.615385 4243.076923 4220.000000 4205.128205 4221.538462 4231.794872 4167.692308 4221.538462 4268.717949 4229.230769
4364.102564 4364.615385 4334.871795 4317.435897 4224.102564 4236.410256 4230.256410 4220.512821 4231.282051 4231.794872 4179.487179 4231.282051 4277.948718 4236.923077
4362.564103 4365.641026 4334.358974 4316.410256 4229.230769 4238.974359 4229.230769 4228.205128 4232.820513 4232.307692 4175.384615 4233.846154 4275.897436 4240.512821
4359.487179 4358.974359 4332.820513 4310.769231 4225.128205 4243.589744 4221.025641 4224.102564 4229.230769 4232.820513 4169.743590 4231.282051 4270.769231 4232.307692
4361.025641 4355.897436 4334.358974 4310.769231 4227.179487 4241.025641 4222.564103 4219.487179 4228.205128 4232.307692 4173.333333 4233.846154 4263.589744 4232.307692
4371.794872 4370.769231 4343.589744 4321.538462 4225.128205 4236.923077 4233.333333 4226.666667 4234.358974 4231.282051 4180.512821 4240.512821 4270.769231 4233.333333
4372.820513 4373.333333 4344.102564 4325.128205 4226.666667 4239.487179 4229.743590 4227.179487 4235.384615 4232.307692 4182.051282 4241.538462 4280.512821 4236.923077
4362.564103 4363.076923 4336.410256 4318.974359 4230.256410 4244.102564 4228.717949 4227.179487 4232.307692 4232.820513 4183.589744 4240.000000 4278.974359 4236.923077
4354.871795 4353.846154 4329.230769 4311.282051 4222.051282 4241.025641 4238.461538 4229.230769 4235.897436 4231.794872 4185.128205 4237.435897 4281.025641 4231.282051
4341.538462 4336.923077 4316.923077 4301.025641 4227.179487 4236.923077 4235.897436 4215.897436 4233.846154 4231.282051 4176.410256 4230.769231 4282.564103 4233.846154
4338.974359 4333.333333 4320.000000 4302.051282 4227.692308 4239.487179 4240.000000 4215.384615 4233.333333 4231.282051 4176.923077 4230.769231 4290.769231 4230.769231
4340.000000 4333.333333 4322.564103 4301.025641 4224.102564 4242.564103 4243.589744 4226.153846 4234.871795 4232.820513 4185.641026 4232.820513 4293.846154 4228.205128
4327.692308 4324.615385 4309.743590 4288.205128 4228.205128 4243.076923 4232.307692 4222.564103 4229.743590 4232.820513 4182.564103 4227.179487 4284.102564 4230.769231
4322.564103 4324.102564 4307.179487 4287.692308 4224.102564 4242.564103 4229.743590 4225.641026 4231.282051 4231.282051 4177.948718 4225.641026 4281.025641 4228.717949
4316.923077 4314.871795 4306.666667 4287.692308 4229.230769 4241.538462 4232.307692 4232.307692 4238.974359 4231.282051 4177.948718 4225.641026 4274.871795 4230.256410
4309.743590 4306.153846 4300.000000 4279.487179 4228.717949 4240.000000 4232.307692 4230.769231 4242.564103 4232.307692 4180.000000 4222.564103 4270.769231 4227.179487
