3713.333333 3851.282051 3687.179487 3601.025641 4223.076923 5473.333333 3735.384615 3695.384615 3453.333333 4232.820513 3926.666667 3783.589744 3511.282051 3928.205128
3720.512821 3878.461538 3695.384615 3630.769231 4219.487179 5669.743590 3668.205128 3730.256410 3517.435897 4234.358974 3944.615385 3774.871795 3557.435897 3933.333333
3728.717949 3905.641026 3699.487179 3627.179487 4224.102564 5740.512821 3665.128205 3753.846154 3618.974359 4235.384615 3946.666667 3784.102564 3662.051282 3936.923077
3746.153846 3994.358974 3716.410256 3664.615385 4223.589744 5681.025641 3665.641026 3759.487179 3674.358974 4231.794872 3970.769231 3792.820513 3695.384615 3930.256410
3741.025641 4063.076923 3712.307692 3707.692308 4222.051282 5580.512821 3665.128205 3760.000000 3621.025641 4228.205128 3980.512821 3781.538462 3631.794872 3925.641026
3709.230769 4046.666667 3677.435897 3686.666667 4219.487179 5547.692308 3688.717949 3760.512821 3501.025641 4227.179487 3952.820513 3751.282051 3595.897436 3910.256410
3675.384615 3981.538462 3638.461538 3631.282051 4220.000000 5534.358974 3727.179487 3747.692308 3450.256410 4231.794872 3938.974359 3734.871795 3601.025641 3896.923077
3666.666667 3938.974359 3633.333333 3623.589744 4223.076923 5468.717949 3765.641026 3742.051282 3509.743590 4233.333333 3953.846154 3737.435897 3606.153846 3893.333333
3658.461538 3913.333333 3632.820513 3633.846154 4216.410256 5418.974359 3796.410256 3761.538462 3546.153846 4231.794872 3952.307692 3722.051282 3594.358974 3882.051282
3623.589744 3880.000000 3603.076923 3605.128205 4218.461538 5447.179487 3823.076923 3778.974359 3520.000000 4230.769231 3929.230769 3707.692308 3559.487179 3874.358974
3625.128205 3894.871795 3606.153846 3616.410256 4220.000000 5488.205128 3847.692308 3799.487179 3561.025641 4233.333333 3942.051282 3717.948718 3574.871795 3873.333333
3656.410256 3941.538462 3636.923077 3661.025641 4216.410256 5453.846154 3862.564103 3808.717949 3644.102564 4235.897436 3967.692308 3732.820513 3608.205128 3874.871795
3658.461538 3963.589744 3641.025641 3660.000000 4221.025641 5411.282051 3873.846154 3815.897436 3657.948718 4232.820513 3963.076923 3738.461538 3595.384615 3874.871795
3654.358974 3970.256410 3635.897436 3640.512821 4221.025641 5429.743590 3887.179487 3843.589744 3644.615385 4230.256410 3960.512821 3732.820513 3592.307692 3864.102564
3663.589744 3978.461538 3641.025641 3635.897436 4222.564103 5424.102564 3892.820513 3851.282051 3666.666667 4232.820513 3967.692308 3736.410256 3604.102564 3860.000000
3680.000000 4001.538462 3661.538462 3658.461538 4222.564103 5372.820513 3900.000000 3851.282051 3688.205128 4233.333333 3977.435897 3747.179487 3617.435897 3866.153846
3683.589744 4011.794872 3671.282051 3661.025641 4216.923077 5356.923077 3911.282051 3872.307692 3683.076923 4232.820513 3975.384615 3744.102564 3618.974359 3871.794872
3674.358974 4002.564103 3662.564103 3635.384615 4219.487179 5368.717949 3907.692308 3889.230769 3681.025641 4232.307692 3963.589744 3735.897436 3595.384615 3871.282051
3692.820513 4017.948718 3677.948718 3661.025641 4220.000000 5364.102564 3904.102564 3893.333333 3696.923077 4230.769231 3985.641026 3740.512821 3613.846154 3873.846154
3713.333333 4024.102564 3698.461538 3692.820513 4222.051282 5346.666667 3919.487179 3904.615385 3718.974359 4231.282051 4008.205128 3756.410256 3644.615385 3888.717949
3709.743590 4013.846154 3704.102564 3691.282051 4221.025641 5333.846154 3927.179487 3915.897436 3735.897436 4232.307692 4004.615385 3760.000000 3644.102564 3890.769231
3727.179487 4032.820513 3731.794872 3718.461538 4216.923077 5315.384615 3917.948718 3921.025641 3762.564103 4232.307692 4013.333333 3766.153846 3671.282051 3892.820513
3750.769231 4047.179487 3751.282051 3748.205128 4223.076923 5282.564103 3913.846154 3914.358974 3788.205128 4232.820513 4012.820513 3777.948718 3698.461538 3906.666667
3747.179487 4036.923077 3744.102564 3741.538462 4221.025641 5275.384615 3926.666667 3910.256410 3774.871795 4231.794872 3992.820513 3771.794872 3686.153846 3905.128205
3744.615385 4046.666667 3747.692308 3729.743590 4218.461538 5296.923077 3942.564103 3917.948718 3765.128205 4232.307692 3991.794872 3773.846154 3671.282051 3908.717949
3769.743590 4084.615385 3777.435897 3754.871795 4221.025641 5293.846154 3950.256410 3926.666667 3807.179487 4233.846154 4010.256410 3791.794872 3695.384615 3924.102564
3773.846154 4085.641026 3778.974359 3769.230769 4218.461538 5256.923077 3944.102564 3921.025641 3812.307692 4230.769231 4004.615385 3785.641026 3695.384615 3927.179487
3753.333333 4059.487179 3761.538462 3746.153846 4222.051282 5229.230769 3948.205128 3917.948718 3778.461538 4229.743590 3991.282051 3783.076923 3661.538462 3929.743590
3784.102564 4088.205128 3801.025641 3772.820513 4218.461538 5245.128205 3985.128205 3955.384615 3824.102564 4232.307692 4024.615385 3809.230769 3700.512821 3945.128205
3826.666667 4119.487179 3844.102564 3820.512821 4216.923077 5210.256410 4006.666667 3981.538462 3895.384615 4232.820513 4049.743590 3830.256410 3751.794872 3964.102564
3828.717949 4104.615385 3836.923077 3819.487179 4222.051282 5120.000000 3992.820513 3972.307692 3892.820513 4231.282051 4031.794872 3825.641026 3742.564103 3971.794872
3839.487179 4095.384615 3841.538462 3815.384615 4218.461538 5083.589744 3995.897436 3986.153846 3884.102564 4232.307692 4029.230769 3823.076923 3743.589744 3977.435897
3862.564103 4105.128205 3863.589744 3829.230769 4220.512821 5042.564103 4015.384615 4002.051282 3910.769231 4232.820513 4040.000000 3842.051282 3758.461538 3994.358974
3877.948718 4114.358974 3876.923077 3846.153846 4222.051282 4953.846154 4008.205128 3988.717949 3917.948718 4230.769231 4038.974359 3846.153846 3769.743590 4004.615385
3886.153846 4110.769231 3882.564103 3849.230769 4221.025641 4918.461538 3993.846154 3983.076923 3909.743590 4232.820513 4036.410256 3843.589744 3776.410256 4014.871795
3900.512821 4113.333333 3893.333333 3853.846154 4224.102564 4940.000000 4012.820513 4002.564103 3919.487179 4234.358974 4041.538462 3854.871795 3784.615385 4025.128205
3914.358974 4125.641026 3907.692308 3871.794872 4219.487179 4914.871795 4030.769231 4010.256410 3915.897436 4231.794872 4047.179487 3853.333333 3795.384615 4026.153846
3914.358974 4111.794872 3908.205128 3870.256410 4221.025641 4882.051282 4020.000000 3994.358974 3897.948718 4231.794872 4045.128205 3854.358974 3790.769231 4034.358974
3921.025641 4089.743590 3912.307692 3871.282051 4222.051282 4922.051282 4022.564103 4006.153846 3912.307692 4232.307692 4049.230769 3867.179487 3803.589744 4037.948718
3928.205128 4082.051282 3921.025641 3887.179487 4218.974359 4926.153846 4038.461538 4036.410256 3930.769231 4231.282051 4053.846154 3872.820513 3824.615385 4035.897436
3932.307692 4088.717949 3927.692308 3904.615385 4221.025641 4856.410256 4044.102564 4043.076923 3927.179487 4231.794872 4049.743590 3875.384615 3829.743590 4041.538462
3954.871795 4102.564103 3948.717949 3935.897436 4218.974359 4837.948718 4056.410256 4047.179487 3945.128205 4233.333333 4064.615385 3886.153846 3861.025641 4048.717949
3966.153846 4088.717949 3960.512821 3941.538462 4221.025641 4874.358974 4069.230769 4051.282051 3969.743590 4233.846154 4075.384615 3897.948718 3885.641026 4050.769231
3957.435897 4068.717949 3950.256410 3922.564103 4222.051282 4882.564103 4072.820513 4065.128205 3963.076923 4231.282051 4060.512821 3887.179487 3875.897436 4042.564103
3952.307692 4076.923077 3944.102564 3914.358974 4218.461538 4872.820513 4081.025641 4084.102564 3963.076923 4230.769231 4047.179487 3881.025641 3867.179487 4043.076923
3957.948718 4103.589744 3955.384615 3927.692308 4220.512821 4871.282051 4082.051282 4064.102564 3990.769231 4232.307692 4050.769231 3897.435897 3875.897436 4047.179487
3967.179487 4125.128205 3971.282051 3948.717949 4217.435897 4876.410256 4082.051282 4046.153846 4014.358974 4232.307692 4058.461538 3893.333333 3885.128205 4036.923077
3959.487179 4141.538462 3962.051282 3932.820513 4221.025641 4876.923077 4095.384615 4067.179487 4022.564103 4230.769231 4048.205128 3877.435897 3867.692308 4030.256410
3974.358974 4202.564103 3972.307692 3940.000000 4223.589744 4805.128205 4092.307692 4073.846154 4054.358974 4232.307692 4062.051282 3890.256410 3894.358974 4030.769231
4008.205128 4258.974359 4001.538462 3983.589744 4217.435897 4680.512821 4074.871795 4047.179487 4078.461538 4233.846154 4093.846154 3909.230769 3942.564103 4029.743590
4004.615385 4251.282051 3997.948718 3981.538462 4220.512821 4650.256410 4076.410256 4049.743590 4058.461538 4233.333333 4076.410256 3906.666667 3923.076923 4025.641026
4012.307692 4264.615385 4011.282051 3993.846154 4218.974359 4670.769231 4095.897436 4096.410256 4081.538462 4231.794872 4075.384615 3908.717949 3934.871795 4026.153846
4028.205128 4288.717949 4027.692308 4021.538462 4218.461538 4600.000000 4100.512821 4103.076923 4115.897436 4228.717949 4102.564103 3920.000000 3972.307692 4030.769231
4007.179487 4261.538462 4005.641026 4001.025641 4219.487179 4598.974359 4105.128205 4084.102564 4085.641026 4228.205128 4087.179487 3911.282051 3950.769231 4019.487179
4001.538462 4237.948718 4002.051282 3981.025641 4216.923077 4718.461538 4124.102564 4105.128205 4091.282051 4231.282051 4065.641026 3908.717949 3941.025641 4012.307692
4010.256410 4231.794872 4010.256410 3979.487179 4222.051282 4730.256410 4113.333333 4101.538462 4119.487179 4230.769231 4068.717949 3916.923077 3952.307692 4013.333333
3994.358974 4209.230769 4000.000000 3973.846154 4221.538462 4619.487179 4091.282051 4063.589744 4056.410256 4228.717949 4067.179487 3904.102564 3925.641026 3998.974359
4008.205128 4205.128205 4023.589744 4000.000000 4223.076923 4584.102564 4109.743590 4071.794872 4037.948718 4233.333333 4077.435897 3923.589744 3909.743590 4003.076923
4068.205128 4243.076923 4077.435897 4062.051282 4227.692308 4648.717949 4140.000000 4102.564103 4120.000000 4235.384615 4112.307692 3959.487179 3941.025641 4016.410256
4072.307692 4233.846154 4060.512821 4053.333333 4222.051282 4712.820513 4118.461538 4100.000000 4104.615385 4229.743590 4111.282051 3936.923077 3914.358974 4002.051282
4036.923077 4180.512821 4015.384615 3998.461538 4222.051282 4777.435897 4092.307692 4078.974359 4037.948718 4233.333333 4089.230769 3917.948718 3856.923077 3992.307692
4058.974359 4185.128205 4042.564103 4020.512821 4220.512821 4867.692308 4107.692308 4059.487179 4070.769231 4233.333333 4111.794872 3936.923077 3893.846154 3997.435897
4031.282051 4164.615385 4017.948718 3998.461538 4216.410256 4890.769231 4070.256410 3995.897436 4032.820513 4222.051282 4087.179487 3910.256410 3882.051282 3978.974359
3946.153846 4094.871795 3930.256410 3907.179487 4220.000000 4827.179487 4002.051282 3948.205128 3898.461538 4223.589744 4018.461538 3860.512821 3786.153846 3951.794872
3988.717949 4132.307692 3972.820513 3952.307692 4221.025641 4806.153846 4030.256410 4006.153846 3958.974359 4237.948718 4054.358974 3896.923077 3849.230769 3970.769231
4102.051282 4236.410256 4085.641026 4075.384615 4223.589744 4864.102564 4093.333333 4075.384615 4167.692308 4239.487179 4134.358974 3971.282051 4001.538462 4005.641026
4113.846154 4257.435897 4095.897436 4097.435897 4222.051282 4865.641026 4084.615385 4068.205128 4209.230769 4229.230769 4135.384615 3965.641026 4004.615385 3991.794872
4064.615385 4224.102564 4050.769231 4056.923077 4220.512821 4757.948718 4055.384615 4032.820513 4124.102564 4229.743590 4109.230769 3930.769231 3909.743590 3972.307692
4069.230769 4240.512821 4060.512821 4068.205128 4222.564103 4676.410256 4061.025641 4041.538462 4124.615385 4234.871795 4123.589744 3942.051282 3884.615385 3984.102564
4089.230769 4277.948718 4083.076923 4096.410256 4221.025641 4707.692308 4072.820513 4066.153846 4156.923077 4229.743590 4140.000000 3949.743590 3910.256410 3988.205128
4067.179487 4275.897436 4061.538462 4077.948718 4225.128205 4738.461538 4069.230769 4050.256410 4116.410256 4227.692308 4123.076923 3937.435897 3896.923077 3981.025641
4047.692308 4268.205128 4046.153846 4068.717949 4221.538462 4739.487179 4057.435897 4045.128205 4069.230769 4230.769231 4114.358974 3928.717949 3897.435897 3973.333333
4031.794872 4240.000000 4037.948718 4055.897436 4217.435897 4755.897436 4045.641026 4063.589744 4050.256410 4230.256410 4112.307692 3921.538462 3906.153846 3969.230769
4012.820513 4200.000000 4021.538462 4033.333333 4224.615385 4745.641026 4038.974359 4048.205128 4049.743590 4228.717949 4099.487179 3917.948718 3887.179487 3967.179487
4011.282051 4186.153846 4015.384615 4033.846154 4223.076923 4726.666667 4035.384615 4020.000000 4062.564103 4232.307692 4096.410256 3911.794872 3891.794872 3963.076923
4011.282051 4182.051282 4014.871795 4032.820513 4223.589744 4735.897436 4036.923077 4015.897436 4086.666667 4234.358974 4098.974359 3918.974359 3908.205128 3971.282051
4029.743590 4203.589744 4037.948718 4055.897436 4222.564103 4753.846154 4051.794872 4029.230769 4136.923077 4231.794872 4111.282051 3936.923077 3930.769231 3985.128205
4068.717949 4236.410256 4073.333333 4099.487179 4217.435897 4752.307692 4071.282051 4055.384615 4191.282051 4234.871795 4131.794872 3948.717949 3952.820513 3996.923077
4075.897436 4241.025641 4078.461538 4104.615385 4221.025641 4732.307692 4075.384615 4062.051282 4198.461538 4234.871795 4138.461538 3952.820513 3955.897436 4005.641026
4050.256410 4223.589744 4060.512821 4078.974359 4218.461538 4723.589744 4061.025641 4044.102564 4160.512821 4227.179487 4130.769231 3938.974359 3943.589744 4002.051282
4031.794872 4202.051282 4045.128205 4061.025641 4221.538462 4720.000000 4052.820513 4034.871795 4135.384615 4227.692308 4116.410256 3932.820513 3911.794872 4001.538462
4047.179487 4210.769231 4056.923077 4083.589744 4227.179487 4711.282051 4066.153846 4041.025641 4146.153846 4232.307692 4128.205128 3944.615385 3920.000000 4007.692308
4060.512821 4219.487179 4069.743590 4105.128205 4224.102564 4693.846154 4065.128205 4035.897436 4149.743590 4229.743590 4142.051282 3946.153846 3941.025641 4018.461538
4048.717949 4190.769231 4056.410256 4088.205128 4224.615385 4683.589744 4047.692308 4012.307692 4139.487179 4227.692308 4118.974359 3941.538462 3904.615385 4031.794872
4054.871795 4178.461538 4058.974359 4088.717949 4220.512821 4693.333333 4055.897436 4008.205128 4139.487179 4232.307692 4122.564103 3947.179487 3905.641026 4041.025641
4064.102564 4187.179487 4068.717949 4097.948718 4221.538462 4685.641026 4069.743590 4024.102564 4136.410256 4234.358974 4139.487179 3955.897436 3933.333333 4053.846154
4053.333333 4178.461538 4066.153846 4097.435897 4225.128205 4665.128205 4054.358974 4042.564103 4119.487179 4231.282051 4122.564103 3949.743590 3916.410256 4059.487179
4056.923077 4174.358974 4075.384615 4107.692308 4220.512821 4656.410256 4044.102564 4034.871795 4130.256410 4232.307692 4116.923077 3949.743590 3908.717949 4063.076923
4085.128205 4210.256410 4099.487179 4123.076923 4223.076923 4652.820513 4063.076923 4052.820513 4193.846154 4234.358974 4135.897436 3975.384615 3935.897436 4079.487179
4108.717949 4249.743590 4120.512821 4144.615385 4223.076923 4652.820513 4075.897436 4220.512821 4252.307692 4232.307692 4150.256410 3991.794872 3976.410256 4091.794872
4112.307692 4250.769231 4127.692308 4161.538462 4223.076923 4647.179487 4066.153846 4406.666667 4261.538462 4233.846154 4153.846154 3994.358974 4007.179487 4106.153846
4121.025641 4258.974359 4141.025641 4178.461538 4226.153846 4630.769231 4059.487179 4416.410256 4267.692308 4233.846154 4151.282051 3997.948718 4024.615385 4124.102564
4125.128205 4281.538462 4142.051282 4183.589744 4223.076923 4601.025641 4055.897436 4351.282051 4270.256410 4232.307692 4135.384615 3987.692308 4019.487179 4132.820513
4097.948718 4267.179487 4105.641026 4151.794872 4226.153846 4561.538462 4043.589744 4345.128205 4225.128205 4231.794872 4112.307692 3972.820513 4002.051282 4137.435897
4094.358974 4268.205128 4103.589744 4158.461538 4224.102564 4529.743590 4042.051282 4376.410256 4203.076923 4231.794872 4118.461538 3970.769231 4035.384615 4147.692308
4110.769231 4284.615385 4124.615385 4184.102564 4223.589744 4506.153846 4048.205128 4385.128205 4224.615385 4231.794872 4129.230769 3978.974359 4074.871795 4163.589744
4096.410256 4263.589744 4105.128205 4158.974359 4227.692308 4503.589744 4052.820513 4362.564103 4201.538462 4231.282051 4107.179487 3974.358974 4064.615385 4164.615385
4082.051282 4241.538462 4091.794872 4142.564103 4223.589744 4509.743590 4055.384615 4346.153846 4150.769231 4230.769231 4091.282051 3963.076923 4053.846154 4163.076923
4097.435897 4252.820513 4114.871795 4166.666667 4225.128205 4476.410256 4057.948718 4347.692308 4158.974359 4231.794872 4112.820513 3983.076923 4077.435897 4186.153846
4124.102564 4293.846154 4140.000000 4197.435897 4223.076923 4451.794872 4068.205128 4348.717949 4207.179487 4232.307692 4127.692308 4001.025641 4114.871795 4203.589744
4128.205128 4308.717949 4140.000000 4201.538462 4217.948718 4475.384615 4074.358974 4353.846154 4211.282051 4230.769231 4113.846154 3997.948718 4126.153846 4210.769231
4123.076923 4303.076923 4137.435897 4187.692308 4224.102564 4490.256410 4069.230769 4360.000000 4194.358974 4230.769231 4112.820513 4002.051282 4152.820513 4225.128205
4137.948718 4340.000000 4155.384615 4197.435897 4223.076923 4476.410256 4072.307692 4360.512821 4221.025641 4231.794872 4122.564103 4008.717949 4227.179487 4241.025641
4150.769231 4377.948718 4165.641026 4217.948718 4223.589744 4463.589744 4083.589744 4353.846154 4246.666667 4231.794872 4110.769231 4012.307692 4276.410256 4255.384615
4155.384615 4389.230769 4173.846154 4231.794872 4226.666667 4480.000000 4091.794872 4360.512821 4233.846154 4232.307692 4116.923077 4015.897436 4307.692308 4260.512821
4153.333333 4400.000000 4177.948718 4226.153846 4221.538462 4492.307692 4100.512821 4358.461538 4230.256410 4232.307692 4130.769231 4015.897436 4316.923077 4264.615385
4141.538462 4412.820513 4169.743590 4212.820513 4222.051282 4466.153846 4104.102564 4340.512821 4234.358974 4231.282051 4108.717949 4015.384615 4278.461538 4269.230769
4148.205128 4425.641026 4177.948718 4224.615385 4223.589744 4445.128205 4103.076923 4345.641026 4226.666667 4231.282051 4110.256410 4017.948718 4284.102564 4267.692308
4167.179487 4451.794872 4194.871795 4240.000000 4225.641026 4457.948718 4106.153846 4353.333333 4240.000000 4232.820513 4140.512821 4033.333333 4326.153846 4275.384615
4177.435897 4489.743590 4205.128205 4250.256410 4222.051282 4477.435897 4114.871795 4342.051282 4255.384615 4232.820513 4141.025641 4039.487179 4330.256410 4278.461538
4175.897436 4513.333333 4204.102564 4261.025641 4221.025641 4456.923077 4110.256410 4330.769231 4224.102564 4231.794872 4118.461538 4026.153846 4300.512821 4267.179487
4163.076923 4537.948718 4188.205128 4239.487179 4226.153846 4423.076923 4098.974359 4340.512821 4187.179487 4232.820513 4111.794872 4020.512821 4278.461538 4257.948718
4165.641026 4547.692308 4190.256410 4225.128205 4221.538462 4422.051282 4100.512821 4353.846154 4205.128205 4231.794872 4126.666667 4028.205128 4298.974359 4256.410256
4182.564103 4544.615385 4206.153846 4253.333333 4224.102564 4430.256410 4105.641026 4343.076923 4240.512821 4232.820513 4125.641026 4035.384615 4319.487179 4264.615385
4190.769231 4580.000000 4212.307692 4277.948718 4227.692308 4426.153846 4109.743590 4341.538462 4253.333333 4234.358974 4120.512821 4028.205128 4321.538462 4264.102564
4169.230769 4516.410256 4195.384615 4229.743590 4221.025641 4405.641026 4104.102564 4345.128205 4237.435897 4228.717949 4115.384615 4014.358974 4298.461538 4254.871795
4164.615385 4330.256410 4192.307692 4192.820513 4225.641026 4391.282051 4101.025641 4331.282051 4222.051282 4226.666667 4120.000000 4030.256410 4307.179487 4264.615385
4213.333333 4275.897436 4232.820513 4282.051282 4226.153846 4416.923077 4117.435897 4338.974359 4243.589744 4231.794872 4155.384615 4053.333333 4369.743590 4280.000000
4217.435897 4351.794872 4237.948718 4323.076923 4224.102564 4413.333333 4118.974359 4350.769231 4260.512821 4233.846154 4150.256410 4047.179487 4360.512821 4281.025641
4190.256410 4395.897436 4214.871795 4256.410256 4225.128205 4359.487179 4107.692308 4335.384615 4245.128205 4231.282051 4131.794872 4039.487179 4342.051282 4279.487179
4202.051282 4415.384615 4221.538462 4230.769231 4223.076923 4377.435897 4123.076923 4327.179487 4237.435897 4232.820513 4149.230769 4044.615385 4374.871795 4287.179487
4197.435897 4434.871795 4215.384615 4239.487179 4227.179487 4431.282051 4130.769231 4323.076923 4248.717949 4233.333333 4127.179487 4042.564103 4365.128205 4288.205128
4180.000000 4461.025641 4207.692308 4237.948718 4226.153846 4403.589744 4110.769231 4316.410256 4245.641026 4232.307692 4090.256410 4031.794872 4376.923077 4282.564103
4191.794872 4494.358974 4223.076923 4235.897436 4225.128205 4364.102564 4109.743590 4328.205128 4235.384615 4234.358974 4122.564103 4042.564103 4453.846154 4302.564103
4195.897436 4486.666667 4228.717949 4253.333333 4228.205128 4390.256410 4128.717949 4329.230769 4251.282051 4232.307692 4148.717949 4049.743590 4483.589744 4323.589744
4178.461538 4468.205128 4217.948718 4265.128205 4225.128205 4401.538462 4127.692308 4307.179487 4270.769231 4230.256410 4110.769231 4036.410256 4463.076923 4333.846154
4192.307692 4520.000000 4225.128205 4263.076923 4228.205128 4369.230769 4121.538462 4311.794872 4283.589744 4234.358974 4104.615385 4049.743590 4473.333333 4360.512821
4212.307692 4549.743590 4239.487179 4270.256410 4227.179487 4376.923077 4132.307692 4331.794872 4280.000000 4233.846154 4138.461538 4058.461538 4486.666667 4376.410256
4191.794872 4495.384615 4225.128205 4263.076923 4226.153846 4390.769231 4135.384615 4329.230769 4267.692308 4231.282051 4127.179487 4045.641026 4477.435897 4384.102564
4172.820513 4477.948718 4213.333333 4254.358974 4228.717949 4367.179487 4122.051282 4342.564103 4276.923077 4232.820513 4095.897436 4043.589744 4476.410256 4396.923077
4189.743590 4506.666667 4227.692308 4267.179487 4226.666667 4351.794872 4126.153846 4381.538462 4270.256410 4232.820513 4109.743590 4051.282051 4482.051282 4408.205128
4197.948718 4490.256410 4233.333333 4266.666667 4229.743590 4342.564103 4136.410256 4380.000000 4224.102564 4231.282051 4110.769231 4055.897436 4440.000000 4421.025641
4193.846154 4458.461538 4231.794872 4260.512821 4225.641026 4328.717949 4131.282051 4362.051282 4217.948718 4231.794872 4093.333333 4054.358974 4431.794872 4431.282051
4211.794872 4462.564103 4251.794872 4282.564103 4223.076923 4329.743590 4135.897436 4383.076923 4284.615385 4232.820513 4127.179487 4073.333333 4506.153846 4452.307692
4228.205128 4489.230769 4268.205128 4296.923077 4229.743590 4338.974359 4152.820513 4400.000000 4323.589744 4231.282051 4147.179487 4088.717949 4523.076923 4468.717949
4215.384615 4501.538462 4254.358974 4270.256410 4225.128205 4330.769231 4147.692308 4378.974359 4293.333333 4229.743590 4107.692308 4064.615385 4463.076923 4461.538462
4195.897436 4469.230769 4227.692308 4233.333333 4226.666667 4310.769231 4133.846154 4349.743590 4269.230769 4231.282051 4086.153846 4055.384615 4445.128205 4457.435897
4213.846154 4449.743590 4243.076923 4255.897436 4228.717949 4314.358974 4142.051282 4357.948718 4286.153846 4231.794872 4115.384615 4076.923077 4525.128205 4465.641026
4236.410256 4473.333333 4272.820513 4293.846154 4223.589744 4322.051282 4152.307692 4372.820513 4309.743590 4232.307692 4129.743590 4085.641026 4567.179487 4473.333333
4241.025641 4471.794872 4275.384615 4294.358974 4228.205128 4311.794872 4160.512821 4357.948718 4332.307692 4232.820513 4127.179487 4088.717949 4521.025641 4459.487179
4252.820513 4455.384615 4281.538462 4301.025641 4226.666667 4291.282051 4164.102564 4354.871795 4349.743590 4230.256410 4135.897436 4092.307692 4502.564103 4425.641026
4237.435897 4441.538462 4269.230769 4280.000000 4225.128205 4247.179487 4148.717949 4350.769231 4318.461538 4229.743590 4114.871795 4086.666667 4502.051282 4407.179487
4227.179487 4433.846154 4260.512821 4255.897436 4227.692308 4231.282051 4149.743590 4342.564103 4300.512821 4231.794872 4106.666667 4085.128205 4501.025641 4405.641026
4241.025641 4418.974359 4271.282051 4260.000000 4224.102564 4254.358974 4161.025641 4345.128205 4326.666667 4231.794872 4123.076923 4083.076923 4485.641026 4401.025641
4235.897436 4398.461538 4270.769231 4255.897436 4227.179487 4251.282051 4155.384615 4331.794872 4307.692308 4231.794872 4116.410256 4085.128205 4462.564103 4392.307692
4234.871795 4410.769231 4275.897436 4266.666667 4226.666667 4234.358974 4157.948718 4316.410256 4276.410256 4231.794872 4109.743590 4091.794872 4465.641026 4383.076923
4238.461538 4407.692308 4281.025641 4269.743590 4227.179487 4228.205128 4163.076923 4307.179487 4300.000000 4229.743590 4095.384615 4092.307692 4446.153846 4381.025641
4243.589744 4396.410256 4287.692308 4275.897436 4230.256410 4220.000000 4161.538462 4312.820513 4317.948718 4229.743590 4090.256410 4092.307692 4422.051282 4379.487179
4254.871795 4410.769231 4299.487179 4300.512821 4227.179487 4206.666667 4170.769231 4329.743590 4298.974359 4233.333333 4110.256410 4099.487179 4427.692308 4374.871795
4246.153846 4397.948718 4287.692308 4288.717949 4228.205128 4185.641026 4160.000000 4308.205128 4286.666667 4233.333333 4097.948718 4098.974359 4416.410256 4370.769231
4228.717949 4366.153846 4271.794872 4265.128205 4225.641026 4174.358974 4144.615385 4285.128205 4280.000000 4230.769231 4073.846154 4081.538462 4406.666667 4363.589744
4226.153846 4350.256410 4273.846154 4268.717949 4226.666667 4184.615385 4163.589744 4307.179487 4267.692308 4231.282051 4086.666667 4085.641026 4388.205128 4365.128205
4234.871795 4346.666667 4285.128205 4287.179487 4229.230769 4185.641026 4172.820513 4327.179487 4272.820513 4234.358974 4104.102564 4101.025641 4382.564103 4370.256410
4244.102564 4340.000000 4295.384615 4293.846154 4223.589744 4169.743590 4161.538462 4312.307692 4286.666667 4234.358974 4095.384615 4094.358974 4397.435897 4372.307692
4243.589744 4335.897436 4292.307692 4281.538462 4227.692308 4175.384615 4165.641026 4265.641026 4272.820513 4232.820513 4085.128205 4090.769231 4284.615385 4376.410256
4248.205128 4345.128205 4293.846154 4291.794872 4226.153846 4202.051282 4178.461538 4229.743590 4248.205128 4230.256410 4106.666667 4097.435897 4113.333333 4375.384615
4248.717949 4325.128205 4293.846154 4298.974359 4222.564103 4184.102564 4167.692308 4224.102564 4244.615385 4229.743590 4107.179487 4097.435897 4049.743590 4376.410256
4233.846154 4291.794872 4281.025641 4281.538462 4228.205128 4157.948718 4157.948718 4217.435897 4251.282051 4230.256410 4077.948718 4089.230769 4055.897436 4379.487179
4247.692308 4304.102564 4291.794872 4297.435897 4226.666667 4182.051282 4176.410256 4213.846154 4262.051282 4231.282051 4090.769231 4095.897436 4083.076923 4382.051282
4262.051282 4314.871795 4303.589744 4320.512821 4225.128205 4201.538462 4188.717949 4224.615385 4263.076923 4231.794872 4111.282051 4112.820513 4096.410256 4388.205128
4251.794872 4290.256410 4298.461538 4311.282051 4223.076923 4199.487179 4185.641026 4235.897436 4255.897436 4230.256410 4098.974359 4103.076923 4084.102564 4383.589744
4245.641026 4273.846154 4294.358974 4298.461538 4226.666667 4186.153846 4174.871795 4228.717949 4252.307692 4232.307692 4094.358974 4094.358974 4080.512821 4382.051282
4270.256410 4293.846154 4315.897436 4324.615385 4233.846154 4177.948718 4185.641026 4241.538462 4282.051282 4235.384615 4113.333333 4117.948718 4109.743590 4395.897436
4290.769231 4308.205128 4336.410256 4354.871795 4226.153846 4184.102564 4208.205128 4280.000000 4306.153846 4231.794872 4129.230769 4125.641026 4121.538462 4401.025641
4244.615385 4265.641026 4296.923077 4312.820513 4226.666667 4156.410256 4185.641026 4245.641026 4233.333333 4227.692308 4107.692308 4097.948718 4080.000000 4392.307692
4211.282051 4236.923077 4270.256410 4285.128205 4229.230769 4140.512821 4167.179487 4201.025641 4183.589744 4231.282051 4075.384615 4080.512821 4044.102564 4389.230769
4257.948718 4256.410256 4314.871795 4324.615385 4224.615385 4178.974359 4202.564103 4252.307692 4266.153846 4235.897436 4096.923077 4110.256410 4073.846154 4411.282051
4295.384615 4275.897436 4348.205128 4348.717949 4225.641026 4195.384615 4223.076923 4287.692308 4330.256410 4233.846154 4150.256410 4140.000000 4137.948718 4426.666667
4270.769231 4281.538462 4327.179487 4338.974359 4224.615385 4169.743590 4194.871795 4252.820513 4289.743590 4229.743590 4148.205128 4115.897436 4140.000000 4409.743590
4246.153846 4263.076923 4306.666667 4326.153846 4229.743590 4158.461538 4183.076923 4250.256410 4272.307692 4230.769231 4112.820513 4101.025641 4087.179487 4401.538462
4263.076923 4244.102564 4323.589744 4338.974359 4231.282051 4169.743590 4201.538462 4282.051282 4302.564103 4231.282051 4135.384615 4118.461538 4094.871795 4402.564103
4267.179487 4240.000000 4334.871795 4356.410256 4226.666667 4157.435897 4203.589744 4277.435897 4296.923077 4231.794872 4167.179487 4123.589744 4120.512821 4401.025641
4251.794872 4234.358974 4325.128205 4352.820513 4229.230769 4132.820513 4201.538462 4269.743590 4286.666667 4232.820513 4142.564103 4118.974359 4098.461538 4400.000000
4254.871795 4229.230769 4328.205128 4345.641026 4226.153846 4141.538462 4210.256410 4295.384615 4300.512821 4232.820513 4125.128205 4114.871795 4078.461538 4392.820513
4263.076923 4223.589744 4332.307692 4339.487179 4226.666667 4135.384615 4209.230769 4299.487179 4300.000000 4231.794872 4140.000000 4119.487179 4081.025641 4397.435897
4265.128205 4226.666667 4331.794872 4347.179487 4228.205128 4054.358974 4198.461538 4275.384615 4277.435897 4230.256410 4145.641026 4121.538462 4100.512821 4409.230769
4263.076923 4221.538462 4333.333333 4356.410256 4225.128205 3963.589744 4201.538462 4272.820513 4265.128205 4232.307692 4146.153846 4117.948718 4100.512821 4421.538462
4256.923077 4205.128205 4334.871795 4356.923077 4229.743590 3942.051282 4214.358974 4278.461538 4284.615385 4233.846154 4147.179487 4123.076923 4083.076923 4439.487179
4258.974359 4205.641026 4342.051282 4366.153846 4229.743590 3963.076923 4211.282051 4266.153846 4302.564103 4232.307692 4144.615385 4124.615385 4098.974359 4453.333333
4261.025641 4197.435897 4342.564103 4362.564103 4228.205128 3972.307692 4207.692308 4264.615385 4290.256410 4232.307692 4147.179487 4130.256410 4100.000000 4468.205128
4259.487179 4186.153846 4342.051282 4358.974359 4226.666667 3978.461538 4220.512821 4287.692308 4282.564103 4232.820513 4151.794872 4133.846154 4088.717949 4474.358974
4260.512821 4187.692308 4350.769231 4369.230769 4225.641026 3981.025641 4220.512821 4276.923077 4298.974359 4233.333333 4156.410256 4127.692308 4102.051282 4474.871795
4263.076923 4191.282051 4361.538462 4375.384615 4231.794872 3968.717949 4212.307692 4250.769231 4329.743590 4234.871795 4169.743590 4135.897436 4108.205128 4491.282051
4270.256410 4194.358974 4374.358974 4385.128205 4227.179487 3976.410256 4227.179487 4278.974359 4347.692308 4232.307692 4182.564103 4142.051282 4111.282051 4505.641026
4260.512821 4176.923077 4365.641026 4373.333333 4225.128205 3990.256410 4235.897436 4294.358974 4327.692308 4228.717949 4164.102564 4134.871795 4109.230769 4509.743590
4249.743590 4163.589744 4357.435897 4360.512821 4230.256410 3981.025641 4226.153846 4270.256410 4307.179487 4229.743590 4149.230769 4129.743590 4082.051282 4510.256410
4258.461538 4159.487179 4369.743590 4372.820513 4225.128205 3965.128205 4229.743590 4271.282051 4309.230769 4232.820513 4165.128205 4131.794872 4071.282051 4515.897436
4262.051282 4137.948718 4372.307692 4370.769231 4227.692308 3966.666667 4240.000000 4291.794872 4314.358974 4233.333333 4168.717949 4140.512821 4078.974359 4532.820513
4267.179487 4133.333333 4380.000000 4375.897436 4228.205128 3983.589744 4244.615385 4314.871795 4323.076923 4231.282051 4176.923077 4145.128205 4085.128205 4547.692308
4261.538462 4132.307692 4380.000000 4377.948718 4224.615385 3969.230769 4243.076923 4316.923077 4324.102564 4230.256410 4186.153846 4143.076923 4073.333333 4555.897436
4236.923077 4106.666667 4358.461538 4355.384615 4228.717949 3950.256410 4233.333333 4294.358974 4300.512821 4231.282051 4165.128205 4136.410256 4057.435897 4557.435897
4240.512821 4098.974359 4370.256410 4366.666667 4228.205128 3968.717949 4242.564103 4309.743590 4316.410256 4233.333333 4169.230769 4141.538462 4077.948718 4574.871795
4252.307692 4104.102564 4393.333333 4383.076923 4228.717949 3975.384615 4259.487179 4349.230769 4356.410256 4233.333333 4197.435897 4157.948718 4091.794872 4602.051282
4226.153846 4074.871795 4370.769231 4358.974359 4226.153846 3946.666667 4241.025641 4335.897436 4314.871795 4230.256410 4186.153846 4135.897436 4070.256410 4593.333333
4199.487179 4039.487179 4347.692308 4334.871795 4228.717949 3940.000000 4224.615385 4295.897436 4264.615385 4231.282051 4162.051282 4115.384615 4056.410256 4584.102564
4228.205128 4061.025641 4384.102564 4364.102564 4234.358974 3971.282051 4253.333333 4306.153846 4321.538462 4235.384615 4184.102564 4151.282051 4079.487179 4597.435897
4261.538462 4100.000000 4422.564103 4407.692308 4227.692308 3981.538462 4274.871795 4349.230769 4382.051282 4234.358974 4216.923077 4173.846154 4106.153846 4593.846154
4240.000000 4078.461538 4401.538462 4387.692308 4226.153846 3965.128205 4256.410256 4349.743590 4348.717949 4231.282051 4211.282051 4156.923077 4091.794872 4580.000000
4228.205128 4054.358974 4391.282051 4370.256410 4227.692308 3978.974359 4252.820513 4334.871795 4333.333333 4231.794872 4210.256410 4153.333333 4097.435897 4576.410256
4247.179487 4071.282051 4413.846154 4392.820513 4227.179487 3991.282051 4267.692308 4344.102564 4378.461538 4233.846154 4222.051282 4166.153846 4114.358974 4576.410256
4254.358974 4088.717949 4419.487179 4405.641026 4232.307692 3975.384615 4268.205128 4350.256410 4392.820513 4233.333333 4229.743590 4174.871795 4104.102564 4569.743590
4255.897436 4092.820513 4419.487179 4404.102564 4227.692308 3973.846154 4265.641026 4360.512821 4372.820513 4232.820513 4245.128205 4174.871795 4117.435897 4561.538462
4244.102564 4077.435897 4410.769231 4382.564103 4227.179487 3964.615385 4263.589744 4354.358974 4363.076923 4231.794872 4225.641026 4167.692308 4110.256410 4562.051282
4237.948718 4070.256410 4404.102564 4378.974359 4228.717949 3946.153846 4262.051282 4336.923077 4363.589744 4231.794872 4201.025641 4160.000000 4083.589744 4561.025641
4249.743590 4079.487179 4412.307692 4399.487179 4227.179487 3947.692308 4263.589744 4353.846154 4362.051282 4234.358974 4229.230769 4167.179487 4092.820513 4564.615385
4247.692308 4084.615385 4412.307692 4397.435897 4231.794872 3943.589744 4267.179487 4371.282051 4363.076923 4234.871795 4243.076923 4172.307692 4112.307692 4572.820513
4243.589744 4083.589744 4408.717949 4389.230769 4227.179487 3943.076923 4272.820513 4364.615385 4366.666667 4231.794872 4229.743590 4162.051282 4121.538462 4564.615385
4241.538462 4064.102564 4402.564103 4380.512821 4224.615385 3940.000000 4270.769231 4350.769231 4345.128205 4230.256410 4228.717949 4163.589744 4107.179487 4559.487179
4246.153846 4060.512821 4409.230769 4390.769231 4227.179487 3924.615385 4272.307692 4356.410256 4330.769231 4233.333333 4237.435897 4171.282051 4113.333333 4564.615385
4256.410256 4076.410256 4423.076923 4408.205128 4226.666667 3927.179487 4276.923077 4366.153846 4335.897436 4233.333333 4249.230769 4168.205128 4132.820513 4566.153846
4251.794872 4077.948718 4413.846154 4392.307692 4229.230769 3933.846154 4271.282051 4354.358974 4326.153846 4230.769231 4251.794872 4170.256410 4115.384615 4565.641026
4247.692308 4083.589744 4407.179487 4386.153846 4224.615385 3927.179487 4265.641026 4350.769231 4320.512821 4231.282051 4242.564103 4166.666667 4128.205128 4561.538462
4255.384615 4086.153846 4414.871795 4397.948718 4224.102564 3951.794872 4266.666667 4360.000000 4327.179487 4232.820513 4247.179487 4169.230769 4168.205128 4566.666667
4266.666667 4077.948718 4424.615385 4403.589744 4228.205128 3971.794872 4269.230769 4360.000000 4340.000000 4232.820513 4264.102564 4179.487179 4158.974359 4569.743590
4270.256410 4083.589744 4425.641026 4408.205128 4223.076923 3893.846154 4271.282051 4351.282051 4350.256410 4231.282051 4265.641026 4174.871795 4142.051282 4565.641026
4262.051282 4100.000000 4416.410256 4407.179487 4225.641026 3795.897436 4274.358974 4347.692308 4346.153846 4231.282051 4261.025641 4173.846154 4160.000000 4569.230769
4264.102564 4105.128205 4420.000000 4406.153846 4226.153846 3804.615385 4275.897436 4356.923077 4343.589744 4231.282051 4272.820513 4176.923077 4180.000000 4566.666667
4264.102564 4081.538462 4419.487179 4401.025641 4224.102564 3826.153846 4269.743590 4349.743590 4343.076923 4232.307692 4266.153846 4172.307692 4156.410256 4563.076923
4256.410256 4071.282051 4411.794872 4405.641026 4224.615385 3804.615385 4268.717949 4338.461538 4340.512821 4232.307692 4255.897436 4171.282051 4146.666667 4563.589744
4259.487179 4082.051282 4417.435897 4427.179487 4223.076923 3805.128205 4283.076923 4358.461538 4353.333333 4231.794872 4272.307692 4174.871795 4190.769231 4568.205128
4261.538462 4065.641026 4424.615385 4426.666667 4228.717949 3807.692308 4292.307692 4381.025641 4383.589744 4232.820513 4286.153846 4183.076923 4204.615385 4579.487179
4264.102564 4031.794872 4431.794872 4423.589744 4226.153846 3809.230769 4291.794872 4383.076923 4402.564103 4231.282051 4291.794872 4184.102564 4191.794872 4584.102564
4256.923077 3978.461538 4420.512821 4412.307692 4222.051282 3818.974359 4288.205128 4364.615385 4384.615385 4229.743590 4286.153846 4174.871795 4184.102564 4589.230769
4248.205128 3936.410256 4407.179487 4407.692308 4226.666667 3804.102564 4287.692308 4352.820513 4361.538462 4233.333333 4276.410256 4173.846154 4191.794872 4595.384615
4271.794872 3962.564103 4434.358974 4436.410256 4223.076923 3777.435897 4304.102564 4378.974359 4379.487179 4234.358974 4297.948718 4188.205128 4221.538462 4601.025641
4288.717949 3989.230769 4444.615385 4430.769231 4224.615385 3776.410256 4314.358974 4387.692308 4404.615385 4231.794872 4309.230769 4196.923077 4223.076923 4606.153846
4282.051282 3975.897436 4425.641026 4415.897436 4225.641026 3808.205128 4305.641026 4366.666667 4400.000000 4231.282051 4297.435897 4183.076923 4216.923077 4598.461538
4285.641026 3981.538462 4430.256410 4425.128205 4222.564103 3833.846154 4307.692308 4372.307692 4411.282051 4234.358974 4301.025641 4185.128205 4236.923077 4601.025641
4297.948718 4022.564103 4448.205128 4433.846154 4225.641026 3829.743590 4315.897436 4384.102564 4437.435897 4236.410256 4305.641026 4203.076923 4252.307692 4611.794872
4302.564103 4049.743590 4445.128205 4442.051282 4223.076923 3816.923077 4309.743590 4368.717949 4425.128205 4234.871795 4297.435897 4195.897436 4250.256410 4603.589744
4309.230769 4049.230769 4441.025641 4449.743590 4223.076923 3820.000000 4309.230769 4355.384615 4423.589744 4233.333333 4296.923077 4197.435897 4256.923077 4600.000000
4317.435897 4055.897436 4452.307692 4452.307692 4225.128205 3838.461538 4316.923077 4362.564103 4442.051282 4232.820513 4309.230769 4203.076923 4283.076923 4599.487179
4302.051282 4071.794872 4442.564103 4430.769231 4224.615385 3833.846154 4305.641026 4365.641026 4425.641026 4233.333333 4303.076923 4190.769231 4279.487179 4588.205128
4290.769231 4092.307692 4431.794872 4434.358974 4226.666667 3815.897436 4301.538462 4353.333333 4416.923077 4233.846154 4286.153846 4191.794872 4265.128205 4582.564103
4312.820513 4098.461538 4452.307692 4477.948718 4223.589744 3834.871795 4324.615385 4362.564103 4434.358974 4233.846154 4301.025641 4203.076923 4302.051282 4584.615385
4310.769231 4089.230769 4444.615385 4437.435897 4226.153846 3841.025641 4328.717949 4387.692308 4415.384615 4231.794872 4307.179487 4199.487179 4318.974359 4581.538462
4285.641026 4114.871795 4415.384615 4359.487179 4227.179487 3820.512821 4310.769231 4384.615385 4370.769231 4230.256410 4291.282051 4185.128205 4295.897436 4568.717949
4277.948718 4144.102564 4409.743590 4364.615385 4221.538462 3825.641026 4305.128205 4362.051282 4345.128205 4232.820513 4282.564103 4178.974359 4290.256410 4559.487179
4266.153846 4126.153846 4395.897436 4366.666667 4225.641026 3826.666667 4307.692308 4350.256410 4319.487179 4234.358974 4270.769231 4178.461538 4279.487179 4549.743590
4251.794872 4112.820513 4376.410256 4306.666667 4226.666667 3813.333333 4306.153846 4348.205128 4300.512821 4230.769231 4267.179487 4171.282051 4275.384615 4529.230769
4257.948718 4133.333333 4381.025641 4296.410256 4227.692308 3814.871795 4302.051282 4342.051282 4320.512821 4232.307692 4274.871795 4178.461538 4287.179487 4524.615385
4290.256410 4179.487179 4413.333333 4372.820513 4227.179487 3831.794872 4312.307692 4351.794872 4372.307692 4236.923077 4292.820513 4197.435897 4317.435897 4529.743590
4300.512821 4200.000000 4421.538462 4386.153846 4221.538462 3838.461538 4321.538462 4366.153846 4392.307692 4235.384615 4303.076923 4196.410256 4340.512821 4521.538462
4270.256410 4174.358974 4384.102564 4318.974359 4225.641026 3816.410256 4307.179487 4346.153846 4350.256410 4230.769231 4283.589744 4181.538462 4314.358974 4506.153846
4268.717949 4180.000000 4377.948718 4313.846154 4224.102564 3810.769231 4301.538462 4331.794872 4329.230769 4231.282051 4275.384615 4176.410256 4308.717949 4493.333333
4288.717949 4208.205128 4398.461538 4348.205128 4223.076923 3841.025641 4314.358974 4326.153846 4360.512821 4233.846154 4285.641026 4184.615385 4333.333333 4487.692308
4283.589744 4200.000000 4390.769231 4335.384615 4226.666667 3814.871795 4316.410256 4308.205128 4361.025641 4232.307692 4282.051282 4182.564103 4338.974359 4472.820513
4277.435897 4180.000000 4379.487179 4320.512821 4224.102564 3690.256410 4301.538462 4295.897436 4321.538462 4230.769231 4272.820513 4171.282051 4334.871795 4453.846154
4297.435897 4186.153846 4394.358974 4333.846154 4227.179487 3621.025641 4303.076923 4287.179487 4327.692308 4233.333333 4277.435897 4182.564103 4361.025641 4454.358974
4318.461538 4215.897436 4414.871795 4347.692308 4226.153846 3657.948718 4322.051282 4289.230769 4367.179487 4231.794872 4290.769231 4192.820513 4388.717949 4450.256410
4305.641026 4221.538462 4408.205128 4349.230769 4224.615385 3638.461538 4318.461538 4285.641026 4356.410256 4227.692308 4285.128205 4186.153846 4285.641026 4440.512821
4294.358974 4201.025641 4394.871795 4342.564103 4227.692308 3594.871795 4310.256410 4269.743590 4333.333333 4228.717949 4276.410256 4185.128205 4137.948718 4438.461538
4313.333333 4204.102564 4402.051282 4350.256410 4223.589744 3627.179487 4323.076923 4275.384615 4355.897436 4232.820513 4281.538462 4188.205128 4125.641026 4444.102564
4310.769231 4207.179487 4397.948718 4345.641026 4226.153846 3650.256410 4323.589744 4274.358974 4363.076923 4232.820513 4283.076923 4188.717949 4152.820513 4450.769231
4298.461538 4206.666667 4391.282051 4342.564103 4226.666667 3642.051282 4312.307692 4260.512821 4339.487179 4231.282051 4287.179487 4183.076923 4129.743590 4447.179487
4306.153846 4219.487179 4393.333333 4344.615385 4225.128205 3605.128205 4315.384615 4260.000000 4342.051282 4231.794872 4256.923077 4182.051282 4120.512821 4444.615385
4303.076923 4213.846154 4383.076923 4329.743590 4228.205128 3533.846154 4313.846154 4249.743590 4343.589744 4231.794872 4193.333333 4182.564103 4128.205128 4442.051282
4301.538462 4207.179487 4382.051282 4339.487179 4224.615385 3505.128205 4304.102564 4235.384615 4328.717949 4231.282051 4181.025641 4174.358974 4115.897436 4436.923077
4306.153846 4212.820513 4384.615385 4334.358974 4224.102564 3537.948718 4302.051282 4231.794872 4326.153846 4232.820513 4195.384615 4173.333333 4087.179487 4438.461538
4312.307692 4225.641026 4387.179487 4326.153846 4224.615385 3565.641026 4308.205128 4233.846154 4330.256410 4234.871795 4194.871795 4176.410256 4091.794872 4430.769231
4312.307692 4217.435897 4385.128205 4343.589744 4224.102564 3527.692308 4312.820513 4226.666667 4324.102564 4234.871795 4198.461538 4175.384615 4112.820513 4421.025641
4301.538462 4203.076923 4372.307692 4332.820513 4227.179487 3530.256410 4311.282051 4214.871795 4317.435897 4233.333333 4202.051282 4174.871795 4101.025641 4416.923077
4308.205128 4226.666667 4383.589744 4326.666667 4223.589744 3548.205128 4319.487179 4232.307692 4330.769231 4231.794872 4214.871795 4177.435897 4108.205128 4407.179487
4313.333333 4237.948718 4395.897436 4333.333333 4227.692308 3285.128205 4327.692308 4240.000000 4326.153846 4231.282051 4218.461538 4178.974359 4125.128205 4398.461538
4308.205128 4232.820513 4386.666667 4329.743590 4226.666667 2917.435897 4326.153846 4226.666667 4298.974359 4231.282051 4213.333333 4173.333333 4135.384615 4389.743590
4309.743590 4231.794872 4376.923077 4317.435897 4220.000000 2872.820513 4326.153846 4216.923077 4290.256410 4231.794872 4217.435897 4169.230769 4140.000000 4384.615385
4312.307692 4229.230769 4375.897436 4316.410256 4225.641026 2988.717949 4329.230769 4200.512821 4293.333333 4232.820513 4210.256410 4173.846154 4129.743590 4381.025641
4315.897436 4249.230769 4382.051282 4322.564103 4225.128205 2989.743590 4331.794872 4186.666667 4286.666667 4232.820513 4205.128205 4170.256410 4138.461538 4368.205128
4314.871795 4254.358974 4375.897436 4305.128205 4225.128205 2995.897436 4333.333333 4185.128205 4289.230769 4232.307692 4214.871795 4172.307692 4155.384615 4363.076923
4329.230769 4242.564103 4381.025641 4319.487179 4227.179487 3061.538462 4340.512821 4193.333333 4325.128205 4231.794872 4224.102564 4180.512821 4172.307692 4356.410256
4338.461538 4253.846154 4392.820513 4339.487179 4223.076923 3092.820513 4342.564103 4186.666667 4351.794872 4232.820513 4225.128205 4184.102564 4187.692308 4347.179487
4329.230769 4272.820513 4389.743590 4318.461538 4225.128205 3101.538462 4343.076923 4164.615385 4345.641026 4233.333333 4226.666667 4189.230769 4189.230769 4345.128205
4329.230769 4270.256410 4388.717949 4313.333333 4224.102564 3091.794872 4350.256410 4155.897436 4337.948718 4232.307692 4231.794872 4180.000000 4196.923077 4336.923077
4320.000000 4238.461538 4377.435897 4309.230769 4226.666667 3075.384615 4343.589744 4138.974359 4328.717949 4231.794872 4221.538462 4170.256410 4189.230769 4330.769231
4321.025641 4237.435897 4376.410256 4304.102564 4229.743590 3101.025641 4336.410256 4124.615385 4330.256410 4233.333333 4218.461538 4180.000000 4197.948718 4331.282051
4346.153846 4270.256410 4395.384615 4317.948718 4222.051282 3144.102564 4348.717949 4135.384615 4353.846154 4233.846154 4231.794872 4188.205128 4235.384615 4330.256410
4348.717949 4270.256410 4392.820513 4320.000000 4225.128205 3161.025641 4351.794872 4127.179487 4365.641026 4232.820513 4227.692308 4184.615385 4235.897436 4328.205128
4343.589744 4263.076923 4383.589744 4317.948718 4227.692308 3166.666667 4349.230769 4105.641026 4358.461538 4231.282051 4226.153846 4180.512821 4242.051282 4321.538462
4352.820513 4266.666667 4386.153846 4315.384615 4225.128205 3158.974359 4353.333333 4106.153846 4354.358974 4232.307692 4230.256410 4186.666667 4270.256410 4314.871795
4356.410256 4274.871795 4390.769231 4321.025641 4224.615385 3153.846154 4350.256410 4110.769231 4356.923077 4233.333333 4223.589744 4187.179487 4270.769231 4302.051282
4350.769231 4277.435897 4390.769231 4324.615385 4223.076923 3192.820513 4346.666667 4114.358974 4357.435897 4231.282051 4221.538462 4175.897436 4269.743590 4286.153846
4344.102564 4265.641026 4383.076923 4302.564103 4229.743590 3224.615385 4354.358974 4104.615385 4353.333333 4230.769231 4225.641026 4177.948718 4285.128205 4277.948718
4353.333333 4273.333333 4388.205128 4307.179487 4227.692308 3218.461538 4363.076923 4090.256410 4359.487179 4231.794872 4230.769231 4182.564103 4304.102564 4267.179487
4358.461538 4280.000000 4389.743590 4313.333333 4224.615385 3217.948718 4363.589744 4083.589744 4366.153846 4230.256410 4225.128205 4180.512821 4300.000000 4262.564103
4350.256410 4271.794872 4381.025641 4296.410256 4229.230769 3242.051282 4363.076923 4079.487179 4362.564103 4228.717949 4224.615385 4184.615385 4306.666667 4262.051282
4354.358974 4271.282051 4385.641026 4312.307692 4225.641026 3255.384615 4364.615385 4071.794872 4367.692308 4231.794872 4234.358974 4183.589744 4327.179487 4257.435897
4362.051282 4276.410256 4387.179487 4321.538462 4226.153846 3250.256410 4367.179487 4061.538462 4388.717949 4233.333333 4235.897436 4184.102564 4321.025641 4262.564103
4371.794872 4286.153846 4390.256410 4307.692308 4223.076923 3261.025641 4373.846154 4077.435897 4406.666667 4232.307692 4245.641026 4188.717949 4332.307692 4267.692308
4372.307692 4279.487179 4390.769231 4302.564103 4219.487179 3275.384615 4370.256410 4085.641026 4397.435897 4233.333333 4250.256410 4188.205128 4341.538462 4268.717949
4369.743590 4265.128205 4384.102564 4312.307692 4227.179487 3287.692308 4366.153846 4064.102564 4388.205128 4234.871795 4238.461538 4186.666667 4329.743590 4273.333333
4384.615385 4273.333333 4395.897436 4327.692308 4225.128205 3300.512821 4372.307692 4060.000000 4404.615385 4231.282051 4250.256410 4189.230769 4362.564103 4281.538462
4388.205128 4287.692308 4402.564103 4317.948718 4223.589744 3314.871795 4369.743590 4061.538462 4417.948718 4232.307692 4263.076923 4199.487179 4378.974359 4295.897436
4381.025641 4289.230769 4396.410256 4305.128205 4226.666667 3315.897436 4367.692308 4053.846154 4412.307692 4233.846154 4254.358974 4196.923077 4353.333333 4300.000000
4385.641026 4280.512821 4395.384615 4310.256410 4227.179487 3314.871795 4377.435897 4047.692308 4407.179487 4229.230769 4254.358974 4192.820513 4348.717949 4305.128205
4389.743590 4272.820513 4394.358974 4309.230769 4227.692308 3356.410256 4389.743590 4043.076923 4411.794872 4227.179487 4260.000000 4203.589744 4360.000000 4316.923077
4387.179487 4272.307692 4390.769231 4300.512821 4225.128205 3217.435897 4396.923077 4044.102564 4395.384615 4231.282051 4257.435897 4198.461538 4365.641026 4315.897436
4386.666667 4272.820513 4391.794872 4290.769231 4227.692308 2817.435897 4401.025641 4043.076923 4363.589744 4233.333333 4254.871795 4195.897436 4360.000000 4325.128205
4392.307692 4282.564103 4403.076923 4287.692308 4228.717949 2606.153846 4405.641026 4041.538462 4360.512821 4230.769231 4262.051282 4201.025641 4369.230769 4338.974359
4384.102564 4270.256410 4396.410256 4259.487179 4225.641026 2710.256410 4402.051282 4034.871795 4355.384615 4231.794872 4260.000000 4191.794872 4369.743590 4338.974359
4374.871795 4251.794872 4383.076923 4215.384615 4227.179487 2756.923077 4403.076923 4030.769231 4335.384615 4237.435897 4252.307692 4189.230769 4350.769231 4341.538462
4387.692308 4277.948718 4396.923077 4198.974359 4224.102564 2731.282051 4412.307692 4044.615385 4353.333333 4235.897436 4269.743590 4195.897436 4368.717949 4348.205128
4383.589744 4280.000000 4391.794872 4181.025641 4227.692308 2789.743590 4409.743590 4036.410256 4372.307692 4232.307692 4274.871795 4193.846154 4387.692308 4350.769231
4368.205128 4248.205128 4373.846154 4167.692308 4228.205128 2818.461538 4407.692308 4013.846154 4356.923077 4234.358974 4263.589744 4187.179487 4392.307692 4346.153846
4377.435897 4247.179487 4383.076923 4180.512821 4222.051282 2804.615385 4416.410256 4014.358974 4353.333333 4237.435897 4268.205128 4187.692308 4404.615385 4348.717949
4379.487179 4255.897436 4385.641026 4180.512821 4227.179487 2854.871795 4419.487179 4013.333333 4361.025641 4233.333333 4264.615385 4190.769231 4397.435897 4358.974359
4369.743590 4255.384615 4376.923077 4177.435897 4225.641026 2898.974359 4423.589744 4009.230769 4350.769231 4229.743590 4252.820513 4178.974359 4391.282051 4359.487179
4364.615385 4245.128205 4370.769231 4177.435897 4223.589744 2886.666667 4431.282051 4005.128205 4337.948718 4232.307692 4249.230769 4174.358974 4394.358974 4369.743590
4368.205128 4242.051282 4373.333333 4180.000000 4226.666667 2884.102564 4428.717949 3993.333333 4336.410256 4233.333333 4248.717949 4178.974359 4397.948718 4382.564103
4372.307692 4247.179487 4374.358974 4178.974359 4222.051282 2780.000000 4420.512821 3985.128205 4323.589744 4231.282051 4244.615385 4173.846154 4395.897436 4381.538462
4358.461538 4229.743590 4354.871795 4156.410256 4225.128205 2531.282051 4416.923077 3968.205128 4286.153846 4231.282051 4233.333333 4165.128205 4373.846154 4374.871795
4351.282051 4207.179487 4345.128205 4154.358974 4226.666667 2435.384615 4426.153846 3948.717949 4263.589744 4232.307692 4231.282051 4158.461538 4370.256410 4371.282051
4360.000000 4193.333333 4353.846154 4163.589744 4224.102564 2544.615385 4431.794872 3948.717949 4286.666667 4231.794872 4239.487179 4167.692308 4387.692308 4380.512821
4376.923077 4195.897436 4368.205128 4174.358974 4227.692308 2585.641026 4422.564103 3959.487179 4328.717949 4231.794872 4253.846154 4185.641026 4410.256410 4382.564103
4396.410256 4211.794872 4386.666667 4203.076923 4227.692308 2552.307692 4430.769231 3982.564103 4351.282051 4232.820513 4271.794872 4190.769231 4435.384615 4372.307692
4401.025641 4213.846154 4394.358974 4213.846154 4228.205128 2564.102564 4447.692308 4004.102564 4354.871795 4233.333333 4274.358974 4194.871795 4441.025641 4366.666667
4406.153846 4209.743590 4400.000000 4213.333333 4223.589744 2591.794872 4444.615385 4009.743590 4360.000000 4230.769231 4274.871795 4196.410256 4452.820513 4355.897436
4415.384615 4203.076923 4402.051282 4220.000000 4224.102564 2618.461538 4438.461538 4006.666667 4370.256410 4230.256410 4282.051282 4196.923077 4464.102564 4348.717949
4421.025641 4199.487179 4403.076923 4234.358974 4230.256410 2642.051282 4447.179487 4019.487179 4381.025641 4233.333333 4288.205128 4202.564103 4463.076923 4347.179487
4423.589744 4193.846154 4403.076923 4243.076923 4225.641026 2662.051282 4442.564103 4025.128205 4372.307692 4229.743590 4289.230769 4190.769231 4457.948718 4341.025641
4416.410256 4172.307692 4389.743590 4225.641026 4226.153846 2685.641026 4421.538462 3998.461538 4352.307692 4227.179487 4281.025641 4180.512821 4443.076923 4339.487179
4426.666667 4166.666667 4399.487179 4237.948718 4224.615385 2710.256410 4428.205128 4002.051282 4361.538462 4230.769231 4287.692308 4193.846154 4451.794872 4343.076923
4442.564103 4157.435897 4418.461538 4270.256410 4223.076923 2716.410256 4447.179487 4035.897436 4372.307692 4233.846154 4296.923077 4205.128205 4454.871795 4346.153846
4436.923077 4128.717949 4413.333333 4270.256410 4229.230769 2722.051282 4442.564103 4042.564103 4363.589744 4231.282051 4291.794872 4201.538462 4430.256410 4344.102564
4436.410256 4109.230769 4411.794872 4267.692308 4224.102564 2761.538462 4432.307692 4037.948718 4362.564103 4230.256410 4296.410256 4194.871795 4425.128205 4336.410256
4433.333333 4095.384615 4405.641026 4258.974359 4225.641026 2769.230769 4434.358974 4037.948718 4360.000000 4233.333333 4296.923077 4198.461538 4411.282051 4334.358974
4426.666667 4081.025641 4399.487179 4253.846154 4229.743590 2738.974359 4443.589744 4042.564103 4352.820513 4233.333333 4294.871795 4196.923077 4397.948718 4327.692308
4425.641026 4061.025641 4400.000000 4260.000000 4224.615385 2746.153846 4445.641026 4055.384615 4352.307692 4229.230769 4296.410256 4192.820513 4402.051282 4318.974359
4420.512821 4039.487179 4391.794872 4253.846154 4226.666667 2783.076923 4439.487179 4072.820513 4349.230769 4228.205128 4289.743590 4194.358974 4385.128205 4314.871795
4419.487179 4046.666667 4388.205128 4268.717949 4227.692308 2798.461538 4438.461538 4081.538462 4345.128205 4231.794872 4287.692308 4187.179487 4368.205128 4302.051282
4411.282051 4056.410256 4381.538462 4270.769231 4228.205128 2794.358974 4436.923077 4070.769231 4337.948718 4233.333333 4282.051282 4185.128205 4358.974359 4290.769231
4407.179487 4063.589744 4373.333333 4242.051282 4226.153846 2810.256410 4431.282051 4064.102564 4326.153846 4230.769231 4272.307692 4186.666667 4355.897436 4282.564103
4415.897436 4091.794872 4375.897436 4242.051282 4224.102564 2830.256410 4432.307692 4071.282051 4319.487179 4231.794872 4279.487179 4183.589744 4350.256410 4276.410256
4419.487179 4131.282051 4383.076923 4281.025641 4230.256410 2825.641026 4441.538462 4072.820513 4324.615385 4233.846154 4283.589744 4187.692308 4323.589744 4271.794872
4424.615385 4171.282051 4393.333333 4308.205128 4226.666667 2836.410256 4448.717949 4081.025641 4335.897436 4231.794872 4287.692308 4192.307692 4334.358974 4265.641026
4420.000000 4193.846154 4389.230769 4291.282051 4227.692308 2863.589744 4444.102564 4086.666667 4334.871795 4229.743590 4291.794872 4192.307692 4353.846154 4269.743590
4408.717949 4217.435897 4374.871795 4277.435897 4229.743590 2895.897436 4439.487179 4087.179487 4324.615385 4229.743590 4276.410256 4185.641026 4327.692308 4267.692308
4402.564103 4256.410256 4369.230769 4283.076923 4223.589744 2912.307692 4443.589744 4112.307692 4318.461538 4233.333333 4267.179487 4179.487179 4319.487179 4260.512821
4392.307692 4283.589744 4366.666667 4278.461538 4226.153846 2900.000000 4441.025641 4122.564103 4314.871795 4233.846154 4272.820513 4182.051282 4332.307692 4268.205128
4390.769231 4296.410256 4360.000000 4261.538462 4224.615385 2932.820513 4433.846154 4104.615385 4317.948718 4230.769231 4273.333333 4174.871795 4318.974359 4272.820513
4387.179487 4298.974359 4353.333333 4237.948718 4225.641026 2994.871795 4442.051282 4109.230769 4331.282051 4232.307692 4271.282051 4176.410256 4316.923077 4280.000000
4379.487179 4323.076923 4355.384615 4237.948718 4228.205128 2991.794872 4453.333333 4122.051282 4335.384615 4232.820513 4280.512821 4186.153846 4352.307692 4285.128205
4386.153846 4368.717949 4362.564103 4248.717949 4225.641026 2952.820513 4449.743590 4121.538462 4330.769231 4232.307692 4284.102564 4181.538462 4364.615385 4280.512821
4387.692308 4382.564103 4360.512821 4236.923077 4229.743590 2946.153846 4441.025641 4125.128205 4347.692308 4233.846154 4275.897436 4182.051282 4366.153846 4280.512821
4390.256410 4378.461538 4373.846154 4250.256410 4226.153846 2974.358974 4442.564103 4140.512821 4378.461538 4232.307692 4291.794872 4191.794872 4428.205128 4282.564103
4395.384615 4366.666667 4378.461538 4254.871795 4225.128205 3001.025641 4445.641026 4141.538462 4385.641026 4229.743590 4290.769231 4193.333333 4479.487179 4285.128205
4391.794872 4392.820513 4366.153846 4228.205128 4230.769231 3014.871795 4449.743590 4141.025641 4392.307692 4232.307692 4267.179487 4190.769231 4506.153846 4289.743590
4392.307692 4441.538462 4373.846154 4239.487179 4226.666667 3026.666667 4453.333333 4164.615385 4407.179487 4230.256410 4290.256410 4193.333333 4584.102564 4289.743590
4380.000000 4420.000000 4362.051282 4227.179487 4228.205128 3034.358974 4442.564103 4150.256410 4371.794872 4228.205128 4302.051282 4192.307692 4618.974359 4286.153846
4373.846154 4397.948718 4346.153846 4201.025641 4227.692308 3057.948718 4443.076923 4120.000000 4336.923077 4228.717949 4262.564103 4176.923077 4575.384615 4283.076923
4369.743590 4419.487179 4346.666667 4201.538462 4226.666667 3067.179487 4448.717949 4124.615385 4349.743590 4226.666667 4236.923077 4168.205128 4533.333333 4288.205128
4354.871795 4430.769231 4336.923077 4188.717949 4231.282051 3051.794872 4426.666667 4123.589744 4331.794872 4228.205128 4241.538462 4166.153846 4535.897436 4288.205128
4361.538462 4431.282051 4337.435897 4183.076923 4226.153846 3061.025641 4412.820513 4114.358974 4275.897436 4233.846154 4269.743590 4167.179487 4587.692308 4291.794872
4380.512821 4424.615385 4351.794872 4206.153846 4225.641026 3084.102564 4427.179487 4122.051282 4275.897436 4234.871795 4290.256410 4180.000000 4607.692308 4311.282051
4372.820513 4414.358974 4354.358974 4213.846154 4229.743590 3102.564103 4434.358974 4141.025641 4297.948718 4230.769231 4288.205128 4177.435897 4587.692308 4316.410256
4327.692308 4394.871795 4320.000000 4166.153846 4227.692308 3101.025641 4413.846154 4126.666667 4270.769231 4231.794872 4240.512821 4150.769231 4532.307692 4310.256410
4293.846154 4370.256410 4284.102564 4129.743590 4228.205128 3103.076923 4395.897436 4095.384615 4261.538462 4233.333333 4152.820513 4128.717949 4433.333333 4308.717949
4295.384615 4355.384615 4285.128205 4141.025641 4227.179487 3137.435897 4398.461538 4095.384615 4258.461538 4230.769231 4140.512821 4125.128205 4430.769231 4315.384615
4302.564103 4350.256410 4296.410256 4150.256410 4230.769231 3138.461538 4404.615385 4102.051282 4194.871795 4231.282051 4207.692308 4142.051282 4490.256410 4340.000000
4292.307692 4341.025641 4286.153846 4148.717949 4231.282051 3113.333333 4393.333333 4092.820513 4140.512821 4230.769231 4210.256410 4133.333333 4423.076923 4348.717949
4263.076923 4321.538462 4253.333333 4124.615385 4225.641026 3131.794872 4375.384615 4068.205128 4128.205128 4228.205128 4145.641026 4102.564103 4276.923077 4342.564103
4234.358974 4297.948718 4223.076923 4085.128205 4227.179487 3166.666667 4361.025641 4033.333333 4095.384615 4227.692308 4125.128205 4093.846154 4204.102564 4344.102564
4233.333333 4291.794872 4225.641026 4089.230769 4228.205128 3175.897436 4360.000000 4028.205128 4085.128205 4232.307692 4118.974359 4091.794872 4196.410256 4341.538462
4262.051282 4313.846154 4258.974359 4130.769231 4231.794872 3189.230769 4374.358974 4055.897436 4156.410256 4236.410256 4099.487179 4107.179487 4203.076923 4351.282051
4276.923077 4326.666667 4272.820513 4151.794872 4229.743590 3211.282051 4361.025641 4057.948718 4160.000000 4231.794872 4131.794872 4120.000000 4234.871795 4361.025641
4253.333333 4302.051282 4247.692308 4136.410256 4223.589744 3207.692308 4316.410256 4035.897436 4090.769231 4228.205128 4140.000000 4097.435897 4211.282051 4350.769231
4249.743590 4290.769231 4247.692308 4138.461538 4229.743590 3212.820513 4302.051282 4041.538462 4111.794872 4233.333333 4100.000000 4098.461538 4170.256410 4348.717949
4272.820513 4299.487179 4274.871795 4168.717949 4228.205128 3250.256410 4315.384615 4058.461538 4148.717949 4233.333333 4110.769231 4116.410256 4208.717949 4354.358974
4256.410256 4271.794872 4256.923077 4157.948718 4226.153846 3259.487179 4306.666667 4043.589744 4105.128205 4227.692308 4128.205128 4110.256410 4212.820513 4355.897436
4240.000000 4254.871795 4237.948718 4143.589744 4228.717949 3259.487179 4297.435897 4029.743590 4102.564103 4228.717949 4115.897436 4103.076923 4190.256410 4352.820513
4257.948718 4264.615385 4254.871795 4164.102564 4225.641026 3289.230769 4301.025641 4040.000000 4139.487179 4233.846154 4119.487179 4109.230769 4210.769231 4348.205128
4260.512821 4240.000000 4256.410256 4165.641026 4228.717949 3308.717949 4297.435897 4040.000000 4132.307692 4233.333333 4126.666667 4113.846154 4220.512821 4345.641026
4259.487179 4213.333333 4259.487179 4170.256410 4225.128205 3313.333333 4299.487179 4049.743590 4135.384615 4229.743590 4134.358974 4108.205128 4226.666667 4337.948718
4255.897436 4181.538462 4253.333333 4164.615385 4224.615385 3317.948718 4296.410256 4057.435897 4131.282051 4230.256410 4136.410256 4102.051282 4228.205128 4327.179487
4262.564103 4145.128205 4252.307692 4165.128205 4230.769231 3340.512821 4297.948718 4057.948718 4124.615385 4234.871795 4139.487179 4108.717949 4238.974359 4324.102564
4287.179487 4130.256410 4280.512821 4195.384615 4226.666667 3364.102564 4309.743590 4077.948718 4169.230769 4234.871795 4155.384615 4117.435897 4265.641026 4328.717949
4290.769231 4103.076923 4293.333333 4200.512821 4227.179487 3376.923077 4314.358974 4102.564103 4202.564103 4233.333333 4164.615385 4124.615385 4267.179487 4333.846154
4312.307692 4069.743590 4309.743590 4217.948718 4227.692308 3414.358974 4328.717949 4132.307692 4230.256410 4235.384615 4190.256410 4137.435897 4297.948718 4337.948718
4337.948718 4024.615385 4327.692308 4245.128205 4226.153846 3440.512821 4332.307692 4142.051282 4263.076923 4235.384615 4210.256410 4140.512821 4333.846154 4346.153846
4317.948718 3954.871795 4311.794872 4225.641026 4227.179487 3427.179487 4311.282051 4126.153846 4235.897436 4230.769231 4196.410256 4127.179487 4309.230769 4345.641026
4298.461538 3888.717949 4294.871795 4202.564103 4224.615385 3439.487179 4306.153846 4127.179487 4196.410256 4229.230769 4183.076923 4118.974359 4283.076923 4342.564103
4306.153846 3835.384615 4297.435897 4207.179487 4226.666667 3468.205128 4321.538462 4136.410256 4212.307692 4232.820513 4185.641026 4129.743590 4277.435897 4355.384615
4328.205128 3809.230769 4318.461538 4237.948718 4225.128205 3434.358974 4332.820513 4152.307692 4248.717949 4232.820513 4206.666667 4140.512821 4304.102564 4365.128205
4345.128205 3788.205128 4337.948718 4263.589744 4224.615385 3353.333333 4330.256410 4171.794872 4266.666667 4227.692308 4227.692308 4145.641026 4335.384615 4367.692308
4345.128205 3744.102564 4337.948718 4265.128205 4228.205128 3338.461538 4326.666667 4167.692308 4267.179487 4226.666667 4226.666667 4145.641026 4286.666667 4367.692308
4351.794872 3695.897436 4344.615385 4273.333333 4221.538462 3376.923077 4334.358974 4172.307692 4273.333333 4230.769231 4233.846154 4140.512821 4218.974359 4366.153846
4354.358974 3652.307692 4343.076923 4272.307692 4224.102564 3365.128205 4331.282051 4181.538462 4275.384615 4231.794872 4238.461538 4142.051282 4189.743590 4371.794872
4346.153846 3626.153846 4331.282051 4260.000000 4226.153846 3350.769231 4318.974359 4171.282051 4257.435897 4230.769231 4231.282051 4135.897436 4175.897436 4369.743590
4350.256410 3609.743590 4336.923077 4263.076923 4222.564103 3365.641026 4327.179487 4170.769231 4256.410256 4233.846154 4240.512821 4135.384615 4171.282051 4369.743590
4361.025641 3585.128205 4343.076923 4268.717949 4227.179487 3372.307692 4337.948718 4179.487179 4275.384615 4233.333333 4252.820513 4147.692308 4187.179487 4377.435897
4365.641026 3550.256410 4337.948718 4268.205128 4223.076923 3389.230769 4328.717949 4175.897436 4280.000000 4230.256410 4253.333333 4144.102564 4210.769231 4379.487179
4359.487179 3512.820513 4330.256410 4258.461538 4222.564103 3396.410256 4322.564103 4175.897436 4278.461538 4233.333333 4250.769231 4138.461538 4208.717949 4385.641026
4355.384615 3525.641026 4332.307692 4257.948718 4223.076923 3389.743590 4332.820513 4186.666667 4278.461538 4233.333333 4255.897436 4134.358974 4217.435897 4380.512821
4352.307692 3496.410256 4326.666667 4253.333333 4218.974359 3392.307692 4329.743590 4172.820513 4255.384615 4230.769231 4252.307692 4119.487179 4222.051282 4364.102564
4341.538462 3468.717949 4313.846154 4234.871795 4224.102564 3390.769231 4311.282051 4146.666667 4233.846154 4231.282051 4237.435897 4117.435897 4209.230769 4363.076923
4338.461538 3727.692308 4318.461538 4235.897436 4223.589744 3396.923077 4308.205128 4157.435897 4257.948718 4233.846154 4240.512821 4120.512821 4220.512821 4364.615385
4334.871795 4111.282051 4317.435897 4230.769231 4225.641026 3408.717949 4312.307692 4170.256410 4289.743590 4233.846154 4245.128205 4118.461538 4215.897436 4361.538462
4340.512821 4246.666667 4317.948718 4240.000000 4228.205128 3406.666667 4307.179487 4170.256410 4311.794872 4231.794872 4246.666667 4121.538462 4203.589744 4350.256410
4351.794872 4211.794872 4325.128205 4266.153846 4224.102564 3414.871795 4297.948718 4170.769231 4324.615385 4232.307692 4257.435897 4125.128205 4202.564103 4342.564103
4346.153846 4229.743590 4316.923077 4254.358974 4226.666667 3431.794872 4294.358974 4156.923077 4314.358974 4234.871795 4260.512821 4124.615385 4176.410256 4348.205128
4348.205128 4266.153846 4317.948718 4246.153846 4224.102564 3449.743590 4302.051282 4159.487179 4306.666667 4233.333333 4265.641026 4118.461538 4157.435897 4355.384615
4352.307692 4247.692308 4321.025641 4255.384615 4221.538462 3461.025641 4305.641026 4176.923077 4312.307692 4231.794872 4269.743590 4118.461538 4148.717949 4367.179487
4354.358974 4237.948718 4320.000000 4262.564103 4224.615385 3444.615385 4307.692308 4182.564103 4315.384615 4234.358974 4271.794872 4125.128205 4142.564103 4378.461538
4361.538462 4234.871795 4326.153846 4267.179487 4224.615385 3397.948718 4311.282051 4184.102564 4305.128205 4229.743590 4276.923077 4121.538462 4143.076923 4383.076923
4353.846154 4227.179487 4318.974359 4256.923077 4227.179487 3338.461538 4297.435897 4171.282051 4281.538462 4225.641026 4266.666667 4114.871795 4122.564103 4382.564103
4349.743590 4230.256410 4314.871795 4259.487179 4223.589744 3328.717949 4289.230769 4168.717949 4265.641026 4231.282051 4261.025641 4108.205128 4119.487179 4375.897436
4357.435897 4222.051282 4316.923077 4266.666667 4224.102564 3365.128205 4302.564103 4185.128205 4270.256410 4235.384615 4268.205128 4111.794872 4133.846154 4378.461538
4357.435897 4209.230769 4314.871795 4264.615385 4227.692308 3351.794872 4302.051282 4177.948718 4267.179487 4231.282051 4267.179487 4113.333333 4127.179487 4376.410256
4354.871795 4204.102564 4312.307692 4268.205128 4223.076923 3291.794872 4282.564103 4161.025641 4244.615385 4230.256410 4267.179487 4100.512821 4113.846154 4367.692308
4355.384615 4192.820513 4308.717949 4267.179487 4225.641026 3283.589744 4285.128205 4167.692308 4234.871795 4233.333333 4274.358974 4104.102564 4108.205128 4366.666667
4361.538462 4188.717949 4312.820513 4271.282051 4227.179487 3290.769231 4302.564103 4181.538462 4244.102564 4232.820513 4284.102564 4114.358974 4120.000000 4358.974359
4360.000000 4190.769231 4313.333333 4271.282051 4226.153846 3226.153846 4301.025641 4190.256410 4248.205128 4233.333333 4288.717949 4114.358974 4114.358974 4355.384615
4358.974359 4192.307692 4309.743590 4271.794872 4225.641026 3185.641026 4292.820513 4202.564103 4251.282051 4234.358974 4290.769231 4113.846154 4095.897436 4358.974359
4365.641026 4194.871795 4314.358974 4285.128205 4220.000000 3227.692308 4291.794872 4209.230769 4256.410256 4232.820513 4295.897436 4114.358974 4114.358974 4354.358974
4365.641026 4194.871795 4313.846154 4287.692308 4225.641026 3249.230769 4288.205128 4196.923077 4256.923077 4231.794872 4290.256410 4120.512821 4134.871795 4354.358974
4373.846154 4209.743590 4323.589744 4302.051282 4226.666667 3250.256410 4293.333333 4204.102564 4265.641026 4231.794872 4285.128205 4123.589744 4145.641026 4358.461538
4382.564103 4222.051282 4334.871795 4315.897436 4221.538462 3275.384615 4303.589744 4220.000000 4274.871795 4234.358974 4282.051282 4121.538462 4150.769231 4364.102564
4372.820513 4218.974359 4324.102564 4303.589744 4227.692308 3308.717949 4296.410256 4205.128205 4262.564103 4235.897436 4274.871795 4117.435897 4139.487179 4369.743590
4361.538462 4221.025641 4312.307692 4292.307692 4226.666667 3336.410256 4287.692308 4198.974359 4243.076923 4231.794872 4273.846154 4112.307692 4129.230769 4366.153846
4358.974359 4223.589744 4308.717949 4287.692308 4225.128205 3335.384615 4289.230769 4209.743590 4237.435897 4228.717949 4270.769231 4117.435897 4131.282051 4365.128205
4369.743590 4234.871795 4315.384615 4301.025641 4224.615385 3327.179487 4286.153846 4207.179487 4238.461538 4231.282051 4273.333333 4117.948718 4145.128205 4370.256410
4374.358974 4238.461538 4321.025641 4312.820513 4223.076923 3336.410256 4276.923077 4199.487179 4230.769231 4234.871795 4277.948718 4111.794872 4125.128205 4373.846154
4365.641026 4230.256410 4316.923077 4304.615385 4225.641026 3352.820513 4280.512821 4204.102564 4232.307692 4234.358974 4275.897436 4120.512821 4086.153846 4372.307692
4373.846154 4242.051282 4323.589744 4311.794872 4223.076923 3382.564103 4293.846154 4222.564103 4256.410256 4230.769231 4291.282051 4127.692308 4108.205128 4369.230769
4377.435897 4247.179487 4324.102564 4318.974359 4225.641026 3400.000000 4293.333333 4227.692308 4268.717949 4230.769231 4302.564103 4127.692308 4133.333333 4375.897436
4367.179487 4237.435897 4314.358974 4315.897436 4227.692308 3407.179487 4288.205128 4226.153846 4259.487179 4231.282051 4291.282051 4124.615385 4123.076923 4377.435897
4366.666667 4229.230769 4311.282051 4311.282051 4224.102564 3414.358974 4287.692308 4229.230769 4251.794872 4227.692308 4286.666667 4120.512821 4123.589744 4373.333333
4369.743590 4234.358974 4312.307692 4311.794872 4228.205128 3408.205128 4279.487179 4220.000000 4256.923077 4228.205128 4294.358974 4123.589744 4137.435897 4372.820513
4373.846154 4254.871795 4316.410256 4326.666667 4225.128205 3423.589744 4275.384615 4211.282051 4258.974359 4232.307692 4298.974359 4116.923077 4149.230769 4368.205128
4370.769231 4250.769231 4309.743590 4321.025641 4222.564103 3454.358974 4281.538462 4214.358974 4257.435897 4234.358974 4290.769231 4114.871795 4144.102564 4374.358974
4370.256410 4236.410256 4306.666667 4309.743590 4225.128205 3480.000000 4283.076923 4224.102564 4269.743590 4232.307692 4290.769231 4122.051282 4153.846154 4383.076923
4373.333333 4248.717949 4307.692308 4313.333333 4222.564103 3497.435897 4279.487179 4229.230769 4268.717949 4229.230769 4295.897436 4116.923077 4172.307692 4374.871795
4361.538462 4266.153846 4295.897436 4301.538462 4225.128205 3494.871795 4278.461538 4218.461538 4248.717949 4228.717949 4282.051282 4110.769231 4152.820513 4366.666667
4357.948718 4277.435897 4295.384615 4298.974359 4225.128205 3498.974359 4279.487179 4222.564103 4266.153846 4231.794872 4284.102564 4114.358974 4164.615385 4369.230769
4363.589744 4280.512821 4300.000000 4308.205128 4226.666667 3526.153846 4284.615385 4240.000000 4308.717949 4233.333333 4301.538462 4125.641026 4213.333333 4375.897436
4363.589744 4279.487179 4298.974359 4306.153846 4228.717949 3557.948718 4284.615385 4242.051282 4316.410256 4230.769231 4301.538462 4128.717949 4230.769231 4370.769231
4359.487179 4280.512821 4302.051282 4304.615385 4222.564103 3563.076923 4276.923077 4232.820513 4300.512821 4230.769231 4295.384615 4118.974359 4229.743590 4364.102564
4357.948718 4280.512821 4303.589744 4308.717949 4225.641026 3556.923077 4277.948718 4227.692308 4300.000000 4232.820513 4297.948718 4125.128205 4236.410256 4367.692308
4375.384615 4296.923077 4315.384615 4328.717949 4226.153846 3578.974359 4293.333333 4250.256410 4324.615385 4232.307692 4311.282051 4139.487179 4266.153846 4364.102564
4384.102564 4303.589744 4322.051282 4335.384615 4223.589744 3589.230769 4286.666667 4259.487179 4340.512821 4232.820513 4312.820513 4140.512821 4287.692308 4360.512821
4367.179487 4288.717949 4306.153846 4317.948718 4226.666667 3592.307692 4269.230769 4237.435897 4325.128205 4232.820513 4298.461538 4129.230769 4278.974359 4356.923077
4359.487179 4284.102564 4301.025641 4314.358974 4225.128205 3613.846154 4280.512821 4240.000000 4318.461538 4232.820513 4295.384615 4124.615385 4273.846154 4351.794872
4361.538462 4283.589744 4310.769231 4321.025641 4228.205128 3627.179487 4290.769231 4247.179487 4337.435897 4231.794872 4301.538462 4135.384615 4286.666667 4355.897436
4364.102564 4279.487179 4321.025641 4335.897436 4227.692308 3650.769231 4288.205128 4242.051282 4345.128205 4231.282051 4307.179487 4134.358974 4314.871795 4356.923077
4356.923077 4263.589744 4314.871795 4334.358974 4222.564103 3673.333333 4286.153846 4247.179487 4330.256410 4230.769231 4303.076923 4126.666667 4316.410256 4357.435897
4351.794872 4267.692308 4311.282051 4328.717949 4225.128205 3666.666667 4286.666667 4251.794872 4328.205128 4229.743590 4299.487179 4132.820513 4311.794872 4357.948718
4372.820513 4292.307692 4330.256410 4354.871795 4225.641026 3672.307692 4292.820513 4258.974359 4348.205128 4230.769231 4316.923077 4143.076923 4353.333333 4352.820513
4381.025641 4291.794872 4334.871795 4357.435897 4226.666667 3696.410256 4293.333333 4270.256410 4358.461538 4233.846154 4325.128205 4149.743590 4374.358974 4353.846154
4367.179487 4303.589744 4327.692308 4343.076923 4224.615385 3703.076923 4284.615385 4268.205128 4347.692308 4231.794872 4318.974359 4146.666667 4368.717949 4351.794872
4360.512821 4324.102564 4326.153846 4344.615385 4226.153846 3691.282051 4278.974359 4253.333333 4327.692308 4229.743590 4318.461538 4140.000000 4375.897436 4349.230769
4365.128205 4323.076923 4320.512821 4345.641026 4230.769231 3704.102564 4284.615385 4252.820513 4317.948718 4232.820513 4312.307692 4137.435897 4376.923077 4349.230769
4364.615385 4338.974359 4325.641026 4356.410256 4222.564103 3730.256410 4289.230769 4269.743590 4335.897436 4233.333333 4318.461538 4138.974359 4402.051282 4342.051282
4335.897436 4365.641026 4335.897436 4368.205128 4225.641026 3729.230769 4286.153846 4267.179487 4362.564103 4231.282051 4331.794872 4152.820513 4431.794872 4342.051282
4311.794872 4376.923077 4338.461538 4369.230769 4229.743590 3751.794872 4290.256410 4263.589744 4367.179487 4231.794872 4329.743590 4154.358974 4436.923077 4342.051282
4312.307692 4392.307692 4334.358974 4360.000000 4225.128205 3794.871795 4295.897436 4274.358974 4359.487179 4233.846154 4317.435897 4140.512821 4431.794872 4335.897436
4308.205128 4417.948718 4326.666667 4352.307692 4227.179487 3792.307692 4289.743590 4268.205128 4350.256410 4233.846154 4309.230769 4140.000000 4427.692308 4331.282051
4301.025641 4434.871795 4325.641026 4363.076923 4225.641026 3782.564103 4283.589744 4259.487179 4340.000000 4232.307692 4314.871795 4138.974359 4443.076923 4324.102564
4302.051282 4441.025641 4318.974359 4356.410256 4226.666667 3793.333333 4280.512821 4262.051282 4339.487179 4233.846154 4316.923077 4136.410256 4455.897436 4324.102564
4317.948718 4476.410256 4324.615385 4357.948718 4227.692308 3799.487179 4285.128205 4273.846154 4356.410256 4234.358974 4323.076923 4143.589744 4473.333333 4324.615385
4333.846154 4515.897436 4348.205128 4390.769231 4223.589744 3810.256410 4293.333333 4288.717949 4375.897436 4232.820513 4336.410256 4153.333333 4504.102564 4324.102564
4331.794872 4529.743590 4353.846154 4394.871795 4229.230769 3827.179487 4287.692308 4286.153846 4385.128205 4231.794872 4335.897436 4161.025641 4520.512821 4326.153846
4328.717949 4551.794872 4349.230769 4379.487179 4229.743590 3828.717949 4280.512821 4274.358974 4383.076923 4231.282051 4332.820513 4152.307692 4527.179487 4319.487179
4324.615385 4575.897436 4345.128205 4374.358974 4227.179487 3813.846154 4286.153846 4276.410256 4370.769231 4232.307692 4331.282051 4149.230769 4523.589744 4318.974359
4336.410256 4609.230769 4359.487179 4405.641026 4228.717949 3826.153846 4297.948718 4307.692308 4388.205128 4233.333333 4337.948718 4162.051282 4539.487179 4322.564103
4349.230769 4641.538462 4369.230769 4417.435897 4227.692308 3859.487179 4299.487179 4326.666667 4416.923077 4233.333333 4342.051282 4163.076923 4560.512821 4318.974359
4329.230769 4646.666667 4341.025641 4371.282051 4229.743590 3856.923077 4285.641026 4299.487179 4404.615385 4233.846154 4323.589744 4153.846154 4542.051282 4313.333333
4321.025641 4660.512821 4333.846154 4366.666667 4226.666667 3846.153846 4281.538462 4287.179487 4391.794872 4232.820513 4316.923077 4148.717949 4541.025641 4308.205128
4337.435897 4681.538462 4353.846154 4398.461538 4227.179487 3863.589744 4288.205128 4298.461538 4408.205128 4231.794872 4327.692308 4156.923077 4561.538462 4317.435897
4335.384615 4687.692308 4349.230769 4382.564103 4230.256410 3891.282051 4285.641026 4292.307692 4415.897436 4232.307692 4326.666667 4161.025641 4560.000000 4321.538462
4315.897436 4695.384615 4331.794872 4349.743590 4225.641026 3896.410256 4281.538462 4293.846154 4398.974359 4232.307692 4316.923077 4150.256410 4551.282051 4312.307692
4313.846154 4715.384615 4333.846154 4355.384615 4229.743590 3882.564103 4285.641026 4301.538462 4398.461538 4232.307692 4314.871795 4153.846154 4558.461538 4313.846154
4330.256410 4735.897436 4346.666667 4377.435897 4230.256410 3892.307692 4285.128205 4296.410256 4419.487179 4231.282051 4329.230769 4162.051282 4591.282051 4317.435897
4327.179487 4739.487179 4335.897436 4358.974359 4228.717949 3897.435897 4274.871795 4293.846154 4422.564103 4231.282051 4329.230769 4156.410256 4586.666667 4315.897436
4318.974359 4742.564103 4324.102564 4338.461538 4233.846154 3886.666667 4271.282051 4296.410256 4410.256410 4232.820513 4311.282051 4150.769231 4558.461538 4311.282051
4333.333333 4764.615385 4340.000000 4358.461538 4229.230769 3912.307692 4284.615385 4298.974359 4407.179487 4233.333333 4316.410256 4153.846154 4588.205128 4311.282051
4335.897436 4773.333333 4340.512821 4354.871795 4229.743590 3944.615385 4289.230769 4294.358974 4411.282051 4232.307692 4322.564103 4157.948718 4596.923077 4316.410256
4326.153846 4774.871795 4329.743590 4336.410256 4231.794872 3944.102564 4283.076923 4296.923077 4412.307692 4231.282051 4309.743590 4151.282051 4564.615385 4310.769231
4325.128205 4793.333333 4329.743590 4338.974359 4229.743590 3942.564103 4281.538462 4302.564103 4414.871795 4232.307692 4303.589744 4151.794872 4566.153846 4306.666667
4334.358974 4820.000000 4334.871795 4350.769231 4230.256410 3952.307692 4285.128205 4296.923077 4422.051282 4232.307692 4311.282051 4160.512821 4590.769231 4310.256410
4347.692308 4832.820513 4340.512821 4365.641026 4225.641026 3953.846154 4282.564103 4295.897436 4433.846154 4230.769231 4316.410256 4154.871795 4599.487179 4307.179487
4340.000000 4829.743590 4332.307692 4353.846154 4229.230769 3950.256410 4274.358974 4296.923077 4448.717949 4231.282051 4311.282051 4154.871795 4599.487179 4306.153846
4336.923077 4841.538462 4330.256410 4354.358974 4231.282051 3971.794872 4272.820513 4300.512821 4464.102564 4231.794872 4318.974359 4160.000000 4622.564103 4303.076923
4352.307692 4857.435897 4340.000000 4378.461538 4229.743590 3993.333333 4278.461538 4299.487179 4473.846154 4232.307692 4328.717949 4160.000000 4638.974359 4302.051282
4349.743590 4869.230769 4340.000000 4369.743590 4234.358974 3992.820513 4281.025641 4288.205128 4476.923077 4233.846154 4320.000000 4165.128205 4640.512821 4303.589744
4334.871795 4885.641026 4336.410256 4351.282051 4231.794872 3995.384615 4276.923077 4297.435897 4482.564103 4233.846154 4312.820513 4160.512821 4652.820513 4294.358974
4329.230769 4886.666667 4333.846154 4357.948718 4234.358974 4003.076923 4273.333333 4312.307692 4494.871795 4232.820513 4314.358974 4157.948718 4652.820513 4290.256410
4337.435897 4903.589744 4336.410256 4377.435897 4237.435897 4030.769231 4280.512821 4310.769231 4506.153846 4233.333333 4321.538462 4164.102564 4656.923077 4288.717949
4328.717949 4920.512821 4326.153846 4356.410256 4230.769231 4048.717949 4279.487179 4302.051282 4496.923077 4231.794872 4310.256410 4155.384615 4653.333333 4286.666667
4312.820513 4902.564103 4309.230769 4327.179487 4231.282051 4030.769231 4267.179487 4295.897436 4481.538462 4230.769231 4289.230769 4147.692308 4653.846154 4290.256410
4324.615385 4898.461538 4317.435897 4342.051282 4231.282051 4044.615385 4268.717949 4306.666667 4484.615385 4230.769231 4302.051282 4151.282051 4712.820513 4290.769231
4323.076923 4896.923077 4318.461538 4344.615385 4232.820513 4078.461538 4278.461538 4315.897436 4489.743590 4229.743590 4306.666667 4155.897436 4731.282051 4288.205128
4306.153846 4885.641026 4313.846154 4338.974359 4233.846154 4062.564103 4282.051282 4320.000000 4495.897436 4229.743590 4290.256410 4156.923077 4711.794872 4283.589744
4317.435897 4890.769231 4327.692308 4359.487179 4232.307692 4042.564103 4280.512821 4332.820513 4509.230769 4233.846154 4304.102564 4162.051282 4763.589744 4285.128205
4323.076923 4874.871795 4322.564103 4356.923077 4235.897436 4077.948718 4281.025641 4332.307692 4507.179487 4235.897436 4313.333333 4165.641026 4800.000000 4286.666667
4318.974359 4849.743590 4316.923077 4352.307692 4231.282051 4107.692308 4287.179487 4329.743590 4522.564103 4230.769231 4310.256410 4164.615385 4795.384615 4276.923077
4323.589744 4846.666667 4329.743590 4367.179487 4233.333333 4079.487179 4284.615385 4327.179487 4552.307692 4231.794872 4312.820513 4174.358974 4816.923077 4277.948718
4315.897436 4839.487179 4327.692308 4361.025641 4237.948718 4075.897436 4275.897436 4312.820513 4541.538462 4236.923077 4300.512821 4169.743590 4828.717949 4284.102564
4307.692308 4829.743590 4325.128205 4354.358974 4232.820513 4111.794872 4284.102564 4322.564103 4522.051282 4234.871795 4297.435897 4160.000000 4827.179487 4284.102564
4318.461538 4843.076923 4337.948718 4369.230769 4236.410256 4100.512821 4298.461538 4347.692308 4538.461538 4230.769231 4313.846154 4176.410256 4840.000000 4291.794872
4322.564103 4835.897436 4335.384615 4372.307692 4239.487179 4097.948718 4293.846154 4344.102564 4542.564103 4230.256410 4309.230769 4171.794872 4838.461538 4295.384615
4308.717949 4788.205128 4313.333333 4351.282051 4235.384615 4128.205128 4282.564103 4317.435897 4521.538462 4230.769231 4287.692308 4155.897436 4804.615385 4298.461538
4306.666667 4773.846154 4315.897436 4348.717949 4235.384615 4118.974359 4286.153846 4314.358974 4518.974359 4231.282051 4296.923077 4168.205128 4809.743590 4309.230769
4312.307692 4781.025641 4325.128205 4363.076923 4235.384615 4110.769231 4289.743590 4332.307692 4519.487179 4231.794872 4309.743590 4171.282051 4831.794872 4317.948718
4304.102564 4758.461538 4313.846154 4361.025641 4240.000000 4144.102564 4282.051282 4326.666667 4517.435897 4234.871795 4294.358974 4164.615385 4806.153846 4323.589744
4311.282051 4755.384615 4325.641026 4374.358974 4238.974359 4150.256410 4275.897436 4314.358974 4534.871795 4232.820513 4300.000000 4171.794872 4801.025641 4325.641026
4315.384615 4756.410256 4333.333333 4371.794872 4234.358974 4098.461538 4267.179487 4315.897436 4527.179487 4229.230769 4310.769231 4177.435897 4802.564103 4333.846154
4303.076923 4729.230769 4311.794872 4344.615385 4235.897436 4102.051282 4265.641026 4323.589744 4500.512821 4230.256410 4296.923077 4170.256410 4773.846154 4341.538462
4304.102564 4709.230769 4308.717949 4352.307692 4235.384615 4173.846154 4276.410256 4328.205128 4500.512821 4232.820513 4289.743590 4161.538462 4764.615385 4340.512821
4306.666667 4695.897436 4317.435897 4365.128205 4236.923077 4180.512821 4276.923077 4321.025641 4497.948718 4232.820513 4289.230769 4166.666667 4763.589744 4341.025641
4306.666667 4701.538462 4317.948718 4361.025641 4234.358974 4147.179487 4273.333333 4323.589744 4482.564103 4231.794872 4286.666667 4168.717949 4751.794872 4337.948718
4306.153846 4696.410256 4314.871795 4351.794872 4233.846154 4154.871795 4271.794872 4326.666667 4478.461538 4233.333333 4286.666667 4164.615385 4728.205128 4334.871795
4308.205128 4671.282051 4318.461538 4350.256410 4241.538462 4168.205128 4266.666667 4318.974359 4483.076923 4233.846154 4296.410256 4175.897436 4739.487179 4336.410256
4323.589744 4677.435897 4335.897436 4369.230769 4239.487179 4156.923077 4274.871795 4330.769231 4490.769231 4231.282051 4308.205128 4184.615385 4773.333333 4331.282051
