3720.512821 4026.666667 3670.256410 3837.435897 4215.384615 5580.512821 3961.025641 3649.743590 3652.820513 4233.333333 4214.871795 3792.820513 3590.769231 3969.230769
3753.846154 4066.153846 3705.641026 3897.948718 4215.897436 5532.820513 3945.128205 3648.717949 3697.435897 4233.333333 4227.179487 3804.102564 3618.461538 3986.153846
3766.153846 4066.153846 3712.307692 3917.435897 4216.923077 5499.487179 3953.846154 3666.666667 3741.538462 4234.871795 4229.743590 3809.230769 3620.512821 4001.538462
3762.051282 4056.410256 3709.230769 3911.794872 4214.871795 5511.794872 3973.846154 3688.717949 3734.871795 4234.358974 4228.717949 3806.153846 3625.128205 4012.820513
3754.358974 4069.230769 3708.717949 3909.743590 4218.974359 5485.128205 3963.076923 3682.564103 3689.743590 4232.820513 4222.051282 3807.692308 3617.948718 4025.641026
3769.230769 4089.230769 3722.564103 3934.871795 4215.384615 5464.102564 3967.179487 3687.179487 3686.666667 4232.820513 4229.230769 3813.333333 3634.871795 4034.871795
3782.564103 4082.051282 3733.333333 3951.282051 4214.358974 5456.410256 3983.076923 3691.282051 3694.358974 4232.820513 4234.871795 3823.076923 3654.871795 4046.666667
3780.000000 4067.692308 3734.358974 3946.666667 4215.384615 5440.512821 3980.000000 3687.179487 3673.846154 4232.820513 4225.641026 3829.230769 3654.358974 4050.769231
3799.487179 4073.333333 3753.846154 3966.153846 4212.820513 5417.948718 3987.692308 3724.615385 3694.358974 4233.333333 4235.384615 3833.333333 3677.948718 4047.179487
3825.641026 4083.076923 3774.871795 3996.923077 4214.871795 5377.948718 4003.589744 3772.307692 3742.051282 4233.846154 4252.820513 3848.717949 3711.282051 4049.743590
3833.846154 4094.358974 3785.128205 4015.897436 4211.794872 5354.358974 4002.564103 3782.051282 3744.615385 4232.820513 4254.871795 3853.333333 3729.743590 4048.717949
3838.461538 4091.282051 3792.820513 4013.333333 4212.820513 5357.948718 4006.153846 3783.589744 3738.461538 4232.307692 4250.256410 3852.307692 3734.871795 4047.179487
3856.923077 4089.743590 3801.538462 4025.128205 4217.435897 5346.153846 4026.666667 3811.282051 3769.743590 4233.846154 4252.820513 3863.076923 3748.717949 4045.128205
3876.410256 4101.538462 3828.205128 4058.974359 4213.333333 5303.589744 4037.435897 3837.948718 3792.820513 4233.333333 4261.538462 3871.282051 3774.871795 4039.487179
3869.743590 4090.256410 3861.025641 4049.743590 4216.410256 5290.256410 4031.794872 3829.230769 3785.641026 4231.282051 4257.435897 3872.820513 3774.871795 4037.435897
3865.128205 4073.333333 3884.615385 4030.256410 4217.435897 5307.692308 4027.179487 3817.435897 3780.000000 4230.769231 4251.282051 3869.230769 3776.410256 4030.769231
3866.666667 4062.051282 3882.564103 4034.358974 4213.846154 5262.051282 4011.794872 3825.128205 3764.615385 4231.794872 4240.000000 3866.666667 3779.487179 4025.641026
3876.923077 4070.256410 3888.717949 4052.820513 4217.435897 5176.923077 4004.615385 3842.564103 3762.564103 4233.846154 4238.461538 3877.435897 3796.410256 4027.179487
3911.794872 4107.179487 3931.282051 4106.153846 4213.846154 5082.564103 4006.666667 3857.948718 3808.717949 4230.769231 4267.179487 3897.435897 3859.487179 4029.230769
3917.435897 4098.974359 3938.974359 4124.102564 4212.820513 4998.974359 4001.538462 3846.153846 3813.846154 4227.179487 4258.461538 3900.000000 3876.410256 4028.205128
3895.384615 4047.692308 3912.307692 4080.000000 4214.871795 5035.384615 4014.871795 3817.435897 3783.076923 4229.743590 4231.794872 3886.666667 3861.025641 4018.974359
3909.743590 4041.538462 3918.974359 4078.974359 4214.358974 5058.974359 4029.743590 3823.076923 3820.512821 4233.846154 4257.948718 3900.000000 3900.512821 4016.410256
3917.948718 4050.256410 3919.487179 4108.205128 4214.871795 4952.307692 4005.128205 3819.487179 3827.179487 4232.307692 4260.512821 3902.051282 3901.538462 4006.153846
3871.282051 3995.384615 3861.025641 4045.641026 4211.794872 4973.333333 3978.974359 3794.358974 3709.230769 4229.743590 4193.333333 3856.410256 3810.256410 3979.487179
3843.589744 3949.230769 3819.487179 3975.384615 4214.871795 5094.871795 3968.717949 3803.589744 3640.000000 4232.820513 4162.564103 3843.589744 3763.589744 3970.256410
3868.205128 3970.769231 3837.435897 4015.384615 4215.384615 5062.051282 3927.692308 3809.230769 3648.205128 4230.769231 4186.666667 3860.512821 3785.641026 3965.641026
3866.153846 3950.769231 3841.538462 4033.333333 4214.358974 4915.897436 3853.846154 3785.128205 3606.666667 4229.230769 4184.102564 3856.923077 3758.974359 3955.897436
3863.076923 3910.769231 3845.641026 4010.256410 4219.487179 4825.128205 3828.205128 3805.641026 3605.641026 4233.333333 4181.538462 3871.794872 3731.794872 3964.102564
3915.384615 3970.769231 3891.794872 4060.512821 4213.846154 4865.128205 3874.871795 3880.000000 3686.666667 4233.333333 4218.974359 3899.487179 3772.307692 3975.384615
3944.102564 4046.153846 3908.205128 4089.230769 4215.897436 4927.692308 3882.051282 3884.615385 3725.641026 4231.794872 4225.128205 3900.512821 3770.769231 3972.307692
3916.923077 4045.641026 3873.333333 4059.487179 4219.487179 4863.589744 3886.153846 3802.564103 3715.897436 4232.820513 4194.871795 3879.487179 3728.717949 3955.897436
3895.897436 4026.153846 3852.307692 4048.205128 4212.820513 4774.871795 3905.128205 3782.051282 3683.076923 4228.205128 4181.025641 3864.615385 3726.666667 3949.743590
3878.974359 4007.692308 3839.487179 3963.589744 4215.384615 4817.435897 3678.461538 3783.589744 3571.794872 4223.589744 4162.564103 3844.615385 3713.333333 3950.256410
3831.282051 3955.897436 3792.307692 3769.743590 4214.871795 4863.076923 3564.615385 3695.384615 3449.743590 4227.179487 4128.205128 3809.743590 3651.794872 3941.025641
3816.410256 3922.564103 3775.897436 3687.692308 4213.846154 4869.743590 4042.564103 3656.410256 3519.487179 4238.461538 4129.230769 3827.692308 3640.000000 3959.487179
3895.384615 3961.025641 3853.333333 3826.153846 4215.384615 4927.692308 4458.461538 3759.487179 3729.743590 4241.025641 4180.512821 3888.205128 3744.615385 3996.923077
3954.358974 4036.410256 3902.564103 3941.025641 4214.871795 4941.538462 4316.410256 3806.666667 3823.076923 4233.846154 4202.564103 3900.512821 3813.333333 4010.256410
3926.153846 4050.256410 3863.076923 3904.102564 4218.461538 4894.871795 4203.589744 3756.923077 3792.820513 4231.794872 4181.538462 3882.051282 3763.589744 4013.846154
3932.820513 3897.948718 3871.282051 3913.333333 4213.846154 4868.205128 4321.025641 3797.948718 3807.692308 4230.256410 4199.487179 3890.769231 3756.410256 4029.230769
3963.589744 3667.179487 3906.666667 3965.641026 4212.307692 4832.820513 4292.307692 3852.820513 3815.384615 4224.615385 4216.923077 3901.538462 3774.871795 4040.512821
3944.102564 3595.384615 3886.153846 3957.435897 4213.333333 4762.564103 4222.051282 3807.179487 3755.897436 4226.666667 4200.000000 3885.641026 3748.205128 4036.410256
3928.205128 3634.358974 3867.692308 3942.051282 4209.743590 4722.564103 4236.923077 3774.358974 3728.717949 4233.846154 4195.897436 3877.948718 3742.564103 4036.923077
3928.717949 3575.897436 3867.179487 3934.358974 4214.358974 4699.487179 4217.948718 3765.128205 3738.974359 4232.307692 4190.769231 3888.717949 3744.615385 4042.051282
3924.615385 3511.794872 3867.179487 3931.282051 4213.333333 4678.974359 4193.846154 3753.846154 3745.641026 4228.205128 4178.461538 3888.205128 3733.333333 4042.051282
3923.076923 3520.000000 3868.205128 3934.358974 4209.743590 4672.820513 4177.948718 3763.589744 3775.897436 4231.282051 4179.487179 3892.307692 3728.717949 4051.282051
3935.384615 3532.820513 3879.487179 3961.025641 4212.307692 4585.128205 4169.743590 3790.256410 3826.666667 4233.333333 4194.871795 3921.538462 3753.333333 4063.589744
3943.076923 3534.358974 3885.128205 3983.589744 4209.230769 4502.564103 4182.051282 3815.384615 3850.769231 4233.333333 4206.666667 3935.897436 3780.512821 4065.641026
3926.666667 3507.692308 3863.589744 3946.153846 4209.230769 4553.333333 4195.384615 3826.153846 3844.102564 4232.820513 4187.179487 3926.666667 3751.282051 4067.692308
3930.769231 3510.769231 3861.538462 3940.000000 4210.256410 4582.051282 4198.974359 3847.692308 3859.487179 4231.794872 4174.358974 3924.615385 3743.589744 4069.230769
3937.948718 3525.128205 3866.666667 3961.538462 4211.282051 4528.717949 4199.487179 3842.564103 3878.974359 4232.307692 4183.076923 3928.205128 3776.923077 4075.897436
3931.282051 3519.487179 3860.512821 3951.794872 4214.871795 4521.025641 4192.820513 3826.666667 3867.692308 4232.307692 4178.461538 3929.230769 3780.000000 4085.641026
3960.000000 3554.871795 3889.230769 3977.948718 4211.282051 4478.461538 4175.897436 3856.410256 3874.871795 4231.794872 4178.461538 3937.948718 3795.897436 4092.307692
3990.256410 3584.102564 3914.358974 4010.769231 4211.282051 4387.179487 4176.410256 3859.487179 3898.461538 4232.307692 4189.230769 3953.846154 3829.230769 4100.000000
3993.846154 3564.615385 3913.333333 4007.692308 4209.743590 4389.230769 4196.923077 3830.769231 3901.538462 4231.282051 4198.461538 3955.897436 3847.692308 4099.487179
3995.897436 3548.717949 3922.051282 4004.615385 4209.230769 4411.794872 4186.153846 3826.153846 3894.358974 4231.794872 4205.641026 3957.948718 3860.000000 4103.076923
4013.333333 3572.307692 3945.641026 4029.230769 4215.897436 4375.897436 4143.589744 3838.974359 3897.948718 4235.384615 4217.435897 3976.410256 3882.051282 4113.846154
4041.025641 3581.538462 3968.205128 4065.128205 4210.256410 4360.512821 4135.384615 3854.871795 3905.641026 4234.871795 4233.333333 3985.641026 3903.589744 4114.358974
4045.128205 3531.282051 3969.743590 4074.871795 4209.230769 4318.461538 4130.769231 3849.743590 3888.205128 4231.282051 4230.769231 3980.000000 3894.871795 4120.000000
4032.820513 3488.205128 3958.974359 4057.435897 4210.256410 4309.743590 4111.794872 3828.717949 3860.512821 4230.769231 4220.000000 3972.307692 3889.743590 4124.102564
4036.923077 3481.538462 3958.974359 4037.948718 4205.128205 4416.410256 4121.538462 3834.358974 3862.051282 4233.333333 4228.205128 3974.871795 3898.974359 4123.076923
4062.564103 3495.897436 3985.641026 4062.051282 4209.230769 4480.512821 4126.153846 3854.358974 3906.666667 4233.333333 4256.410256 3993.846154 3920.000000 4132.307692
4075.897436 3504.102564 4007.179487 4087.179487 4208.717949 4541.025641 4118.974359 3863.589744 3942.564103 4231.282051 4268.205128 3994.358974 3945.641026 4134.358974
4056.923077 3471.794872 3987.692308 4055.897436 4208.205128 4622.564103 4114.871795 3872.307692 3938.974359 4231.794872 4242.564103 3984.615385 3927.692308 4125.128205
4064.102564 3482.564103 3995.384615 4073.333333 4210.256410 4513.846154 4091.794872 3889.230769 3961.538462 4232.820513 4238.461538 3993.333333 3920.000000 4120.512821
4092.307692 3513.333333 4026.666667 4116.410256 4206.666667 4388.205128 4071.794872 3890.256410 4015.897436 4231.282051 4267.692308 4003.076923 3952.307692 4125.641026
4064.102564 3421.538462 3996.923077 4051.794872 4209.743590 4522.564103 4080.512821 3869.743590 4010.769231 4233.333333 4256.410256 3988.205128 3934.871795 4122.564103
4032.820513 3324.102564 3966.666667 4000.000000 4208.205128 4642.051282 4072.307692 3875.384615 3963.589744 4231.282051 4231.282051 3967.692308 3902.564103 4112.307692
4035.384615 3337.948718 3970.256410 4023.076923 4206.153846 4564.615385 4026.153846 3877.435897 3943.076923 4225.128205 4231.282051 3965.128205 3882.051282 4114.358974
4002.051282 3326.153846 3930.256410 3974.871795 4208.717949 4644.102564 3981.538462 3826.666667 3890.256410 4226.153846 4207.692308 3941.025641 3824.102564 4107.692308
3975.384615 3287.179487 3903.589744 3921.538462 4205.641026 4970.769231 3951.282051 3811.282051 3864.102564 4233.846154 4189.230769 3926.153846 3802.564103 4104.102564
4010.769231 3322.051282 3945.641026 3963.589744 4204.615385 5263.076923 3950.256410 3861.538462 3944.102564 4236.923077 4206.666667 3956.923077 3846.666667 4122.051282
4015.384615 3331.794872 3947.692308 3958.461538 4201.538462 5427.692308 3951.794872 3865.128205 3964.102564 4231.282051 4202.564103 3950.769231 3847.692308 4116.923077
3961.538462 3277.435897 3891.282051 3880.512821 4202.564103 5399.487179 3922.564103 3792.307692 3892.820513 4227.179487 4159.487179 3913.333333 3783.076923 4103.589744
3938.461538 3266.153846 3871.794872 3855.384615 4206.666667 5342.051282 3909.743590 3751.282051 3877.948718 4229.743590 4130.256410 3903.076923 3741.538462 4110.769231
3943.076923 3286.153846 3880.512821 3865.128205 4202.564103 5405.641026 3911.282051 3758.974359 3897.435897 4232.307692 4129.230769 3898.461538 3740.512821 4120.512821
3915.384615 3266.666667 3854.871795 3828.717949 4205.128205 5397.948718 3986.666667 3740.000000 3863.076923 4231.794872 4105.128205 3884.615385 3712.307692 4126.153846
3896.410256 3249.230769 3837.435897 3803.589744 4203.589744 5298.974359 4169.743590 3725.641026 3841.538462 4228.717949 4082.564103 3875.897436 3689.230769 4130.256410
3885.128205 3237.948718 3833.333333 3790.256410 4200.512821 5273.333333 4292.307692 3750.256410 3846.666667 4229.743590 4071.282051 3864.102564 3677.435897 4135.897436
3854.871795 3210.256410 3809.230769 3739.487179 4206.666667 5318.461538 4252.307692 3749.230769 3819.487179 4232.307692 4055.384615 3850.769231 3651.282051 4140.000000
3851.794872 3216.410256 3810.769231 3732.820513 4201.538462 5246.666667 4110.256410 3717.948718 3786.153846 4228.205128 4064.102564 3856.923077 3660.000000 4142.051282
3850.769231 3215.897436 3811.282051 3729.230769 4198.974359 5190.769231 3944.615385 3690.256410 3744.102564 4227.179487 4060.000000 3864.102564 3656.923077 4144.102564
3822.051282 3189.230769 3782.051282 3682.051282 4200.512821 5296.410256 3798.461538 3675.384615 3688.205128 4228.205128 4030.256410 3842.051282 3617.948718 4137.948718
3802.051282 3182.564103 3764.102564 3662.051282 4201.538462 5250.769231 3732.307692 3646.153846 3641.538462 4224.615385 4006.666667 3821.025641 3583.589744 4134.871795
3800.000000 3180.000000 3762.051282 3658.461538 4206.153846 5175.897436 3774.871795 3626.666667 3625.641026 4225.128205 3993.333333 3822.564103 3569.743590 4138.461538
3809.230769 3185.128205 3771.282051 3662.051282 4202.051282 5367.692308 3775.384615 3640.000000 3653.846154 4233.333333 3998.461538 3827.179487 3589.230769 4144.102564
3808.205128 3189.743590 3767.179487 3651.282051 4203.589744 5584.102564 3776.923077 3630.256410 3682.051282 4235.384615 4000.512821 3824.102564 3591.282051 4148.205128
3801.025641 3188.717949 3755.384615 3638.461538 4203.076923 5519.487179 3999.487179 3601.538462 3683.076923 4230.256410 3989.743590 3813.333333 3575.897436 4143.076923
3796.410256 3186.153846 3749.743590 3629.230769 4198.974359 5391.282051 4245.641026 3605.641026 3695.384615 4231.794872 3986.666667 3815.897436 3576.410256 4150.256410
3815.897436 3219.487179 3773.333333 3658.974359 4204.615385 5323.076923 4217.435897 3617.948718 3737.948718 4235.384615 4003.589744 3843.589744 3608.205128 4174.871795
3852.307692 3276.410256 3812.307692 3727.692308 4203.076923 5180.000000 4102.051282 3626.666667 3767.692308 4231.282051 4022.564103 3850.769231 3654.871795 4185.128205
3847.692308 3268.717949 3800.512821 3715.897436 4201.538462 5110.256410 4102.051282 3641.025641 3759.487179 4226.153846 4012.820513 3837.948718 3647.179487 4184.615385
3824.615385 3241.538462 3774.358974 3659.487179 4201.538462 5172.820513 4114.871795 3652.307692 3741.025641 4228.205128 4000.000000 3832.820513 3622.564103 4180.512821
3832.820513 3261.025641 3794.358974 3675.384615 4200.512821 5134.358974 4095.384615 3666.153846 3746.666667 4234.871795 4009.743590 3836.410256 3648.717949 4176.923077
3847.692308 3283.076923 3816.410256 3724.102564 4203.076923 4992.820513 4103.076923 3684.615385 3771.282051 4234.871795 4018.974359 3843.589744 3682.564103 4174.358974
3831.794872 3257.435897 3793.846154 3688.717949 4198.974359 5091.282051 4150.769231 3708.717949 3763.076923 4229.743590 4002.564103 3829.230769 3664.615385 4165.641026
3798.974359 3222.051282 3760.512821 3624.102564 4198.974359 5236.410256 4177.948718 3704.615385 3729.743590 4229.743590 3976.923077 3812.307692 3613.846154 4155.897436
3811.282051 3259.487179 3781.025641 3677.435897 4200.512821 5061.025641 4151.794872 3675.384615 3754.358974 4232.307692 3998.461538 3824.615385 3633.846154 4141.025641
3831.282051 3286.153846 3795.897436 3713.846154 4199.487179 4990.256410 4181.025641 3684.615385 3781.025641 4232.820513 4013.846154 3829.743590 3666.666667 4123.589744
3808.717949 3246.153846 3764.102564 3650.256410 4205.128205 5141.025641 4210.769231 3697.435897 3742.564103 4231.794872 3975.384615 3813.846154 3622.564103 4113.333333
3820.512821 3267.179487 3778.974359 3671.282051 4200.000000 5131.794872 4165.641026 3709.230769 3754.871795 4232.307692 3983.076923 3818.974359 3632.307692 4099.487179
3860.000000 3322.051282 3818.461538 3737.948718 4197.435897 4966.153846 4150.769231 3738.461538 3814.358974 4233.846154 4023.076923 3842.051282 3686.666667 4084.615385
3858.461538 3317.948718 3810.256410 3721.538462 4203.589744 4896.410256 4161.538462 3741.538462 3804.102564 4231.794872 4016.923077 3836.410256 3680.512821 4070.769231
3850.256410 3311.794872 3801.025641 3708.717949 4200.512821 4953.846154 4142.051282 3714.871795 3784.102564 4231.282051 4008.717949 3826.666667 3671.794872 4063.076923
3864.102564 3327.692308 3814.871795 3723.589744 4200.512821 5061.538462 4140.000000 3717.948718 3813.333333 4232.820513 4013.846154 3842.051282 3686.153846 4061.025641
3875.384615 3343.076923 3829.230769 3734.358974 4198.974359 5076.410256 4161.538462 3752.307692 3829.230769 4233.333333 4013.333333 3845.128205 3698.461538 4054.871795
3863.589744 3339.487179 3820.512821 3729.743590 4196.410256 4987.179487 4166.666667 3746.153846 3809.230769 4232.307692 4003.589744 3835.384615 3685.641026 4056.410256
3857.435897 3328.205128 3807.179487 3706.666667 4198.461538 5066.666667 4184.102564 3736.923077 3797.435897 4232.307692 3986.153846 3835.384615 3664.102564 4058.974359
3881.538462 3346.666667 3829.743590 3725.128205 4195.897436 5170.256410 4200.512821 3766.666667 3825.641026 4233.846154 3993.846154 3839.487179 3680.512821 4056.923077
3889.743590 3370.256410 3845.641026 3757.435897 4200.000000 5082.564103 4177.948718 3756.923077 3853.333333 4235.384615 4015.384615 3843.076923 3694.871795 4063.076923
3875.384615 3375.384615 3834.871795 3750.769231 4200.000000 5055.384615 4171.282051 3734.871795 3835.384615 4231.794872 4012.820513 3835.897436 3684.102564 4070.256410
3878.461538 3382.564103 3837.435897 3743.076923 4194.871795 5118.974359 4191.282051 3780.512821 3832.307692 4231.282051 4006.666667 3837.435897 3690.256410 4084.102564
3893.333333 3410.769231 3854.871795 3760.000000 4195.384615 5085.128205 4188.717949 3809.743590 3871.282051 4233.333333 4024.615385 3850.769231 3713.846154 4102.051282
3897.948718 3432.820513 3865.641026 3775.897436 4195.384615 5024.102564 4177.435897 3782.051282 3877.948718 4232.820513 4035.384615 3848.717949 3720.000000 4114.871795
3913.846154 3452.820513 3885.641026 3793.333333 4202.051282 5057.948718 4194.358974 3792.820513 3886.153846 4233.846154 4035.384615 3859.487179 3728.205128 4140.000000
3953.333333 3504.102564 3928.205128 3836.410256 4199.487179 5093.846154 4212.820513 3840.512821 3946.666667 4234.871795 4066.666667 3882.051282 3786.666667 4166.153846
3960.512821 3523.076923 3936.923077 3848.205128 4194.358974 5048.717949 4192.820513 3830.769231 3975.384615 4231.282051 4088.717949 3880.512821 3810.256410 4183.076923
3941.538462 3506.153846 3913.846154 3825.128205 4202.051282 5014.358974 4173.333333 3801.025641 3952.307692 4230.769231 4063.076923 3870.769231 3768.717949 4196.410256
3957.435897 3531.794872 3925.641026 3836.923077 4197.435897 5046.666667 4195.384615 3830.769231 3952.820513 4234.358974 4052.307692 3874.871795 3773.846154 4208.717949
3974.871795 3561.538462 3945.128205 3858.461538 4193.333333 5037.948718 4213.333333 3850.769231 3979.487179 4234.871795 4068.717949 3889.230769 3806.666667 4225.128205
3965.641026 3564.615385 3942.051282 3867.179487 4196.923077 4954.358974 4196.410256 3838.461538 3988.205128 4231.794872 4075.897436 3887.692308 3810.769231 4228.717949
3955.384615 3565.128205 3931.282051 3853.846154 4196.923077 4935.384615 4183.589744 3843.076923 3982.051282 4230.769231 4066.153846 3876.923077 3793.333333 4230.256410
3957.435897 3576.410256 3930.769231 3837.948718 4199.487179 4982.051282 4193.333333 3857.435897 3986.666667 4232.307692 4055.384615 3878.974359 3779.487179 4243.076923
3971.794872 3605.128205 3947.692308 3860.512821 4197.435897 4977.435897 4196.923077 3870.256410 4003.589744 4231.794872 4065.641026 3884.615385 3795.897436 4248.717949
3969.230769 3617.435897 3944.615385 3862.051282 4198.974359 4952.307692 4176.923077 3859.487179 3997.435897 4231.794872 4069.230769 3882.051282 3794.358974 4246.153846
3966.153846 3631.794872 3939.487179 3853.846154 4200.512821 4950.256410 4156.410256 3842.564103 3981.025641 4233.333333 4057.435897 3875.897436 3787.692308 4241.538462
3979.487179 3668.205128 3953.846154 3865.641026 4198.974359 4931.794872 4162.051282 3847.179487 3985.641026 4232.820513 4055.384615 3877.435897 3801.538462 4241.025641
3986.153846 3700.512821 3964.102564 3874.358974 4200.512821 4894.871795 4178.974359 3852.307692 3994.871795 4231.794872 4063.076923 3888.717949 3803.589744 4244.102564
3993.846154 3724.102564 3971.282051 3884.102564 4194.871795 4912.307692 4189.230769 3855.384615 3993.846154 4233.333333 4068.205128 3891.282051 3805.641026 4237.948718
4001.025641 3738.461538 3971.794872 3886.153846 4196.410256 4932.820513 4190.769231 3870.769231 3993.846154 4233.333333 4072.820513 3892.820513 3815.897436 4232.820513
4010.256410 3759.487179 3978.974359 3901.025641 4201.538462 4895.384615 4189.743590 3896.410256 4001.538462 4232.820513 4083.589744 3898.461538 3829.230769 4227.692308
4031.282051 3784.102564 4002.051282 3923.589744 4197.948718 4887.692308 4204.615385 3914.871795 4012.307692 4233.846154 4087.179487 3903.076923 3842.564103 4224.615385
4053.846154 3806.153846 4028.205128 3941.025641 4200.512821 4916.923077 4229.743590 3930.256410 4042.051282 4234.871795 4093.846154 3924.615385 3863.076923 4231.282051
4067.692308 3834.871795 4043.589744 3973.846154 4198.974359 4892.307692 4221.538462 3944.102564 4058.974359 4231.282051 4115.384615 3932.820513 3886.153846 4227.692308
4057.948718 3832.307692 4028.205128 3959.487179 4196.410256 4854.358974 4194.358974 3930.256410 4035.897436 4230.769231 4110.256410 3919.487179 3873.846154 4216.923077
4070.256410 3846.153846 4039.487179 3936.923077 4198.461538 4870.769231 4214.871795 3940.512821 4059.487179 4237.948718 4108.205128 3933.846154 3887.692308 4216.923077
4109.743590 3898.461538 4084.102564 3980.000000 4194.871795 4868.205128 4252.307692 3983.076923 4125.128205 4238.974359 4133.333333 3954.871795 3937.948718 4218.461538
4115.897436 3908.717949 4088.205128 3997.435897 4198.974359 4865.128205 4248.717949 3985.128205 4146.153846 4231.794872 4135.384615 3957.948718 3940.512821 4213.846154
4122.564103 3915.897436 4089.230769 3994.871795 4200.512821 4923.076923 4246.666667 3982.564103 4160.512821 4229.230769 4140.512821 3963.589744 3954.871795 4207.179487
4133.846154 3940.000000 4101.025641 4011.282051 4198.974359 4927.179487 4256.923077 3995.384615 4172.820513 4232.307692 4150.769231 3968.717949 3977.435897 4195.897436
4127.179487 3945.128205 4093.333333 4016.923077 4201.025641 4849.743590 4249.743590 3997.948718 4169.743590 4231.794872 4143.076923 3967.179487 3964.615385 4180.000000
4130.256410 3955.897436 4097.435897 4024.102564 4198.461538 4804.615385 4242.564103 4004.615385 4194.871795 4230.256410 4153.333333 3972.820513 3980.000000 4169.230769
4136.923077 3964.102564 4107.179487 4031.794872 4204.102564 4804.102564 4253.846154 4006.666667 4218.974359 4231.282051 4160.000000 3985.128205 3995.384615 4162.564103
4145.128205 3969.743590 4112.820513 4044.615385 4203.589744 4805.641026 4272.307692 4023.589744 4228.717949 4230.256410 4155.897436 3986.666667 3998.974359 4146.666667
4157.435897 3984.615385 4122.564103 4057.948718 4198.974359 4806.153846 4277.948718 4051.282051 4247.692308 4230.769231 4160.000000 3985.641026 4009.743590 4139.487179
4162.564103 4005.128205 4132.820513 4068.205128 4203.589744 4764.102564 4265.641026 4041.538462 4261.025641 4232.820513 4163.076923 3989.230769 4018.461538 4136.923077
4154.871795 3997.948718 4128.205128 4067.179487 4198.461538 4727.692308 4257.435897 4031.282051 4247.179487 4231.794872 4156.410256 3982.564103 4017.948718 4118.974359
4134.358974 3951.794872 4106.153846 4042.564103 4197.948718 4760.512821 4262.564103 4039.487179 4217.948718 4232.307692 4140.512821 3976.410256 3994.358974 4109.230769
4133.333333 3945.128205 4112.307692 4052.307692 4200.512821 4765.128205 4257.435897 4044.102564 4210.256410 4235.897436 4143.076923 3978.461538 3998.974359 4109.743590
4161.538462 3997.948718 4146.153846 4105.641026 4198.461538 4681.025641 4252.307692 4068.717949 4248.717949 4237.948718 4167.179487 3996.410256 4041.538462 4117.435897
4187.692308 4041.025641 4166.666667 4131.794872 4200.512821 4687.179487 4271.794872 4098.974359 4307.692308 4235.384615 4184.102564 4022.564103 4082.564103 4127.179487
4197.435897 4042.564103 4170.769231 4121.538462 4198.974359 4837.948718 4296.923077 4111.282051 4338.461538 4231.282051 4185.128205 4023.076923 4093.846154 4127.692308
4195.384615 4035.897436 4172.307692 4125.128205 4203.076923 4818.461538 4297.435897 4116.410256 4345.641026 4230.769231 4189.743590 4021.025641 4060.000000 4126.153846
4189.230769 4052.820513 4173.333333 4150.769231 4203.076923 4671.282051 4275.897436 4105.128205 4323.589744 4231.282051 4195.897436 4017.948718 4023.589744 4114.871795
4195.384615 4086.153846 4182.564103 4175.897436 4196.923077 4614.358974 4265.641026 4107.179487 4313.333333 4232.820513 4192.307692 4018.974359 4029.743590 4108.717949
4216.923077 4123.076923 4207.179487 4207.692308 4201.025641 4513.846154 4279.487179 4134.871795 4369.230769 4234.871795 4207.179487 4041.538462 4073.846154 4115.897436
4188.717949 4097.948718 4184.615385 4184.615385 4199.487179 4474.871795 4287.692308 4101.538462 4358.974359 4228.717949 4205.128205 4023.076923 4064.102564 4093.333333
4106.666667 4021.025641 4111.794872 4086.666667 4198.461538 4585.128205 4265.128205 4030.256410 4251.282051 4226.153846 4148.717949 3975.384615 3980.000000 4063.076923
4105.128205 4041.025641 4117.948718 4085.641026 4200.512821 4589.743590 4248.717949 4065.641026 4246.666667 4235.384615 4135.384615 3985.641026 3981.025641 4068.205128
4162.051282 4109.743590 4177.435897 4163.076923 4199.487179 4495.384615 4271.794872 4127.179487 4341.538462 4240.512821 4183.589744 4024.102564 4062.051282 4082.564103
4167.692308 4110.256410 4187.692308 4168.717949 4204.102564 4542.564103 4310.769231 4095.897436 4390.769231 4234.358974 4203.589744 4037.435897 4085.128205 4079.487179
4184.615385 4144.615385 4218.974359 4203.589744 4200.000000 4547.179487 4329.230769 4105.128205 4437.948718 4230.769231 4226.153846 4053.333333 4120.000000 4076.410256
4204.615385 4206.153846 4258.461538 4261.538462 4199.487179 4426.153846 4321.538462 4166.153846 4480.512821 4233.846154 4250.256410 4072.307692 4158.974359 4084.615385
4156.410256 4189.230769 4219.487179 4209.230769 4203.076923 4467.692308 4320.000000 4151.282051 4431.282051 4233.333333 4216.410256 4045.641026 4104.102564 4072.820513
4107.179487 4163.589744 4175.384615 4151.282051 4198.974359 4556.923077 4313.333333 4108.205128 4359.487179 4229.230769 4185.128205 4012.820513 4053.846154 4054.358974
4053.333333 4137.948718 4138.461538 4111.282051 4201.538462 4508.717949 4245.641026 4060.512821 4266.666667 4226.666667 4155.384615 3988.717949 4020.512821 4037.435897
3979.487179 4084.615385 4085.641026 4043.589744 4201.025641 4410.256410 4162.564103 3984.102564 4145.641026 4226.666667 4113.333333 3951.282051 3965.128205 4013.846154
3982.051282 4091.794872 4100.000000 4043.076923 4200.512821 4394.358974 4165.128205 3984.102564 4164.615385 4233.333333 4127.692308 3966.153846 3976.410256 4027.179487
4055.384615 4176.923077 4181.538462 4133.333333 4205.128205 4480.000000 4237.948718 4083.076923 4321.025641 4238.974359 4189.230769 4029.743590 4078.974359 4061.025641
4100.000000 4246.666667 4232.307692 4208.205128 4200.512821 4506.153846 4288.717949 4148.205128 4430.769231 4237.948718 4238.461538 4056.410256 4169.743590 4066.153846
4097.435897 4264.615385 4230.769231 4217.948718 4202.051282 4446.153846 4289.230769 4131.282051 4444.615385 4232.820513 4245.128205 4052.820513 4165.128205 4063.076923
4092.820513 4270.256410 4225.128205 4211.794872 4205.128205 4464.615385 4290.769231 4115.897436 4437.948718 4230.769231 4227.692308 4042.564103 4129.230769 4061.025641
4076.923077 4265.641026 4209.230769 4196.923077 4203.589744 4517.435897 4299.487179 4121.538462 4439.487179 4232.820513 4208.717949 4031.794872 4109.230769 4055.897436
4059.487179 4264.102564 4194.871795 4193.846154 4203.589744 4491.794872 4296.923077 4129.230769 4437.435897 4232.307692 4203.076923 4031.282051 4104.615385 4054.871795
4057.948718 4272.307692 4196.923077 4205.128205 4200.000000 4468.205128 4286.666667 4131.794872 4412.820513 4229.743590 4197.948718 4025.128205 4108.717949 4054.358974
4055.897436 4273.846154 4192.820513 4209.743590 4202.051282 4386.153846 4261.025641 4123.589744 4381.025641 4231.794872 4191.794872 4024.102564 4105.641026 4056.923077
4059.487179 4278.461538 4196.410256 4226.153846 4203.076923 4333.846154 4252.820513 4133.846154 4397.435897 4233.333333 4206.666667 4032.307692 4128.205128 4057.948718
4040.000000 4239.487179 4176.410256 4188.717949 4203.076923 4464.615385 4273.333333 4125.641026 4404.615385 4229.230769 4190.256410 4017.948718 4114.871795 4050.256410
4027.692308 4216.410256 4155.384615 4160.512821 4205.128205 4484.615385 4276.923077 4107.692308 4392.820513 4227.692308 4161.025641 4010.256410 4070.256410 4040.512821
4067.692308 4288.205128 4185.128205 4227.179487 4202.564103 4372.307692 4273.333333 4147.179487 4447.692308 4233.846154 4195.384615 4033.846154 4113.846154 4042.564103
4086.153846 4342.051282 4196.923077 4242.051282 4208.717949 4459.487179 4305.128205 4183.589744 4517.435897 4234.871795 4226.153846 4051.794872 4174.871795 4050.256410
4073.333333 4348.717949 4181.538462 4211.794872 4207.179487 4589.230769 4332.307692 4193.333333 4528.717949 4230.769231 4212.820513 4045.128205 4176.410256 4039.487179
4086.666667 4369.230769 4196.410256 4244.102564 4202.051282 4526.666667 4314.871795 4224.615385 4529.743590 4233.333333 4211.282051 4049.230769 4182.564103 4035.384615
4111.282051 4398.974359 4219.487179 4280.512821 4210.256410 4462.051282 4302.564103 4242.051282 4559.487179 4234.358974 4235.897436 4067.179487 4221.538462 4047.179487
4120.512821 4430.256410 4225.128205 4288.717949 4207.692308 4460.512821 4314.871795 4237.435897 4577.435897 4231.282051 4252.820513 4061.025641 4243.589744 4043.076923
4120.512821 4433.333333 4221.538462 4278.461538 4205.128205 4463.589744 4324.615385 4247.692308 4588.205128 4232.307692 4244.615385 4055.897436 4229.743590 4037.948718
4117.948718 4423.076923 4215.384615 4256.410256 4206.666667 4501.025641 4328.717949 4264.615385 4596.410256 4233.333333 4231.282051 4056.410256 4230.256410 4035.384615
4111.282051 4449.230769 4213.846154 4258.974359 4204.102564 4508.205128 4328.205128 4272.307692 4579.487179 4232.307692 4228.205128 4047.179487 4237.948718 4029.230769
4122.564103 4488.205128 4222.564103 4283.589744 4209.230769 4476.923077 4334.358974 4276.923077 4590.769231 4233.333333 4235.384615 4052.307692 4249.743590 4034.358974
4156.923077 4513.333333 4246.666667 4306.666667 4209.743590 4456.410256 4350.256410 4291.282051 4642.564103 4232.820513 4251.794872 4065.128205 4287.692308 4041.025641
4159.487179 4530.769231 4249.743590 4293.333333 4207.179487 4452.820513 4358.974359 4298.461538 4650.769231 4232.307692 4246.666667 4065.128205 4288.205128 4033.333333
4151.282051 4567.692308 4237.435897 4278.461538 4208.717949 4484.102564 4340.512821 4300.000000 4620.000000 4235.384615 4230.769231 4058.461538 4265.641026 4020.512821
4189.743590 4629.743590 4265.128205 4325.128205 4207.179487 4496.410256 4329.230769 4330.769231 4659.487179 4236.410256 4253.846154 4073.333333 4306.666667 4028.205128
4212.307692 4675.384615 4290.256410 4352.820513 4209.743590 4475.897436 4342.051282 4361.025641 4727.179487 4233.333333 4269.743590 4091.794872 4346.666667 4038.974359
4202.051282 4704.102564 4281.025641 4330.256410 4206.153846 4489.743590 4338.461538 4358.974359 4723.589744 4232.307692 4258.974359 4081.538462 4358.461538 4034.358974
4211.282051 4735.384615 4279.487179 4326.153846 4205.641026 4502.564103 4321.025641 4361.538462 4714.358974 4233.333333 4268.717949 4086.153846 4381.025641 4049.230769
4230.769231 4783.076923 4297.948718 4349.230769 4211.282051 4486.666667 4322.051282 4386.153846 4749.743590 4232.820513 4280.000000 4105.128205 4405.641026 4068.717949
4231.794872 4838.974359 4309.230769 4369.230769 4208.205128 4477.435897 4335.384615 4396.410256 4776.410256 4231.282051 4274.871795 4101.025641 4420.512821 4069.230769
4220.512821 4882.051282 4306.666667 4359.487179 4209.230769 4425.641026 4326.153846 4373.846154 4764.615385 4231.794872 4265.128205 4097.435897 4410.769231 4073.846154
4221.538462 4931.282051 4305.128205 4328.717949 4210.256410 4385.641026 4313.846154 4376.410256 4748.205128 4232.307692 4271.282051 4103.589744 4419.487179 4084.615385
4198.974359 4964.615385 4297.435897 4288.717949 4211.282051 4409.743590 4317.435897 4402.051282 4742.051282 4232.820513 4273.333333 4105.641026 4440.000000 4093.846154
4130.256410 4984.102564 4295.384615 4254.871795 4213.846154 4391.282051 4318.974359 4403.589744 4753.846154 4233.333333 4265.128205 4109.743590 4440.000000 4110.256410
4064.102564 5036.410256 4288.205128 4200.512821 4211.282051 4338.461538 4310.769231 4402.051282 4755.897436 4232.820513 4259.487179 4104.102564 4435.897436 4133.333333
4045.128205 5076.923077 4261.538462 4140.000000 4216.923077 4341.025641 4302.564103 4404.615385 4730.769231 4233.333333 4247.179487 4092.820513 4432.307692 4153.333333
4085.128205 5083.076923 4277.435897 4178.461538 4214.871795 4374.871795 4318.974359 4421.538462 4740.000000 4234.358974 4260.512821 4096.923077 4465.641026 4157.948718
4109.230769 5118.974359 4302.564103 4203.589744 4211.794872 4363.076923 4328.717949 4438.461538 4770.256410 4234.871795 4268.205128 4105.641026 4485.641026 4161.538462
4094.358974 5201.025641 4287.692308 4153.333333 4217.435897 4321.025641 4308.717949 4424.102564 4777.435897 4233.333333 4253.333333 4104.615385 4473.333333 4164.615385
4095.897436 5247.692308 4280.000000 4143.076923 4213.333333 4327.179487 4306.153846 4421.538462 4772.820513 4231.282051 4252.820513 4095.897436 4475.897436 4154.871795
4105.641026 5257.435897 4280.512821 4154.871795 4214.358974 4345.641026 4315.384615 4440.512821 4776.923077 4234.358974 4244.615385 4097.948718 4485.641026 4149.743590
4120.000000 5333.333333 4290.256410 4174.358974 4216.410256 4326.153846 4312.820513 4448.205128 4814.358974 4237.435897 4242.564103 4109.743590 4536.410256 4152.820513
4149.743590 5396.923077 4317.948718 4217.948718 4214.358974 4333.333333 4331.794872 4455.897436 4885.641026 4235.897436 4267.692308 4123.076923 4612.820513 4162.051282
4166.666667 5375.897436 4329.230769 4230.769231 4218.974359 4389.743590 4364.615385 4477.948718 4909.230769 4233.333333 4287.179487 4134.871795 4666.666667 4167.692308
4181.538462 5390.769231 4335.897436 4262.051282 4218.461538 4341.538462 4358.974359 4500.512821 4889.743590 4232.307692 4289.230769 4133.846154 4713.846154 4161.025641
4181.025641 5385.128205 4329.230769 4294.871795 4216.923077 4249.743590 4332.307692 4492.820513 4878.974359 4231.794872 4276.410256 4124.102564 4718.461538 4155.897436
4155.897436 5296.923077 4292.820513 4226.666667 4217.948718 4331.282051 4335.897436 4473.333333 4845.641026 4230.769231 4257.948718 4109.230769 4687.179487 4147.692308
4134.871795 5281.025641 4271.794872 4157.435897 4220.000000 4405.128205 4344.102564 4479.487179 4815.384615 4232.307692 4250.256410 4106.666667 4689.230769 4140.512821
4132.307692 5308.717949 4289.230769 4208.717949 4225.128205 4315.384615 4333.846154 4492.307692 4829.743590 4232.820513 4240.512821 4116.410256 4707.692308 4142.051282
4136.923077 5275.384615 4309.743590 4271.282051 4218.461538 4286.153846 4342.051282 4489.743590 4867.692308 4231.282051 4242.051282 4117.435897 4731.282051 4147.692308
4105.128205 5261.025641 4299.487179 4240.512821 4217.435897 4314.871795 4358.461538 4472.307692 4866.666667 4232.820513 4262.051282 4122.051282 4770.256410 4150.769231
4046.666667 5292.820513 4276.923077 4202.051282 4223.589744 4266.153846 4353.846154 4468.717949 4827.692308 4231.794872 4251.282051 4118.974359 4797.435897 4139.487179
4029.743590 5276.410256 4269.743590 4210.256410 4222.564103 4272.820513 4348.205128 4481.538462 4817.948718 4232.820513 4222.564103 4109.743590 4812.307692 4133.846154
4057.948718 5250.256410 4274.358974 4227.692308 4223.076923 4348.205128 4358.974359 4491.282051 4834.871795 4235.897436 4221.025641 4118.461538 4825.128205 4133.846154
4071.282051 5266.153846 4274.871795 4248.717949 4220.512821 4284.615385 4353.846154 4489.743590 4806.153846 4232.307692 4225.641026 4112.307692 4812.820513 4116.923077
4052.307692 5246.666667 4248.717949 4233.846154 4221.538462 4193.846154 4338.461538 4465.128205 4736.923077 4229.230769 4216.410256 4095.897436 4784.102564 4111.794872
4046.153846 5224.615385 4231.794872 4203.589744 4223.076923 4270.769231 4361.538462 4464.102564 4733.846154 4231.794872 4208.205128 4095.897436 4767.179487 4120.000000
4060.512821 5226.153846 4251.794872 4212.820513 4221.025641 4357.948718 4387.179487 4495.897436 4782.564103 4233.333333 4206.153846 4104.102564 4747.179487 4116.923077
4082.564103 5217.435897 4283.589744 4276.410256 4228.205128 4307.692308 4381.538462 4502.564103 4807.692308 4231.794872 4223.589744 4122.564103 4737.435897 4124.615385
4090.256410 5224.102564 4297.435897 4327.692308 4225.641026 4273.846154 4388.717949 4495.897436 4806.666667 4231.794872 4250.256410 4133.846154 4772.307692 4139.487179
4059.487179 5215.897436 4279.487179 4293.846154 4222.051282 4271.282051 4403.589744 4494.358974 4802.564103 4231.794872 4230.256410 4126.666667 4764.615385 4147.692308
4040.000000 5192.820513 4268.205128 4266.153846 4226.666667 4253.333333 4402.564103 4489.743590 4798.974359 4231.794872 4204.615385 4117.435897 4717.948718 4154.871795
4054.871795 5186.666667 4284.102564 4299.487179 4223.076923 4323.589744 4418.461538 4504.615385 4797.435897 4233.333333 4224.102564 4121.025641 4731.282051 4169.230769
4047.692308 5170.769231 4282.051282 4301.025641 4223.076923 4396.410256 4434.358974 4507.692308 4802.051282 4233.846154 4226.153846 4131.282051 4734.358974 4192.307692
4052.820513 5156.923077 4286.153846 4318.461538 4226.153846 4333.333333 4424.102564 4496.923077 4821.025641 4232.820513 4222.051282 4135.384615 4743.076923 4198.461538
4071.794872 5131.794872 4295.897436 4347.692308 4228.205128 4319.487179 4423.589744 4497.948718 4822.051282 4232.820513 4230.769231 4132.307692 4736.923077 4178.974359
4054.358974 5098.461538 4284.615385 4326.153846 4227.179487 4424.102564 4438.974359 4490.256410 4791.282051 4233.333333 4220.000000 4129.743590 4602.564103 4163.076923
4034.871795 5092.820513 4284.615385 4326.153846 4218.974359 4436.410256 4442.564103 4498.974359 4776.923077 4232.307692 4218.461538 4130.256410 4499.487179 4176.923077
4028.205128 5082.564103 4284.102564 4334.358974 4226.153846 4392.307692 4439.487179 4514.871795 4777.435897 4232.820513 4224.615385 4135.384615 4526.666667 4197.948718
4016.923077 5042.051282 4268.717949 4323.076923 4231.282051 4442.564103 4450.256410 4501.025641 4744.102564 4232.307692 4201.538462 4122.051282 4509.743590 4192.307692
3977.948718 4988.205128 4245.128205 4315.897436 4224.615385 4454.358974 4450.769231 4475.384615 4683.589744 4231.282051 4175.897436 4100.512821 4415.897436 4191.794872
3978.974359 4974.871795 4244.615385 4321.025641 4225.641026 4391.794872 4441.025641 4476.410256 4685.641026 4238.461538 4196.410256 4110.769231 4450.769231 4214.871795
4072.820513 4998.461538 4274.871795 4351.282051 4227.692308 4389.230769 4448.717949 4497.948718 4749.743590 4242.051282 4227.692308 4129.230769 4548.717949 4231.794872
4129.743590 4988.205128 4271.794872 4363.076923 4228.717949 4390.256410 4450.769231 4494.871795 4758.974359 4235.384615 4214.871795 4122.051282 4518.461538 4235.897436
4102.051282 4940.512821 4244.615385 4350.769231 4228.717949 4341.025641 4431.794872 4479.487179 4697.948718 4231.794872 4200.000000 4105.641026 4478.974359 4232.820513
4082.051282 4899.487179 4230.769231 4331.794872 4228.717949 4346.666667 4431.282051 4474.358974 4658.461538 4233.846154 4195.384615 4101.538462 4475.897436 4237.435897
4096.410256 4903.589744 4235.384615 4329.743590 4230.769231 4376.410256 4452.820513 4478.974359 4676.923077 4234.358974 4180.512821 4108.205128 4457.948718 4249.230769
4105.641026 4924.102564 4249.230769 4343.589744 4227.179487 4344.102564 4460.512821 4482.564103 4700.000000 4231.282051 4194.358974 4107.179487 4475.897436 4252.820513
4104.102564 4896.923077 4242.051282 4338.461538 4230.256410 4310.769231 4470.256410 4478.974359 4695.897436 4230.769231 4213.333333 4106.666667 4490.769231 4256.923077
4078.461538 4868.717949 4226.153846 4325.641026 4230.256410 4331.794872 4490.769231 4481.538462 4682.564103 4231.282051 4197.948718 4104.102564 4477.948718 4255.384615
4080.512821 4863.589744 4221.538462 4317.948718 4224.615385 4336.923077 4485.641026 4491.282051 4666.153846 4231.794872 4185.641026 4097.948718 4463.589744 4248.717949
4196.923077 4832.307692 4220.512821 4324.102564 4229.743590 4304.102564 4467.692308 4494.871795 4667.692308 4232.307692 4183.076923 4096.410256 4427.179487 4249.743590
4320.512821 4811.282051 4217.435897 4333.846154 4229.230769 4300.512821 4467.179487 4498.974359 4676.410256 4232.307692 4175.384615 4087.179487 4421.538462 4246.153846
4321.538462 4817.435897 4205.128205 4309.743590 4228.205128 4295.384615 4464.102564 4500.000000 4639.487179 4232.307692 4161.538462 4080.512821 4425.128205 4244.102564
4306.666667 4829.230769 4214.871795 4308.717949 4231.282051 4274.358974 4466.153846 4499.487179 4618.974359 4233.846154 4182.564103 4097.435897 4411.794872 4249.230769
4340.000000 4832.307692 4236.923077 4333.846154 4228.717949 4272.820513 4481.025641 4501.025641 4658.461538 4233.846154 4205.641026 4106.153846 4429.230769 4251.794872
4327.692308 4812.820513 4222.051282 4311.282051 4233.333333 4263.076923 4471.282051 4488.717949 4649.743590 4232.307692 4168.717949 4087.692308 4414.871795 4244.102564
4308.717949 4806.153846 4212.307692 4303.076923 4232.820513 4256.410256 4470.256410 4491.282051 4620.512821 4231.794872 4144.102564 4080.512821 4388.205128 4240.000000
4324.615385 4801.538462 4228.205128 4324.615385 4231.282051 4273.333333 4498.461538 4498.974359 4643.589744 4232.820513 4168.717949 4098.974359 4407.179487 4248.205128
4327.692308 4792.307692 4231.794872 4316.923077 4234.358974 4264.615385 4504.615385 4490.769231 4645.641026 4232.307692 4187.179487 4104.615385 4401.025641 4246.153846
4328.205128 4798.974359 4230.256410 4317.948718 4229.743590 4208.717949 4490.769231 4498.461538 4625.641026 4231.282051 4183.589744 4094.871795 4396.410256 4241.025641
4331.282051 4794.358974 4232.307692 4327.692308 4231.794872 4186.666667 4491.794872 4515.384615 4651.794872 4233.333333 4163.076923 4101.025641 4508.205128 4248.205128
4338.461538 4787.179487 4240.000000 4331.282051 4233.333333 4211.282051 4509.230769 4525.641026 4680.000000 4233.333333 4152.820513 4105.641026 4649.743590 4245.128205
4326.666667 4776.923077 4231.794872 4323.589744 4233.333333 4198.461538 4509.230769 4511.794872 4643.589744 4232.307692 4152.820513 4094.871795 4627.179487 4241.025641
4307.179487 4764.615385 4226.666667 4327.692308 4235.384615 4176.923077 4497.435897 4505.641026 4617.948718 4235.384615 4167.179487 4098.974359 4580.512821 4249.743590
4320.512821 4781.538462 4263.589744 4373.846154 4230.769231 4169.230769 4507.179487 4541.538462 4666.153846 4236.923077 4190.769231 4117.435897 4664.102564 4257.948718
4314.871795 4782.564103 4277.435897 4382.051282 4234.358974 4152.820513 4517.435897 4543.589744 4695.384615 4233.333333 4169.230769 4116.923077 4632.820513 4261.025641
4281.025641 4753.846154 4253.846154 4351.794872 4233.846154 4153.333333 4508.717949 4501.025641 4633.333333 4231.282051 4152.820513 4097.948718 4443.589744 4257.435897
4270.256410 4736.923077 4246.153846 4350.769231 4231.282051 4164.615385 4504.102564 4500.000000 4584.615385 4233.846154 4171.794872 4099.487179 4345.641026 4261.538462
4292.820513 4738.974359 4260.000000 4367.179487 4234.358974 4163.076923 4515.384615 4540.512821 4622.564103 4235.384615 4172.820513 4117.435897 4386.666667 4272.307692
4309.230769 4736.410256 4273.846154 4381.025641 4231.282051 4147.692308 4524.615385 4558.974359 4662.564103 4232.307692 4176.923077 4118.461538 4427.179487 4274.871795
4304.615385 4710.256410 4265.128205 4375.384615 4234.358974 4130.256410 4521.025641 4537.435897 4654.871795 4231.282051 4188.205128 4112.820513 4406.666667 4276.410256
4282.051282 4681.538462 4238.461538 4353.333333 4234.871795 4123.076923 4521.025641 4529.743590 4626.153846 4230.256410 4169.230769 4098.974359 4379.487179 4269.743590
4207.179487 4668.717949 4224.615385 4336.410256 4231.794872 4131.794872 4523.589744 4536.923077 4604.615385 4231.794872 4142.564103 4091.282051 4368.205128 4268.205128
4113.333333 4684.615385 4250.769231 4366.153846 4234.358974 4139.487179 4529.743590 4528.205128 4630.769231 4234.358974 4165.641026 4116.923077 4420.512821 4281.538462
4038.461538 4698.461538 4277.435897 4405.641026 4231.282051 4153.333333 4546.153846 4546.666667 4671.794872 4232.307692 4187.179487 4129.743590 4467.692308 4281.538462
3961.538462 4677.435897 4264.615385 4401.025641 4234.358974 4148.205128 4552.820513 4569.743590 4650.256410 4230.769231 4161.025641 4118.974359 4412.820513 4268.717949
3925.128205 4675.384615 4263.076923 4407.179487 4237.435897 4123.589744 4541.025641 4562.051282 4630.256410 4231.282051 4152.820513 4119.487179 4400.512821 4259.487179
3945.128205 4682.051282 4279.487179 4414.358974 4234.871795 4118.974359 4533.846154 4559.487179 4664.102564 4233.846154 4183.589744 4134.871795 4479.487179 4256.410256
3960.000000 4665.128205 4275.897436 4410.256410 4236.923077 4106.153846 4536.923077 4560.000000 4671.282051 4233.846154 4197.948718 4144.615385 4486.666667 4244.102564
3958.974359 4642.051282 4266.153846 4416.923077 4233.846154 4119.487179 4539.487179 4575.897436 4639.487179 4231.282051 4175.384615 4128.205128 4430.256410 4217.948718
3966.153846 4613.333333 4263.589744 4395.897436 4234.358974 4158.974359 4539.487179 4589.230769 4631.282051 4230.769231 4158.974359 4123.076923 4421.538462 4205.128205
3978.461538 4608.205128 4275.384615 4396.923077 4238.974359 4125.641026 4539.487179 4568.717949 4636.923077 4232.820513 4186.666667 4141.025641 4461.025641 4200.000000
3991.794872 4619.487179 4282.564103 4444.102564 4236.923077 4081.025641 4536.410256 4549.230769 4629.743590 4233.333333 4214.358974 4146.153846 4481.538462 4187.179487
3993.333333 4609.743590 4268.205128 4439.487179 4237.435897 4103.076923 4534.358974 4561.025641 4644.615385 4232.820513 4185.641026 4136.410256 4466.153846 4168.717949
3995.384615 4597.435897 4263.076923 4413.846154 4233.333333 4125.641026 4534.358974 4573.846154 4670.256410 4231.794872 4167.692308 4128.717949 4463.589744 4156.923077
4002.051282 4585.641026 4264.102564 4418.974359 4235.384615 4108.717949 4529.230769 4569.230769 4656.923077 4230.769231 4192.307692 4136.410256 4465.641026 4163.589744
4004.615385 4580.512821 4260.512821 4425.641026 4238.974359 4109.743590 4519.487179 4573.333333 4632.820513 4231.282051 4199.487179 4141.025641 4464.615385 4158.461538
4015.384615 4593.846154 4272.820513 4436.923077 4232.820513 4097.435897 4518.461538 4584.615385 4657.435897 4233.333333 4194.358974 4138.461538 4473.846154 4146.666667
4034.358974 4602.051282 4291.282051 4450.769231 4235.384615 4070.256410 4539.487179 4601.025641 4713.846154 4233.846154 4197.948718 4152.307692 4488.205128 4155.384615
4059.487179 4598.461538 4307.179487 4460.512821 4236.410256 4114.871795 4561.538462 4624.615385 4733.333333 4232.307692 4222.564103 4167.692308 4541.025641 4164.615385
4065.641026 4585.641026 4306.666667 4463.076923 4235.384615 4158.461538 4552.820513 4618.974359 4700.512821 4231.794872 4234.358974 4168.205128 4525.641026 4162.564103
4060.000000 4581.538462 4296.923077 4467.179487 4236.410256 4093.333333 4560.000000 4596.923077 4684.102564 4232.820513 4221.025641 4162.564103 4489.743590 4158.461538
4076.923077 4602.564103 4317.435897 4492.307692 4233.333333 4052.820513 4604.102564 4600.000000 4732.820513 4233.333333 4240.000000 4173.333333 4562.564103 4164.615385
4099.487179 4615.897436 4342.564103 4515.384615 4236.410256 4089.743590 4557.948718 4610.256410 4759.487179 4231.794872 4270.256410 4192.307692 4537.948718 4174.871795
4095.897436 4617.435897 4330.256410 4516.410256 4234.871795 4051.794872 4567.179487 4606.153846 4725.641026 4230.256410 4254.358974 4177.948718 4405.641026 4164.615385
4024.102564 4616.923077 4299.487179 4487.692308 4234.871795 3956.923077 4628.717949 4602.564103 4698.461538 4232.307692 4217.948718 4161.025641 4389.230769 4152.307692
3926.666667 4626.666667 4312.307692 4484.615385 4238.974359 3941.538462 4220.000000 4615.384615 4672.820513 4232.820513 4237.435897 4177.435897 4462.051282 4155.897436
3876.923077 4626.153846 4337.948718 4505.641026 4233.333333 3948.717949 3565.641026 4641.025641 4621.538462 4230.256410 4271.794872 4182.051282 4470.769231 4156.410256
3870.256410 4594.871795 4323.076923 4483.589744 4234.358974 3909.230769 3415.897436 4655.384615 4608.717949 4231.794872 4250.256410 4175.384615 4421.025641 4153.846154
3897.435897 4610.256410 4324.615385 4493.333333 4236.923077 3869.743590 3587.179487 4657.435897 4653.333333 4233.333333 4242.051282 4183.589744 4425.641026 4154.358974
3921.538462 4634.358974 4340.512821 4529.743590 4236.410256 3842.564103 3570.769231 4643.589744 4647.692308 4232.307692 4273.846154 4190.256410 4475.384615 4163.589744
3910.769231 4590.769231 4324.615385 4508.205128 4239.487179 3841.025641 3533.846154 4629.743590 4607.179487 4232.307692 4275.897436 4183.076923 4478.974359 4167.179487
3920.000000 4578.974359 4327.692308 4525.128205 4235.384615 3828.717949 3619.487179 4645.128205 4628.717949 4232.820513 4255.897436 4175.384615 4430.256410 4160.512821
3959.487179 4617.948718 4349.230769 4562.564103 4238.461538 3741.538462 3640.000000 4642.564103 4648.205128 4233.333333 4263.076923 4185.128205 4423.076923 4171.794872
3973.846154 4644.102564 4365.128205 4555.384615 4240.000000 3701.538462 3644.102564 4644.102564 4638.974359 4236.410256 4288.205128 4198.974359 4483.076923 4187.692308
3976.410256 4628.205128 4384.615385 4568.717949 4233.846154 3694.871795 3674.358974 4669.230769 4667.179487 4234.358974 4294.871795 4203.589744 4504.615385 4190.769231
4076.923077 4641.025641 4404.102564 4614.871795 4237.948718 3617.435897 3695.384615 4678.974359 4724.615385 4232.820513 4294.871795 4212.820513 4487.692308 4197.948718
4251.794872 4738.461538 4441.025641 4665.641026 4239.487179 3555.384615 3730.769231 4698.974359 4766.153846 4233.846154 4332.307692 4236.410256 4531.282051 4217.948718
4349.230769 4754.358974 4465.641026 4677.948718 4238.974359 3581.025641 3761.538462 4715.897436 4785.128205 4234.871795 4357.948718 4256.923077 4585.128205 4240.000000
4473.333333 4682.051282 4462.564103 4693.333333 4238.974359 3634.358974 3780.000000 4711.794872 4804.615385 4233.333333 4335.897436 4246.666667 4582.564103 4243.589744
4670.769231 4665.641026 4422.051282 4621.025641 4237.948718 3614.871795 3768.717949 4689.230769 4784.615385 4226.666667 4308.717949 4218.974359 4536.410256 4237.948718
4716.410256 4638.461538 4347.179487 4408.717949 4239.487179 3560.000000 3743.076923 4658.461538 4707.179487 4225.128205 4289.743590 4202.051282 4485.128205 4238.974359
4665.641026 4592.307692 4333.846154 4378.974359 4235.897436 3551.794872 3751.794872 4661.025641 4667.692308 4231.282051 4286.153846 4198.461538 4481.025641 4249.743590
4694.871795 4631.282051 4373.333333 4512.307692 4236.923077 3381.025641 3771.794872 4671.794872 4702.051282 4233.846154 4293.333333 4208.717949 4501.025641 4268.205128
4711.794872 4670.769231 4369.743590 4481.538462 4236.410256 3012.820513 3769.743590 4663.076923 4706.153846 4228.717949 4302.564103 4208.205128 4508.717949 4273.333333
4656.923077 4625.128205 4328.205128 4349.743590 4233.846154 2858.974359 3765.641026 4667.692308 4654.871795 4228.717949 4295.384615 4188.717949 4490.256410 4272.307692
4625.641026 4588.205128 4308.717949 4347.692308 4242.564103 2953.846154 3758.461538 4671.282051 4629.743590 4233.333333 4270.769231 4183.589744 4460.512821 4274.358974
4616.410256 4581.538462 4298.974359 4377.435897 4239.487179 2922.564103 3736.923077 4653.333333 4614.871795 4231.794872 4245.641026 4177.948718 4443.589744 4264.615385
4593.846154 4576.923077 4278.974359 4325.641026 4233.846154 2794.871795 3731.282051 4648.717949 4566.153846 4230.769231 4222.051282 4168.717949 4417.948718 4263.589744
4598.974359 4601.025641 4283.589744 4321.538462 4240.000000 2761.538462 3743.076923 4657.948718 4542.051282 4231.794872 4220.000000 4170.256410 4411.282051 4274.358974
4599.487179 4609.743590 4284.102564 4327.692308 4241.025641 2782.051282 3739.487179 4641.538462 4538.461538 4232.820513 4220.000000 4166.153846 4418.461538 4272.307692
4565.641026 4580.512821 4255.897436 4275.897436 4241.538462 2799.487179 3726.666667 4621.025641 4503.076923 4232.307692 4196.410256 4162.051282 4387.692308 4268.205128
4563.076923 4580.000000 4260.000000 4283.589744 4240.000000 2808.717949 3737.948718 4637.948718 4493.333333 4231.794872 4194.871795 4165.641026 4384.102564 4275.384615
4584.102564 4585.641026 4282.051282 4332.820513 4238.974359 2814.358974 3752.820513 4642.051282 4532.820513 4233.333333 4204.102564 4171.794872 4414.871795 4285.641026
4572.307692 4575.384615 4274.871795 4333.333333 4240.000000 2807.179487 3745.128205 4607.692308 4529.230769 4233.333333 4177.435897 4166.666667 4407.692308 4284.102564
4559.487179 4565.641026 4267.179487 4325.641026 4237.948718 2775.384615 3749.743590 4601.538462 4501.025641 4232.307692 4156.923077 4157.435897 4400.000000 4278.974359
4557.435897 4551.282051 4261.538462 4317.948718 4242.564103 2753.846154 3757.948718 4609.743590 4498.974359 4234.358974 4159.487179 4158.974359 4401.538462 4283.076923
4554.871795 4564.615385 4257.435897 4311.282051 4240.000000 2782.051282 3757.948718 4604.102564 4491.794872 4235.384615 4166.153846 4156.410256 4402.564103 4280.512821
4555.384615 4580.512821 4265.128205 4322.051282 4236.410256 2817.948718 3766.666667 4613.846154 4492.307692 4233.846154 4180.512821 4158.461538 4411.282051 4284.102564
4577.435897 4561.025641 4292.820513 4368.205128 4242.051282 2838.974359 3789.230769 4642.564103 4532.820513 4233.846154 4203.076923 4181.538462 4437.948718 4301.025641
4593.333333 4547.179487 4305.641026 4398.461538 4237.948718 2881.025641 3805.641026 4656.923077 4544.102564 4233.846154 4209.230769 4185.128205 4455.897436 4304.102564
4553.333333 4549.743590 4260.000000 4327.692308 4238.461538 2909.743590 3790.256410 4631.794872 4486.153846 4231.282051 4180.000000 4158.461538 4408.717949 4298.461538
4523.076923 4547.692308 4233.333333 4277.435897 4240.512821 2932.820513 3794.871795 4623.076923 4469.230769 4232.307692 4170.769231 4149.230769 4375.897436 4301.025641
4551.794872 4524.102564 4265.128205 4328.717949 4238.974359 2954.871795 3826.666667 4650.256410 4525.641026 4235.384615 4202.051282 4169.743590 4411.282051 4315.384615
4577.948718 4515.384615 4282.051282 4368.205128 4242.564103 2968.717949 3835.384615 4654.358974 4550.769231 4233.333333 4217.435897 4181.025641 4437.948718 4320.000000
4571.794872 4547.692308 4272.307692 4347.692308 4237.948718 2994.358974 3829.743590 4647.692308 4528.717949 4230.769231 4213.333333 4171.282051 4429.743590 4308.717949
4569.230769 4540.000000 4274.871795 4351.794872 4238.461538 3004.615385 3826.153846 4651.794872 4517.435897 4233.333333 4212.820513 4174.358974 4419.487179 4308.717949
4578.974359 4496.410256 4283.076923 4378.461538 4241.025641 3052.307692 3822.051282 4653.333333 4524.102564 4233.333333 4213.846154 4181.538462 4420.000000 4310.769231
4573.333333 4498.461538 4279.487179 4359.487179 4238.461538 3148.717949 3820.512821 4648.717949 4524.102564 4232.307692 4214.358974 4178.461538 4410.769231 4311.794872
4578.461538 4535.897436 4290.256410 4374.358974 4241.025641 3209.743590 3832.307692 4647.692308 4530.769231 4233.846154 4225.641026 4189.743590 4403.076923 4319.487179
4588.717949 4520.000000 4301.538462 4402.051282 4238.461538 3221.538462 3837.435897 4654.358974 4530.256410 4231.794872 4237.435897 4190.256410 4406.153846 4321.538462
4591.794872 4472.307692 4300.512821 4388.717949 4238.974359 3230.256410 3826.153846 4661.025641 4531.282051 4231.282051 4242.051282 4190.769231 4403.589744 4333.333333
4621.025641 4472.307692 4325.641026 4436.923077 4240.512821 3261.538462 3826.666667 4666.666667 4566.153846 4233.846154 4259.487179 4205.128205 4416.410256 4343.076923
4622.564103 4462.564103 4323.076923 4449.230769 4239.487179 3289.743590 3835.897436 4650.769231 4561.025641 4231.282051 4253.846154 4195.897436 4400.000000 4332.820513
4611.794872 4443.589744 4305.128205 4408.717949 4243.076923 3311.794872 3836.923077 4635.897436 4528.205128 4232.820513 4253.333333 4192.820513 4399.487179 4338.461538
4652.307692 4483.589744 4341.538462 4443.076923 4239.487179 3341.538462 3844.102564 4663.076923 4569.743590 4234.871795 4290.769231 4213.333333 4473.846154 4354.358974
4683.076923 4515.897436 4365.128205 4495.897436 4240.000000 3363.589744 3848.717949 4677.948718 4625.641026 4233.846154 4286.153846 4223.076923 4481.538462 4357.435897
4677.435897 4514.358974 4353.333333 4486.666667 4244.102564 3378.974359 3848.205128 4664.615385 4621.538462 4234.871795 4276.923077 4220.000000 4466.153846 4360.000000
4693.846154 4540.512821 4375.384615 4512.307692 4237.948718 3389.743590 3842.564103 4672.307692 4627.179487 4235.897436 4307.692308 4227.179487 4518.974359 4371.282051
4707.692308 4541.025641 4395.897436 4566.666667 4238.461538 3395.384615 3821.538462 4675.897436 4643.589744 4234.871795 4307.692308 4237.435897 4531.794872 4376.923077
4706.153846 4520.000000 4393.333333 4559.487179 4239.487179 3416.923077 3817.435897 4665.641026 4633.846154 4233.333333 4317.435897 4238.974359 4550.769231 4377.435897
4675.897436 4528.205128 4370.769231 4471.794872 4239.487179 3442.564103 3826.153846 4667.692308 4639.487179 4233.846154 4318.974359 4230.769231 4575.384615 4377.435897
4639.487179 4522.051282 4346.666667 4399.487179 4240.512821 3428.717949 3815.897436 4667.179487 4640.512821 4235.897436 4287.692308 4221.538462 4563.076923 4370.769231
4686.153846 4484.615385 4382.564103 4472.307692 4237.948718 3408.205128 3816.923077 4661.538462 4622.051282 4238.974359 4326.666667 4239.487179 4644.615385 4378.461538
4717.948718 4489.230769 4415.897436 4535.384615 4242.564103 3443.589744 3847.179487 4667.179487 4646.153846 4235.384615 4356.410256 4258.461538 4715.384615 4388.205128
4642.051282 4535.897436 4367.692308 4442.051282 4240.000000 3486.153846 3852.307692 4670.256410 4653.333333 4228.205128 4313.846154 4233.333333 4665.641026 4369.230769
4574.871795 4509.230769 4305.641026 4348.205128 4235.384615 3465.128205 3816.923077 4636.410256 4578.461538 4229.230769 4288.717949 4202.564103 4598.461538 4354.358974
4573.846154 4471.282051 4294.871795 4338.461538 4241.538462 3443.076923 3798.974359 4609.743590 4515.384615 4234.871795 4274.358974 4194.871795 4558.461538 4349.743590
4564.615385 4490.769231 4290.256410 4338.974359 4241.538462 3462.564103 3792.307692 4618.461538 4524.102564 4231.282051 4230.256410 4179.487179 4493.846154 4331.282051
4489.743590 4441.538462 4216.923077 4251.282051 4241.025641 3457.435897 3753.846154 4580.512821 4486.666667 4227.179487 4158.974359 4139.487179 4375.384615 4303.589744
4454.871795 4390.256410 4175.897436 4202.051282 4237.948718 3452.307692 3736.923077 4539.487179 4397.435897 4233.333333 4150.256410 4123.589744 4346.153846 4289.743590
4511.794872 4450.256410 4240.000000 4262.051282 4238.461538 3497.948718 3773.846154 4581.538462 4427.179487 4238.461538 4220.512821 4167.179487 4440.512821 4308.205128
4580.512821 4524.615385 4314.358974 4338.974359 4243.589744 3562.564103 3812.820513 4638.974359 4588.717949 4237.948718 4246.666667 4211.794872 4502.051282 4326.666667
4602.564103 4547.692308 4335.384615 4359.487179 4237.435897 3554.358974 3828.717949 4651.794872 4676.410256 4233.846154 4211.282051 4202.051282 4478.461538 4314.871795
4568.205128 4527.692308 4305.641026 4308.717949 4239.487179 3417.948718 3812.820513 4616.410256 4544.615385 4229.230769 4223.076923 4181.025641 4460.512821 4300.512821
4508.205128 4475.384615 4247.692308 4245.128205 4244.102564 3353.846154 3781.025641 4549.230769 4354.871795 4228.717949 4226.153846 4153.333333 4437.435897 4280.512821
4490.769231 4446.666667 4226.666667 4229.743590 4240.512821 3333.333333 3773.846154 4527.692308 4316.923077 4233.333333 4173.846154 4137.948718 4372.307692 4266.666667
4539.487179 4483.589744 4276.410256 4278.974359 4242.564103 3082.564103 3790.256410 4574.358974 4381.025641 4235.384615 4207.179487 4175.384615 4388.205128 4282.051282
4592.307692 4531.794872 4325.128205 4344.615385 4241.538462 2836.923077 3812.820513 4604.615385 4444.102564 4234.871795 4267.179487 4198.461538 4473.333333 4295.897436
4595.384615 4515.384615 4313.846154 4342.051282 4241.025641 2893.333333 3824.615385 4580.512821 4476.923077 4235.897436 4227.692308 4186.666667 4474.358974 4295.897436
4574.358974 4472.820513 4296.923077 4309.230769 4238.461538 2974.871795 3827.179487 4566.666667 4470.256410 4231.282051 4188.717949 4178.461538 4418.974359 4287.692308
4551.282051 4437.435897 4295.384615 4293.333333 4235.897436 2891.282051 3829.230769 4581.025641 4427.179487 4231.794872 4202.564103 4175.384615 4403.076923 4283.589744
4551.282051 4407.692308 4295.384615 4284.102564 4242.051282 2884.615385 3837.435897 4590.769231 4419.487179 4234.358974 4212.820513 4180.000000 4418.461538 4296.410256
4587.179487 4393.333333 4309.743590 4292.820513 4240.512821 2934.358974 3856.923077 4603.076923 4457.435897 4232.307692 4212.820513 4182.051282 4418.461538 4305.641026
4597.948718 4360.000000 4314.358974 4289.743590 4240.000000 2785.641026 3851.282051 4597.948718 4441.025641 4231.794872 4212.820513 4181.538462 4386.666667 4308.205128
4586.666667 4316.923077 4305.641026 4280.512821 4242.564103 2573.333333 3823.076923 4573.846154 4396.410256 4232.307692 4210.256410 4177.435897 4404.615385 4314.871795
4591.282051 4279.487179 4302.564103 4291.282051 4238.974359 2554.358974 3821.538462 4568.205128 4391.794872 4232.820513 4219.487179 4173.846154 4444.615385 4327.179487
4601.538462 4242.564103 4314.358974 4312.820513 4241.025641 2629.743590 3848.205128 4581.025641 4411.794872 4233.846154 4228.717949 4184.615385 4357.435897 4339.487179
4610.769231 4220.000000 4336.410256 4338.461538 4239.487179 2644.102564 3861.538462 4591.282051 4432.820513 4231.794872 4237.948718 4191.282051 4240.000000 4345.128205
4604.615385 4173.333333 4330.256410 4328.205128 4240.000000 2681.538462 3854.871795 4585.641026 4443.076923 4229.743590 4240.512821 4187.692308 4231.794872 4354.871795
4595.897436 4125.128205 4320.512821 4317.435897 4241.538462 2747.692308 3869.743590 4585.641026 4449.743590 4231.794872 4238.974359 4186.666667 4264.615385 4365.641026
4584.615385 4098.461538 4323.589744 4333.333333 4236.923077 2757.948718 3886.153846 4592.820513 4443.589744 4231.794872 4238.974359 4181.025641 4245.641026 4366.153846
4566.153846 4055.384615 4318.974359 4331.794872 4240.512821 2744.615385 3871.282051 4586.666667 4430.769231 4230.769231 4233.333333 4178.974359 4224.102564 4361.025641
4573.846154 4019.487179 4327.692308 4341.025641 4240.000000 2754.358974 3864.102564 4590.769231 4442.051282 4230.769231 4242.564103 4185.641026 4272.307692 4354.871795
4585.128205 3993.333333 4333.333333 4355.897436 4237.435897 2776.410256 3869.743590 4586.666667 4449.230769 4231.794872 4249.743590 4191.282051 4302.564103 4356.923077
4591.282051 3947.692308 4325.128205 4357.948718 4238.974359 2815.384615 3873.333333 4567.692308 4435.384615 4232.307692 4243.076923 4189.743590 4270.256410 4357.435897
4611.282051 3891.794872 4328.717949 4366.666667 4235.897436 2846.666667 3876.410256 4573.846154 4429.230769 4231.794872 4246.153846 4183.589744 4250.769231 4351.282051
4610.256410 3838.974359 4332.307692 4367.179487 4238.461538 2835.384615 3870.256410 4575.384615 4425.641026 4231.282051 4245.128205 4185.128205 4246.666667 4353.846154
4596.923077 3808.205128 4337.948718 4379.487179 4235.897436 2835.384615 3878.461538 4566.153846 4427.692308 4232.307692 4244.615385 4186.666667 4235.897436 4354.871795
4598.974359 3775.384615 4344.615385 4396.410256 4234.358974 2852.307692 3892.307692 4571.282051 4441.538462 4232.820513 4255.384615 4188.205128 4243.589744 4356.923077
4596.923077 3730.256410 4340.000000 4395.384615 4240.000000 2855.384615 3883.589744 4570.256410 4446.666667 4232.307692 4261.025641 4191.794872 4273.846154 4358.461538
4594.358974 3712.820513 4342.051282 4407.692308 4235.384615 2854.871795 3875.384615 4569.230769 4448.717949 4231.794872 4266.153846 4190.769231 4280.512821 4355.384615
4603.076923 3709.743590 4345.128205 4419.487179 4235.897436 2858.974359 3877.948718 4565.641026 4456.923077 4232.307692 4269.230769 4196.410256 4234.358974 4359.487179
4613.333333 3702.051282 4336.923077 4412.307692 4236.410256 2886.153846 3872.820513 4554.358974 4440.000000 4233.333333 4262.564103 4191.282051 4189.230769 4354.871795
4613.846154 3692.820513 4332.820513 4407.692308 4233.846154 2874.358974 3863.076923 4553.333333 4413.333333 4234.871795 4255.897436 4183.076923 4162.564103 4348.205128
4614.358974 3696.410256 4342.564103 4423.076923 4237.435897 2813.846154 3872.307692 4555.384615 4423.589744 4232.820513 4264.102564 4192.820513 4146.666667 4345.641026
4613.846154 3692.820513 4347.692308 4435.384615 4233.846154 2804.615385 3888.717949 4549.743590 4434.871795 4230.256410 4269.230769 4194.871795 4156.410256 4331.794872
4597.435897 3657.435897 4325.128205 4411.794872 4233.846154 2813.846154 3889.743590 4544.615385 4407.692308 4231.794872 4247.692308 4191.282051 4149.230769 4321.538462
4598.461538 3655.384615 4320.000000 4407.692308 4233.846154 2840.000000 3896.410256 4552.307692 4390.256410 4233.333333 4240.512821 4194.871795 4136.923077 4320.512821
4618.974359 3689.230769 4342.051282 4436.923077 4230.769231 2982.051282 3912.307692 4553.333333 4417.948718 4233.846154 4251.794872 4203.589744 4155.897436 4325.641026
4633.333333 3695.897436 4350.256410 4455.384615 4236.923077 3141.025641 3925.128205 4541.538462 4454.358974 4233.846154 4239.487179 4213.846154 4173.846154 4330.256410
4632.307692 3698.974359 4353.333333 4462.051282 4235.384615 3195.897436 3927.179487 4533.333333 4460.512821 4232.307692 4227.179487 4210.769231 4183.589744 4325.128205
4634.871795 3701.025641 4350.256410 4434.358974 4232.307692 3269.230769 3926.666667 4526.153846 4450.256410 4232.820513 4229.743590 4210.256410 4172.820513 4325.641026
4648.717949 3707.179487 4353.846154 4421.538462 4231.794872 3380.512821 3951.282051 4543.076923 4467.692308 4234.871795 4243.589744 4224.615385 4178.461538 4327.692308
4584.615385 3716.923077 4358.974359 4442.051282 4231.282051 3390.769231 3982.564103 4568.205128 4487.692308 4233.333333 4249.743590 4226.666667 4189.230769 4322.564103
4506.153846 3704.615385 4339.487179 4425.128205 4235.384615 3360.000000 3976.923077 4550.256410 4465.128205 4231.282051 4232.820513 4216.410256 4172.820513 4319.487179
4564.102564 3697.948718 4324.615385 4406.153846 4230.256410 3383.076923 3966.153846 4535.897436 4443.589744 4231.794872 4227.179487 4213.333333 4194.358974 4318.461538
4633.846154 3704.102564 4317.948718 4413.846154 4228.205128 3400.000000 3968.717949 4540.000000 4452.307692 4232.307692 4224.102564 4217.435897 4205.641026 4314.871795
4600.512821 3708.205128 4308.717949 4419.487179 4230.769231 3406.666667 3963.589744 4525.641026 4458.974359 4232.307692 4208.205128 4212.820513 4186.153846 4305.128205
4575.384615 3702.051282 4299.487179 4409.743590 4227.179487 3445.128205 3967.692308 4520.000000 4451.794872 4233.333333 4202.564103 4204.102564 4196.410256 4302.051282
4587.692308 3696.410256 4294.871795 4403.076923 4231.794872 3460.000000 3970.769231 4528.717949 4445.641026 4233.333333 4208.205128 4207.179487 4220.512821 4304.615385
4594.358974 3712.820513 4309.743590 4427.692308 4233.333333 3441.025641 3956.923077 4528.205128 4450.769231 4231.282051 4217.435897 4212.820513 4247.179487 4298.974359
4602.564103 3716.410256 4321.538462 4446.153846 4230.256410 3462.564103 3958.461538 4536.410256 4470.769231 4231.794872 4224.102564 4223.076923 4278.461538 4302.564103
4598.974359 3709.743590 4319.487179 4447.179487 4229.230769 3526.666667 3987.179487 4562.564103 4487.179487 4233.846154 4228.205128 4228.205128 4303.589744 4307.179487
4591.282051 3720.512821 4316.923077 4455.897436 4228.717949 3545.128205 3988.205128 4559.487179 4475.897436 4232.820513 4236.410256 4217.435897 4313.333333 4296.410256
4582.564103 3728.717949 4310.256410 4455.384615 4232.820513 3497.948718 3957.435897 4516.410256 4455.897436 4232.307692 4235.897436 4215.384615 4319.487179 4291.794872
4575.897436 3740.512821 4314.358974 4458.974359 4229.230769 3490.769231 3969.743590 4520.512821 4472.820513 4232.307692 4235.384615 4219.487179 4359.487179 4290.256410
4576.923077 3756.923077 4318.974359 4466.666667 4228.717949 3514.358974 3989.743590 4547.179487 4496.410256 4232.820513 4249.743590 4221.025641 4403.076923 4287.692308
4565.128205 3763.076923 4308.717949 4455.897436 4232.307692 3511.794872 3978.461538 4526.666667 4481.538462 4231.282051 4255.897436 4215.897436 4415.897436 4287.692308
4565.128205 3772.307692 4311.794872 4461.025641 4227.692308 3519.487179 3980.512821 4515.384615 4483.076923 4231.282051 4261.538462 4214.358974 4446.153846 4294.358974
4538.461538 3777.435897 4317.948718 4474.871795 4233.333333 3549.743590 3974.871795 4527.179487 4505.128205 4232.820513 4270.256410 4220.512821 4470.256410 4301.025641
4431.282051 3767.692308 4304.615385 4456.410256 4235.897436 3567.179487 3945.641026 4522.564103 4484.102564 4231.282051 4264.102564 4207.692308 4461.538462 4291.794872
4308.717949 3762.564103 4292.820513 4435.384615 4228.205128 3557.948718 3950.256410 4515.897436 4460.512821 4230.769231 4248.717949 4196.410256 4458.974359 4288.717949
4157.948718 3796.923077 4307.692308 4466.153846 4228.205128 3566.666667 3987.692308 4534.358974 4488.205128 4232.820513 4256.923077 4216.410256 4504.102564 4296.410256
3929.743590 3837.948718 4334.358974 4490.256410 4227.179487 3589.230769 3989.743590 4569.230769 4507.179487 4231.794872 4284.615385 4227.179487 4571.282051 4295.897436
3746.666667 3830.256410 4328.205128 4457.435897 4229.230769 3581.538462 3965.128205 4567.692308 4477.948718 4231.794872 4278.974359 4219.487179 4574.358974 4294.358974
3716.923077 3833.333333 4311.794872 4455.897436 4229.230769 3582.051282 3980.000000 4538.461538 4460.512821 4232.307692 4262.051282 4213.333333 4564.102564 4292.307692
3726.666667 3864.102564 4314.358974 4456.410256 4223.589744 3591.282051 4009.230769 4535.897436 4465.641026 4231.282051 4268.205128 4213.846154 4595.897436 4290.769231
3709.743590 3876.410256 4317.948718 4423.589744 4225.128205 3574.358974 4005.641026 4545.641026 4460.000000 4231.282051 4270.769231 4216.923077 4613.333333 4289.230769
3725.641026 3888.205128 4314.871795 4455.384615 4226.666667 3568.717949 3991.282051 4529.230769 4447.179487 4232.820513 4266.666667 4210.256410 4597.435897 4279.487179
3728.717949 3915.384615 4298.461538 4496.923077 4230.769231 3553.846154 3989.743590 4501.025641 4439.487179 4232.820513 4265.128205 4208.717949 4587.692308 4272.307692
3724.102564 3950.769231 4295.897436 4483.076923 4231.282051 3540.512821 3998.974359 4500.512821 4451.794872 4232.307692 4268.717949 4212.820513 4591.282051 4266.666667
3737.435897 3957.948718 4301.025641 4465.128205 4229.230769 3583.076923 4008.205128 4513.333333 4462.051282 4231.282051 4272.820513 4209.743590 4574.871795 4261.538462
3734.358974 3952.820513 4289.230769 4465.128205 4232.307692 3602.564103 4007.692308 4508.205128 4440.512821 4232.307692 4266.666667 4210.256410 4570.769231 4258.974359
3728.205128 3982.564103 4272.820513 4469.743590 4224.615385 3578.974359 4002.564103 4495.384615 4406.666667 4231.794872 4242.564103 4197.948718 4578.974359 4249.230769
3721.025641 4010.769231 4254.358974 4451.794872 4226.666667 3583.076923 3997.948718 4478.974359 4380.512821 4231.282051 4220.000000 4186.153846 4540.512821 4250.256410
3742.051282 4045.641026 4264.615385 4450.769231 4235.897436 3607.179487 4017.435897 4489.743590 4403.589744 4234.358974 4232.307692 4200.512821 4548.205128 4261.025641
3783.589744 4123.589744 4297.948718 4489.743590 4231.794872 3610.256410 4047.692308 4517.948718 4461.025641 4236.410256 4244.102564 4217.435897 4618.974359 4265.128205
3791.794872 4193.846154 4295.384615 4498.974359 4229.743590 3615.384615 4045.128205 4511.282051 4463.589744 4231.794872 4215.384615 4209.743590 4608.717949 4261.538462
3784.615385 4223.589744 4282.051282 4485.641026 4228.205128 3621.538462 4038.461538 4505.128205 4429.230769 4228.717949 4213.846154 4196.410256 4570.769231 4257.948718
3791.282051 4226.153846 4285.128205 4482.564103 4229.230769 3601.025641 4047.692308 4510.769231 4429.743590 4232.820513 4240.000000 4207.179487 4574.871795 4268.717949
3812.820513 4248.205128 4294.358974 4495.897436 4228.717949 3597.948718 4056.410256 4502.051282 4454.871795 4233.846154 4240.000000 4216.410256 4592.307692 4275.897436
3837.948718 4302.051282 4305.641026 4517.948718 4222.564103 3618.974359 4063.076923 4508.205128 4471.282051 4230.769231 4231.282051 4215.897436 4614.358974 4272.307692
3846.153846 4333.333333 4308.717949 4518.461538 4227.692308 3630.256410 4069.230769 4527.179487 4466.153846 4230.769231 4240.000000 4225.128205 4603.076923 4271.282051
3839.487179 4340.512821 4298.974359 4493.333333 4228.717949 3649.743590 4077.948718 4532.820513 4443.589744 4231.282051 4252.307692 4217.948718 4582.051282 4265.641026
3839.487179 4360.000000 4286.153846 4476.410256 4227.692308 3668.205128 4080.000000 4525.128205 4445.641026 4231.794872 4246.666667 4207.692308 4601.025641 4264.615385
3862.051282 4406.666667 4294.871795 4494.871795 4233.333333 3683.076923 4082.051282 4522.564103 4485.128205 4233.333333 4244.102564 4216.923077 4628.205128 4271.282051
3879.487179 4449.230769 4303.076923 4505.641026 4231.794872 3666.666667 4087.692308 4518.974359 4481.025641 4232.820513 4257.435897 4215.384615 4606.153846 4281.538462
3869.230769 4454.871795 4284.615385 4482.051282 4232.820513 3604.102564 4078.974359 4497.435897 4438.974359 4231.282051 4256.923077 4208.205128 4575.384615 4299.487179
3877.948718 4464.102564 4284.615385 4482.051282 4228.717949 3598.974359 4086.153846 4500.000000 4455.897436 4232.307692 4256.923077 4213.333333 4610.769231 4310.256410
3891.282051 4476.410256 4292.820513 4462.564103 4226.153846 3671.282051 4111.282051 4521.025641 4489.230769 4233.333333 4257.435897 4215.897436 4617.435897 4316.410256
3885.128205 4482.564103 4281.025641 4409.743590 4232.820513 3712.820513 4105.641026 4508.717949 4467.179487 4232.307692 4251.282051 4207.692308 4574.358974 4322.564103
3903.076923 4508.205128 4289.743590 4421.538462 4230.769231 3710.256410 4098.974359 4501.538462 4456.410256 4232.307692 4267.179487 4208.205128 4597.435897 4322.564103
3917.948718 4516.410256 4298.974359 4436.410256 4232.307692 3698.974359 4112.820513 4508.205128 4467.179487 4232.820513 4265.641026 4214.871795 4608.205128 4321.025641
3913.846154 4504.615385 4285.641026 4413.846154 4231.794872 3698.974359 4112.820513 4495.384615 4450.256410 4231.282051 4238.974359 4203.589744 4579.487179 4318.461538
3933.333333 4520.000000 4291.282051 4426.666667 4229.230769 3709.230769 4112.307692 4493.846154 4453.846154 4232.820513 4252.820513 4211.282051 4608.205128 4328.205128
3955.384615 4557.435897 4305.641026 4453.333333 4232.820513 3696.410256 4127.692308 4513.333333 4483.589744 4233.333333 4278.461538 4231.794872 4622.564103 4335.897436
3945.128205 4570.256410 4285.128205 4444.102564 4229.743590 3708.205128 4123.589744 4508.205128 4471.282051 4230.256410 4258.461538 4212.307692 4581.538462 4320.000000
3931.794872 4543.589744 4256.410256 4421.538462 4230.769231 3705.641026 4105.128205 4488.205128 4434.871795 4234.358974 4231.282051 4193.846154 4571.282051 4307.692308
3953.333333 4545.641026 4274.871795 4440.000000 4231.794872 3571.282051 4122.564103 4512.307692 4440.000000 4235.897436 4253.846154 4208.717949 4603.076923 4301.025641
3972.820513 4586.153846 4295.897436 4468.717949 4230.256410 3412.307692 4136.923077 4533.846154 4457.948718 4225.641026 4269.230769 4214.358974 4602.564103 4293.333333
3968.717949 4617.948718 4280.512821 4456.923077 4235.384615 3407.692308 4122.564103 4508.717949 4452.820513 4224.102564 4246.666667 4205.128205 4581.025641 4285.128205
3976.923077 4617.435897 4281.025641 4448.205128 4231.282051 3476.923077 4136.923077 4511.794872 4456.410256 4232.307692 4256.923077 4206.153846 4591.282051 4275.897436
3994.871795 4587.692308 4296.410256 4461.538462 4229.743590 3483.589744 4159.487179 4531.282051 4468.205128 4234.358974 4281.025641 4217.435897 4608.205128 4275.897436
4002.051282 4595.897436 4294.871795 4476.410256 4232.307692 3486.666667 4147.692308 4522.564103 4474.871795 4231.282051 4265.128205 4213.333333 4611.282051 4271.794872
3994.871795 4633.846154 4278.461538 4456.410256 4229.743590 3501.538462 4131.794872 4516.410256 4463.076923 4230.769231 4245.641026 4205.128205 4578.461538 4266.666667
4006.666667 4635.384615 4282.564103 4441.025641 4233.333333 3508.205128 4147.179487 4523.076923 4455.897436 4232.820513 4262.051282 4225.128205 4576.923077 4277.435897
4044.615385 4627.179487 4312.820513 4483.076923 4233.333333 3524.615385 4167.692308 4527.692308 4479.487179 4230.769231 4289.743590 4238.461538 4645.641026 4281.538462
4037.435897 4638.461538 4304.615385 4492.820513 4233.333333 3525.641026 4157.435897 4522.051282 4480.000000 4227.692308 4274.871795 4222.564103 4623.076923 4271.282051
4008.717949 4668.205128 4275.384615 4453.846154 4233.846154 3539.487179 4154.358974 4518.974359 4454.871795 4228.717949 4244.615385 4212.820513 4563.589744 4264.615385
4030.769231 4688.717949 4290.256410 4464.615385 4229.230769 3565.641026 4172.307692 4521.025641 4453.333333 4233.846154 4264.102564 4224.615385 4619.487179 4273.846154
4048.205128 4658.461538 4299.487179 4489.230769 4233.846154 3570.769231 4168.717949 4505.641026 4456.923077 4232.820513 4269.230769 4227.179487 4625.641026 4279.487179
4033.846154 4637.948718 4281.538462 4481.025641 4234.358974 3579.487179 4160.000000 4505.641026 4445.641026 4230.256410 4234.871795 4208.205128 4571.794872 4270.256410
4048.205128 4669.743590 4294.358974 4490.769231 4234.871795 3604.615385 4181.538462 4531.282051 4471.794872 4234.358974 4239.487179 4215.897436 4603.076923 4278.974359
4073.846154 4678.461538 4317.948718 4510.769231 4234.871795 3626.666667 4204.102564 4534.871795 4502.564103 4234.871795 4277.948718 4235.897436 4644.102564 4291.282051
4072.820513 4672.307692 4315.384615 4518.461538 4231.282051 3632.307692 4200.512821 4529.230769 4488.205128 4232.820513 4282.051282 4225.641026 4634.358974 4288.717949
4070.256410 4703.076923 4310.256410 4525.128205 4237.948718 3624.615385 4192.820513 4529.743590 4486.153846 4232.820513 4262.564103 4220.512821 4611.794872 4289.230769
4083.076923 4704.102564 4317.435897 4528.717949 4236.410256 3642.051282 4198.974359 4523.589744 4491.794872 4230.769231 4278.461538 4223.589744 4618.461538 4286.666667
4074.358974 4652.307692 4302.051282 4501.025641 4232.307692 3675.897436 4191.794872 4505.641026 4460.512821 4230.256410 4274.358974 4211.794872 4609.743590 4275.384615
4063.076923 4659.487179 4283.589744 4490.769231 4235.897436 3684.102564 4185.128205 4502.564103 4443.589744 4232.307692 4236.410256 4201.538462 4584.102564 4263.076923
4073.333333 4707.179487 4289.743590 4508.717949 4231.282051 3672.307692 4199.487179 4512.307692 4449.230769 4232.820513 4251.794872 4204.615385 4580.000000 4256.923077
4056.923077 4671.282051 4273.333333 4475.384615 4233.333333 3646.666667 4180.512821 4493.846154 4427.692308 4231.282051 4269.743590 4203.076923 4569.743590 4253.846154
4053.846154 4646.666667 4267.692308 4472.820513 4236.410256 3620.512821 4151.282051 4498.461538 4418.461538 4231.794872 4250.769231 4200.000000 4576.410256 4247.692308
4076.410256 4686.153846 4282.051282 4501.538462 4233.846154 3619.487179 4165.128205 4520.512821 4435.384615 4233.846154 4252.820513 4208.717949 4582.051282 4248.717949
4067.692308 4691.794872 4271.282051 4485.128205 4234.871795 3621.025641 4191.794872 4505.128205 4423.589744 4231.794872 4252.820513 4210.256410 4573.333333 4248.717949
4072.307692 4685.641026 4272.820513 4495.897436 4232.820513 3608.717949 4201.538462 4496.923077 4412.307692 4230.256410 4221.025641 4204.615385 4587.179487 4242.564103
4091.282051 4686.153846 4281.025641 4502.564103 4236.410256 3606.153846 4195.384615 4500.000000 4412.820513 4230.769231 4198.974359 4210.769231 4590.256410 4246.666667
4085.128205 4687.692308 4273.333333 4481.538462 4234.358974 3622.051282 4200.512821 4493.333333 4414.871795 4232.307692 4203.076923 4210.769231 4582.564103 4242.051282
4078.461538 4694.358974 4268.717949 4488.205128 4230.256410 3626.666667 4219.487179 4498.974359 4423.589744 4232.820513 4193.846154 4207.179487 4573.333333 4228.205128
4106.666667 4700.000000 4281.025641 4514.358974 4236.923077 3616.410256 4219.487179 4510.769231 4412.307692 4232.820513 4183.589744 4215.384615 4583.076923 4223.076923
4124.615385 4710.256410 4288.717949 4511.794872 4235.897436 3630.769231 4210.769231 4508.717949 4389.230769 4229.230769 4187.179487 4211.794872 4605.128205 4215.384615
4109.743590 4705.128205 4281.025641 4504.615385 4236.410256 3650.256410 4225.128205 4507.179487 4409.743590 4229.230769 4168.717949 4207.692308 4589.230769 4206.666667
4116.923077 4722.051282 4289.743590 4531.794872 4237.435897 3653.846154 4245.641026 4523.076923 4461.025641 4232.307692 4166.666667 4216.410256 4583.076923 4203.589744
4135.897436 4744.102564 4298.974359 4525.128205 4233.846154 3660.000000 4240.512821 4520.000000 4450.256410 4232.820513 4194.871795 4220.512821 4600.000000 4205.641026
4132.307692 4727.179487 4288.717949 4509.743590 4235.897436 3660.000000 4231.794872 4494.358974 4402.051282 4231.794872 4194.358974 4219.487179 4587.179487 4204.615385
4129.743590 4731.282051 4285.641026 4526.153846 4234.358974 3656.410256 4241.025641 4493.846154 4411.282051 4231.282051 4182.564103 4214.358974 4578.974359 4194.871795
4129.743590 4743.076923 4283.076923 4503.076923 4238.461538 3672.307692 4237.948718 4499.487179 4441.538462 4231.794872 4182.564103 4214.871795 4583.076923 4196.410256
4133.333333 4734.871795 4278.974359 4471.794872 4240.512821 3721.538462 4234.871795 4489.230769 4424.615385 4232.307692 4198.974359 4221.538462 4609.230769 4201.025641
4143.589744 4735.384615 4283.589744 4493.333333 4233.333333 3747.692308 4242.051282 4481.025641 4403.589744 4232.307692 4205.641026 4216.923077 4617.948718 4197.435897
4146.153846 4740.512821 4286.666667 4510.256410 4234.871795 3728.205128 4237.948718 4470.769231 4421.538462 4231.794872 4187.179487 4213.846154 4569.743590 4197.948718
4145.128205 4742.051282 4284.102564 4501.025641 4234.358974 3741.538462 4238.974359 4465.128205 4423.589744 4231.282051 4187.179487 4211.282051 4538.974359 4198.461538
4142.051282 4744.102564 4274.358974 4485.641026 4235.384615 3777.948718 4251.794872 4473.333333 4398.461538 4232.307692 4210.769231 4213.333333 4560.512821 4203.589744
4140.000000 4738.974359 4270.256410 4475.384615 4237.435897 3782.564103 4259.487179 4499.487179 4403.076923 4232.307692 4207.692308 4214.358974 4572.307692 4201.025641
4140.512821 4703.076923 4266.666667 4471.794872 4233.846154 3758.461538 4250.256410 4518.974359 4412.820513 4231.794872 4181.025641 4204.102564 4549.743590 4190.256410
4148.205128 4703.589744 4264.615385 4473.333333 4237.435897 3745.641026 4243.076923 4517.948718 4409.743590 4234.358974 4192.820513 4209.230769 4551.794872 4196.923077
4181.538462 4749.743590 4291.794872 4503.589744 4237.435897 3787.179487 4261.538462 4517.435897 4438.461538 4231.794872 4233.846154 4225.641026 4595.897436 4203.076923
4189.743590 4722.051282 4300.512821 4515.897436 4236.410256 3813.333333 4269.743590 4496.410256 4465.128205 4225.641026 4225.128205 4228.717949 4594.871795 4199.487179
4170.769231 4688.205128 4283.076923 4498.974359 4238.974359 3803.076923 4263.589744 4466.666667 4449.230769 4229.743590 4200.000000 4225.641026 4567.692308 4202.051282
4172.307692 4710.769231 4280.000000 4497.435897 4233.846154 3810.769231 4271.794872 4462.051282 4436.923077 4233.333333 4208.205128 4221.538462 4581.538462 4209.743590
4160.512821 4695.897436 4264.615385 4476.410256 4235.897436 3818.461538 4270.256410 4441.538462 4404.615385 4230.256410 4198.461538 4210.769231 4575.897436 4216.410256
4145.128205 4669.230769 4254.871795 4470.769231 4240.000000 3821.538462 4262.564103 4424.102564 4363.589744 4230.769231 4181.025641 4201.025641 4553.333333 4227.179487
4148.205128 4673.333333 4267.692308 4481.538462 4238.974359 3836.410256 4270.256410 4444.102564 4389.230769 4234.358974 4181.025641 4208.205128 4546.666667 4247.179487
4153.846154 4659.487179 4272.307692 4471.794872 4240.512821 3854.871795 4277.435897 4458.974359 4415.384615 4233.846154 4189.743590 4215.897436 4557.948718 4259.487179
4157.948718 4639.487179 4269.230769 4480.512821 4238.461538 3854.871795 4280.000000 4454.358974 4388.205128 4232.307692 4210.256410 4208.205128 4582.051282 4269.743590
