4413.846154 4364.102564 4342.051282 4296.923077 4222.564103 4260.000000 4344.615385 4382.564103 4361.538462 4231.282051 4303.589744 4249.743590 4363.589744 4241.025641
4387.692308 4355.897436 4333.333333 4296.410256 4227.692308 4252.307692 4330.769231 4357.948718 4344.615385 4230.769231 4293.333333 4249.743590 4340.000000 4237.948718
4397.948718 4380.512821 4344.102564 4296.410256 4228.717949 4258.974359 4353.333333 4367.692308 4361.025641 4231.794872 4306.153846 4254.871795 4361.538462 4240.512821
4405.128205 4386.666667 4352.820513 4309.230769 4229.230769 4268.717949 4362.564103 4381.538462 4371.282051 4232.307692 4312.820513 4263.076923 4376.923077 4246.666667
4388.717949 4378.461538 4346.153846 4304.102564 4227.179487 4262.564103 4346.666667 4368.717949 4366.153846 4230.769231 4309.743590 4256.923077 4368.717949 4244.102564
4372.820513 4366.666667 4333.846154 4293.333333 4226.153846 4255.384615 4336.410256 4356.410256 4358.461538 4230.256410 4308.205128 4248.205128 4358.461538 4237.435897
4367.692308 4359.487179 4331.282051 4297.435897 4230.256410 4255.897436 4330.769231 4354.871795 4348.717949 4230.256410 4303.076923 4253.333333 4366.666667 4235.897436
4373.846154 4374.358974 4341.538462 4296.923077 4228.717949 4253.333333 4322.564103 4356.410256 4353.333333 4230.769231 4305.641026 4255.384615 4392.820513 4241.025641
4386.153846 4388.717949 4348.205128 4300.512821 4227.179487 4255.897436 4319.487179 4367.692308 4374.358974 4230.769231 4324.615385 4258.461538 4403.589744 4246.666667
4391.794872 4385.128205 4343.076923 4296.923077 4230.769231 4260.000000 4328.205128 4381.025641 4384.102564 4230.256410 4323.589744 4256.923077 4390.256410 4242.051282
4388.717949 4378.974359 4344.102564 4293.333333 4231.794872 4256.923077 4349.230769 4385.128205 4374.871795 4231.794872 4304.102564 4255.384615 4379.487179 4239.487179
4375.897436 4365.128205 4347.692308 4294.871795 4228.205128 4256.410256 4365.641026 4390.256410 4362.051282 4232.820513 4297.435897 4257.435897 4369.743590 4244.102564
4359.487179 4349.230769 4335.384615 4282.051282 4225.128205 4258.974359 4363.589744 4386.666667 4352.820513 4231.282051 4302.051282 4251.282051 4361.025641 4242.564103
4348.205128 4342.051282 4327.692308 4280.000000 4227.179487 4254.871795 4348.717949 4364.615385 4344.615385 4230.256410 4303.076923 4250.769231 4355.897436 4238.461538
4357.948718 4355.897436 4341.025641 4285.641026 4229.230769 4253.333333 4355.897436 4378.461538 4356.410256 4230.256410 4315.384615 4257.435897 4369.230769 4238.974359
4382.564103 4382.564103 4358.974359 4292.307692 4230.769231 4263.589744 4371.794872 4406.666667 4384.102564 4229.230769 4341.025641 4266.153846 4401.025641 4245.128205
4377.948718 4381.538462 4354.358974 4294.871795 4231.282051 4261.538462 4348.205128 4384.102564 4377.435897 4229.743590 4338.461538 4264.102564 4404.102564 4245.641026
4348.205128 4354.871795 4333.333333 4280.000000 4226.666667 4237.948718 4314.871795 4353.846154 4350.256410 4232.820513 4316.923077 4245.128205 4376.410256 4237.948718
4333.846154 4342.051282 4326.666667 4281.538462 4226.666667 4223.076923 4314.358974 4353.333333 4348.717949 4231.794872 4309.743590 4240.512821 4364.102564 4237.435897
4335.384615 4345.641026 4329.230769 4281.025641 4227.179487 4223.076923 4324.102564 4354.358974 4351.794872 4230.256410 4305.128205 4245.641026 4368.717949 4236.923077
4316.923077 4326.666667 4315.897436 4265.641026 4225.641026 4217.948718 4311.794872 4337.435897 4325.641026 4233.333333 4286.153846 4236.923077 4346.666667 4233.333333
4289.230769 4299.487179 4300.512821 4261.538462 4228.717949 4216.410256 4298.974359 4327.179487 4306.153846 4235.384615 4273.333333 4230.769231 4314.871795 4232.820513
4284.102564 4289.230769 4299.487179 4254.358974 4226.666667 4221.025641 4295.897436 4323.589744 4304.615385 4233.333333 4270.256410 4226.666667 4309.230769 4232.307692
4295.384615 4291.794872 4312.307692 4258.461538 4226.153846 4221.538462 4301.025641 4325.128205 4307.179487 4233.333333 4273.846154 4234.358974 4318.974359 4232.820513
4314.358974 4320.512821 4327.692308 4271.794872 4229.230769 4222.051282 4332.307692 4355.384615 4329.743590 4234.871795 4289.230769 4248.717949 4338.974359 4234.871795
4309.230769 4332.307692 4324.615385 4270.769231 4228.205128 4226.153846 4336.410256 4356.923077 4332.307692 4232.307692 4292.307692 4240.512821 4336.410256 4232.820513
4276.923077 4298.974359 4302.051282 4264.102564 4228.717949 4225.128205 4284.615385 4296.923077 4286.153846 4229.743590 4271.282051 4227.692308 4306.153846 4229.743590
4286.153846 4309.743590 4305.128205 4263.076923 4227.179487 4223.589744 4273.333333 4288.205128 4281.538462 4230.256410 4272.307692 4232.820513 4320.512821 4231.282051
4321.025641 4359.487179 4325.641026 4278.974359 4227.692308 4227.692308 4311.794872 4348.205128 4334.871795 4230.769231 4300.512821 4245.641026 4362.051282 4237.948718
4302.564103 4344.102564 4308.717949 4272.307692 4229.743590 4221.538462 4298.974359 4332.307692 4320.000000 4230.769231 4292.307692 4234.871795 4338.461538 4233.333333
4260.000000 4289.230769 4279.487179 4248.717949 4228.717949 4210.256410 4258.461538 4265.128205 4252.307692 4229.743590 4250.769231 4214.358974 4282.051282 4225.128205
4265.641026 4290.256410 4290.769231 4256.923077 4228.205128 4211.282051 4277.435897 4289.230769 4263.076923 4231.282051 4245.128205 4226.666667 4286.666667 4230.769231
4275.897436 4303.076923 4300.000000 4257.435897 4227.179487 4211.282051 4304.102564 4324.615385 4296.410256 4231.794872 4253.846154 4234.358974 4305.128205 4230.769231
4232.307692 4260.000000 4269.230769 4242.051282 4228.717949 4200.512821 4264.102564 4267.692308 4245.128205 4230.769231 4228.717949 4216.410256 4262.564103 4224.615385
4210.769231 4238.974359 4257.435897 4240.000000 4229.230769 4196.410256 4233.846154 4241.025641 4214.358974 4230.769231 4214.358974 4211.282051 4233.846154 4226.666667
4234.358974 4269.230769 4274.358974 4247.179487 4227.179487 4203.076923 4247.692308 4272.307692 4247.179487 4230.769231 4230.256410 4216.923077 4252.307692 4228.205128
4247.692308 4285.128205 4284.615385 4258.974359 4229.230769 4208.717949 4260.000000 4271.794872 4263.076923 4230.769231 4240.512821 4227.692308 4260.512821 4229.743590
4248.717949 4282.051282 4287.692308 4251.794872 4228.205128 4209.230769 4263.076923 4272.307692 4260.512821 4230.256410 4237.435897 4229.230769 4258.461538 4230.769231
4227.692308 4268.205128 4274.358974 4240.512821 4225.641026 4205.641026 4240.512821 4269.743590 4243.589744 4230.769231 4222.564103 4216.923077 4242.051282 4230.769231
4213.333333 4264.615385 4263.589744 4242.051282 4225.641026 4208.205128 4224.615385 4247.692308 4229.230769 4231.794872 4213.333333 4216.410256 4229.230769 4229.230769
4241.025641 4284.102564 4280.512821 4244.615385 4225.128205 4213.333333 4254.358974 4271.794872 4251.794872 4231.282051 4230.256410 4228.205128 4251.282051 4228.205128
4246.153846 4275.897436 4285.128205 4250.256410 4228.205128 4208.717949 4261.025641 4292.307692 4251.794872 4230.256410 4231.794872 4231.794872 4248.717949 4231.282051
4209.743590 4241.538462 4259.487179 4237.435897 4228.205128 4198.461538 4230.256410 4256.923077 4211.794872 4230.256410 4204.102564 4215.897436 4212.307692 4228.205128
4230.769231 4265.641026 4272.307692 4243.076923 4226.153846 4204.615385 4260.000000 4277.435897 4242.564103 4230.256410 4218.974359 4225.641026 4238.974359 4228.205128
4278.974359 4305.128205 4304.102564 4266.153846 4228.717949 4217.435897 4297.435897 4334.358974 4303.076923 4229.743590 4248.717949 4250.256410 4287.692308 4234.358974
4249.230769 4270.769231 4281.538462 4245.128205 4227.692308 4209.743590 4252.307692 4294.871795 4266.153846 4231.282051 4219.487179 4230.769231 4258.461538 4230.769231
4216.410256 4237.948718 4260.512821 4232.307692 4226.153846 4201.538462 4223.589744 4246.153846 4217.948718 4232.307692 4201.538462 4217.948718 4228.205128 4226.153846
4235.897436 4261.025641 4278.461538 4241.025641 4227.692308 4205.128205 4242.564103 4262.051282 4234.358974 4230.256410 4224.102564 4230.769231 4249.230769 4225.641026
4242.051282 4272.307692 4282.564103 4238.974359 4229.230769 4206.153846 4237.948718 4260.512821 4242.051282 4230.256410 4225.641026 4226.666667 4254.871795 4225.641026
4245.128205 4276.410256 4283.076923 4245.128205 4231.282051 4207.692308 4243.589744 4263.076923 4246.153846 4231.282051 4229.743590 4232.820513 4257.435897 4229.743590
4278.461538 4308.205128 4302.564103 4254.871795 4229.230769 4214.358974 4287.179487 4311.282051 4280.000000 4230.769231 4260.512821 4249.230769 4293.846154 4233.846154
4264.102564 4289.230769 4291.794872 4251.282051 4228.717949 4212.307692 4273.846154 4301.538462 4266.153846 4230.256410 4248.717949 4237.948718 4279.487179 4232.820513
4210.769231 4232.307692 4257.948718 4231.794872 4231.282051 4205.641026 4221.538462 4244.615385 4213.846154 4230.256410 4211.282051 4212.820513 4221.025641 4226.666667
4240.000000 4259.487179 4277.435897 4236.923077 4229.230769 4217.435897 4247.179487 4289.230769 4250.256410 4231.282051 4240.512821 4229.743590 4252.820513 4231.282051
4290.769231 4314.358974 4312.307692 4258.974359 4227.692308 4233.846154 4296.410256 4349.743590 4307.692308 4231.794872 4279.487179 4256.410256 4309.743590 4237.948718
4260.512821 4295.897436 4290.256410 4244.615385 4228.205128 4229.230769 4273.333333 4298.461538 4265.641026 4231.794872 4249.743590 4233.333333 4272.307692 4230.256410
4230.256410 4270.769231 4269.743590 4239.487179 4229.743590 4226.666667 4245.641026 4265.641026 4234.871795 4232.307692 4228.205128 4221.025641 4238.974359 4229.743590
4251.794872 4291.282051 4286.666667 4251.794872 4228.717949 4235.897436 4266.666667 4303.076923 4275.384615 4232.307692 4249.230769 4238.461538 4275.384615 4232.820513
4264.615385 4303.589744 4295.384615 4250.256410 4226.666667 4238.461538 4275.897436 4300.512821 4285.128205 4232.307692 4256.923077 4236.923077 4298.461538 4228.717949
4254.871795 4291.794872 4284.615385 4251.282051 4228.717949 4234.871795 4265.641026 4277.435897 4261.538462 4231.794872 4246.666667 4231.282051 4283.589744 4228.205128
4244.615385 4277.948718 4273.846154 4241.538462 4227.179487 4233.846154 4262.051282 4288.717949 4257.948718 4231.794872 4243.589744 4225.641026 4270.256410 4230.256410
4245.641026 4273.846154 4276.923077 4237.948718 4226.666667 4236.410256 4264.615385 4297.435897 4268.717949 4231.794872 4251.794872 4228.205128 4269.230769 4231.282051
4248.717949 4277.435897 4284.102564 4242.051282 4227.179487 4234.871795 4265.128205 4295.384615 4268.717949 4231.794872 4250.769231 4233.333333 4270.256410 4228.205128
4230.769231 4264.615385 4272.307692 4235.384615 4225.641026 4230.769231 4260.512821 4291.282051 4251.282051 4231.794872 4233.333333 4221.538462 4251.794872 4224.615385
4217.435897 4248.205128 4264.615385 4237.435897 4227.692308 4232.820513 4264.615385 4298.974359 4248.205128 4231.794872 4233.333333 4220.512821 4233.333333 4229.230769
4252.307692 4271.794872 4284.615385 4240.000000 4226.153846 4238.974359 4283.076923 4332.307692 4283.076923 4232.820513 4263.589744 4234.871795 4261.538462 4233.846154
4269.230769 4287.692308 4292.820513 4244.102564 4225.128205 4239.487179 4283.589744 4327.179487 4293.333333 4232.307692 4271.282051 4237.435897 4277.948718 4233.846154
4243.589744 4266.666667 4280.000000 4247.692308 4228.205128 4238.461538 4266.153846 4275.897436 4253.846154 4229.743590 4248.205128 4230.769231 4255.897436 4230.256410
4247.692308 4266.666667 4279.487179 4242.564103 4227.692308 4241.538462 4270.769231 4272.820513 4243.076923 4229.230769 4247.179487 4230.256410 4260.512821 4230.256410
4253.846154 4266.153846 4277.948718 4242.564103 4229.743590 4239.487179 4269.743590 4287.692308 4246.666667 4230.769231 4250.256410 4231.794872 4263.076923 4232.307692
4247.179487 4264.615385 4273.846154 4242.564103 4228.205128 4235.384615 4265.128205 4283.589744 4246.153846 4231.282051 4245.641026 4228.205128 4257.435897 4228.205128
4245.641026 4268.717949 4274.871795 4245.128205 4226.153846 4233.846154 4267.179487 4280.512821 4254.871795 4230.769231 4253.333333 4227.179487 4266.666667 4224.102564
4202.051282 4221.538462 4244.615385 4231.794872 4229.743590 4225.128205 4213.333333 4230.256410 4202.051282 4230.769231 4231.282051 4211.282051 4227.179487 4218.461538
4192.820513 4212.820513 4235.897436 4219.487179 4231.282051 4221.025641 4194.358974 4216.410256 4174.871795 4231.282051 4215.897436 4208.205128 4208.717949 4218.461538
4272.820513 4301.025641 4288.205128 4254.871795 4228.205128 4237.948718 4276.923077 4311.794872 4273.333333 4230.769231 4269.230769 4247.179487 4285.641026 4233.846154
4275.384615 4305.128205 4285.128205 4257.948718 4223.076923 4238.461538 4282.051282 4317.435897 4292.307692 4230.256410 4275.384615 4238.974359 4291.282051 4231.282051
4182.564103 4210.769231 4223.076923 4220.512821 4222.051282 4217.948718 4199.487179 4206.153846 4176.410256 4230.256410 4203.076923 4191.282051 4190.769231 4212.820513
4225.128205 4256.410256 4260.000000 4241.025641 4226.153846 4231.282051 4249.743590 4258.974359 4214.871795 4231.794872 4230.769231 4225.641026 4229.230769 4221.025641
4346.153846 4378.974359 4337.435897 4279.487179 4224.615385 4256.410256 4350.769231 4396.923077 4361.538462 4231.794872 4322.564103 4275.384615 4358.974359 4237.948718
4311.282051 4345.641026 4305.128205 4272.820513 4223.589744 4247.692308 4294.358974 4329.230769 4320.512821 4231.282051 4294.358974 4247.179487 4326.666667 4232.820513
4243.076923 4274.358974 4260.512821 4251.794872 4227.692308 4232.820513 4224.615385 4230.256410 4221.538462 4231.794872 4234.871795 4218.974359 4251.794872 4224.102564
4292.307692 4314.871795 4292.307692 4259.487179 4230.256410 4238.974359 4271.794872 4291.794872 4264.615385 4231.794872 4264.102564 4239.487179 4302.051282 4230.769231
4325.641026 4346.666667 4305.641026 4274.358974 4231.282051 4246.666667 4301.025641 4331.282051 4304.615385 4230.256410 4291.282051 4249.743590 4339.487179 4235.897436
4297.435897 4325.641026 4281.025641 4263.076923 4230.256410 4240.512821 4273.333333 4286.153846 4261.025641 4229.743590 4273.333333 4229.743590 4306.153846 4229.743590
4306.153846 4335.384615 4290.256410 4266.666667 4228.717949 4236.923077 4277.435897 4292.820513 4257.948718 4230.256410 4275.897436 4238.461538 4310.769231 4231.794872
4341.025641 4362.051282 4309.230769 4278.461538 4227.692308 4239.487179 4307.179487 4339.487179 4302.051282 4229.743590 4297.435897 4254.871795 4349.230769 4236.410256
4335.897436 4356.410256 4300.000000 4274.358974 4227.692308 4238.974359 4302.564103 4333.846154 4298.461538 4231.282051 4293.846154 4241.538462 4344.615385 4232.820513
4318.974359 4345.641026 4295.897436 4276.410256 4229.743590 4237.435897 4280.512821 4305.641026 4272.820513 4232.820513 4283.076923 4239.487179 4327.179487 4233.333333
4314.871795 4340.512821 4295.384615 4274.358974 4228.205128 4234.871795 4268.205128 4290.256410 4267.692308 4232.307692 4278.461538 4241.538462 4327.692308 4236.923077
4286.153846 4304.102564 4270.769231 4267.179487 4227.692308 4229.743590 4245.128205 4262.051282 4243.076923 4231.794872 4262.051282 4225.128205 4307.179487 4233.846154
4247.692308 4265.641026 4248.205128 4253.846154 4226.666667 4223.076923 4222.051282 4233.846154 4205.641026 4231.282051 4242.051282 4211.282051 4275.897436 4225.641026
4252.307692 4277.948718 4260.512821 4250.256410 4225.128205 4228.205128 4237.948718 4246.666667 4217.435897 4232.307692 4250.769231 4219.487179 4283.076923 4225.641026
4286.666667 4316.923077 4287.692308 4273.333333 4230.769231 4238.461538 4278.461538 4290.256410 4264.102564 4232.820513 4278.974359 4242.051282 4317.948718 4232.307692
4284.615385 4313.333333 4283.589744 4270.769231 4231.282051 4233.846154 4288.205128 4302.564103 4268.717949 4230.256410 4282.564103 4236.410256 4323.076923 4228.205128
4263.076923 4285.641026 4270.769231 4262.564103 4228.717949 4230.769231 4281.538462 4296.923077 4256.410256 4230.769231 4278.974359 4229.743590 4310.769231 4226.666667
4283.076923 4315.384615 4288.717949 4278.461538 4230.256410 4242.051282 4311.282051 4332.820513 4296.923077 4233.333333 4294.358974 4245.641026 4327.692308 4233.333333
4293.846154 4336.410256 4296.923077 4279.487179 4228.205128 4243.076923 4323.589744 4351.794872 4321.538462 4232.307692 4291.282051 4243.076923 4328.717949 4231.794872
4270.769231 4284.615385 4282.051282 4271.282051 4227.179487 4233.846154 4291.794872 4320.000000 4292.307692 4231.282051 4277.435897 4236.410256 4297.948718 4227.692308
4278.461538 4262.564103 4284.615385 4266.153846 4228.717949 4234.358974 4291.794872 4321.538462 4296.410256 4233.333333 4287.179487 4243.589744 4303.076923 4230.256410
4295.897436 4290.256410 4294.358974 4268.205128 4229.743590 4238.974359 4313.333333 4347.179487 4325.128205 4231.794872 4293.846154 4246.153846 4314.358974 4233.333333
4285.641026 4294.871795 4289.230769 4269.230769 4228.205128 4236.410256 4299.487179 4328.205128 4308.205128 4229.743590 4278.461538 4244.615385 4283.076923 4230.769231
4277.435897 4275.897436 4281.538462 4262.564103 4226.153846 4229.230769 4285.641026 4300.512821 4281.025641 4231.282051 4264.615385 4240.000000 4263.589744 4227.179487
4266.153846 4248.717949 4273.333333 4265.128205 4228.205128 4221.025641 4287.179487 4294.358974 4272.307692 4233.333333 4247.179487 4235.897436 4253.846154 4229.230769
4253.846154 4229.230769 4272.307692 4259.487179 4227.692308 4218.974359 4285.128205 4297.948718 4266.153846 4232.307692 4230.256410 4234.871795 4239.487179 4226.153846
4271.794872 4250.256410 4289.743590 4257.948718 4226.666667 4228.717949 4306.153846 4321.025641 4285.641026 4230.256410 4245.641026 4246.666667 4257.948718 4229.743590
4278.461538 4266.666667 4291.794872 4264.102564 4229.743590 4231.282051 4323.076923 4324.102564 4298.461538 4229.743590 4260.512821 4255.897436 4278.974359 4234.358974
4233.333333 4225.128205 4255.384615 4250.769231 4229.743590 4214.871795 4282.051282 4276.923077 4249.230769 4230.769231 4235.384615 4234.358974 4250.769231 4225.128205
4208.717949 4197.435897 4240.512821 4257.948718 4226.666667 4206.666667 4255.897436 4257.435897 4221.538462 4230.769231 4223.589744 4229.230769 4227.179487 4224.615385
4248.717949 4238.974359 4272.307692 4278.461538 4226.666667 4221.025641 4293.333333 4302.051282 4273.846154 4229.743590 4251.794872 4251.282051 4256.410256 4232.307692
4287.692308 4286.666667 4298.974359 4289.230769 4228.205128 4235.897436 4317.948718 4335.384615 4322.564103 4229.743590 4272.307692 4260.000000 4286.666667 4232.820513
4297.435897 4305.128205 4302.051282 4304.615385 4228.717949 4233.846154 4302.051282 4331.282051 4331.794872 4231.282051 4276.923077 4257.948718 4290.769231 4234.358974
4301.538462 4308.205128 4296.410256 4302.564103 4226.153846 4229.743590 4303.589744 4337.948718 4337.435897 4231.794872 4281.025641 4250.769231 4290.769231 4235.897436
4306.153846 4303.589744 4301.538462 4295.384615 4227.692308 4237.435897 4329.743590 4365.128205 4348.717949 4230.769231 4286.153846 4255.897436 4292.820513 4234.871795
4311.794872 4312.820513 4310.256410 4294.871795 4228.205128 4238.461538 4341.538462 4371.282051 4354.358974 4231.794872 4290.769231 4263.589744 4301.538462 4233.846154
4330.256410 4343.076923 4314.871795 4298.461538 4226.153846 4229.743590 4345.641026 4366.666667 4363.076923 4231.794872 4302.564103 4265.641026 4323.076923 4237.435897
4352.307692 4360.512821 4322.051282 4301.025641 4229.743590 4231.282051 4368.205128 4396.410256 4381.538462 4230.256410 4326.666667 4275.384615 4348.717949 4246.666667
4326.153846 4326.153846 4303.589744 4276.923077 4228.205128 4226.666667 4357.948718 4389.230769 4356.410256 4230.256410 4321.538462 4259.487179 4337.435897 4244.102564
4225.641026 4226.153846 4242.051282 4254.358974 4226.153846 4197.948718 4259.487179 4276.923077 4249.230769 4231.794872 4257.435897 4216.923077 4252.307692 4228.205128
4155.384615 4159.487179 4206.666667 4255.384615 4231.282051 4183.076923 4183.589744 4196.923077 4169.743590 4232.307692 4207.179487 4199.487179 4182.564103 4217.435897
4186.666667 4189.743590 4236.410256 4269.743590 4230.256410 4198.461538 4215.384615 4230.256410 4203.076923 4232.820513 4231.794872 4219.487179 4215.897436 4224.615385
4217.948718 4212.307692 4260.512821 4285.641026 4226.666667 4204.615385 4247.692308 4255.897436 4237.948718 4231.794872 4257.435897 4234.871795 4256.410256 4233.846154
4231.794872 4224.615385 4272.820513 4293.846154 4227.179487 4202.051282 4262.051282 4271.282051 4255.384615 4230.256410 4266.666667 4237.435897 4272.820513 4232.820513
4296.410256 4300.000000 4316.410256 4322.051282 4229.230769 4217.435897 4322.051282 4348.717949 4332.307692 4230.256410 4310.769231 4263.589744 4330.769231 4243.589744
4324.615385 4334.871795 4326.666667 4331.794872 4228.717949 4223.076923 4346.666667 4374.871795 4363.589744 4231.282051 4326.153846 4276.923077 4352.307692 4250.769231
4290.256410 4301.025641 4301.538462 4306.666667 4228.205128 4210.256410 4313.846154 4322.051282 4314.358974 4231.794872 4297.435897 4257.948718 4311.282051 4243.589744
4312.820513 4327.179487 4329.230769 4318.461538 4231.794872 4218.974359 4333.333333 4345.641026 4342.051282 4231.794872 4318.461538 4270.256410 4335.897436 4246.666667
4350.256410 4360.512821 4349.743590 4326.666667 4229.230769 4234.358974 4363.076923 4400.000000 4391.794872 4231.282051 4343.076923 4277.435897 4378.461538 4249.230769
4294.358974 4292.820513 4299.487179 4301.025641 4226.666667 4225.128205 4309.230769 4337.435897 4324.102564 4231.282051 4294.871795 4242.051282 4312.820513 4240.000000
4246.153846 4235.897436 4272.820513 4288.717949 4229.743590 4213.333333 4258.974359 4259.487179 4252.820513 4231.282051 4255.384615 4225.641026 4250.769231 4234.358974
4275.384615 4256.410256 4296.410256 4291.794872 4228.717949 4212.820513 4269.743590 4267.179487 4271.282051 4229.743590 4275.384615 4240.512821 4278.461538 4241.025641
4292.307692 4272.307692 4303.589744 4298.974359 4228.205128 4218.974359 4283.076923 4290.256410 4296.410256 4229.743590 4291.794872 4252.307692 4297.948718 4248.205128
4289.743590 4281.025641 4303.589744 4301.538462 4226.153846 4231.282051 4290.256410 4302.564103 4308.205128 4231.282051 4298.461538 4255.384615 4300.000000 4244.102564
4311.794872 4309.743590 4319.487179 4316.410256 4226.153846 4241.025641 4312.307692 4329.230769 4334.871795 4231.794872 4324.102564 4266.666667 4328.717949 4244.102564
4325.128205 4316.923077 4321.538462 4328.717949 4228.205128 4241.538462 4319.487179 4333.846154 4341.025641 4230.256410 4335.897436 4270.256410 4339.487179 4248.717949
4316.410256 4303.076923 4313.846154 4321.025641 4224.615385 4238.974359 4310.769231 4314.871795 4321.025641 4231.794872 4324.615385 4257.948718 4328.205128 4247.179487
4309.743590 4291.794872 4314.358974 4325.641026 4225.641026 4237.435897 4308.717949 4312.820513 4312.820513 4232.820513 4322.564103 4258.974359 4325.641026 4247.692308
4307.179487 4283.076923 4309.743590 4325.128205 4229.230769 4234.358974 4307.692308 4322.051282 4312.307692 4231.282051 4326.153846 4257.435897 4320.512821 4247.179487
4296.410256 4275.897436 4298.461538 4317.948718 4226.666667 4234.358974 4296.410256 4314.871795 4301.538462 4230.769231 4322.564103 4246.666667 4305.641026 4247.692308
4288.205128 4276.923077 4298.974359 4322.051282 4226.666667 4241.025641 4288.717949 4304.102564 4296.923077 4232.307692 4322.051282 4252.307692 4303.076923 4249.230769
4288.205128 4280.000000 4302.051282 4315.897436 4229.230769 4240.000000 4288.717949 4304.102564 4302.051282 4230.256410 4322.051282 4253.333333 4308.717949 4242.564103
4293.846154 4282.564103 4301.025641 4321.538462 4227.692308 4237.948718 4286.153846 4306.666667 4304.615385 4230.256410 4322.051282 4253.333333 4307.692308 4243.076923
4313.846154 4303.589744 4307.692308 4335.384615 4226.153846 4240.512821 4297.435897 4315.384615 4320.512821 4232.307692 4340.512821 4262.564103 4322.564103 4247.692308
4320.000000 4315.384615 4309.230769 4332.820513 4228.717949 4239.487179 4307.179487 4309.230769 4324.615385 4229.230769 4356.410256 4260.000000 4329.743590 4245.128205
4300.512821 4295.897436 4298.974359 4332.820513 4230.256410 4240.512821 4298.461538 4290.769231 4301.025641 4227.179487 4343.589744 4252.307692 4307.692308 4243.076923
4293.333333 4284.615385 4294.871795 4327.692308 4229.230769 4242.564103 4294.871795 4297.948718 4293.333333 4231.794872 4328.205128 4246.666667 4293.333333 4243.076923
4298.974359 4293.333333 4299.487179 4327.179487 4230.256410 4240.512821 4297.948718 4303.076923 4303.589744 4233.333333 4332.820513 4249.230769 4292.820513 4244.102564
4298.461538 4295.897436 4296.923077 4329.230769 4228.717949 4240.000000 4297.948718 4289.230769 4296.923077 4231.282051 4340.000000 4252.307692 4290.256410 4244.102564
4293.846154 4282.564103 4289.743590 4321.538462 4224.102564 4243.589744 4295.384615 4285.128205 4286.666667 4230.769231 4335.897436 4248.717949 4282.564103 4246.666667
4281.025641 4263.589744 4284.102564 4321.025641 4228.205128 4245.641026 4293.333333 4292.307692 4289.230769 4230.769231 4328.717949 4248.717949 4266.666667 4247.692308
4272.307692 4259.487179 4277.948718 4316.923077 4230.769231 4243.076923 4298.974359 4297.435897 4291.794872 4229.743590 4329.743590 4246.153846 4254.358974 4243.589744
4280.512821 4263.076923 4279.487179 4317.948718 4229.743590 4241.538462 4302.564103 4293.846154 4292.820513 4231.794872 4341.025641 4248.717949 4265.128205 4248.205128
4288.205128 4265.641026 4286.153846 4324.615385 4230.769231 4244.102564 4295.384615 4291.282051 4299.487179 4232.307692 4347.179487 4252.307692 4287.179487 4254.358974
4271.282051 4256.410256 4276.923077 4315.897436 4229.743590 4247.179487 4282.564103 4277.435897 4284.615385 4230.769231 4330.769231 4242.051282 4275.384615 4249.230769
4246.666667 4235.897436 4261.025641 4309.230769 4228.205128 4243.589744 4264.615385 4241.025641 4247.179487 4229.743590 4309.230769 4236.923077 4239.487179 4245.641026
4263.076923 4249.743590 4271.794872 4307.179487 4225.641026 4238.974359 4266.666667 4231.282051 4250.256410 4231.282051 4312.307692 4242.051282 4249.230769 4248.717949
4293.333333 4280.512821 4291.282051 4317.435897 4227.692308 4249.230769 4293.333333 4266.153846 4288.205128 4231.794872 4326.666667 4251.282051 4280.512821 4251.794872
4284.102564 4273.333333 4285.128205 4319.487179 4230.256410 4258.974359 4297.435897 4278.974359 4287.692308 4230.256410 4322.564103 4248.205128 4263.076923 4247.179487
4260.512821 4252.307692 4268.205128 4308.205128 4226.153846 4252.307692 4282.564103 4254.358974 4262.051282 4230.256410 4316.410256 4235.897436 4237.435897 4241.538462
4268.717949 4255.897436 4274.358974 4314.358974 4228.717949 4246.153846 4282.051282 4254.871795 4272.307692 4231.794872 4327.179487 4246.666667 4253.333333 4244.615385
4291.282051 4267.179487 4287.692308 4313.846154 4231.794872 4250.769231 4291.794872 4277.948718 4296.923077 4232.307692 4334.358974 4256.410256 4278.461538 4247.179487
4283.589744 4261.538462 4279.487179 4309.230769 4228.205128 4258.461538 4286.153846 4267.692308 4289.230769 4232.820513 4328.205128 4246.153846 4271.282051 4248.205128
4262.564103 4247.692308 4264.102564 4307.179487 4226.666667 4252.820513 4271.282051 4238.974359 4266.153846 4231.282051 4317.435897 4241.025641 4251.794872 4246.153846
4264.102564 4245.128205 4262.051282 4294.871795 4229.743590 4243.589744 4260.512821 4226.153846 4254.871795 4230.769231 4314.358974 4240.000000 4251.794872 4243.076923
4268.205128 4247.692308 4264.102564 4298.974359 4231.794872 4249.230769 4249.743590 4214.358974 4248.205128 4231.794872 4318.974359 4241.538462 4258.461538 4246.153846
4266.153846 4247.692308 4262.564103 4300.000000 4225.641026 4255.897436 4252.820513 4203.076923 4237.948718 4232.307692 4316.410256 4240.000000 4255.384615 4246.153846
4273.846154 4256.923077 4268.205128 4300.000000 4223.589744 4253.846154 4271.282051 4213.333333 4241.025641 4232.307692 4314.358974 4242.564103 4253.846154 4246.153846
4255.384615 4240.000000 4256.923077 4298.974359 4229.743590 4247.692308 4258.974359 4203.589744 4223.589744 4230.769231 4303.076923 4238.461538 4231.794872 4244.615385
4223.076923 4204.102564 4234.358974 4280.000000 4229.743590 4243.589744 4233.333333 4183.589744 4190.769231 4229.743590 4281.538462 4219.487179 4197.948718 4237.948718
4246.666667 4225.128205 4254.358974 4292.820513 4227.692308 4249.743590 4267.179487 4224.615385 4228.717949 4231.794872 4299.487179 4235.384615 4214.871795 4243.589744
4281.538462 4269.743590 4280.000000 4309.230769 4224.615385 4258.461538 4306.153846 4269.743590 4286.153846 4231.794872 4333.846154 4255.384615 4253.333333 4249.743590
4267.179487 4257.948718 4267.692308 4296.410256 4223.589744 4256.923077 4286.153846 4251.794872 4276.923077 4228.205128 4328.205128 4243.589744 4244.102564 4246.666667
4253.846154 4237.948718 4261.538462 4293.846154 4227.179487 4249.230769 4269.230769 4236.923077 4260.000000 4229.230769 4316.410256 4243.076923 4225.128205 4246.153846
4262.564103 4239.487179 4264.615385 4290.256410 4227.692308 4245.641026 4272.820513 4233.333333 4261.538462 4231.794872 4318.974359 4243.076923 4226.666667 4247.179487
4256.923077 4228.205128 4255.897436 4289.230769 4227.179487 4247.692308 4260.512821 4207.692308 4245.128205 4230.769231 4316.410256 4238.461538 4220.000000 4249.230769
4243.076923 4221.025641 4251.282051 4290.769231 4228.205128 4247.179487 4247.692308 4189.743590 4227.692308 4230.256410 4311.282051 4236.923077 4205.128205 4249.230769
4244.102564 4233.333333 4255.384615 4289.230769 4225.641026 4245.128205 4246.666667 4189.743590 4225.128205 4230.256410 4313.333333 4236.410256 4201.025641 4247.179487
4262.564103 4243.076923 4266.153846 4298.461538 4227.179487 4248.717949 4256.923077 4197.435897 4229.743590 4230.769231 4320.000000 4248.205128 4212.307692 4250.256410
4277.948718 4248.205128 4276.410256 4296.410256 4229.230769 4249.230769 4271.282051 4204.102564 4237.435897 4230.769231 4322.051282 4249.743590 4225.128205 4251.282051
4261.025641 4236.923077 4265.641026 4291.794872 4227.692308 4243.589744 4259.487179 4187.179487 4221.025641 4230.769231 4308.205128 4240.512821 4209.743590 4249.743590
4243.076923 4223.076923 4252.307692 4290.769231 4227.179487 4244.102564 4245.641026 4180.000000 4210.769231 4230.256410 4298.461538 4237.948718 4195.897436 4247.692308
4255.384615 4226.666667 4258.461538 4288.717949 4228.717949 4246.153846 4259.487179 4202.564103 4241.538462 4231.794872 4311.794872 4240.000000 4209.743590 4246.666667
4257.948718 4223.076923 4261.025641 4293.846154 4230.769231 4245.128205 4263.076923 4206.666667 4256.923077 4232.307692 4317.435897 4242.564103 4212.307692 4249.230769
4246.153846 4215.897436 4251.282051 4286.153846 4229.230769 4244.102564 4241.538462 4185.641026 4236.410256 4231.282051 4306.666667 4236.410256 4198.461538 4250.256410
4240.000000 4211.282051 4248.205128 4281.538462 4229.230769 4239.487179 4219.487179 4168.717949 4214.871795 4232.307692 4296.410256 4229.230769 4182.564103 4248.205128
4237.435897 4205.641026 4248.717949 4282.051282 4229.743590 4237.948718 4210.256410 4147.692308 4196.923077 4233.333333 4286.153846 4227.179487 4168.717949 4245.641026
4251.282051 4222.051282 4254.871795 4280.512821 4226.666667 4244.102564 4225.128205 4147.692308 4198.974359 4233.333333 4291.794872 4229.230769 4182.051282 4249.230769
4273.333333 4245.128205 4268.205128 4292.820513 4229.230769 4249.230769 4250.769231 4179.487179 4220.000000 4231.282051 4307.179487 4240.512821 4206.666667 4257.435897
4276.923077 4243.076923 4272.307692 4291.794872 4229.743590 4245.641026 4259.487179 4192.820513 4223.589744 4230.256410 4300.000000 4243.076923 4202.051282 4253.846154
4271.282051 4233.846154 4271.794872 4288.717949 4226.666667 4244.615385 4257.435897 4176.410256 4214.871795 4231.282051 4292.307692 4242.564103 4188.717949 4253.333333
4263.076923 4231.282051 4268.717949 4293.333333 4228.205128 4248.205128 4251.794872 4159.487179 4207.692308 4229.743590 4305.128205 4243.589744 4190.256410 4256.410256
4235.384615 4209.743590 4246.666667 4281.538462 4228.717949 4242.051282 4228.205128 4141.025641 4186.153846 4228.205128 4304.615385 4229.743590 4182.564103 4250.256410
4226.153846 4200.512821 4243.589744 4280.512821 4229.743590 4241.025641 4224.102564 4148.717949 4196.923077 4229.743590 4305.128205 4232.820513 4185.641026 4253.333333
4256.410256 4230.256410 4265.128205 4285.641026 4229.743590 4246.666667 4254.871795 4189.743590 4246.666667 4232.307692 4325.128205 4244.615385 4224.102564 4260.000000
4257.435897 4228.717949 4260.000000 4280.000000 4229.743590 4242.564103 4254.358974 4184.615385 4247.179487 4231.794872 4321.025641 4236.410256 4227.179487 4257.435897
4240.512821 4202.051282 4245.128205 4276.923077 4229.230769 4240.000000 4233.846154 4151.794872 4215.897436 4231.794872 4297.948718 4230.256410 4194.358974 4254.358974
4240.000000 4206.666667 4244.615385 4271.794872 4227.692308 4243.076923 4234.358974 4145.641026 4201.025641 4231.794872 4285.641026 4225.641026 4180.512821 4254.871795
4215.384615 4200.000000 4232.307692 4270.769231 4228.717949 4239.487179 4220.000000 4127.692308 4173.333333 4228.717949 4269.230769 4216.923077 4158.461538 4252.820513
4196.923077 4184.615385 4226.153846 4268.717949 4228.205128 4237.435897 4206.153846 4111.282051 4157.435897 4228.717949 4255.384615 4214.871795 4143.076923 4249.743590
4209.230769 4194.871795 4240.000000 4274.358974 4226.666667 4241.538462 4222.564103 4119.487179 4168.205128 4233.333333 4259.487179 4225.128205 4152.820513 4252.820513
4212.820513 4198.974359 4243.076923 4277.435897 4229.743590 4243.076923 4231.794872 4120.512821 4170.256410 4234.871795 4266.666667 4231.282051 4158.461538 4254.358974
4227.692308 4201.538462 4248.205128 4267.692308 4228.717949 4241.538462 4241.025641 4142.564103 4195.897436 4232.820513 4286.153846 4230.256410 4182.051282 4254.358974
4258.461538 4221.025641 4266.666667 4284.102564 4227.179487 4245.128205 4267.179487 4185.641026 4246.153846 4232.307692 4308.717949 4242.564103 4220.000000 4262.051282
4238.974359 4203.589744 4251.794872 4282.564103 4226.153846 4244.102564 4253.333333 4163.076923 4222.051282 4232.307692 4288.717949 4233.333333 4195.897436 4256.410256
4190.769231 4155.897436 4221.025641 4251.794872 4225.128205 4235.384615 4207.179487 4101.025641 4157.435897 4232.307692 4255.897436 4206.666667 4143.589744 4245.128205
4200.512821 4171.794872 4234.358974 4260.000000 4227.179487 4236.410256 4215.384615 4112.820513 4173.333333 4231.794872 4269.743590 4221.025641 4161.538462 4252.820513
4235.897436 4220.000000 4254.871795 4276.923077 4227.179487 4243.076923 4248.717949 4152.820513 4215.897436 4230.769231 4289.743590 4236.923077 4198.461538 4260.000000
4225.128205 4206.666667 4242.564103 4272.820513 4228.205128 4244.102564 4225.128205 4120.000000 4183.076923 4231.282051 4273.333333 4223.589744 4171.282051 4253.846154
4209.743590 4178.461538 4232.307692 4264.102564 4229.743590 4237.435897 4188.717949 4069.230769 4134.358974 4230.769231 4256.923077 4213.333333 4139.487179 4249.230769
4236.923077 4202.051282 4249.230769 4266.666667 4225.641026 4236.923077 4211.282051 4088.205128 4154.871795 4230.256410 4273.846154 4223.076923 4160.000000 4257.948718
4254.871795 4223.076923 4261.538462 4278.974359 4225.641026 4246.153846 4247.692308 4130.769231 4196.923077 4231.282051 4296.923077 4240.512821 4184.615385 4265.641026
4235.384615 4205.641026 4251.282051 4267.692308 4225.641026 4245.128205 4243.589744 4127.179487 4193.846154 4231.794872 4292.820513 4235.384615 4182.564103 4262.051282
4211.794872 4180.512821 4237.948718 4256.923077 4226.666667 4237.948718 4219.487179 4098.974359 4167.179487 4228.717949 4280.512821 4224.615385 4166.666667 4260.000000
4207.179487 4172.820513 4236.923077 4258.974359 4230.769231 4237.948718 4217.435897 4094.358974 4168.205128 4229.743590 4286.666667 4224.102564 4158.974359 4260.000000
4213.846154 4178.974359 4241.025641 4253.333333 4230.769231 4240.512821 4232.820513 4116.410256 4188.205128 4230.769231 4296.410256 4220.512821 4168.717949 4258.461538
4204.615385 4172.820513 4233.333333 4256.410256 4229.230769 4236.923077 4224.615385 4113.846154 4180.512821 4229.230769 4289.230769 4220.512821 4160.512821 4257.948718
4188.717949 4161.025641 4221.025641 4251.282051 4229.230769 4232.307692 4203.076923 4086.666667 4156.923077 4229.743590 4271.282051 4217.435897 4136.923077 4253.846154
4195.384615 4165.641026 4225.128205 4249.743590 4229.230769 4236.410256 4205.128205 4082.051282 4156.923077 4232.307692 4263.076923 4216.923077 4138.461538 4255.897436
4218.974359 4187.179487 4242.051282 4261.025641 4227.179487 4240.512821 4220.512821 4100.512821 4174.358974 4232.820513 4276.923077 4226.666667 4161.538462 4262.564103
4218.461538 4198.461538 4239.487179 4260.000000 4225.641026 4238.461538 4212.307692 4099.487179 4173.333333 4231.794872 4283.076923 4223.589744 4163.076923 4260.000000
4206.666667 4187.692308 4231.794872 4259.487179 4228.717949 4237.435897 4193.846154 4081.538462 4160.512821 4231.282051 4269.743590 4219.487179 4147.179487 4256.410256
4228.717949 4192.307692 4244.615385 4259.487179 4228.205128 4238.461538 4212.307692 4097.435897 4170.256410 4231.282051 4274.358974 4228.205128 4163.076923 4259.487179
4251.794872 4208.717949 4257.435897 4265.641026 4227.692308 4240.000000 4239.487179 4128.205128 4193.846154 4232.820513 4292.307692 4239.487179 4188.717949 4266.153846
4240.000000 4205.128205 4253.333333 4269.743590 4227.692308 4241.538462 4237.435897 4130.769231 4194.871795 4231.282051 4287.692308 4236.923077 4184.615385 4266.153846
4222.564103 4190.256410 4240.512821 4257.948718 4225.641026 4241.538462 4220.000000 4108.205128 4173.846154 4229.230769 4275.384615 4223.076923 4172.307692 4260.000000
4210.256410 4178.461538 4229.230769 4255.897436 4228.205128 4236.923077 4203.076923 4083.589744 4156.410256 4229.743590 4272.307692 4221.025641 4161.025641 4261.025641
4196.410256 4166.153846 4218.974359 4248.717949 4227.179487 4229.743590 4186.666667 4065.128205 4142.564103 4230.769231 4258.974359 4216.923077 4142.051282 4258.974359
4200.512821 4168.205128 4223.589744 4247.692308 4225.128205 4229.743590 4184.615385 4063.589744 4140.000000 4231.794872 4256.923077 4215.897436 4140.512821 4257.948718
4225.641026 4196.410256 4244.615385 4263.589744 4228.205128 4238.461538 4205.128205 4091.794872 4165.128205 4230.769231 4285.128205 4232.820513 4167.179487 4264.102564
4233.333333 4211.794872 4247.692308 4260.512821 4226.153846 4242.051282 4216.923077 4100.512821 4176.923077 4229.230769 4296.923077 4234.358974 4177.435897 4263.589744
4217.948718 4194.358974 4234.358974 4260.000000 4225.641026 4238.974359 4205.128205 4072.820513 4157.435897 4229.743590 4280.000000 4224.102564 4156.410256 4261.025641
4217.435897 4191.282051 4238.974359 4261.538462 4229.230769 4236.923077 4207.179487 4076.410256 4156.923077 4231.282051 4271.282051 4222.051282 4155.897436 4262.564103
4229.230769 4206.153846 4251.794872 4259.487179 4228.717949 4237.948718 4225.641026 4106.153846 4175.897436 4230.769231 4284.102564 4227.179487 4174.871795 4263.076923
4223.589744 4197.435897 4243.589744 4260.000000 4228.205128 4238.974359 4215.897436 4094.358974 4167.692308 4231.282051 4285.128205 4229.743590 4166.153846 4260.000000
4207.179487 4169.743590 4227.179487 4246.153846 4229.230769 4236.410256 4189.230769 4065.128205 4143.589744 4231.794872 4265.128205 4215.897436 4142.051282 4255.384615
4197.948718 4155.384615 4225.128205 4246.666667 4230.256410 4234.358974 4200.000000 4072.820513 4141.538462 4230.769231 4258.461538 4212.307692 4137.435897 4255.384615
4204.102564 4170.769231 4233.333333 4253.333333 4229.230769 4235.384615 4224.102564 4097.948718 4160.512821 4230.769231 4267.692308 4221.538462 4153.846154 4254.358974
4212.820513 4185.641026 4238.974359 4253.333333 4225.641026 4238.461538 4221.538462 4102.564103 4171.794872 4230.769231 4269.230769 4224.102564 4163.589744 4255.897436
4213.846154 4176.410256 4239.487179 4260.512821 4228.205128 4237.435897 4213.846154 4093.333333 4165.128205 4230.769231 4271.282051 4229.230769 4155.897436 4260.000000
4206.153846 4166.666667 4233.846154 4252.820513 4229.230769 4228.205128 4210.256410 4082.564103 4153.333333 4230.769231 4273.846154 4224.615385 4144.615385 4254.358974
4204.102564 4171.794872 4231.794872 4250.256410 4228.205128 4230.769231 4200.512821 4080.000000 4154.871795 4231.794872 4270.769231 4224.102564 4144.102564 4252.820513
4218.461538 4183.076923 4238.461538 4258.974359 4228.717949 4243.076923 4206.153846 4096.923077 4172.307692 4231.794872 4271.282051 4231.282051 4155.384615 4256.410256
4224.102564 4192.307692 4242.564103 4257.435897 4228.205128 4244.615385 4218.974359 4112.307692 4187.692308 4231.282051 4277.435897 4227.179487 4163.589744 4254.871795
4210.256410 4184.102564 4236.410256 4260.000000 4227.179487 4234.871795 4204.102564 4094.358974 4176.923077 4231.282051 4269.743590 4222.564103 4150.769231 4253.846154
4204.102564 4175.897436 4227.692308 4254.871795 4226.666667 4229.230769 4191.282051 4071.282051 4150.256410 4231.282051 4249.230769 4215.384615 4126.153846 4252.307692
4210.769231 4180.000000 4229.230769 4253.333333 4228.205128 4233.846154 4202.564103 4077.948718 4144.615385 4231.794872 4243.076923 4215.897436 4115.897436 4251.794872
4215.897436 4184.615385 4238.461538 4256.923077 4226.666667 4234.358974 4208.717949 4091.282051 4161.025641 4231.794872 4252.307692 4226.153846 4130.256410 4252.820513
4227.179487 4194.358974 4244.102564 4253.846154 4221.538462 4232.307692 4210.769231 4095.897436 4174.871795 4232.820513 4264.102564 4229.230769 4157.435897 4255.897436
4226.666667 4191.282051 4242.051282 4257.435897 4225.128205 4233.846154 4207.179487 4087.179487 4168.205128 4231.794872 4260.512821 4229.743590 4158.461538 4259.487179
4205.128205 4168.205128 4230.256410 4248.717949 4228.205128 4232.820513 4193.333333 4064.615385 4146.666667 4231.282051 4242.051282 4221.538462 4135.384615 4250.256410
4201.538462 4168.717949 4228.717949 4246.153846 4226.666667 4232.307692 4196.923077 4064.102564 4144.102564 4231.282051 4240.512821 4221.025641 4134.358974 4246.153846
4220.000000 4196.923077 4243.589744 4257.435897 4226.153846 4235.897436 4218.974359 4095.384615 4164.615385 4232.307692 4254.871795 4233.846154 4153.333333 4253.846154
4221.025641 4192.820513 4244.102564 4248.717949 4225.128205 4235.897436 4210.256410 4091.794872 4158.461538 4231.794872 4249.743590 4225.641026 4144.615385 4252.820513
4211.282051 4170.769231 4234.871795 4247.692308 4226.153846 4234.358974 4189.743590 4055.897436 4136.410256 4230.769231 4238.461538 4217.435897 4129.230769 4249.743590
4222.051282 4185.641026 4239.487179 4253.333333 4226.666667 4237.435897 4202.051282 4057.948718 4145.128205 4231.282051 4249.743590 4227.179487 4144.615385 4252.820513
4231.282051 4204.102564 4247.179487 4255.897436 4226.153846 4239.487179 4216.923077 4082.051282 4159.487179 4231.794872 4262.051282 4231.282051 4153.846154 4253.846154
4223.589744 4196.923077 4246.666667 4257.948718 4227.179487 4237.435897 4218.974359 4087.179487 4157.435897 4229.743590 4260.000000 4230.256410 4141.025641 4249.230769
4206.153846 4184.102564 4236.410256 4248.205128 4225.128205 4229.230769 4218.461538 4087.692308 4153.333333 4228.717949 4257.948718 4223.589744 4132.820513 4247.179487
4192.820513 4176.410256 4226.153846 4246.666667 4226.666667 4228.717949 4209.743590 4088.717949 4152.307692 4230.769231 4262.564103 4221.025641 4130.769231 4251.794872
4195.897436 4174.358974 4225.128205 4244.615385 4227.179487 4236.410256 4203.076923 4080.000000 4144.102564 4232.820513 4259.487179 4219.487179 4134.358974 4250.256410
4206.666667 4180.512821 4233.333333 4243.076923 4226.153846 4237.435897 4206.153846 4076.410256 4141.538462 4233.333333 4254.871795 4221.538462 4142.564103 4248.205128
4205.641026 4182.564103 4235.897436 4247.692308 4226.666667 4232.820513 4205.128205 4078.974359 4143.076923 4234.358974 4252.307692 4227.179487 4140.512821 4251.794872
4205.128205 4181.025641 4230.256410 4237.948718 4225.641026 4230.769231 4196.923077 4068.205128 4131.282051 4232.307692 4245.128205 4218.974359 4135.384615 4251.794872
4214.871795 4186.153846 4233.846154 4241.538462 4226.666667 4233.333333 4200.512821 4067.179487 4129.743590 4229.743590 4250.769231 4222.051282 4142.051282 4250.769231
4216.410256 4192.307692 4237.435897 4245.128205 4228.717949 4235.384615 4206.153846 4085.128205 4141.538462 4231.282051 4261.538462 4225.641026 4149.230769 4250.256410
4212.307692 4195.384615 4232.307692 4239.487179 4228.205128 4236.410256 4208.205128 4097.435897 4144.102564 4232.307692 4256.410256 4217.435897 4146.666667 4252.307692
4200.000000 4183.076923 4223.076923 4242.564103 4228.717949 4233.846154 4201.538462 4080.000000 4130.769231 4230.769231 4237.435897 4214.358974 4131.282051 4250.769231
4180.512821 4163.076923 4213.846154 4233.333333 4224.615385 4228.717949 4187.692308 4054.871795 4116.923077 4229.743590 4227.179487 4209.743590 4118.974359 4244.102564
4174.871795 4161.025641 4214.358974 4231.794872 4223.589744 4230.769231 4185.128205 4055.384615 4120.000000 4229.743590 4234.871795 4212.307692 4122.564103 4245.641026
4180.512821 4171.794872 4221.025641 4234.871795 4227.179487 4234.358974 4184.615385 4061.025641 4122.564103 4230.256410 4243.589744 4213.846154 4126.153846 4245.128205
4173.846154 4170.256410 4219.487179 4230.256410 4225.128205 4228.205128 4172.820513 4049.230769 4113.846154 4230.769231 4240.512821 4206.153846 4119.487179 4241.025641
4176.410256 4173.333333 4222.564103 4237.948718 4224.615385 4226.666667 4177.435897 4056.923077 4126.666667 4231.794872 4244.102564 4214.871795 4127.179487 4245.641026
4194.358974 4186.153846 4228.205128 4234.871795 4226.666667 4231.794872 4191.794872 4077.948718 4143.589744 4232.307692 4247.692308 4218.461538 4140.000000 4246.153846
4177.948718 4172.820513 4218.461538 4228.205128 4227.179487 4229.743590 4174.871795 4055.897436 4114.871795 4232.307692 4236.410256 4206.666667 4121.025641 4241.025641
4165.128205 4170.256410 4217.948718 4232.307692 4222.564103 4228.205128 4165.128205 4043.076923 4102.051282 4231.282051 4236.410256 4207.179487 4113.333333 4239.487179
4195.897436 4198.974359 4233.846154 4235.384615 4220.000000 4233.333333 4193.846154 4084.102564 4140.512821 4231.794872 4252.307692 4214.871795 4140.000000 4244.102564
4217.435897 4208.717949 4243.589744 4243.076923 4226.666667 4238.974359 4213.333333 4112.307692 4163.076923 4232.820513 4258.461538 4223.589744 4156.410256 4251.282051
4216.923077 4206.666667 4242.564103 4238.974359 4227.179487 4239.487179 4207.692308 4104.102564 4156.923077 4230.769231 4257.948718 4223.589744 4161.025641 4252.307692
4214.358974 4204.615385 4238.974359 4234.871795 4224.615385 4232.820513 4193.333333 4086.666667 4147.179487 4228.205128 4251.794872 4218.974359 4160.000000 4249.743590
4204.102564 4190.769231 4233.333333 4230.256410 4228.205128 4225.641026 4181.025641 4072.820513 4129.743590 4230.256410 4236.923077 4216.923077 4144.102564 4247.692308
4203.076923 4190.769231 4233.333333 4224.615385 4228.717949 4228.717949 4185.641026 4077.435897 4127.179487 4231.794872 4238.974359 4218.974359 4143.589744 4245.128205
4212.307692 4203.076923 4237.948718 4239.487179 4226.666667 4236.923077 4195.897436 4089.230769 4141.025641 4230.256410 4256.923077 4226.153846 4155.897436 4246.666667
4207.692308 4200.512821 4235.897436 4238.974359 4225.641026 4238.461538 4197.435897 4085.641026 4142.051282 4230.256410 4253.846154 4217.948718 4151.794872 4245.128205
4205.641026 4203.589744 4237.435897 4235.384615 4225.128205 4239.487179 4208.205128 4097.435897 4151.282051 4230.769231 4248.717949 4214.358974 4153.846154 4245.641026
4213.846154 4214.871795 4239.487179 4246.666667 4226.666667 4236.923077 4212.820513 4112.307692 4163.076923 4230.769231 4256.923077 4223.076923 4168.717949 4248.205128
4211.282051 4204.615385 4231.282051 4236.923077 4225.641026 4228.717949 4191.794872 4088.205128 4138.974359 4229.230769 4248.717949 4213.333333 4161.538462 4245.641026
4205.128205 4198.461538 4230.256410 4235.384615 4225.641026 4231.794872 4182.564103 4071.794872 4124.102564 4227.692308 4240.512821 4209.743590 4149.743590 4246.153846
4209.743590 4213.333333 4240.000000 4243.589744 4225.641026 4238.461538 4201.025641 4094.358974 4148.205128 4229.743590 4252.820513 4216.410256 4164.102564 4245.641026
4213.846154 4213.846154 4239.487179 4245.128205 4224.102564 4236.923077 4204.615385 4102.564103 4159.487179 4231.794872 4259.487179 4214.358974 4170.769231 4245.641026
4214.358974 4207.179487 4235.897436 4243.589744 4224.102564 4232.307692 4192.307692 4093.333333 4146.666667 4231.282051 4250.256410 4217.435897 4162.564103 4248.717949
4213.846154 4211.282051 4237.435897 4235.897436 4225.128205 4229.230769 4193.333333 4093.333333 4138.974359 4229.743590 4246.153846 4219.487179 4165.128205 4249.743590
4207.692308 4200.000000 4235.384615 4237.948718 4227.179487 4232.820513 4194.358974 4088.717949 4137.435897 4230.769231 4246.666667 4215.897436 4158.461538 4249.230769
4198.974359 4189.230769 4228.717949 4236.923077 4225.128205 4238.461538 4188.205128 4083.589744 4135.897436 4231.282051 4243.589744 4211.282051 4146.153846 4247.179487
4196.410256 4202.051282 4228.717949 4236.923077 4224.102564 4239.487179 4192.820513 4091.282051 4137.435897 4231.282051 4244.615385 4210.256410 4155.897436 4249.743590
4201.025641 4206.153846 4234.358974 4245.128205 4226.153846 4237.948718 4196.410256 4091.794872 4138.461538 4230.256410 4245.641026 4217.435897 4164.102564 4251.794872
4208.717949 4198.974359 4235.897436 4238.974359 4223.076923 4235.384615 4190.769231 4088.717949 4140.000000 4230.256410 4244.102564 4216.923077 4161.025641 4245.128205
4207.179487 4198.461538 4233.333333 4239.487179 4224.102564 4234.358974 4186.153846 4091.282051 4136.410256 4231.282051 4242.564103 4216.410256 4161.025641 4246.153846
4200.000000 4198.974359 4227.692308 4238.461538 4228.717949 4232.820513 4188.205128 4092.820513 4130.769231 4231.282051 4237.435897 4212.820513 4162.051282 4251.282051
4197.948718 4196.923077 4227.179487 4231.794872 4226.666667 4230.769231 4192.307692 4091.282051 4134.358974 4230.256410 4231.282051 4208.717949 4154.871795 4250.769231
4198.974359 4202.051282 4233.333333 4242.051282 4226.666667 4234.358974 4193.846154 4090.256410 4134.871795 4230.769231 4229.743590 4216.410256 4148.205128 4249.743590
4207.179487 4212.307692 4235.897436 4243.076923 4228.205128 4240.512821 4193.333333 4090.256410 4131.794872 4231.282051 4235.897436 4220.000000 4158.461538 4248.205128
4209.230769 4210.256410 4236.410256 4243.076923 4227.179487 4241.025641 4191.794872 4084.615385 4129.743590 4231.282051 4237.948718 4216.410256 4158.461538 4249.230769
4199.487179 4205.128205 4234.358974 4244.102564 4226.153846 4237.948718 4190.769231 4073.333333 4122.051282 4230.769231 4232.307692 4212.307692 4137.948718 4248.717949
4199.487179 4207.692308 4229.743590 4238.974359 4226.666667 4233.846154 4185.128205 4074.871795 4122.564103 4231.282051 4236.923077 4210.256410 4137.435897 4246.666667
4206.153846 4206.666667 4232.307692 4243.076923 4228.717949 4230.256410 4180.512821 4084.615385 4136.410256 4231.282051 4249.230769 4220.000000 4156.923077 4249.743590
4209.230769 4206.666667 4234.871795 4235.897436 4226.153846 4229.743590 4183.589744 4083.589744 4140.512821 4230.256410 4249.743590 4217.948718 4166.153846 4251.282051
4205.128205 4207.179487 4225.641026 4234.358974 4225.128205 4230.769231 4181.538462 4074.871795 4131.794872 4231.282051 4247.692308 4212.307692 4166.153846 4251.282051
4201.538462 4206.666667 4217.948718 4241.538462 4228.205128 4231.282051 4174.871795 4074.358974 4130.769231 4232.307692 4256.410256 4215.897436 4176.923077 4251.282051
4207.692308 4213.333333 4227.179487 4234.358974 4225.641026 4228.205128 4176.923077 4080.512821 4131.282051 4230.769231 4264.102564 4212.820513 4191.794872 4251.282051
4212.820513 4216.410256 4235.384615 4235.897436 4222.564103 4227.692308 4170.769231 4069.230769 4118.461538 4229.743590 4258.461538 4211.794872 4191.794872 4251.282051
4217.435897 4216.923077 4232.820513 4234.871795 4223.589744 4226.666667 4160.512821 4056.410256 4110.769231 4230.769231 4245.641026 4209.230769 4189.230769 4248.717949
4223.589744 4223.589744 4229.743590 4235.384615 4226.666667 4224.615385 4163.076923 4062.564103 4118.974359 4230.769231 4246.153846 4208.717949 4191.794872 4250.769231
4217.948718 4216.410256 4225.641026 4238.974359 4228.205128 4225.641026 4158.974359 4065.128205 4118.974359 4229.230769 4248.205128 4210.769231 4192.820513 4250.769231
4207.179487 4201.538462 4216.923077 4228.205128 4225.128205 4225.641026 4152.820513 4061.538462 4111.282051 4230.256410 4234.358974 4202.564103 4190.256410 4248.717949
4188.205128 4185.641026 4205.641026 4226.666667 4227.692308 4222.051282 4138.461538 4041.538462 4097.435897 4232.307692 4218.461538 4197.948718 4175.384615 4250.256410
4168.205128 4169.230769 4195.897436 4222.564103 4227.692308 4218.461538 4116.923077 4007.179487 4071.282051 4231.282051 4208.717949 4194.358974 4158.974359 4245.641026
4181.025641 4181.025641 4204.102564 4230.256410 4225.128205 4221.538462 4127.692308 4020.000000 4085.641026 4231.282051 4223.589744 4202.564103 4173.333333 4246.666667
4208.717949 4207.692308 4223.076923 4244.615385 4228.717949 4228.717949 4163.076923 4072.820513 4140.000000 4231.794872 4251.282051 4220.512821 4207.692308 4249.743590
4202.564103 4203.589744 4224.615385 4227.179487 4228.717949 4225.641026 4166.666667 4083.076923 4147.179487 4231.282051 4251.794872 4215.384615 4204.102564 4245.641026
4181.025641 4180.000000 4213.333333 4221.025641 4225.641026 4220.000000 4150.769231 4061.025641 4119.487179 4231.794872 4234.358974 4209.743590 4151.794872 4244.102564
4172.820513 4170.769231 4207.692308 4227.179487 4225.641026 4220.512821 4153.333333 4071.282051 4120.512821 4232.307692 4228.717949 4206.666667 4110.256410 4238.461538
4154.358974 4153.333333 4195.897436 4220.512821 4224.102564 4216.410256 4149.743590 4075.897436 4114.358974 4231.282051 4221.025641 4193.846154 4095.384615 4231.282051
4140.000000 4140.512821 4192.307692 4220.512821 4227.179487 4214.358974 4146.153846 4061.538462 4100.000000 4231.282051 4213.846154 4195.384615 4110.256410 4232.820513
4144.615385 4152.820513 4196.923077 4220.000000 4227.692308 4220.000000 4159.487179 4068.717949 4114.358974 4231.794872 4222.564103 4201.025641 4145.641026 4234.871795
4133.846154 4144.102564 4192.307692 4220.512821 4224.102564 4222.564103 4162.564103 4078.461538 4119.487179 4231.282051 4226.153846 4196.410256 4149.230769 4232.820513
4131.794872 4133.333333 4197.435897 4222.564103 4224.102564 4220.000000 4171.282051 4090.769231 4122.564103 4231.282051 4228.717949 4197.948718 4142.051282 4230.769231
4155.384615 4156.923077 4212.307692 4226.666667 4226.153846 4220.000000 4189.230769 4110.769231 4150.769231 4231.794872 4245.641026 4208.717949 4168.205128 4232.820513
4158.974359 4173.846154 4216.410256 4233.846154 4228.205128 4216.923077 4186.666667 4113.846154 4166.153846 4230.256410 4256.923077 4213.846154 4186.153846 4236.410256
4147.692308 4164.615385 4209.230769 4222.051282 4226.666667 4213.846154 4176.923077 4100.512821 4152.820513 4230.256410 4246.153846 4204.102564 4172.307692 4232.820513
4149.230769 4156.410256 4205.641026 4217.948718 4227.692308 4220.000000 4176.410256 4089.743590 4146.666667 4232.307692 4234.871795 4203.076923 4162.564103 4232.307692
4154.871795 4161.538462 4209.230769 4223.076923 4228.717949 4222.051282 4171.282051 4084.102564 4149.743590 4232.307692 4240.512821 4205.641026 4165.128205 4234.871795
4151.794872 4162.051282 4210.769231 4217.435897 4226.666667 4217.948718 4159.487179 4070.769231 4142.051282 4231.794872 4240.000000 4197.435897 4154.358974 4233.333333
4141.025641 4150.256410 4203.589744 4216.923077 4228.717949 4219.487179 4153.333333 4061.538462 4129.230769 4231.794872 4219.487179 4195.384615 4132.820513 4230.769231
4143.076923 4155.384615 4199.487179 4212.307692 4225.641026 4221.025641 4163.589744 4076.923077 4133.846154 4231.794872 4208.717949 4195.384615 4126.666667 4227.179487
4165.641026 4178.974359 4214.358974 4223.589744 4224.102564 4224.102564 4194.358974 4116.410256 4167.692308 4231.794872 4228.205128 4203.589744 4143.076923 4229.230769
4188.205128 4198.461538 4228.717949 4235.897436 4228.717949 4227.692308 4225.128205 4152.307692 4200.000000 4232.307692 4243.076923 4213.333333 4166.666667 4231.794872
4194.871795 4205.128205 4229.743590 4233.333333 4225.641026 4228.205128 4229.230769 4158.974359 4211.282051 4232.307692 4246.153846 4213.333333 4182.564103 4233.846154
4197.948718 4205.641026 4232.820513 4242.051282 4223.589744 4232.307692 4228.205128 4162.564103 4224.102564 4232.307692 4260.000000 4220.512821 4187.179487 4237.435897
4209.230769 4215.384615 4236.410256 4239.487179 4222.564103 4235.897436 4235.384615 4166.666667 4234.871795 4232.820513 4270.256410 4220.000000 4197.948718 4233.846154
4225.641026 4235.897436 4243.589744 4242.051282 4221.025641 4236.410256 4241.025641 4155.384615 4237.948718 4232.307692 4279.487179 4223.589744 4217.948718 4232.820513
4247.179487 4260.512821 4256.410256 4259.487179 4225.128205 4241.025641 4257.435897 4163.076923 4259.487179 4232.820513 4299.487179 4237.948718 4238.974359 4238.974359
4264.102564 4280.512821 4264.102564 4258.974359 4225.128205 4249.743590 4281.538462 4200.000000 4290.256410 4231.794872 4311.794872 4236.923077 4253.846154 4242.051282
4265.128205 4282.564103 4263.076923 4264.102564 4223.589744 4252.820513 4284.102564 4218.461538 4298.974359 4230.256410 4310.769231 4237.435897 4255.384615 4238.974359
4261.025641 4277.435897 4257.435897 4266.666667 4221.538462 4246.666667 4274.871795 4217.948718 4295.897436 4231.282051 4308.205128 4237.435897 4247.179487 4234.871795
4256.923077 4273.846154 4251.282051 4264.102564 4223.076923 4243.589744 4275.897436 4223.076923 4295.384615 4231.282051 4303.589744 4230.769231 4240.000000 4238.461538
4252.820513 4270.769231 4249.230769 4265.128205 4227.692308 4250.769231 4277.948718 4226.153846 4291.794872 4230.769231 4295.897436 4231.282051 4237.435897 4243.076923
4252.820513 4263.076923 4247.692308 4256.410256 4224.102564 4248.717949 4267.179487 4219.487179 4282.051282 4231.794872 4293.333333 4227.692308 4237.435897 4241.025641
4244.615385 4251.794872 4240.000000 4259.487179 4222.564103 4240.512821 4250.256410 4200.000000 4269.743590 4230.769231 4287.692308 4224.102564 4229.743590 4239.487179
4230.769231 4245.641026 4232.307692 4255.897436 4225.641026 4240.512821 4241.025641 4185.641026 4261.025641 4229.743590 4271.282051 4219.487179 4218.461538 4234.358974
4221.025641 4236.923077 4227.179487 4245.128205 4225.641026 4242.051282 4230.769231 4181.025641 4252.820513 4231.794872 4260.512821 4211.794872 4213.846154 4229.230769
4220.000000 4228.717949 4225.641026 4252.820513 4224.102564 4241.025641 4219.487179 4180.000000 4247.179487 4233.846154 4260.000000 4214.871795 4216.410256 4232.307692
4226.153846 4229.230769 4224.615385 4249.743590 4223.589744 4239.487179 4226.153846 4180.000000 4244.102564 4231.282051 4262.051282 4215.897436 4221.538462 4232.820513
4226.666667 4230.256410 4224.102564 4246.666667 4227.692308 4236.410256 4227.179487 4166.153846 4236.410256 4230.769231 4265.128205 4217.435897 4215.897436 4230.769231
4227.692308 4238.461538 4226.666667 4248.717949 4226.153846 4236.923077 4215.384615 4154.358974 4233.846154 4231.282051 4262.051282 4220.000000 4212.820513 4229.230769
4229.743590 4246.153846 4227.692308 4249.743590 4223.589744 4240.512821 4212.307692 4160.000000 4233.333333 4231.282051 4253.846154 4216.410256 4214.358974 4231.282051
4217.435897 4228.205128 4222.564103 4249.743590 4228.205128 4238.974359 4210.256410 4161.025641 4227.179487 4231.282051 4249.230769 4216.410256 4202.051282 4233.333333
4197.948718 4203.076923 4212.307692 4231.794872 4225.641026 4229.743590 4193.333333 4140.512821 4214.871795 4231.282051 4240.000000 4209.230769 4186.153846 4229.743590
4182.051282 4188.205128 4200.512821 4225.641026 4222.564103 4226.153846 4178.461538 4125.641026 4199.487179 4231.794872 4225.128205 4200.000000 4172.820513 4227.179487
4161.538462 4167.692308 4187.179487 4222.564103 4225.641026 4226.666667 4169.743590 4118.461538 4177.435897 4231.794872 4212.307692 4191.282051 4159.487179 4222.051282
4150.256410 4152.307692 4179.487179 4211.282051 4226.153846 4222.051282 4152.307692 4095.384615 4162.051282 4231.282051 4206.153846 4186.666667 4149.230769 4216.923077
4151.794872 4149.743590 4181.025641 4210.256410 4225.128205 4215.384615 4134.358974 4069.743590 4149.743590 4229.743590 4203.076923 4190.256410 4140.000000 4217.435897
4134.871795 4130.769231 4168.717949 4198.974359 4224.615385 4207.692308 4120.512821 4053.333333 4118.974359 4231.794872 4186.153846 4173.846154 4123.589744 4215.384615
4116.410256 4118.974359 4155.897436 4198.974359 4225.128205 4209.230769 4116.410256 4052.820513 4103.589744 4236.923077 4176.410256 4168.205128 4115.384615 4214.871795
4112.820513 4123.589744 4153.333333 4202.051282 4223.589744 4212.307692 4107.179487 4043.589744 4097.948718 4236.410256 4176.923077 4173.846154 4107.179487 4212.307692
4063.076923 4061.538462 4120.512821 4173.846154 4221.025641 4191.794872 4048.717949 3975.384615 4026.153846 4231.794872 4137.948718 4144.615385 4045.128205 4203.076923
3982.051282 3960.512821 4072.820513 4145.128205 4223.589744 4166.666667 3971.282051 3890.769231 3928.205128 4231.282051 4078.461538 4113.846154 3967.179487 4192.820513
3962.051282 3938.974359 4063.589744 4132.820513 4222.564103 4161.025641 3952.307692 3865.641026 3905.128205 4231.794872 4064.615385 4112.820513 3954.871795 4187.179487
3975.384615 3953.333333 4073.846154 4139.487179 4222.051282 4164.102564 3970.769231 3882.051282 3923.589744 4231.282051 4072.820513 4120.000000 3968.205128 4189.230769
3963.076923 3932.307692 4067.179487 4136.923077 4227.179487 4160.512821 3970.256410 3887.179487 3920.000000 4231.794872 4063.076923 4118.974359 3956.410256 4190.256410
3961.025641 3930.769231 4062.051282 4131.282051 4225.641026 4160.512821 3970.769231 3888.205128 3923.076923 4232.307692 4059.487179 4119.487179 3957.948718 4191.282051
3974.871795 3959.487179 4072.820513 4147.692308 4225.128205 4167.179487 3987.179487 3900.000000 3942.564103 4231.282051 4063.589744 4125.641026 3973.846154 4195.384615
3977.435897 3965.641026 4073.333333 4146.666667 4225.641026 4168.205128 3986.666667 3905.128205 3940.512821 4231.282051 4056.923077 4117.948718 3968.205128 4190.769231
3989.230769 3968.717949 4075.897436 4149.743590 4225.128205 4169.230769 3981.025641 3908.205128 3944.102564 4231.282051 4062.564103 4121.025641 3967.692308 4190.256410
4029.230769 4010.769231 4103.076923 4171.282051 4223.589744 4180.512821 4014.871795 3949.743590 3992.820513 4230.769231 4095.384615 4146.666667 4006.666667 4198.974359
4071.282051 4058.974359 4129.743590 4178.461538 4221.538462 4191.794872 4063.589744 4012.307692 4051.794872 4230.769231 4125.641026 4157.435897 4051.794872 4202.051282
4083.076923 4063.589744 4136.410256 4188.205128 4224.102564 4192.820513 4076.923077 4024.615385 4063.589744 4231.282051 4129.230769 4158.974359 4058.461538 4198.974359
4081.025641 4061.538462 4134.358974 4188.205128 4222.564103 4188.717949 4073.846154 4008.205128 4049.230769 4231.282051 4124.102564 4156.923077 4052.820513 4198.461538
4082.051282 4074.871795 4129.743590 4181.538462 4220.000000 4190.256410 4069.743590 4002.564103 4047.692308 4232.307692 4123.589744 4150.256410 4055.384615 4200.000000
4065.641026 4063.076923 4117.948718 4182.051282 4223.076923 4191.282051 4048.717949 3985.641026 4037.948718 4232.820513 4110.769231 4145.128205 4041.538462 4198.461538
4051.282051 4046.153846 4112.307692 4170.256410 4220.512821 4187.179487 4036.923077 3974.871795 4027.179487 4231.794872 4102.564103 4138.974359 4030.769231 4193.333333
4068.205128 4057.948718 4123.076923 4170.769231 4220.000000 4188.717949 4051.794872 4004.102564 4053.846154 4232.820513 4119.487179 4146.153846 4049.230769 4194.358974
4086.153846 4072.307692 4127.179487 4173.846154 4222.564103 4191.794872 4066.153846 4030.769231 4081.025641 4232.307692 4125.641026 4153.846154 4068.717949 4198.974359
4078.974359 4064.615385 4121.025641 4169.743590 4222.564103 4189.743590 4066.153846 4024.615385 4071.282051 4230.256410 4117.948718 4151.282051 4065.641026 4201.538462
4077.948718 4055.384615 4125.641026 4173.846154 4221.025641 4189.230769 4065.128205 4023.076923 4066.666667 4230.769231 4124.615385 4150.256410 4061.025641 4203.076923
4098.974359 4074.358974 4133.333333 4172.307692 4219.487179 4190.769231 4068.205128 4034.358974 4084.102564 4232.820513 4131.794872 4147.692308 4073.333333 4200.000000
4110.769231 4100.000000 4135.897436 4180.512821 4221.538462 4193.333333 4078.461538 4044.615385 4093.846154 4233.333333 4130.256410 4156.923077 4089.743590 4202.051282
4113.846154 4105.641026 4140.000000 4188.205128 4221.538462 4195.897436 4094.358974 4062.051282 4100.000000 4231.794872 4139.487179 4167.179487 4101.538462 4204.615385
4115.384615 4097.948718 4140.512821 4183.076923 4219.487179 4196.410256 4094.871795 4066.153846 4102.051282 4230.256410 4147.692308 4158.974359 4102.051282 4203.589744
4108.717949 4091.282051 4135.897436 4184.615385 4222.564103 4195.384615 4082.564103 4044.102564 4091.282051 4230.256410 4141.538462 4152.820513 4092.307692 4203.589744
4105.128205 4091.794872 4133.846154 4181.025641 4220.000000 4191.794872 4078.461538 4039.487179 4086.666667 4231.794872 4136.410256 4151.794872 4093.846154 4200.512821
4102.564103 4096.410256 4132.820513 4183.589744 4220.000000 4191.794872 4085.128205 4057.435897 4094.871795 4232.307692 4140.512821 4150.769231 4095.384615 4201.025641
4098.974359 4098.974359 4128.717949 4184.615385 4225.128205 4192.820513 4092.820513 4064.615385 4100.512821 4231.282051 4143.589744 4147.179487 4091.282051 4202.564103
4101.538462 4098.461538 4131.794872 4183.589744 4224.615385 4189.743590 4092.307692 4061.025641 4101.025641 4230.769231 4145.128205 4144.102564 4099.487179 4200.000000
4106.153846 4097.948718 4139.487179 4196.410256 4222.564103 4191.282051 4087.692308 4065.641026 4104.102564 4231.794872 4146.666667 4152.820513 4110.256410 4199.487179
4111.282051 4098.461538 4140.000000 4193.333333 4220.000000 4193.333333 4096.410256 4081.025641 4114.358974 4232.307692 4144.615385 4153.333333 4112.820513 4202.051282
4113.846154 4098.461538 4138.974359 4191.794872 4220.000000 4193.846154 4112.307692 4092.820513 4122.564103 4232.307692 4145.641026 4152.307692 4115.384615 4206.153846
4125.128205 4110.769231 4146.153846 4196.923077 4221.538462 4194.871795 4115.384615 4091.794872 4123.076923 4232.307692 4150.256410 4157.948718 4129.230769 4204.615385
4135.897436 4129.230769 4152.307692 4198.974359 4221.538462 4196.410256 4117.948718 4094.358974 4127.692308 4232.307692 4154.358974 4156.923077 4142.051282 4202.051282
4132.820513 4132.307692 4152.820513 4211.794872 4223.589744 4201.025641 4129.230769 4104.102564 4136.923077 4231.794872 4158.461538 4160.512821 4141.025641 4207.179487
4136.410256 4134.871795 4151.794872 4209.743590 4221.538462 4199.487179 4130.256410 4107.692308 4138.974359 4231.282051 4161.538462 4160.512821 4142.051282 4206.666667
4140.000000 4137.435897 4151.282051 4207.179487 4219.487179 4194.871795 4121.538462 4101.538462 4133.846154 4230.256410 4160.512821 4157.948718 4143.076923 4203.589744
4135.384615 4140.512821 4151.282051 4213.846154 4220.000000 4201.025641 4122.051282 4102.564103 4133.333333 4230.769231 4162.051282 4162.051282 4144.615385 4204.615385
4134.871795 4147.692308 4150.256410 4208.717949 4218.974359 4206.153846 4124.102564 4105.128205 4135.384615 4231.282051 4175.384615 4160.000000 4148.717949 4203.589744
4135.384615 4141.025641 4149.230769 4207.692308 4222.051282 4201.538462 4115.384615 4100.000000 4127.692308 4230.769231 4182.051282 4160.512821 4140.512821 4202.051282
4141.538462 4143.589744 4153.846154 4205.128205 4221.538462 4198.461538 4121.025641 4113.333333 4132.820513 4230.769231 4181.025641 4163.589744 4147.692308 4201.025641
4145.641026 4149.230769 4153.333333 4205.128205 4222.051282 4198.974359 4124.615385 4116.923077 4141.538462 4231.794872 4181.538462 4163.076923 4162.051282 4205.128205
4132.307692 4132.307692 4147.179487 4204.615385 4225.128205 4194.871795 4106.666667 4091.794872 4125.641026 4231.282051 4174.358974 4161.538462 4151.794872 4207.692308
4138.974359 4138.974359 4152.820513 4197.435897 4223.589744 4195.384615 4117.435897 4104.615385 4129.230769 4231.794872 4173.333333 4163.589744 4152.820513 4209.230769
4164.615385 4169.230769 4163.076923 4210.256410 4223.589744 4203.589744 4149.230769 4150.769231 4169.743590 4232.820513 4193.846154 4173.333333 4175.897436 4214.871795
4161.538462 4169.743590 4162.051282 4211.282051 4222.051282 4204.615385 4150.256410 4150.256410 4177.435897 4231.282051 4202.051282 4168.717949 4179.487179 4215.384615
4143.589744 4154.871795 4158.974359 4201.025641 4218.461538 4204.102564 4137.948718 4126.153846 4153.846154 4230.769231 4189.743590 4161.025641 4163.076923 4213.846154
4148.205128 4156.410256 4159.487179 4208.205128 4221.538462 4206.666667 4138.461538 4134.871795 4156.410256 4231.282051 4190.256410 4168.205128 4161.025641 4210.769231
4157.435897 4162.051282 4152.820513 4203.076923 4222.564103 4204.102564 4141.025641 4147.692308 4170.256410 4231.282051 4200.000000 4164.102564 4175.384615 4205.641026
4158.461538 4167.692308 4155.384615 4204.102564 4221.538462 4204.615385 4148.205128 4150.769231 4176.923077 4230.769231 4204.102564 4164.102564 4189.230769 4210.769231
4161.025641 4167.692308 4165.128205 4207.179487 4221.538462 4205.128205 4152.307692 4150.769231 4176.410256 4230.256410 4200.512821 4167.692308 4189.743590 4214.871795
4153.846154 4154.871795 4158.974359 4198.974359 4220.512821 4200.512821 4140.000000 4136.923077 4162.051282 4230.769231 4191.282051 4161.025641 4175.897436 4212.820513
4146.153846 4152.307692 4150.769231 4201.025641 4224.102564 4196.410256 4132.307692 4131.282051 4155.384615 4231.282051 4190.256410 4163.076923 4170.769231 4214.871795
4150.769231 4162.051282 4154.358974 4194.358974 4223.076923 4195.384615 4140.512821 4143.589744 4161.538462 4229.743590 4191.282051 4163.076923 4181.025641 4215.384615
4164.102564 4168.205128 4171.282051 4196.923077 4222.051282 4202.051282 4155.897436 4160.000000 4177.948718 4229.230769 4195.384615 4166.666667 4195.897436 4215.384615
4166.666667 4168.717949 4172.820513 4203.589744 4223.076923 4209.230769 4159.487179 4162.564103 4188.717949 4231.794872 4200.512821 4171.794872 4203.589744 4214.871795
4144.102564 4155.384615 4148.717949 4194.871795 4220.000000 4201.538462 4134.871795 4142.051282 4170.256410 4232.307692 4190.769231 4158.974359 4189.230769 4210.769231
4146.153846 4158.974359 4152.820513 4201.538462 4221.538462 4198.974359 4130.769231 4148.205128 4172.820513 4230.769231 4189.743590 4162.564103 4188.717949 4212.820513
4192.307692 4198.461538 4187.179487 4213.846154 4225.128205 4209.743590 4177.948718 4202.564103 4224.615385 4230.769231 4223.076923 4183.589744 4234.358974 4218.974359
4207.179487 4214.358974 4193.333333 4220.000000 4225.641026 4214.871795 4197.435897 4222.051282 4245.128205 4231.282051 4244.102564 4187.179487 4257.948718 4224.102564
4194.871795 4211.282051 4185.128205 4218.974359 4222.051282 4208.205128 4180.000000 4201.538462 4229.743590 4229.743590 4230.769231 4177.435897 4240.000000 4225.641026
4215.897436 4236.923077 4196.410256 4221.025641 4218.974359 4212.307692 4193.846154 4216.923077 4246.666667 4227.692308 4230.256410 4181.025641 4249.230769 4227.692308
4231.282051 4244.102564 4201.025641 4230.769231 4222.051282 4220.512821 4209.230769 4232.820513 4258.974359 4228.205128 4242.051282 4190.256410 4265.641026 4229.230769
4214.871795 4220.000000 4192.307692 4221.538462 4221.538462 4214.871795 4195.384615 4211.794872 4237.435897 4230.769231 4235.384615 4181.025641 4255.384615 4223.076923
4201.025641 4210.769231 4188.205128 4218.461538 4223.076923 4214.358974 4187.692308 4200.512821 4221.025641 4232.820513 4221.025641 4177.435897 4239.487179 4221.538462
4200.000000 4213.846154 4187.179487 4222.564103 4226.153846 4221.538462 4189.743590 4213.846154 4221.025641 4233.333333 4218.461538 4184.615385 4236.410256 4223.076923
4215.384615 4224.102564 4196.923077 4218.974359 4222.564103 4222.564103 4196.410256 4232.820513 4241.025641 4231.794872 4228.205128 4186.666667 4252.307692 4220.512821
4224.102564 4232.307692 4204.102564 4228.205128 4222.051282 4221.025641 4203.076923 4237.948718 4256.410256 4230.256410 4230.769231 4191.282051 4262.051282 4221.025641
4208.205128 4225.128205 4188.717949 4221.538462 4223.076923 4215.897436 4195.897436 4225.641026 4241.538462 4230.256410 4213.846154 4182.051282 4248.717949 4220.512821
4200.000000 4216.923077 4182.564103 4212.820513 4223.076923 4210.256410 4184.615385 4218.974359 4231.794872 4230.769231 4205.128205 4174.358974 4242.564103 4221.538462
4202.051282 4214.358974 4188.717949 4217.435897 4221.538462 4213.846154 4180.512821 4218.974359 4236.923077 4231.282051 4212.820513 4180.000000 4249.230769 4223.076923
4196.923077 4209.743590 4182.051282 4209.743590 4217.948718 4215.897436 4177.435897 4213.333333 4233.333333 4230.769231 4212.307692 4175.384615 4240.512821 4218.461538
4208.205128 4219.487179 4188.717949 4214.871795 4221.538462 4212.820513 4188.205128 4222.564103 4244.102564 4230.769231 4217.435897 4181.025641 4241.025641 4220.512821
4230.256410 4242.564103 4206.153846 4221.538462 4223.076923 4215.897436 4208.717949 4245.641026 4266.153846 4230.769231 4230.769231 4193.333333 4261.025641 4228.717949
4225.128205 4239.487179 4200.000000 4217.435897 4220.000000 4220.000000 4205.128205 4247.692308 4262.051282 4229.230769 4227.179487 4191.282051 4250.256410 4229.743590
4213.846154 4226.153846 4190.769231 4215.384615 4221.538462 4220.512821 4197.948718 4245.641026 4252.820513 4228.717949 4214.358974 4185.641026 4225.641026 4224.615385
4222.051282 4235.897436 4197.948718 4209.743590 4222.051282 4221.025641 4212.307692 4260.512821 4265.641026 4229.230769 4215.897436 4180.512821 4234.358974 4223.076923
4219.487179 4237.435897 4196.410256 4213.846154 4221.538462 4223.076923 4210.769231 4258.461538 4268.205128 4230.256410 4220.000000 4184.102564 4242.564103 4224.615385
4207.179487 4224.102564 4188.205128 4207.692308 4221.025641 4222.564103 4190.769231 4234.871795 4249.743590 4230.769231 4207.179487 4184.102564 4225.128205 4219.487179
4210.769231 4225.128205 4189.743590 4202.051282 4222.564103 4223.589744 4192.820513 4231.794872 4246.666667 4227.692308 4204.615385 4178.974359 4222.564103 4216.923077
4208.205128 4221.025641 4188.205128 4206.666667 4226.153846 4220.000000 4194.871795 4237.948718 4249.230769 4225.128205 4210.769231 4178.974359 4229.230769 4219.487179
4202.564103 4210.256410 4186.153846 4194.871795 4222.051282 4211.282051 4178.461538 4227.692308 4236.923077 4229.743590 4202.564103 4174.871795 4220.512821 4221.025641
4217.435897 4226.153846 4197.948718 4200.512821 4223.076923 4217.948718 4186.153846 4237.948718 4251.282051 4233.846154 4204.102564 4181.538462 4225.128205 4226.666667
4235.897436 4250.769231 4207.692308 4211.282051 4227.692308 4229.743590 4216.923077 4277.435897 4289.743590 4231.282051 4225.128205 4192.820513 4255.897436 4229.743590
4222.051282 4236.410256 4198.461538 4198.974359 4223.076923 4223.589744 4211.282051 4272.307692 4280.512821 4231.794872 4226.666667 4184.615385 4257.435897 4229.230769
4201.025641 4210.256410 4187.692308 4194.358974 4222.564103 4217.435897 4184.615385 4237.948718 4242.564103 4232.820513 4213.333333 4176.923077 4227.179487 4227.692308
4218.974359 4230.256410 4193.333333 4195.384615 4223.076923 4221.538462 4200.000000 4254.358974 4257.435897 4229.743590 4225.128205 4182.564103 4237.435897 4224.615385
4244.102564 4255.897436 4205.641026 4207.179487 4223.589744 4226.153846 4224.615385 4289.743590 4294.358974 4230.256410 4241.538462 4192.307692 4266.666667 4225.641026
4242.564103 4250.769231 4207.179487 4211.794872 4224.102564 4226.153846 4220.000000 4289.230769 4295.384615 4231.794872 4235.384615 4192.820513 4267.692308 4228.205128
4229.743590 4238.974359 4197.948718 4203.076923 4221.538462 4221.538462 4208.205128 4278.461538 4277.435897 4231.282051 4223.076923 4183.076923 4257.435897 4226.666667
4221.538462 4228.717949 4195.384615 4208.205128 4222.564103 4222.051282 4198.974359 4266.666667 4261.538462 4231.282051 4214.871795 4180.512821 4246.153846 4223.076923
4226.666667 4235.897436 4200.512821 4208.205128 4223.589744 4227.179487 4197.948718 4257.948718 4264.615385 4230.769231 4212.820513 4182.051282 4248.205128 4219.487179
4232.820513 4247.692308 4203.076923 4207.692308 4222.564103 4228.205128 4210.256410 4267.692308 4280.512821 4231.282051 4219.487179 4186.666667 4261.025641 4225.128205
4234.358974 4248.205128 4208.717949 4210.256410 4221.538462 4227.692308 4224.102564 4284.102564 4287.179487 4233.846154 4228.205128 4192.820513 4269.743590 4228.717949
4239.487179 4249.230769 4212.820513 4204.102564 4222.051282 4227.692308 4223.076923 4289.743590 4285.128205 4229.230769 4229.743590 4188.717949 4275.384615 4222.051282
4241.025641 4251.794872 4211.794872 4209.743590 4224.102564 4227.179487 4216.923077 4286.153846 4286.666667 4224.615385 4230.769231 4190.769231 4276.410256 4218.974359
4237.435897 4249.230769 4207.179487 4207.692308 4223.076923 4224.102564 4214.358974 4276.410256 4285.641026 4229.743590 4230.256410 4189.230769 4267.179487 4220.000000
4224.102564 4238.461538 4198.461538 4202.051282 4224.615385 4223.589744 4210.769231 4266.666667 4273.846154 4233.846154 4222.564103 4181.025641 4249.230769 4221.025641
4215.384615 4230.769231 4192.820513 4202.051282 4225.128205 4224.615385 4210.256410 4272.820513 4267.692308 4231.282051 4217.435897 4177.435897 4243.589744 4221.538462
4223.076923 4236.410256 4194.871795 4197.435897 4217.948718 4226.153846 4208.205128 4275.384615 4268.205128 4225.128205 4222.564103 4174.358974 4250.769231 4220.512821
4214.358974 4233.333333 4191.282051 4201.025641 4218.974359 4228.717949 4192.307692 4251.282051 4258.974359 4223.589744 4218.461538 4173.846154 4242.051282 4220.512821
4197.948718 4219.487179 4179.487179 4192.307692 4222.051282 4226.666667 4178.974359 4236.410256 4243.076923 4229.743590 4203.076923 4168.205128 4227.692308 4219.487179
4210.769231 4222.564103 4184.615385 4187.179487 4219.487179 4222.564103 4189.743590 4244.615385 4242.564103 4235.897436 4207.692308 4171.282051 4236.923077 4222.564103
4242.051282 4244.102564 4208.205128 4198.974359 4224.102564 4225.128205 4212.820513 4262.564103 4267.692308 4233.333333 4235.384615 4191.282051 4266.153846 4228.205128
4251.794872 4253.846154 4214.871795 4199.487179 4225.641026 4229.230769 4223.076923 4278.974359 4286.666667 4231.794872 4248.717949 4194.358974 4283.076923 4228.205128
4242.564103 4245.128205 4208.205128 4199.487179 4223.076923 4227.692308 4218.461538 4281.025641 4281.025641 4233.333333 4241.538462 4190.769231 4274.871795 4228.205128
4235.897436 4238.974359 4206.153846 4190.769231 4221.025641 4223.076923 4215.384615 4271.794872 4266.666667 4232.307692 4231.282051 4188.717949 4262.051282 4227.692308
4227.179487 4231.282051 4204.102564 4188.717949 4223.076923 4226.153846 4206.666667 4257.948718 4255.384615 4233.846154 4228.205128 4182.051282 4251.282051 4228.205128
4225.641026 4232.820513 4206.153846 4198.974359 4226.153846 4231.794872 4200.512821 4258.461538 4260.000000 4233.333333 4234.358974 4184.102564 4250.256410 4228.717949
4235.897436 4246.153846 4211.282051 4192.820513 4222.564103 4230.256410 4214.358974 4275.384615 4273.333333 4231.794872 4245.128205 4185.641026 4263.076923 4225.641026
4238.974359 4247.179487 4210.769231 4195.384615 4221.025641 4231.282051 4228.205128 4285.641026 4282.564103 4232.820513 4251.282051 4187.692308 4274.358974 4226.666667
4234.358974 4244.102564 4205.128205 4196.410256 4222.051282 4233.333333 4221.025641 4278.461538 4281.538462 4232.820513 4247.179487 4183.589744 4278.461538 4229.230769
4225.641026 4238.461538 4198.974359 4188.717949 4224.102564 4227.692308 4205.641026 4260.512821 4267.692308 4232.307692 4235.384615 4173.846154 4268.205128 4225.128205
4222.564103 4233.846154 4196.923077 4194.358974 4228.717949 4225.128205 4207.179487 4257.948718 4265.641026 4232.307692 4236.923077 4180.512821 4264.102564 4223.589744
4229.230769 4236.923077 4200.000000 4191.282051 4227.179487 4227.179487 4218.461538 4281.538462 4278.974359 4232.307692 4247.692308 4182.051282 4274.871795 4224.615385
4228.205128 4234.358974 4202.564103 4191.282051 4223.589744 4226.153846 4216.410256 4294.358974 4282.051282 4232.307692 4250.769231 4179.487179 4272.820513 4228.717949
4224.615385 4231.794872 4201.538462 4195.897436 4222.051282 4224.615385 4215.384615 4280.512821 4275.897436 4232.307692 4247.179487 4183.076923 4266.153846 4230.769231
4226.153846 4230.769231 4197.948718 4188.717949 4222.564103 4224.102564 4218.461538 4268.205128 4268.717949 4232.307692 4244.615385 4184.102564 4266.666667 4225.128205
4215.897436 4213.846154 4196.923077 4187.692308 4225.128205 4225.641026 4208.717949 4265.641026 4252.307692 4232.820513 4234.358974 4182.564103 4252.307692 4221.025641
4209.743590 4209.230769 4200.000000 4186.666667 4222.051282 4226.666667 4201.025641 4266.153846 4248.717949 4232.307692 4223.589744 4175.897436 4243.076923 4222.051282
4225.641026 4231.282051 4207.179487 4196.410256 4222.564103 4227.179487 4213.846154 4277.948718 4271.794872 4232.307692 4235.384615 4184.102564 4264.615385 4228.205128
4235.897436 4240.000000 4207.179487 4201.538462 4225.641026 4226.666667 4225.128205 4287.179487 4276.923077 4233.333333 4245.641026 4192.820513 4276.410256 4228.205128
4222.051282 4228.717949 4196.923077 4188.717949 4222.051282 4227.692308 4211.282051 4271.282051 4254.358974 4231.282051 4231.794872 4177.948718 4257.948718 4222.564103
4203.589744 4214.871795 4187.179487 4190.769231 4224.102564 4226.666667 4180.000000 4239.487179 4230.769231 4230.769231 4220.512821 4168.205128 4235.384615 4219.487179
4207.179487 4211.794872 4188.717949 4191.794872 4225.128205 4220.000000 4169.743590 4234.871795 4227.692308 4231.794872 4227.179487 4168.205128 4237.435897 4216.923077
4221.538462 4225.128205 4199.487179 4193.846154 4222.564103 4220.512821 4192.820513 4260.512821 4246.153846 4231.794872 4232.820513 4173.846154 4254.871795 4220.512821
4222.564103 4237.435897 4204.615385 4198.461538 4222.564103 4225.128205 4208.205128 4278.974359 4258.974359 4231.794872 4231.282051 4184.102564 4258.461538 4222.051282
4215.384615 4228.205128 4195.897436 4190.256410 4221.538462 4220.000000 4200.000000 4272.820513 4249.743590 4231.282051 4229.230769 4178.974359 4247.692308 4217.948718
4214.871795 4215.384615 4189.230769 4193.846154 4225.128205 4217.435897 4193.333333 4261.538462 4241.538462 4230.256410 4224.615385 4174.358974 4245.128205 4218.974359
4224.615385 4224.615385 4196.410256 4196.410256 4226.666667 4221.025641 4206.153846 4265.128205 4254.358974 4230.769231 4226.666667 4180.000000 4260.000000 4222.051282
4230.256410 4232.820513 4202.051282 4195.384615 4223.076923 4224.615385 4217.435897 4279.487179 4268.717949 4231.282051 4238.461538 4184.102564 4263.589744 4225.128205
4218.461538 4220.512821 4195.897436 4195.897436 4222.051282 4226.153846 4212.307692 4287.179487 4265.641026 4231.282051 4234.358974 4180.000000 4248.205128 4224.102564
4207.692308 4210.769231 4187.692308 4188.717949 4222.051282 4223.076923 4201.538462 4272.820513 4251.794872 4231.794872 4222.051282 4170.256410 4241.025641 4215.384615
4221.538462 4224.102564 4195.897436 4200.512821 4225.641026 4222.564103 4208.717949 4269.230769 4258.974359 4231.794872 4237.435897 4179.487179 4259.487179 4217.948718
4224.615385 4234.358974 4197.435897 4201.025641 4225.128205 4223.076923 4211.282051 4280.512821 4266.666667 4230.256410 4251.794872 4181.025641 4267.179487 4222.564103
4198.461538 4214.358974 4182.051282 4191.794872 4224.615385 4218.974359 4189.743590 4260.512821 4238.974359 4232.307692 4232.307692 4168.205128 4239.487179 4217.948718
4245.641026 4259.487179 4214.871795 4220.512821 4226.153846 4229.230769 4228.205128 4294.358974 4283.589744 4232.820513 4255.897436 4195.897436 4278.461538 4223.589744
4362.051282 4378.461538 4287.179487 4261.538462 4221.538462 4258.974359 4332.307692 4415.384615 4417.435897 4230.256410 4341.538462 4245.641026 4398.461538 4242.564103
4407.179487 4426.153846 4313.333333 4280.512821 4221.025641 4275.384615 4376.923077 4480.000000 4478.974359 4231.282051 4386.153846 4263.076923 4448.205128 4250.769231
4387.692308 4406.153846 4296.923077 4269.230769 4224.615385 4264.615385 4355.384615 4461.025641 4456.923077 4232.820513 4370.769231 4248.205128 4419.487179 4244.102564
4386.666667 4403.076923 4293.846154 4262.564103 4226.153846 4256.410256 4351.794872 4455.384615 4457.435897 4231.794872 4364.102564 4242.051282 4412.820513 4244.615385
4384.102564 4396.923077 4293.846154 4266.666667 4227.692308 4262.564103 4356.410256 4460.512821 4458.461538 4231.794872 4369.230769 4247.692308 4413.846154 4245.641026
4371.794872 4386.153846 4285.128205 4257.435897 4226.153846 4264.615385 4351.282051 4454.871795 4446.666667 4231.794872 4365.641026 4244.102564 4400.000000 4238.974359
4375.384615 4395.384615 4288.717949 4267.179487 4227.692308 4261.538462 4355.897436 4458.974359 4459.487179 4231.794872 4364.615385 4246.666667 4398.974359 4243.076923
4364.102564 4383.589744 4281.025641 4265.641026 4228.717949 4256.923077 4348.205128 4441.025641 4444.615385 4231.282051 4351.282051 4236.923077 4385.128205 4243.076923
4334.871795 4353.333333 4261.538462 4250.256410 4225.128205 4254.358974 4329.743590 4412.307692 4403.589744 4230.769231 4335.384615 4217.948718 4355.384615 4236.410256
4345.641026 4364.615385 4273.333333 4265.128205 4225.128205 4258.461538 4339.487179 4431.794872 4420.000000 4231.794872 4348.717949 4231.794872 4363.589744 4239.487179
4382.051282 4398.461538 4296.410256 4269.230769 4226.153846 4263.076923 4361.538462 4458.974359 4460.000000 4232.307692 4368.205128 4243.589744 4397.948718 4244.615385
4372.820513 4390.769231 4290.256410 4263.589744 4225.128205 4262.051282 4352.820513 4442.051282 4453.846154 4231.794872 4363.589744 4231.794872 4389.743590 4243.589744
