4151.794872 4329.230769 4184.615385 4203.076923 4235.897436 4302.051282 4238.974359 4233.846154 4232.820513 4231.282051 4166.153846 4154.871795 4216.410256 4102.564103
4182.564103 4326.153846 4206.153846 4259.487179 4236.923077 4303.076923 4242.564103 4228.205128 4267.179487 4232.820513 4174.871795 4163.589744 4250.769231 4098.974359
4179.487179 4329.743590 4207.692308 4267.179487 4238.974359 4303.589744 4249.743590 4217.435897 4263.076923 4232.307692 4157.948718 4161.025641 4246.666667 4089.743590
4167.179487 4312.820513 4203.076923 4254.871795 4235.897436 4310.256410 4249.743590 4226.153846 4246.666667 4231.794872 4166.153846 4158.974359 4256.410256 4083.076923
4167.692308 4298.461538 4201.025641 4250.256410 4238.974359 4306.666667 4249.230769 4236.923077 4252.307692 4231.794872 4180.000000 4167.692308 4258.461538 4080.512821
4173.333333 4321.538462 4205.641026 4249.230769 4235.897436 4303.076923 4248.205128 4229.743590 4258.461538 4231.794872 4165.128205 4164.615385 4258.461538 4065.128205
4163.076923 4335.897436 4195.897436 4240.000000 4238.461538 4303.076923 4237.435897 4208.205128 4236.923077 4230.769231 4153.846154 4158.461538 4267.179487 4059.487179
4168.205128 4319.487179 4197.435897 4256.410256 4242.051282 4306.153846 4243.589744 4214.358974 4249.743590 4231.794872 4163.076923 4162.564103 4279.487179 4075.897436
4185.128205 4315.384615 4214.871795 4274.871795 4235.384615 4308.717949 4257.948718 4242.051282 4286.153846 4233.846154 4178.461538 4166.666667 4296.410256 4096.410256
4174.358974 4322.564103 4203.076923 4249.743590 4237.948718 4307.692308 4248.205128 4232.820513 4284.615385 4233.333333 4157.435897 4163.589744 4290.769231 4114.871795
4176.923077 4318.974359 4200.000000 4260.512821 4236.923077 4318.974359 4243.589744 4220.000000 4282.051282 4231.794872 4139.487179 4159.487179 4294.871795 4136.410256
4198.974359 4303.589744 4222.051282 4296.923077 4235.384615 4325.641026 4261.025641 4232.307692 4290.769231 4234.871795 4185.128205 4174.871795 4309.230769 4166.666667
4205.641026 4312.820513 4234.871795 4304.615385 4238.974359 4328.717949 4272.307692 4249.743590 4306.666667 4235.384615 4217.435897 4189.743590 4316.410256 4191.282051
4190.769231 4330.256410 4223.076923 4276.923077 4237.435897 4331.794872 4259.487179 4256.923077 4316.410256 4230.769231 4168.205128 4172.820513 4328.205128 4203.589744
4194.871795 4309.743590 4224.615385 4279.487179 4238.461538 4325.641026 4247.692308 4246.666667 4302.051282 4231.282051 4161.538462 4174.358974 4346.666667 4228.717949
4218.974359 4308.717949 4244.102564 4318.974359 4237.948718 4331.282051 4256.923077 4239.487179 4304.615385 4232.820513 4210.256410 4187.179487 4332.307692 4249.743590
4209.230769 4304.615385 4233.333333 4301.538462 4238.461538 4332.307692 4262.564103 4242.051282 4320.512821 4230.769231 4186.153846 4175.897436 4265.128205 4257.948718
4201.025641 4274.871795 4224.102564 4281.025641 4240.512821 4326.666667 4260.000000 4249.743590 4315.384615 4230.769231 4157.948718 4172.307692 4273.846154 4267.692308
4226.153846 4277.435897 4246.153846 4310.769231 4236.923077 4335.384615 4265.641026 4257.435897 4314.358974 4232.307692 4193.333333 4186.666667 4350.256410 4283.589744
4236.923077 4287.179487 4252.307692 4321.025641 4241.025641 4331.282051 4262.051282 4249.743590 4335.897436 4233.333333 4206.666667 4193.846154 4326.666667 4303.589744
4241.538462 4283.076923 4252.307692 4325.641026 4237.948718 4330.769231 4256.410256 4250.256410 4353.846154 4231.282051 4205.641026 4187.692308 4294.871795 4312.307692
4251.794872 4273.333333 4262.051282 4333.846154 4231.794872 4344.102564 4265.128205 4258.974359 4361.025641 4229.743590 4213.333333 4186.153846 4327.692308 4314.358974
4254.358974 4264.615385 4266.666667 4335.897436 4238.974359 4346.153846 4270.769231 4256.923077 4364.102564 4230.769231 4214.871795 4194.871795 4330.769231 4313.333333
4258.461538 4249.230769 4270.256410 4346.153846 4237.948718 4344.102564 4266.666667 4260.000000 4358.461538 4232.820513 4220.000000 4193.846154 4304.102564 4306.153846
4255.897436 4224.102564 4263.589744 4330.256410 4234.358974 4344.102564 4261.025641 4256.410256 4351.282051 4233.333333 4218.974359 4191.282051 4287.692308 4304.102564
4253.846154 4211.282051 4259.487179 4317.948718 4235.384615 4347.179487 4264.102564 4252.820513 4344.615385 4232.307692 4215.897436 4188.717949 4295.384615 4297.435897
4261.538462 4205.128205 4265.128205 4338.461538 4237.435897 4346.153846 4268.717949 4268.205128 4336.923077 4231.794872 4224.102564 4186.153846 4294.871795 4293.333333
4268.717949 4204.102564 4267.179487 4345.128205 4237.435897 4345.128205 4267.692308 4271.282051 4347.179487 4233.846154 4230.256410 4191.282051 4278.974359 4294.358974
4272.307692 4205.641026 4267.179487 4338.974359 4231.794872 4357.435897 4265.128205 4254.871795 4365.641026 4233.846154 4223.589744 4190.256410 4283.076923 4283.589744
4266.153846 4185.128205 4261.025641 4329.743590 4236.923077 4357.948718 4261.538462 4248.717949 4358.974359 4231.282051 4215.897436 4190.256410 4298.974359 4275.384615
4270.769231 4173.846154 4262.051282 4336.410256 4238.974359 4347.179487 4262.051282 4262.051282 4347.692308 4231.282051 4228.717949 4193.846154 4315.897436 4268.717949
4286.153846 4181.538462 4269.743590 4355.384615 4233.333333 4347.179487 4263.589744 4268.717949 4356.410256 4233.846154 4237.435897 4193.846154 4310.256410 4256.410256
4285.128205 4166.666667 4265.641026 4352.307692 4236.923077 4355.897436 4258.461538 4258.461538 4360.512821 4233.333333 4228.205128 4193.846154 4301.025641 4244.615385
4283.589744 4151.282051 4266.666667 4347.692308 4235.897436 4369.743590 4261.025641 4262.564103 4352.820513 4230.769231 4229.743590 4192.307692 4330.769231 4230.769231
4295.384615 4150.256410 4277.435897 4354.871795 4236.410256 4364.615385 4267.692308 4273.846154 4355.384615 4230.769231 4245.641026 4203.076923 4350.256410 4222.564103
4302.051282 4138.974359 4279.487179 4362.051282 4238.461538 4352.307692 4260.000000 4266.153846 4362.051282 4231.794872 4237.435897 4204.102564 4334.358974 4209.743590
4288.717949 4115.384615 4266.153846 4352.307692 4234.871795 4355.897436 4249.230769 4253.846154 4344.102564 4233.333333 4230.256410 4192.820513 4332.307692 4195.897436
4278.974359 4094.358974 4254.358974 4338.461538 4235.384615 4354.358974 4251.794872 4253.846154 4329.743590 4233.846154 4233.846154 4195.384615 4333.333333 4187.692308
4300.512821 4090.256410 4273.846154 4363.589744 4232.307692 4353.333333 4255.897436 4266.666667 4348.717949 4231.794872 4240.000000 4202.051282 4349.230769 4178.974359
4308.717949 4077.948718 4286.153846 4379.487179 4235.897436 4349.230769 4252.307692 4271.794872 4358.461538 4230.256410 4249.230769 4205.641026 4369.230769 4172.820513
4290.769231 4059.487179 4268.717949 4352.820513 4240.000000 4343.076923 4249.743590 4254.358974 4343.589744 4230.769231 4236.923077 4202.564103 4352.820513 4164.102564
4289.743590 4052.820513 4262.564103 4341.025641 4232.820513 4342.051282 4247.692308 4240.000000 4327.692308 4232.820513 4232.307692 4195.897436 4352.307692 4163.076923
4298.461538 4044.615385 4272.307692 4359.487179 4233.846154 4338.974359 4246.666667 4249.743590 4326.153846 4232.307692 4242.564103 4204.102564 4375.384615 4170.256410
4296.923077 4036.410256 4275.384615 4365.641026 4236.410256 4353.846154 4252.307692 4262.564103 4341.025641 4230.256410 4248.205128 4206.666667 4383.076923 4162.564103
4284.615385 4016.923077 4260.000000 4340.512821 4237.435897 4355.384615 4242.564103 4251.794872 4339.487179 4232.307692 4244.615385 4199.487179 4366.666667 4166.666667
4285.128205 4005.128205 4257.948718 4343.589744 4237.948718 4342.564103 4228.717949 4246.666667 4322.564103 4233.846154 4231.282051 4200.000000 4377.948718 4192.307692
4302.051282 4019.487179 4279.487179 4372.307692 4233.333333 4352.820513 4239.487179 4261.538462 4334.358974 4231.282051 4199.487179 4204.615385 4398.461538 4210.769231
4296.410256 4015.897436 4279.487179 4361.025641 4235.897436 4351.794872 4247.179487 4254.358974 4341.538462 4230.769231 4158.974359 4207.179487 4375.897436 4223.076923
4283.076923 3996.923077 4269.230769 4351.794872 4233.846154 4342.564103 4245.641026 4250.769231 4319.487179 4232.820513 4161.025641 4199.487179 4385.128205 4232.307692
4268.717949 3978.974359 4257.435897 4339.487179 4230.769231 4329.230769 4238.974359 4254.871795 4295.384615 4234.358974 4172.307692 4188.717949 4387.179487 4237.948718
4260.512821 3977.435897 4251.794872 4314.358974 4236.923077 4315.384615 4228.205128 4251.282051 4288.717949 4234.358974 4180.512821 4195.384615 4362.051282 4247.179487
4280.512821 3989.230769 4271.794872 4335.897436 4235.384615 4332.307692 4236.410256 4262.051282 4322.051282 4233.846154 4189.230769 4204.102564 4389.230769 4257.435897
4295.897436 3992.820513 4285.641026 4369.230769 4233.333333 4351.282051 4249.743590 4266.666667 4357.948718 4233.333333 4177.435897 4209.230769 4427.692308 4264.615385
4297.435897 4004.615385 4286.666667 4363.589744 4232.820513 4351.282051 4241.025641 4260.000000 4343.589744 4232.820513 4194.358974 4209.743590 4427.692308 4265.641026
4293.333333 3996.923077 4278.974359 4344.102564 4233.333333 4368.205128 4228.205128 4258.974359 4321.538462 4233.846154 4209.743590 4204.102564 4401.538462 4269.743590
4289.743590 3977.435897 4271.282051 4350.256410 4234.358974 4355.384615 4234.871795 4250.769231 4334.358974 4233.846154 4182.564103 4202.564103 4420.512821 4277.435897
4298.974359 3989.743590 4278.974359 4368.205128 4230.769231 4252.820513 4235.897436 4247.179487 4331.282051 4232.307692 4188.717949 4203.589744 4466.153846 4282.051282
4292.820513 3990.256410 4273.846154 4342.564103 4236.923077 4166.666667 4225.641026 4252.307692 4299.487179 4232.307692 4203.589744 4203.589744 4451.282051 4289.230769
4283.076923 3978.461538 4263.589744 4325.641026 4237.948718 4180.512821 4225.128205 4255.897436 4296.923077 4233.333333 4183.076923 4197.948718 4504.102564 4288.717949
4287.179487 3978.461538 4270.256410 4347.179487 4230.256410 4201.538462 4221.538462 4245.641026 4312.820513 4234.358974 4186.153846 4197.435897 4695.897436 4289.743590
4283.076923 3973.846154 4270.769231 4339.487179 4233.846154 4186.153846 4216.923077 4233.333333 4311.794872 4233.846154 4205.128205 4203.589744 4820.000000 4297.435897
4277.948718 3977.948718 4269.230769 4327.692308 4232.820513 4186.666667 4221.538462 4249.743590 4308.205128 4231.794872 4195.897436 4199.487179 4796.923077 4297.435897
4278.974359 3996.410256 4271.282051 4331.282051 4231.282051 4182.564103 4220.000000 4265.641026 4319.487179 4231.282051 4184.615385 4200.512821 4769.230769 4300.512821
4283.589744 4005.641026 4276.410256 4332.820513 4233.333333 4178.461538 4221.025641 4257.435897 4325.641026 4232.307692 4205.641026 4205.128205 4798.461538 4304.102564
4290.769231 3997.948718 4286.153846 4353.846154 4230.769231 4192.820513 4229.230769 4260.000000 4324.615385 4230.769231 4214.358974 4203.589744 4792.307692 4310.769231
4291.282051 4007.692308 4286.666667 4368.717949 4232.820513 4192.820513 4224.615385 4262.564103 4334.358974 4231.794872 4188.205128 4205.128205 4746.666667 4318.461538
4294.871795 4035.897436 4286.153846 4364.615385 4232.307692 4192.307692 4217.435897 4253.846154 4335.897436 4233.333333 4192.307692 4209.230769 4756.410256 4315.897436
4298.461538 4028.205128 4287.179487 4358.461538 4234.871795 4188.205128 4216.410256 4248.205128 4320.512821 4231.794872 4217.948718 4212.820513 4772.307692 4320.000000
4297.948718 4026.153846 4289.743590 4364.102564 4234.871795 4181.538462 4215.384615 4253.333333 4316.410256 4230.769231 4211.794872 4208.717949 4745.128205 4325.128205
4305.128205 4051.794872 4294.358974 4364.102564 4230.769231 4186.153846 4220.000000 4258.974359 4322.051282 4232.307692 4200.000000 4205.641026 4740.000000 4326.666667
4307.179487 4049.230769 4290.769231 4356.923077 4233.333333 4186.153846 4217.435897 4255.384615 4316.923077 4233.333333 4212.307692 4213.846154 4755.384615 4335.897436
4305.128205 4042.051282 4294.358974 4376.923077 4229.230769 4181.025641 4209.743590 4257.435897 4322.051282 4231.794872 4217.948718 4212.820513 4752.820513 4341.538462
4300.512821 4066.153846 4299.487179 4367.692308 4230.769231 4170.769231 4208.717949 4260.512821 4333.333333 4230.769231 4214.871795 4216.410256 4733.333333 4349.230769
4306.666667 4099.487179 4298.974359 4343.076923 4238.461538 4180.000000 4214.871795 4264.102564 4330.769231 4231.794872 4237.435897 4229.743590 4735.897436 4357.948718
4321.025641 4090.256410 4300.512821 4360.512821 4234.358974 4200.512821 4218.461538 4269.230769 4336.410256 4233.333333 4246.666667 4226.666667 4755.897436 4354.871795
4336.923077 4085.641026 4318.461538 4386.153846 4233.846154 4194.358974 4215.384615 4270.769231 4364.102564 4234.358974 4243.076923 4233.846154 4757.948718 4354.871795
4361.025641 4131.282051 4352.307692 4428.717949 4234.358974 4192.820513 4215.897436 4278.461538 4387.179487 4232.307692 4264.102564 4248.717949 4753.333333 4355.384615
4352.307692 4123.589744 4345.128205 4424.102564 4233.846154 4202.564103 4209.743590 4276.923077 4378.461538 4230.769231 4262.564103 4244.102564 4746.153846 4348.205128
4328.717949 4094.871795 4320.000000 4371.282051 4233.846154 4195.897436 4201.025641 4275.897436 4370.256410 4231.794872 4242.564103 4237.435897 4733.846154 4333.333333
4334.871795 4141.025641 4331.282051 4375.897436 4229.230769 4173.333333 4198.974359 4285.641026 4374.871795 4232.307692 4275.384615 4238.974359 4726.666667 4321.025641
4332.820513 4152.307692 4330.256410 4387.179487 4234.358974 4157.948718 4187.692308 4272.820513 4356.923077 4230.256410 4314.358974 4240.512821 4695.897436 4317.435897
4327.692308 4110.256410 4320.000000 4363.076923 4234.871795 4180.512821 4185.128205 4265.128205 4338.974359 4231.282051 4313.846154 4236.410256 4681.025641 4310.256410
4335.384615 4095.384615 4328.205128 4369.743590 4231.282051 4195.897436 4192.307692 4280.000000 4337.435897 4233.333333 4301.025641 4232.820513 4688.717949 4305.128205
4324.102564 4085.641026 4318.461538 4367.692308 4233.333333 4170.256410 4180.512821 4270.769231 4333.333333 4231.794872 4282.051282 4227.179487 4663.076923 4296.923077
4309.230769 4062.564103 4307.179487 4320.512821 4230.769231 4161.025641 4166.153846 4261.025641 4325.641026 4232.307692 4286.153846 4225.641026 4647.179487 4290.256410
4322.564103 4046.153846 4325.128205 4337.948718 4232.820513 4170.769231 4178.461538 4277.435897 4331.282051 4234.358974 4316.410256 4246.153846 4670.256410 4301.025641
4331.282051 4062.051282 4331.794872 4377.948718 4231.794872 4167.179487 4184.615385 4282.051282 4337.435897 4231.794872 4313.846154 4245.128205 4663.076923 4296.923077
4314.871795 4093.333333 4306.153846 4316.923077 4228.717949 4170.769231 4171.794872 4268.717949 4340.512821 4231.282051 4271.794872 4222.051282 4605.641026 4281.025641
4305.128205 4069.230769 4293.333333 4254.358974 4232.307692 4183.076923 4170.256410 4265.641026 4336.923077 4232.820513 4259.487179 4228.205128 4603.589744 4277.435897
4319.487179 4055.897436 4312.307692 4307.179487 4228.205128 4171.282051 4169.230769 4268.205128 4317.948718 4231.794872 4289.230769 4242.051282 4645.128205 4275.384615
4325.128205 4094.358974 4321.538462 4363.076923 4229.743590 4158.461538 4166.666667 4260.512821 4323.589744 4231.282051 4287.179487 4237.948718 4616.923077 4270.769231
4295.897436 4035.384615 4295.384615 4285.128205 4231.282051 4160.000000 4169.743590 4254.358974 4328.717949 4230.769231 4260.000000 4215.897436 4577.948718 4254.871795
4238.461538 3916.410256 4241.538462 4147.179487 4227.692308 4125.128205 4146.153846 4237.435897 4268.717949 4229.743590 4243.076923 4193.333333 4560.512821 4238.461538
4234.358974 4000.000000 4243.076923 4166.666667 4232.307692 4108.205128 4136.923077 4234.871795 4271.794872 4234.871795 4250.256410 4211.794872 4557.435897 4247.179487
4292.307692 4099.487179 4304.615385 4267.692308 4230.256410 4145.641026 4162.051282 4267.692308 4358.461538 4232.307692 4280.512821 4236.923077 4592.820513 4250.256410
4284.615385 3963.076923 4292.307692 4217.435897 4227.692308 4136.923077 4156.410256 4269.230769 4334.871795 4224.102564 4273.333333 4224.615385 4580.000000 4230.256410
4227.692308 3885.641026 4236.410256 4125.128205 4229.743590 4100.512821 4134.871795 4242.051282 4251.282051 4227.179487 4245.128205 4203.076923 4533.846154 4210.769231
4212.307692 3975.384615 4223.589744 4100.000000 4229.230769 4108.717949 4134.358974 4233.333333 4240.000000 4231.282051 4245.128205 4201.025641 4527.692308 4205.641026
4221.025641 3954.871795 4229.743590 4100.512821 4229.743590 4118.974359 4131.282051 4223.589744 4235.897436 4227.692308 4247.179487 4205.128205 4509.743590 4195.384615
4231.282051 3884.615385 4235.897436 4128.717949 4227.692308 4114.358974 4132.307692 4226.153846 4231.794872 4229.230769 4246.153846 4202.051282 4491.282051 4173.333333
4241.538462 3947.692308 4245.641026 4159.487179 4231.794872 4117.948718 4142.051282 4244.615385 4276.923077 4234.871795 4251.282051 4209.230769 4507.179487 4165.128205
4226.153846 3996.923077 4229.230769 4113.333333 4231.794872 4131.794872 4133.846154 4227.692308 4267.692308 4231.794872 4241.025641 4205.641026 4499.487179 4154.358974
4207.179487 3940.000000 4212.307692 4079.487179 4225.641026 4145.128205 4133.333333 4215.384615 4213.333333 4230.769231 4232.820513 4196.410256 4473.846154 4146.666667
4227.179487 3935.897436 4235.897436 4149.230769 4230.256410 4130.769231 4147.692308 4234.871795 4238.974359 4235.384615 4241.025641 4213.333333 4474.358974 4162.564103
4254.871795 4002.051282 4258.461538 4192.820513 4228.717949 4131.282051 4144.615385 4237.435897 4278.461538 4232.820513 4246.666667 4215.897436 4483.076923 4169.230769
4224.102564 3996.923077 4226.666667 4101.025641 4226.153846 4147.692308 4126.666667 4218.974359 4250.769231 4228.717949 4235.384615 4198.974359 4455.384615 4169.743590
4193.846154 3930.769231 4200.000000 4031.282051 4230.256410 4130.769231 4122.564103 4226.153846 4220.512821 4229.743590 4227.692308 4198.461538 4430.256410 4178.461538
4241.538462 3947.179487 4243.589744 4146.666667 4228.205128 4118.974359 4133.846154 4246.666667 4247.692308 4233.333333 4243.589744 4215.384615 4445.128205 4187.692308
4253.333333 4004.615385 4251.282051 4185.128205 4229.230769 4116.410256 4123.589744 4222.564103 4250.769231 4231.794872 4241.538462 4215.384615 4433.333333 4189.743590
4200.512821 4019.487179 4207.179487 4069.743590 4228.205128 4113.333333 4110.256410 4209.230769 4215.384615 4230.769231 4230.769231 4199.487179 4406.666667 4183.589744
4202.564103 3990.256410 4216.923077 4067.692308 4227.179487 4119.487179 4124.615385 4246.153846 4223.076923 4232.307692 4240.512821 4210.769231 4405.128205 4191.794872
4276.923077 3987.179487 4277.948718 4200.512821 4229.230769 4148.717949 4149.743590 4273.846154 4274.358974 4232.820513 4268.205128 4241.025641 4434.871795 4211.794872
4295.384615 4037.948718 4285.128205 4211.282051 4224.615385 4175.384615 4148.205128 4260.000000 4282.564103 4230.769231 4276.923077 4237.948718 4459.487179 4208.717949
4238.974359 4024.102564 4230.769231 4082.051282 4228.717949 4167.692308 4125.641026 4232.820513 4236.923077 4232.820513 4246.666667 4217.435897 4418.461538 4184.615385
4244.615385 3983.076923 4243.076923 4114.871795 4228.205128 4183.076923 4131.794872 4256.410256 4242.051282 4233.846154 4249.743590 4225.128205 4403.076923 4177.948718
4265.641026 4013.846154 4268.205128 4186.153846 4222.564103 4203.589744 4145.641026 4272.820513 4267.692308 4225.641026 4266.666667 4229.743590 4421.025641 4182.051282
4212.307692 4034.358974 4232.820513 4108.205128 4228.717949 4193.333333 4135.897436 4233.846154 4233.333333 4224.615385 4244.615385 4211.282051 4403.076923 4172.820513
4150.769231 3993.846154 4223.589744 4074.358974 4227.179487 4192.307692 4126.153846 4221.025641 4192.820513 4231.794872 4242.051282 4201.538462 4394.358974 4163.589744
4106.153846 3975.897436 4235.897436 4123.076923 4226.666667 4193.846154 4122.564103 4231.794872 4192.307692 4232.820513 4247.692308 4208.205128 4385.128205 4167.692308
4061.025641 4003.076923 4214.871795 4119.487179 4229.230769 4189.743590 4115.897436 4213.333333 4184.615385 4228.205128 4218.461538 4196.410256 4360.000000 4160.512821
4048.205128 4022.051282 4204.615385 4115.384615 4227.179487 4183.589744 4113.846154 4207.179487 4164.615385 4230.256410 4213.333333 4192.307692 4364.102564 4155.384615
4056.923077 4042.051282 4235.897436 4171.282051 4227.179487 4190.256410 4121.538462 4241.025641 4196.923077 4233.333333 4246.666667 4217.948718 4392.307692 4162.051282
4031.794872 4038.974359 4251.794872 4223.589744 4226.153846 4197.435897 4130.256410 4254.358974 4232.307692 4231.282051 4246.153846 4216.923077 4394.358974 4152.307692
4007.179487 4030.256410 4240.512821 4247.179487 4229.230769 4181.538462 4128.717949 4223.589744 4211.794872 4232.307692 4234.871795 4210.769231 4386.153846 4148.717949
4018.974359 4082.564103 4233.846154 4238.461538 4228.205128 4182.051282 4118.461538 4205.641026 4187.692308 4232.307692 4242.564103 4211.282051 4384.102564 4145.128205
4014.871795 4080.000000 4217.435897 4200.512821 4223.589744 4202.051282 4107.179487 4201.025641 4178.974359 4231.282051 4227.179487 4192.820513 4360.000000 4132.820513
4001.025641 3994.871795 4209.230769 4191.794872 4227.179487 4216.410256 4110.769231 4194.871795 4176.410256 4235.897436 4215.897436 4193.846154 4354.358974 4134.871795
4012.307692 4000.000000 4217.435897 4216.923077 4228.205128 4225.128205 4114.358974 4199.487179 4167.179487 4233.846154 4230.769231 4201.025641 4374.871795 4131.794872
3982.051282 4046.666667 4175.897436 4177.948718 4229.230769 4209.743590 4088.717949 4182.564103 4109.743590 4227.179487 4195.384615 4173.846154 4325.641026 4114.871795
3970.256410 4031.794872 4163.589744 4167.692308 4227.179487 4212.820513 4089.743590 4169.230769 4088.717949 4230.769231 4178.974359 4171.282051 4306.666667 4111.282051
4032.820513 4032.307692 4229.743590 4231.282051 4221.538462 4252.307692 4131.282051 4206.666667 4169.743590 4236.410256 4234.871795 4208.717949 4374.358974 4123.589744
4050.769231 4055.897436 4245.641026 4256.410256 4227.179487 4265.641026 4136.923077 4232.307692 4209.230769 4231.282051 4245.641026 4216.410256 4387.179487 4127.179487
4058.461538 4086.666667 4242.051282 4306.153846 4227.692308 4283.589744 4129.743590 4225.641026 4196.923077 4229.743590 4231.282051 4210.256410 4382.051282 4128.717949
4072.820513 4096.923077 4249.230769 4273.333333 4227.692308 4323.076923 4151.794872 4217.948718 4204.102564 4232.307692 4243.076923 4216.410256 4394.358974 4140.000000
4047.179487 4071.794872 4227.179487 4184.102564 4228.205128 4318.974359 4155.897436 4210.769231 4197.435897 4230.256410 4226.153846 4202.564103 4360.512821 4141.025641
4043.589744 4087.179487 4219.487179 4217.948718 4220.000000 4300.512821 4134.871795 4209.743590 4189.743590 4230.769231 4209.230769 4191.282051 4339.487179 4144.102564
4071.794872 4111.282051 4242.051282 4287.692308 4225.128205 4298.974359 4140.000000 4218.974359 4205.128205 4234.358974 4228.717949 4210.769231 4359.487179 4163.076923
4076.410256 4097.435897 4255.897436 4285.128205 4229.230769 4304.102564 4166.666667 4238.461538 4223.076923 4232.307692 4235.897436 4213.333333 4375.897436 4173.846154
4061.538462 4089.743590 4245.641026 4242.564103 4224.102564 4313.846154 4170.769231 4238.461538 4227.179487 4231.282051 4214.358974 4200.000000 4362.051282 4178.461538
4055.384615 4113.333333 4226.666667 4213.846154 4225.128205 4314.871795 4150.769231 4208.717949 4202.051282 4231.282051 4217.435897 4196.410256 4338.461538 4186.153846
4049.743590 4135.897436 4224.615385 4233.333333 4227.692308 4306.666667 4150.769231 4200.000000 4181.025641 4232.307692 4234.871795 4195.384615 4332.820513 4196.923077
4047.692308 4145.641026 4231.282051 4247.179487 4231.282051 4306.666667 4169.743590 4214.871795 4191.282051 4233.333333 4229.230769 4202.051282 4329.743590 4212.307692
4049.230769 4135.897436 4224.615385 4209.743590 4227.692308 4313.333333 4170.769231 4221.025641 4190.256410 4231.794872 4221.538462 4199.487179 4346.666667 4217.948718
4052.307692 4085.128205 4228.717949 4238.974359 4226.153846 4304.615385 4162.051282 4222.564103 4190.256410 4231.794872 4228.717949 4198.461538 4323.076923 4227.692308
4042.051282 4092.820513 4226.666667 4284.615385 4231.282051 4291.282051 4154.871795 4211.282051 4181.025641 4232.307692 4218.461538 4193.333333 4194.871795 4237.435897
4013.846154 4141.538462 4190.769231 4216.923077 4226.153846 4288.717949 4144.102564 4187.179487 4123.589744 4228.717949 4200.512821 4169.230769 4075.384615 4236.410256
4029.230769 4127.692308 4194.358974 4192.820513 4225.641026 4291.794872 4153.846154 4203.076923 4142.051282 4233.846154 4210.769231 4181.538462 4070.769231 4255.384615
4088.717949 4150.256410 4250.256410 4281.538462 4226.153846 4317.948718 4182.051282 4248.205128 4245.641026 4243.589744 4237.435897 4212.820513 4145.128205 4273.846154
4120.512821 4222.051282 4275.384615 4336.923077 4224.102564 4345.128205 4193.333333 4260.000000 4280.512821 4240.000000 4256.923077 4218.461538 4190.256410 4275.897436
4098.461538 4213.333333 4249.743590 4282.051282 4228.205128 4338.974359 4184.615385 4242.564103 4251.794872 4230.256410 4251.794872 4208.717949 4167.692308 4274.871795
4102.564103 4193.846154 4252.307692 4270.256410 4225.128205 4334.871795 4191.794872 4243.076923 4257.948718 4231.282051 4253.846154 4211.794872 4169.743590 4279.487179
4133.333333 4233.333333 4272.307692 4311.282051 4224.102564 4339.487179 4197.948718 4244.615385 4267.692308 4235.897436 4263.589744 4223.076923 4184.102564 4291.282051
4107.179487 4223.076923 4240.512821 4270.256410 4225.641026 4321.538462 4172.820513 4223.589744 4222.564103 4230.256410 4238.974359 4200.512821 4153.846154 4285.641026
4087.179487 4191.794872 4220.512821 4246.153846 4226.666667 4309.230769 4167.692308 4221.538462 4204.102564 4230.256410 4225.641026 4189.230769 4147.179487 4282.564103
4137.948718 4221.025641 4263.076923 4325.641026 4230.256410 4325.641026 4198.461538 4241.025641 4243.589744 4235.384615 4265.641026 4222.051282 4201.025641 4298.974359
4155.897436 4226.666667 4275.897436 4340.000000 4224.615385 4331.282051 4194.358974 4240.512821 4235.384615 4231.282051 4282.564103 4218.974359 4212.307692 4300.000000
4056.923077 4164.102564 4184.615385 4181.025641 4225.128205 4286.666667 4138.461538 4194.358974 4140.000000 4227.692308 4211.794872 4169.743590 4137.948718 4288.717949
4057.435897 4181.538462 4184.615385 4193.333333 4230.256410 4270.769231 4142.051282 4177.948718 4132.820513 4234.871795 4186.666667 4180.000000 4138.461538 4301.025641
4161.025641 4257.948718 4283.076923 4343.589744 4228.717949 4314.358974 4200.512821 4226.153846 4242.051282 4236.923077 4244.102564 4230.256410 4217.435897 4326.153846
4116.923077 4220.000000 4243.076923 4243.589744 4230.769231 4316.410256 4190.769231 4216.923077 4248.205128 4230.256410 4223.589744 4210.256410 4170.256410 4321.538462
4045.128205 4149.230769 4175.897436 4131.282051 4227.179487 4280.512821 4157.435897 4190.256410 4177.435897 4231.282051 4180.512821 4172.307692 4104.102564 4308.717949
4115.384615 4192.307692 4246.153846 4259.487179 4224.615385 4275.897436 4183.589744 4235.897436 4198.974359 4236.923077 4244.102564 4215.384615 4180.512821 4329.743590
4165.641026 4271.282051 4295.384615 4344.615385 4226.153846 4294.358974 4210.769231 4256.410256 4245.128205 4233.846154 4289.743590 4245.128205 4237.435897 4332.820513
4099.487179 4252.820513 4228.717949 4232.820513 4224.102564 4286.666667 4186.666667 4220.512821 4218.974359 4229.743590 4208.205128 4196.410256 4164.615385 4297.435897
4060.512821 4191.794872 4188.717949 4175.897436 4228.205128 4266.153846 4166.666667 4205.128205 4184.615385 4231.794872 4141.538462 4171.282051 4110.256410 4277.948718
4093.333333 4201.538462 4217.435897 4231.794872 4226.153846 4278.461538 4181.025641 4218.974359 4165.128205 4233.333333 4204.102564 4193.333333 4141.025641 4273.846154
4102.564103 4221.025641 4216.410256 4230.769231 4225.128205 4281.025641 4179.487179 4212.307692 4127.692308 4233.333333 4251.794872 4200.512821 4154.871795 4264.615385
4070.256410 4200.512821 4178.461538 4196.923077 4228.717949 4254.871795 4157.948718 4183.589744 4114.358974 4231.282051 4167.179487 4166.153846 4093.846154 4233.333333
4025.128205 4166.666667 4135.897436 4163.589744 4224.102564 4230.256410 4140.000000 4147.179487 4080.512821 4228.717949 4089.230769 4129.743590 4013.333333 4196.410256
4027.692308 4157.435897 4136.410256 4153.333333 4227.179487 4229.230769 4136.923077 4131.282051 4034.358974 4232.820513 4147.179487 4155.897436 4040.512821 4191.794872
4070.769231 4192.307692 4174.871795 4190.256410 4228.717949 4252.307692 4149.230769 4161.025641 4067.179487 4234.871795 4204.102564 4183.076923 4115.384615 4189.743590
4073.846154 4206.153846 4175.384615 4210.256410 4228.205128 4255.384615 4161.538462 4173.846154 4116.923077 4231.282051 4150.769231 4161.025641 4063.076923 4164.102564
4037.948718 4173.333333 4136.923077 4176.923077 4229.743590 4238.974359 4154.358974 4148.717949 4078.461538 4229.743590 4107.692308 4139.487179 3983.076923 4134.358974
4033.846154 4157.435897 4127.692308 4161.538462 4223.589744 4241.025641 4136.410256 4134.358974 4017.948718 4232.820513 4141.025641 4141.538462 4021.025641 4122.564103
4053.333333 4167.179487 4140.000000 4180.000000 4224.615385 4253.333333 4137.948718 4136.923077 4034.871795 4233.333333 4150.256410 4149.743590 4036.923077 4121.025641
4070.769231 4180.512821 4156.410256 4210.256410 4226.666667 4270.769231 4160.000000 4158.461538 4091.282051 4232.307692 4134.358974 4153.333333 4013.333333 4109.743590
4087.179487 4184.615385 4170.769231 4230.769231 4227.692308 4280.512821 4172.307692 4174.871795 4131.282051 4232.820513 4152.820513 4162.564103 4047.692308 4101.538462
4081.538462 4164.615385 4156.923077 4211.794872 4228.205128 4266.153846 4159.487179 4154.358974 4116.410256 4232.820513 4157.948718 4158.461538 4063.076923 4095.384615
4081.025641 4136.923077 4151.794872 4200.000000 4221.025641 4266.666667 4152.307692 4145.128205 4090.769231 4232.820513 4139.487179 4147.179487 4040.512821 4088.205128
4100.512821 4120.512821 4169.743590 4214.871795 4225.128205 4275.897436 4167.179487 4165.641026 4116.410256 4233.846154 4141.538462 4163.076923 4040.512821 4091.794872
4123.589744 4121.025641 4188.205128 4237.435897 4227.179487 4275.897436 4188.205128 4188.205128 4146.153846 4232.307692 4174.358974 4179.487179 4089.743590 4092.307692
4117.948718 4094.871795 4176.923077 4227.179487 4222.564103 4269.230769 4185.128205 4180.512821 4116.923077 4230.769231 4167.179487 4162.564103 4075.897436 4082.051282
4088.717949 4045.128205 4149.230769 4195.384615 4227.179487 4262.564103 4160.000000 4145.128205 4052.820513 4232.307692 4128.717949 4145.128205 4005.641026 4071.282051
4092.820513 4033.333333 4155.897436 4203.076923 4226.153846 4274.358974 4158.461538 4143.589744 4042.051282 4231.282051 4152.307692 4154.871795 4023.076923 4067.179487
4117.435897 4020.000000 4177.948718 4221.025641 4225.641026 4280.000000 4178.461538 4173.333333 4084.615385 4231.794872 4175.897436 4172.307692 4056.410256 4071.794872
4156.923077 3998.461538 4208.205128 4251.794872 4226.153846 4294.358974 4197.435897 4197.948718 4150.256410 4234.871795 4174.871795 4185.128205 4075.897436 4071.282051
4171.794872 3963.076923 4212.307692 4266.153846 4224.102564 4309.743590 4198.461538 4190.769231 4168.717949 4231.282051 4178.974359 4179.487179 4096.410256 4063.076923
4134.358974 3888.205128 4171.282051 4223.589744 4226.666667 4295.897436 4180.512821 4157.948718 4109.230769 4227.692308 4163.589744 4162.564103 4065.641026 4052.820513
4123.076923 3841.025641 4168.205128 4212.820513 4224.615385 4298.974359 4184.615385 4164.102564 4085.641026 4230.256410 4157.948718 4160.000000 4046.153846 4043.076923
4143.076923 3823.589744 4192.820513 4234.871795 4225.128205 4311.282051 4204.615385 4194.871795 4124.102564 4231.794872 4174.871795 4175.897436 4068.717949 4047.179487
4165.641026 3816.410256 4204.102564 4252.820513 4224.615385 4314.358974 4208.205128 4207.179487 4170.769231 4230.256410 4189.230769 4190.256410 4102.051282 4053.333333
4175.384615 3798.974359 4207.692308 4262.564103 4220.512821 4310.256410 4196.410256 4205.128205 4177.435897 4232.307692 4195.897436 4188.205128 4111.794872 4049.743590
4175.384615 3768.717949 4215.384615 4267.179487 4224.615385 4308.205128 4199.487179 4204.615385 4173.333333 4234.358974 4200.512821 4191.282051 4098.461538 4050.769231
4187.692308 3762.051282 4230.256410 4282.051282 4221.025641 4318.974359 4214.871795 4211.794872 4193.333333 4231.794872 4211.282051 4195.384615 4099.487179 4051.282051
4194.358974 3765.641026 4229.743590 4282.564103 4222.051282 4315.384615 4212.307692 4211.794872 4204.615385 4230.769231 4215.897436 4197.435897 4096.923077 4052.820513
4191.794872 3761.025641 4227.692308 4276.923077 4227.179487 4308.717949 4209.230769 4211.282051 4204.102564 4233.333333 4224.102564 4202.051282 4092.307692 4052.307692
4187.692308 3731.794872 4229.230769 4275.897436 4221.025641 4315.384615 4210.769231 4208.205128 4197.948718 4232.820513 4233.846154 4197.435897 4090.256410 4046.666667
4183.076923 3701.025641 4219.487179 4262.051282 4222.564103 4312.307692 4211.282051 4202.051282 4201.538462 4232.307692 4230.769231 4196.410256 4076.923077 4043.589744
4187.179487 3703.076923 4215.384615 4256.923077 4222.051282 4308.717949 4211.794872 4204.615385 4209.230769 4231.794872 4230.256410 4194.871795 4077.435897 4036.923077
4188.205128 3700.000000 4213.846154 4252.307692 4219.487179 4306.666667 4203.589744 4199.487179 4206.666667 4231.794872 4227.179487 4191.794872 4078.974359 4034.358974
4196.923077 3695.384615 4223.076923 4261.538462 4223.589744 4311.794872 4206.153846 4198.461538 4225.641026 4232.307692 4232.307692 4197.435897 4090.769231 4033.846154
4199.487179 3681.025641 4226.153846 4266.666667 4223.589744 4310.256410 4214.358974 4203.076923 4213.333333 4228.717949 4234.871795 4189.230769 4081.538462 4026.153846
4175.384615 3648.717949 4200.512821 4233.333333 4225.641026 4287.179487 4203.589744 4182.564103 4148.717949 4227.179487 4210.769231 4175.384615 4013.846154 4020.000000
4189.743590 3665.641026 4214.358974 4246.153846 4223.076923 4297.948718 4208.205128 4189.743590 4145.128205 4232.307692 4215.897436 4185.641026 4008.205128 4018.974359
4225.641026 3693.846154 4247.179487 4283.589744 4222.051282 4322.564103 4234.871795 4221.025641 4180.000000 4233.846154 4245.128205 4203.076923 4040.512821 4025.128205
4209.230769 3679.487179 4222.564103 4255.897436 4225.128205 4306.666667 4227.179487 4206.153846 4147.692308 4229.230769 4229.743590 4189.743590 3988.717949 4026.666667
4192.820513 3681.025641 4201.025641 4236.410256 4220.512821 4296.923077 4206.153846 4188.717949 4101.538462 4229.743590 4212.307692 4174.871795 3944.615385 4027.692308
4207.692308 3703.589744 4215.384615 4260.000000 4221.538462 4305.641026 4208.717949 4194.871795 4099.487179 4234.871795 4223.589744 4187.692308 3958.461538 4037.948718
4200.000000 3701.538462 4211.794872 4261.538462 4220.000000 4300.512821 4207.692308 4190.256410 4068.205128 4232.820513 4218.461538 4176.410256 3937.435897 4036.410256
4180.000000 3681.025641 4194.358974 4241.025641 4218.461538 4289.230769 4200.512821 4185.128205 4024.102564 4231.282051 4206.666667 4162.051282 3891.794872 4035.897436
4189.230769 3682.051282 4202.051282 4244.102564 4221.538462 4291.794872 4205.641026 4193.333333 4028.205128 4233.333333 4220.512821 4177.435897 3883.589744 4045.641026
4201.025641 3694.871795 4211.794872 4253.846154 4216.923077 4291.282051 4207.692308 4191.794872 4030.256410 4230.769231 4229.230769 4174.871795 3868.205128 4050.256410
4189.230769 3686.666667 4194.871795 4239.487179 4218.974359 4275.897436 4196.410256 4168.205128 3992.307692 4227.692308 4211.794872 4165.128205 3807.179487 4060.000000
4181.538462 3676.410256 4187.692308 4232.820513 4220.512821 4272.820513 4192.307692 4160.512821 3953.333333 4230.256410 4206.153846 4164.615385 3772.820513 4072.820513
4179.487179 3682.564103 4192.307692 4233.846154 4218.461538 4275.384615 4199.487179 4175.384615 3938.974359 4234.358974 4211.794872 4161.538462 3768.717949 4090.256410
4181.025641 3691.794872 4192.307692 4231.794872 4222.051282 4278.461538 4209.230769 4182.051282 3926.666667 4233.846154 4209.230769 4166.153846 3754.871795 4113.333333
4202.564103 3703.076923 4204.102564 4250.769231 4220.512821 4292.820513 4214.871795 4181.538462 3905.641026 4231.282051 4223.589744 4170.256410 3758.461538 4128.205128
4206.666667 3697.948718 4205.641026 4252.820513 4221.538462 4290.769231 4203.589744 4176.410256 3878.461538 4231.794872 4214.871795 4166.153846 3753.846154 4140.512821
4206.153846 3702.564103 4205.641026 4251.282051 4222.564103 4286.153846 4206.666667 4183.589744 3874.358974 4231.794872 4168.717949 4167.692308 3753.846154 4152.307692
4227.692308 3729.743590 4222.564103 4271.282051 4218.461538 4290.256410 4227.179487 4209.743590 3908.717949 4231.794872 4147.179487 4180.512821 3776.410256 4163.589744
4226.153846 3732.820513 4222.564103 4268.205128 4220.512821 4275.384615 4215.897436 4200.000000 3909.230769 4230.256410 4145.128205 4180.000000 3766.153846 4165.641026
4213.846154 3719.487179 4215.897436 4260.512821 4218.974359 4265.128205 4198.461538 4172.820513 3868.205128 4230.769231 4136.410256 4160.000000 3748.205128 4161.025641
4218.974359 3718.974359 4222.051282 4270.256410 4220.000000 4267.179487 4210.256410 4179.487179 3867.692308 4232.820513 4135.384615 4164.615385 3758.974359 4168.717949
4222.051282 3730.769231 4227.179487 4280.512821 4221.538462 4265.641026 4211.794872 4190.769231 3900.000000 4231.282051 4147.692308 4178.461538 3780.512821 4172.820513
4218.974359 3738.461538 4224.102564 4278.974359 4216.923077 4260.000000 4198.461538 4183.076923 3901.538462 4231.282051 4156.923077 4173.333333 3781.538462 4169.230769
4224.615385 3738.974359 4224.615385 4271.282051 4218.974359 4254.358974 4198.461538 4182.051282 3902.564103 4232.820513 4157.948718 4175.897436 3781.025641 4177.435897
4238.461538 3748.717949 4236.923077 4282.051282 4216.410256 4257.948718 4205.128205 4199.487179 3932.820513 4231.282051 4165.641026 4181.538462 3847.692308 4185.641026
4236.923077 3747.179487 4235.897436 4282.051282 4216.923077 4250.769231 4202.564103 4201.538462 3950.256410 4230.769231 4165.641026 4183.076923 3921.025641 4188.717949
4231.794872 3742.564103 4229.230769 4271.794872 4222.564103 4244.615385 4201.538462 4189.230769 3948.205128 4232.307692 4163.589744 4182.564103 3932.307692 4186.153846
4238.461538 3746.666667 4233.846154 4275.897436 4215.897436 4257.435897 4205.128205 4187.692308 3957.435897 4233.846154 4168.717949 4175.897436 3928.717949 4180.512821
4239.487179 3741.538462 4230.256410 4271.794872 4215.384615 4255.384615 4201.025641 4181.538462 3972.307692 4231.794872 4166.666667 4175.897436 3926.153846 4181.538462
4245.641026 3740.512821 4228.717949 4275.384615 4216.923077 4245.641026 4195.897436 4184.102564 3972.307692 4230.256410 4172.820513 4177.435897 3927.692308 4179.487179
4245.641026 3732.820513 4225.641026 4270.256410 4216.410256 4237.435897 4190.256410 4185.128205 3956.923077 4232.307692 4173.846154 4173.846154 3918.974359 4175.384615
4232.820513 3726.666667 4217.435897 4254.358974 4215.897436 4228.717949 4189.230769 4171.282051 3950.769231 4232.820513 4162.051282 4168.717949 3904.102564 4168.205128
4242.564103 3746.666667 4232.307692 4268.205128 4212.820513 4237.435897 4194.358974 4182.051282 3981.025641 4231.282051 4172.820513 4173.846154 3915.384615 4163.076923
4260.512821 3764.615385 4249.743590 4285.641026 4217.948718 4248.717949 4192.820513 4193.333333 4035.384615 4231.794872 4192.820513 4190.256410 3933.846154 4173.333333
4251.282051 3763.076923 4241.538462 4275.897436 4215.384615 4245.128205 4188.205128 4171.794872 4047.692308 4232.307692 4189.230769 4180.512821 3931.282051 4173.333333
4215.384615 3738.974359 4211.282051 4241.025641 4213.333333 4223.076923 4178.461538 4149.230769 4002.564103 4231.282051 4164.102564 4157.435897 3892.820513 4166.153846
4222.051282 3736.410256 4216.923077 4243.076923 4220.512821 4225.128205 4187.179487 4167.692308 4016.410256 4232.307692 4166.666667 4170.256410 3891.282051 4176.410256
4282.564103 3778.974359 4271.794872 4303.589744 4216.410256 4257.435897 4225.128205 4205.641026 4110.256410 4232.307692 4210.769231 4196.410256 3961.025641 4192.307692
4279.487179 3771.282051 4266.153846 4298.461538 4216.410256 4243.589744 4224.102564 4188.717949 4104.615385 4230.769231 4205.641026 4185.641026 3946.666667 4189.743590
4241.538462 3731.282051 4224.102564 4252.307692 4216.410256 4223.076923 4197.948718 4164.102564 4045.641026 4230.769231 4170.769231 4164.615385 3886.666667 4177.435897
4269.230769 3755.897436 4249.230769 4277.435897 4212.820513 4249.743590 4216.410256 4195.384615 4112.820513 4233.846154 4195.897436 4186.153846 3928.205128 4187.692308
4306.153846 3798.461538 4286.153846 4318.461538 4215.897436 4263.076923 4241.025641 4218.974359 4193.846154 4233.846154 4233.333333 4207.692308 3986.153846 4198.461538
4291.282051 3794.358974 4272.307692 4305.128205 4212.307692 4249.230769 4226.666667 4198.461538 4165.128205 4230.769231 4223.589744 4185.641026 3971.794872 4185.641026
4274.871795 3776.923077 4250.769231 4275.384615 4211.282051 4239.487179 4209.743590 4180.000000 4138.461538 4231.282051 4206.666667 4175.897436 3943.589744 4184.102564
4289.743590 3787.692308 4258.461538 4282.051282 4215.897436 4239.487179 4212.307692 4187.179487 4160.000000 4233.333333 4215.384615 4187.179487 3957.435897 4190.256410
4291.794872 3790.769231 4262.564103 4292.820513 4215.384615 4237.948718 4215.897436 4189.743590 4160.000000 4232.820513 4219.487179 4184.615385 3967.692308 4189.743590
4277.435897 3781.025641 4252.307692 4285.641026 4215.384615 4240.512821 4214.871795 4177.948718 4147.692308 4231.794872 4213.333333 4178.974359 3961.025641 4190.256410
4281.538462 3789.743590 4258.461538 4293.333333 4214.358974 4248.717949 4219.487179 4184.102564 4155.384615 4230.769231 4221.025641 4177.948718 3975.897436 4188.717949
4279.487179 3786.666667 4254.871795 4287.179487 4216.923077 4239.487179 4216.923077 4180.000000 4157.948718 4230.769231 4221.025641 4178.974359 3973.333333 4188.717949
4275.897436 3784.102564 4249.743590 4282.051282 4214.871795 4239.487179 4213.846154 4158.974359 4158.974359 4231.794872 4218.461538 4179.487179 3969.230769 4186.666667
4284.615385 3798.974359 4259.487179 4300.000000 4212.307692 4252.820513 4218.974359 4162.051282 4168.717949 4232.307692 4230.256410 4180.000000 3988.205128 4183.589744
4285.641026 3807.179487 4262.051282 4304.102564 4218.461538 4250.256410 4219.487179 4178.974359 4182.051282 4231.282051 4236.923077 4185.641026 3994.871795 4184.615385
4286.666667 3805.128205 4259.487179 4300.512821 4214.871795 4245.641026 4213.333333 4181.538462 4180.512821 4230.769231 4234.871795 4181.025641 3994.358974 4175.897436
4281.025641 3793.846154 4246.153846 4284.615385 4215.384615 4242.051282 4207.692308 4168.205128 4157.435897 4232.307692 4227.179487 4174.358974 3979.487179 4166.153846
4273.333333 3800.000000 4236.410256 4273.846154 4217.948718 4246.666667 4211.794872 4166.666667 4144.615385 4231.794872 4226.666667 4173.846154 3967.692308 4157.948718
4281.025641 3825.128205 4244.615385 4285.641026 4211.794872 4258.974359 4218.461538 4178.974359 4158.974359 4232.820513 4233.333333 4173.846154 3983.589744 4153.333333
4292.820513 3835.384615 4255.897436 4295.384615 4215.897436 4254.871795 4212.307692 4175.897436 4178.974359 4234.358974 4237.435897 4184.615385 3997.435897 4156.923077
4311.282051 3844.102564 4273.333333 4316.410256 4214.871795 4248.205128 4207.692308 4173.333333 4193.846154 4232.820513 4269.230769 4193.333333 4016.923077 4157.948718
4320.000000 3842.051282 4278.974359 4327.179487 4211.282051 4243.589744 4209.230769 4176.923077 4203.076923 4233.333333 4305.641026 4195.897436 4027.179487 4161.538462
4317.948718 3835.897436 4278.974359 4320.512821 4213.846154 4250.256410 4212.820513 4180.512821 4210.256410 4233.846154 4309.230769 4198.461538 4028.205128 4161.538462
4315.384615 3836.410256 4274.358974 4313.846154 4212.820513 4266.153846 4212.307692 4184.615385 4199.487179 4232.307692 4300.512821 4189.230769 4026.153846 4154.358974
4300.512821 3824.615385 4254.358974 4298.974359 4216.923077 4257.435897 4202.051282 4170.769231 4175.897436 4233.846154 4289.743590 4177.435897 4001.025641 4153.333333
4300.512821 3831.794872 4259.487179 4309.743590 4215.897436 4256.410256 4205.128205 4169.230769 4190.256410 4233.846154 4293.846154 4178.974359 4007.179487 4158.461538
4307.179487 3847.179487 4270.769231 4320.512821 4212.307692 4265.641026 4215.384615 4184.615385 4205.641026 4230.769231 4305.128205 4186.153846 4027.179487 4169.230769
4296.923077 3840.000000 4255.384615 4303.076923 4214.871795 4257.948718 4210.769231 4182.564103 4175.384615 4231.282051 4297.435897 4181.025641 4013.846154 4172.307692
4288.717949 3830.769231 4247.179487 4292.307692 4212.307692 4252.307692 4203.589744 4171.282051 4148.205128 4233.333333 4291.282051 4172.307692 4007.692308 4170.256410
4291.282051 3827.179487 4253.333333 4287.692308 4214.358974 4252.307692 4205.128205 4164.615385 4158.974359 4233.333333 4299.487179 4182.564103 4018.461538 4183.589744
4296.410256 3838.461538 4259.487179 4289.230769 4213.846154 4255.384615 4209.743590 4169.230769 4169.743590 4231.794872 4308.717949 4187.692308 4031.282051 4191.794872
4280.512821 3842.051282 4242.564103 4274.358974 4212.820513 4246.153846 4195.897436 4156.923077 4133.846154 4230.769231 4290.256410 4170.769231 4004.615385 4191.282051
4262.051282 3836.410256 4222.564103 4254.358974 4217.435897 4238.461538 4181.538462 4131.282051 4097.435897 4232.307692 4269.743590 4160.512821 3970.769231 4197.435897
4289.743590 3870.769231 4251.282051 4286.153846 4214.871795 4265.128205 4210.256410 4160.000000 4137.435897 4233.333333 4293.333333 4176.923077 4009.743590 4212.820513
4323.076923 3913.333333 4285.641026 4323.076923 4214.358974 4283.076923 4241.538462 4208.717949 4208.717949 4233.333333 4323.589744 4205.128205 4061.025641 4228.205128
4318.461538 3910.256410 4278.461538 4316.410256 4212.820513 4276.410256 4226.666667 4208.205128 4214.358974 4232.820513 4322.051282 4201.538462 4057.948718 4225.641026
4309.230769 3898.461538 4268.717949 4304.102564 4211.794872 4271.794872 4208.717949 4187.179487 4191.282051 4233.333333 4308.717949 4185.128205 4040.512821 4228.205128
4310.769231 3913.333333 4270.769231 4307.692308 4215.384615 4270.256410 4220.000000 4180.000000 4189.230769 4232.820513 4301.025641 4184.615385 4032.307692 4239.487179
4303.076923 3916.410256 4263.589744 4303.076923 4212.820513 4260.512821 4217.435897 4176.410256 4171.794872 4232.820513 4294.358974 4177.435897 4023.589744 4242.051282
4291.794872 3895.897436 4254.358974 4285.128205 4215.384615 4241.025641 4197.948718 4167.692308 4154.358974 4234.358974 4284.102564 4174.358974 4007.179487 4255.897436
4303.589744 3909.743590 4267.179487 4296.923077 4214.871795 4245.641026 4206.666667 4169.743590 4169.230769 4232.820513 4287.692308 4181.025641 4015.384615 4276.923077
4308.717949 3929.230769 4270.769231 4307.179487 4210.769231 4261.025641 4219.487179 4176.923077 4171.282051 4230.256410 4294.871795 4178.974359 4021.538462 4289.230769
4289.743590 3915.384615 4249.230769 4281.025641 4215.897436 4255.384615 4202.564103 4165.128205 4142.051282 4232.307692 4283.589744 4174.871795 3994.871795 4295.384615
4300.000000 3921.025641 4256.923077 4286.153846 4214.358974 4257.435897 4200.000000 4169.743590 4153.333333 4233.846154 4287.692308 4178.974359 4007.179487 4304.102564
4312.820513 3932.307692 4271.282051 4305.128205 4213.846154 4262.564103 4217.948718 4185.128205 4181.025641 4233.333333 4294.871795 4187.692308 4026.153846 4320.512821
4294.358974 3927.692308 4254.358974 4291.282051 4215.384615 4257.948718 4214.358974 4175.384615 4158.461538 4231.282051 4276.923077 4179.487179 4005.128205 4326.153846
4286.666667 3929.230769 4244.102564 4276.923077 4211.794872 4256.923077 4202.051282 4168.205128 4141.025641 4231.794872 4272.307692 4169.743590 4000.512821 4328.717949
4293.846154 3930.256410 4250.769231 4275.384615 4216.410256 4255.897436 4206.153846 4173.846154 4164.615385 4234.871795 4281.025641 4178.461538 4009.743590 4337.948718
4292.820513 3925.641026 4250.256410 4275.384615 4215.384615 4257.948718 4209.743590 4172.307692 4155.897436 4232.307692 4273.846154 4173.333333 4004.615385 4332.307692
4284.615385 3919.487179 4237.435897 4265.641026 4212.820513 4252.820513 4203.589744 4165.641026 4127.692308 4230.256410 4259.487179 4164.102564 3990.769231 4326.666667
4272.820513 3917.435897 4225.128205 4252.307692 4212.307692 4236.923077 4193.333333 4158.974359 4122.051282 4231.794872 4254.871795 4157.948718 3982.051282 4324.102564
4260.512821 3920.512821 4220.000000 4245.128205 4208.205128 4233.846154 4187.692308 4152.820513 4113.846154 4231.794872 4253.333333 4148.205128 3978.461538 4317.948718
4279.487179 3944.102564 4239.487179 4263.076923 4211.794872 4261.538462 4204.615385 4165.128205 4145.128205 4232.307692 4264.615385 4170.256410 4002.051282 4324.615385
4309.743590 3972.820513 4263.589744 4292.820513 4210.769231 4283.589744 4224.102564 4191.794872 4191.794872 4232.820513 4282.051282 4184.615385 4036.923077 4326.666667
4292.307692 3960.000000 4247.692308 4275.897436 4209.743590 4267.692308 4214.358974 4178.461538 4168.717949 4232.307692 4270.256410 4164.615385 4018.461538 4318.461538
4280.512821 3957.435897 4238.974359 4262.051282 4213.846154 4261.025641 4204.102564 4156.410256 4145.128205 4231.282051 4258.974359 4161.538462 4006.153846 4313.333333
4307.179487 3987.692308 4257.948718 4287.692308 4210.256410 4275.384615 4207.692308 4175.897436 4173.333333 4231.794872 4274.358974 4175.384615 4040.000000 4312.820513
4305.128205 3987.179487 4249.743590 4280.512821 4212.307692 4264.102564 4206.153846 4182.564103 4181.538462 4232.820513 4271.794872 4176.923077 4037.948718 4314.358974
4295.897436 3980.000000 4243.076923 4265.641026 4213.333333 4257.435897 4210.256410 4169.230769 4167.179487 4231.794872 4264.615385 4168.717949 4030.769231 4310.256410
4304.102564 3985.128205 4250.769231 4267.692308 4213.333333 4265.641026 4212.820513 4167.692308 4172.307692 4231.794872 4272.820513 4167.179487 4043.589744 4310.256410
4295.384615 3978.974359 4238.974359 4253.333333 4214.871795 4252.820513 4200.512821 4163.076923 4166.666667 4233.333333 4266.666667 4166.666667 4036.923077 4312.820513
4292.820513 3981.538462 4241.025641 4254.871795 4209.743590 4245.641026 4202.564103 4161.538462 4164.615385 4232.820513 4266.666667 4166.153846 4044.102564 4314.358974
4309.743590 3992.307692 4262.051282 4272.307692 4212.820513 4257.435897 4218.461538 4174.358974 4190.769231 4231.794872 4278.461538 4176.923077 4063.076923 4322.051282
4315.384615 4006.666667 4272.820513 4280.512821 4214.358974 4271.794872 4221.538462 4186.666667 4212.820513 4232.307692 4285.641026 4178.974359 4074.358974 4319.487179
4291.794872 4007.179487 4254.871795 4263.076923 4210.256410 4264.615385 4212.820513 4173.333333 4192.820513 4232.820513 4274.358974 4167.692308 4056.410256 4307.692308
4281.025641 4005.128205 4244.615385 4248.205128 4214.871795 4256.410256 4213.333333 4161.025641 4174.871795 4232.307692 4262.564103 4168.717949 4040.000000 4305.128205
4300.000000 4022.051282 4262.564103 4268.205128 4213.333333 4270.769231 4222.051282 4175.384615 4188.717949 4230.769231 4273.333333 4175.384615 4060.000000 4306.666667
4297.435897 4018.461538 4255.897436 4264.615385 4212.820513 4267.692308 4218.461538 4175.897436 4188.717949 4232.307692 4269.743590 4172.820513 4056.410256 4305.128205
4285.641026 4008.205128 4246.666667 4249.743590 4213.333333 4262.051282 4220.512821 4174.871795 4191.282051 4231.794872 4265.641026 4167.179487 4055.384615 4301.538462
4288.717949 4009.230769 4256.923077 4253.333333 4210.769231 4264.102564 4225.641026 4187.179487 4206.666667 4228.717949 4274.871795 4169.743590 4071.282051 4308.205128
4290.769231 4004.102564 4255.384615 4251.794872 4213.846154 4253.846154 4221.538462 4181.538462 4196.410256 4229.230769 4269.230769 4174.358974 4059.487179 4317.435897
4288.717949 4003.076923 4245.641026 4246.153846 4211.282051 4255.897436 4221.025641 4173.333333 4176.923077 4232.307692 4260.512821 4163.589744 4045.641026 4321.538462
4279.487179 4005.641026 4237.435897 4233.333333 4212.820513 4261.538462 4221.538462 4172.820513 4180.000000 4232.307692 4258.974359 4157.948718 4043.076923 4340.000000
4284.615385 4026.666667 4247.179487 4252.307692 4214.871795 4266.666667 4230.769231 4187.179487 4206.153846 4231.794872 4267.692308 4164.615385 4059.487179 4362.051282
4300.512821 4050.256410 4262.564103 4268.717949 4212.307692 4271.794872 4241.025641 4204.102564 4221.538462 4233.846154 4276.410256 4169.743590 4078.974359 4377.435897
4292.820513 4049.230769 4256.410256 4211.282051 4215.384615 4267.179487 4232.820513 4192.307692 4210.256410 4234.358974 4271.794872 4172.820513 4068.205128 4386.666667
4289.743590 4054.358974 4251.794872 4163.076923 4213.333333 4269.230769 4229.230769 4186.666667 4192.820513 4233.333333 4268.717949 4167.179487 4063.076923 4385.128205
4288.205128 4057.948718 4247.179487 4163.076923 4212.307692 4265.128205 4231.794872 4185.641026 4181.025641 4233.846154 4260.000000 4161.025641 4056.410256 4390.769231
4281.538462 4056.410256 4241.538462 4170.256410 4211.794872 4258.461538 4228.205128 4176.923077 4176.410256 4231.794872 4255.384615 4163.589744 4047.179487 4396.923077
4300.000000 4074.358974 4255.897436 4181.025641 4209.743590 4264.615385 4238.461538 4190.256410 4195.897436 4231.794872 4271.282051 4171.794872 4068.205128 4398.461538
4316.923077 4080.000000 4264.102564 4186.153846 4216.410256 4268.205128 4251.282051 4204.102564 4216.410256 4233.333333 4273.333333 4177.948718 4077.435897 4404.615385
4315.897436 4066.153846 4256.410256 4186.153846 4212.307692 4268.205128 4243.076923 4193.333333 4203.076923 4230.769231 4261.538462 4170.256410 4067.692308 4405.128205
4335.384615 4082.051282 4251.282051 4183.076923 4209.230769 4265.128205 4233.333333 4181.538462 4190.769231 4230.256410 4260.000000 4170.256410 4066.153846 4409.743590
4388.205128 4083.589744 4258.974359 4189.743590 4213.846154 4265.128205 4241.025641 4190.256410 4211.282051 4231.794872 4266.666667 4176.410256 4078.974359 4414.871795
4422.051282 3979.487179 4261.025641 4191.794872 4210.769231 4265.641026 4246.666667 4198.974359 4217.435897 4230.256410 4268.205128 4167.692308 4084.102564 4409.743590
4417.948718 3858.974359 4236.923077 4163.589744 4210.769231 4252.820513 4231.794872 4182.564103 4180.000000 4229.230769 4252.820513 4161.538462 4058.974359 4405.641026
4435.897436 3866.153846 4235.384615 4164.102564 4211.282051 4255.384615 4230.769231 4179.487179 4173.333333 4230.769231 4255.384615 4167.179487 4067.179487 4409.230769
4464.102564 3909.743590 4258.974359 4191.794872 4214.871795 4270.256410 4249.743590 4201.538462 4216.923077 4231.794872 4271.794872 4173.846154 4097.435897 4415.897436
4460.000000 3903.589744 4265.641026 4194.871795 4216.923077 4266.153846 4254.871795 4204.615385 4230.769231 4232.307692 4267.692308 4169.230769 4098.461538 4406.666667
4456.410256 3909.743590 4266.153846 4193.333333 4209.230769 4254.871795 4247.179487 4194.358974 4220.000000 4232.820513 4265.641026 4167.179487 4105.128205 4395.384615
4453.846154 3924.615385 4263.076923 4193.333333 4211.282051 4242.564103 4242.051282 4193.333333 4227.179487 4233.333333 4268.717949 4176.923077 4110.256410 4391.794872
4443.589744 3935.897436 4257.948718 4195.897436 4213.846154 4242.051282 4246.153846 4196.410256 4234.871795 4233.846154 4266.153846 4170.256410 4106.666667 4376.410256
4430.256410 3940.512821 4249.743590 4189.743590 4210.256410 4243.589744 4244.615385 4185.128205 4214.358974 4232.820513 4254.358974 4157.435897 4097.948718 4363.589744
4418.974359 3929.743590 4237.948718 4173.846154 4211.282051 4237.948718 4235.384615 4173.333333 4190.256410 4232.307692 4244.102564 4158.461538 4088.205128 4360.512821
4429.743590 3942.564103 4245.128205 4185.128205 4210.256410 4250.256410 4240.512821 4192.820513 4207.692308 4232.820513 4253.846154 4162.564103 4104.102564 4356.410256
4433.333333 3952.307692 4249.230769 4192.820513 4213.846154 4257.948718 4240.512821 4193.846154 4223.589744 4232.307692 4255.384615 4162.564103 4105.641026 4353.846154
4419.487179 3943.589744 4241.538462 4184.102564 4212.307692 4246.666667 4229.743590 4169.743590 4198.974359 4231.282051 4243.076923 4154.358974 4089.230769 4347.179487
4417.435897 3949.230769 4245.128205 4188.717949 4209.743590 4260.000000 4239.487179 4177.435897 4198.974359 4232.307692 4246.153846 4154.358974 4095.897436 4346.153846
4426.666667 3968.205128 4258.461538 4207.179487 4215.384615 4327.179487 4260.512821 4207.692308 4249.230769 4231.282051 4260.512821 4169.230769 4125.128205 4351.794872
4424.615385 3969.230769 4260.512821 4214.358974 4213.333333 4388.717949 4255.384615 4210.769231 4259.487179 4230.256410 4262.564103 4165.128205 4138.461538 4344.102564
4405.641026 3949.230769 4243.589744 4195.384615 4212.820513 4381.538462 4241.538462 4188.717949 4226.666667 4232.307692 4248.205128 4156.923077 4113.333333 4337.948718
4398.461538 3953.846154 4241.538462 4197.435897 4212.820513 4366.666667 4249.230769 4190.769231 4222.564103 4231.282051 4246.666667 4161.025641 4108.717949 4334.358974
4395.897436 3964.102564 4242.564103 4203.076923 4211.282051 4372.307692 4248.717949 4198.974359 4225.128205 4229.743590 4250.256410 4159.487179 4122.051282 4325.128205
4385.641026 3962.051282 4229.743590 4188.717949 4215.897436 4361.538462 4232.307692 4177.948718 4206.666667 4231.282051 4238.461538 4154.358974 4112.307692 4316.410256
4386.666667 3969.743590 4228.717949 4187.692308 4213.846154 4354.871795 4227.692308 4167.692308 4188.717949 4230.256410 4233.846154 4146.666667 4104.615385 4306.666667
4385.641026 3972.820513 4229.230769 4182.051282 4213.333333 4353.846154 4230.256410 4175.897436 4177.435897 4231.794872 4232.307692 4151.282051 4097.435897 4304.615385
4392.307692 3987.179487 4237.948718 4181.538462 4213.846154 4356.410256 4235.897436 4175.384615 4194.871795 4233.846154 4237.435897 4165.128205 4111.282051 4300.000000
4389.230769 3994.358974 4237.435897 4181.025641 4210.256410 4357.948718 4238.974359 4167.692308 4201.025641 4229.743590 4238.974359 4155.897436 4116.923077 4284.615385
4354.358974 3971.282051 4201.538462 4147.692308 4212.820513 4337.948718 4222.564103 4155.384615 4153.333333 4228.205128 4214.358974 4136.923077 4070.769231 4271.794872
4352.820513 3978.461538 4195.897436 4145.641026 4208.717949 4332.307692 4216.923077 4163.589744 4141.025641 4230.769231 4215.384615 4141.025641 4065.641026 4270.256410
4371.282051 3998.461538 4214.871795 4165.128205 4208.717949 4338.461538 4229.230769 4178.974359 4178.974359 4230.769231 4234.871795 4150.769231 4091.282051 4273.846154
4360.512821 3984.102564 4207.692308 4156.410256 4215.897436 4335.897436 4233.846154 4169.743590 4169.230769 4230.256410 4222.051282 4136.410256 4074.871795 4260.512821
4353.333333 3976.410256 4203.589744 4151.794872 4212.307692 4334.358974 4230.769231 4164.102564 4144.102564 4232.307692 4213.333333 4132.307692 4067.179487 4249.230769
4371.794872 3989.230769 4223.589744 4166.153846 4211.282051 4334.358974 4233.846154 4183.076923 4175.897436 4232.820513 4233.333333 4157.948718 4095.897436 4258.461538
4371.282051 3980.512821 4226.153846 4167.179487 4211.282051 4344.102564 4235.897436 4188.717949 4189.743590 4229.230769 4238.974359 4154.871795 4108.205128 4249.743590
4326.666667 3937.948718 4188.717949 4130.769231 4211.794872 4338.461538 4225.128205 4157.948718 4133.333333 4229.743590 4207.179487 4126.153846 4063.076923 4227.692308
4309.230769 3928.717949 4178.461538 4121.538462 4214.871795 4322.051282 4224.102564 4153.846154 4118.974359 4232.307692 4197.435897 4126.666667 4047.692308 4215.897436
4335.897436 3955.384615 4201.538462 4148.717949 4214.358974 4321.025641 4228.717949 4179.487179 4156.410256 4230.769231 4222.564103 4141.025641 4085.128205 4217.948718
4343.589744 3960.512821 4200.512821 4145.128205 4217.948718 4324.615385 4226.666667 4182.051282 4167.692308 4227.692308 4225.641026 4147.179487 4091.794872 4227.179487
4329.743590 3954.871795 4185.128205 4132.307692 4211.794872 4326.153846 4227.179487 4170.769231 4145.641026 4229.743590 4187.692308 4134.871795 4079.487179 4220.000000
4309.743590 3937.948718 4169.230769 4118.974359 4210.769231 4314.871795 4217.948718 4153.333333 4107.179487 4233.333333 4132.820513 4117.435897 4061.025641 4209.230769
4317.948718 3947.692308 4181.538462 4130.256410 4217.948718 4311.794872 4216.923077 4148.717949 4120.000000 4232.820513 4125.128205 4131.794872 4071.282051 4218.461538
4349.743590 3993.333333 4220.000000 4172.820513 4211.282051 4330.769231 4236.923077 4178.974359 4187.179487 4232.307692 4162.051282 4153.846154 4123.076923 4229.230769
4345.128205 3995.897436 4218.461538 4171.282051 4211.794872 4334.871795 4242.564103 4189.230769 4198.461538 4231.794872 4162.564103 4151.282051 4125.641026 4231.794872
4325.128205 3978.461538 4194.358974 4152.307692 4213.333333 4322.564103 4230.769231 4167.692308 4155.384615 4229.743590 4140.000000 4131.282051 4098.974359 4230.256410
4323.589744 3982.564103 4190.769231 4161.025641 4208.717949 4304.615385 4226.666667 4161.025641 4148.205128 4230.256410 4142.051282 4125.641026 4098.974359 4240.000000
4327.179487 3993.333333 4197.948718 4172.307692 4212.307692 4300.000000 4234.358974 4174.358974 4176.410256 4232.307692 4150.256410 4139.487179 4108.205128 4253.846154
4333.846154 4002.564103 4207.179487 4178.974359 4213.333333 4321.538462 4242.564103 4193.846154 4192.307692 4231.282051 4157.435897 4143.076923 4121.025641 4258.461538
4333.333333 3995.897436 4204.102564 4172.820513 4213.846154 4327.692308 4233.846154 4190.769231 4190.769231 4230.256410 4156.410256 4142.564103 4123.076923 4267.179487
4323.589744 3988.205128 4195.384615 4166.153846 4211.282051 4318.461538 4215.384615 4179.487179 4180.512821 4229.743590 4150.256410 4138.974359 4115.897436 4273.846154
4311.282051 3986.153846 4187.179487 4159.487179 4210.256410 4313.333333 4203.589744 4186.666667 4165.641026 4230.769231 4145.641026 4132.307692 4111.794872 4275.897436
4306.153846 3989.743590 4180.512821 4149.230769 4215.897436 4310.256410 4197.948718 4185.641026 4165.128205 4233.846154 4146.153846 4132.820513 4113.846154 4281.538462
4321.025641 4006.666667 4195.384615 4164.615385 4212.307692 4317.948718 4201.025641 4185.641026 4187.692308 4232.307692 4159.487179 4137.435897 4134.358974 4291.282051
4323.589744 4010.256410 4201.025641 4171.794872 4211.794872 4314.358974 4201.538462 4182.564103 4198.974359 4229.230769 4158.974359 4143.076923 4135.897436 4301.538462
4318.974359 4012.307692 4195.897436 4170.256410 4214.358974 4306.153846 4198.974359 4174.358974 4194.358974 4230.256410 4153.846154 4143.076923 4136.923077 4302.051282
4324.615385 4016.923077 4202.051282 4171.794872 4211.794872 4309.743590 4204.102564 4184.615385 4201.538462 4232.820513 4161.538462 4138.974359 4150.769231 4303.076923
4314.358974 4009.230769 4198.461538 4160.512821 4214.358974 4305.128205 4207.692308 4193.846154 4195.897436 4231.794872 4158.974359 4134.358974 4139.487179 4304.615385
4297.948718 4000.000000 4188.717949 4154.871795 4212.307692 4300.000000 4205.128205 4185.128205 4174.358974 4229.230769 4153.333333 4125.128205 4131.794872 4294.358974
4290.256410 3964.615385 4178.461538 4148.205128 4212.820513 4296.923077 4201.025641 4168.205128 4167.179487 4231.282051 4150.256410 4126.153846 4130.256410 4289.743590
4284.615385 3928.717949 4170.769231 4141.538462 4214.871795 4300.000000 4199.487179 4170.769231 4167.179487 4232.307692 4145.641026 4126.153846 4126.666667 4289.230769
4274.358974 3926.666667 4163.589744 4138.974359 4212.307692 4300.512821 4192.307692 4176.410256 4146.153846 4230.769231 4138.974359 4114.358974 4123.076923 4287.179487
4277.435897 3941.025641 4167.692308 4142.051282 4214.871795 4298.974359 4191.794872 4169.230769 4152.307692 4230.256410 4143.589744 4122.564103 4130.769231 4295.897436
4307.692308 3967.692308 4197.948718 4176.410256 4210.769231 4315.897436 4216.923077 4193.333333 4210.769231 4231.794872 4172.820513 4140.512821 4174.358974 4303.589744
4318.974359 3979.487179 4210.256410 4191.282051 4212.820513 4318.461538 4221.538462 4212.820513 4233.846154 4231.794872 4181.025641 4144.102564 4191.282051 4305.128205
4304.615385 3963.589744 4197.435897 4176.410256 4216.923077 4302.564103 4194.871795 4189.743590 4205.128205 4230.256410 4164.102564 4137.435897 4173.333333 4299.487179
4302.564103 3945.641026 4196.923077 4178.974359 4211.794872 4300.512821 4191.282051 4177.948718 4195.897436 4230.769231 4166.666667 4135.384615 4176.410256 4294.358974
4300.000000 3935.897436 4194.871795 4179.487179 4217.435897 4303.589744 4204.615385 4186.666667 4202.564103 4232.307692 4169.230769 4138.461538 4175.384615 4295.897436
4290.256410 3936.410256 4185.641026 4174.358974 4217.435897 4308.205128 4201.538462 4184.102564 4191.794872 4231.282051 4162.051282 4129.230769 4170.769231 4292.307692
4282.051282 3935.384615 4181.538462 4171.282051 4212.307692 4310.256410 4196.410256 4178.974359 4189.230769 4231.794872 4163.589744 4129.743590 4175.384615 4293.333333
4279.487179 3938.974359 4188.717949 4173.333333 4212.820513 4304.102564 4202.564103 4186.666667 4207.692308 4232.820513 4170.769231 4144.102564 4185.641026 4293.846154
4281.538462 3950.256410 4194.871795 4179.487179 4208.717949 4300.512821 4206.666667 4190.256410 4214.871795 4232.307692 4175.897436 4141.538462 4197.948718 4288.205128
4270.256410 3950.256410 4183.076923 4170.769231 4211.794872 4294.358974 4197.948718 4178.461538 4202.051282 4233.333333 4168.717949 4132.307692 4188.717949 4283.076923
4269.743590 3960.512821 4187.179487 4176.923077 4212.820513 4302.051282 4199.487179 4182.564103 4201.538462 4233.333333 4169.230769 4132.307692 4192.820513 4275.897436
4276.923077 3972.820513 4202.564103 4186.153846 4211.794872 4307.179487 4211.794872 4193.333333 4216.410256 4232.307692 4176.410256 4140.512821 4207.179487 4273.846154
4260.000000 3964.102564 4188.205128 4169.743590 4215.384615 4291.282051 4207.692308 4182.564103 4201.538462 4232.307692 4167.692308 4136.923077 4188.205128 4269.743590
4250.769231 3965.128205 4177.948718 4167.179487 4211.282051 4292.820513 4200.512821 4174.358974 4184.102564 4231.794872 4166.666667 4126.153846 4183.589744 4265.641026
4265.641026 3983.589744 4193.333333 4182.051282 4211.282051 4301.538462 4205.641026 4176.410256 4210.769231 4232.307692 4180.000000 4136.923077 4208.717949 4273.846154
4281.025641 4005.641026 4208.717949 4197.948718 4212.307692 4303.076923 4214.358974 4189.230769 4237.948718 4230.769231 4195.897436 4147.692308 4231.794872 4272.307692
4277.948718 4012.307692 4207.179487 4197.435897 4211.282051 4308.717949 4216.410256 4195.897436 4233.333333 4228.717949 4209.230769 4146.666667 4232.820513 4268.717949
4266.666667 4006.153846 4200.000000 4183.076923 4213.846154 4310.769231 4214.871795 4182.564103 4223.589744 4230.256410 4212.820513 4147.692308 4218.974359 4268.717949
4265.641026 4004.615385 4197.435897 4182.564103 4212.307692 4305.128205 4212.820513 4184.102564 4213.846154 4232.820513 4215.384615 4141.025641 4216.410256 4258.974359
4263.589744 4000.512821 4192.820513 4182.564103 4213.846154 4298.461538 4214.358974 4193.333333 4208.717949 4233.333333 4225.641026 4138.974359 4213.333333 4255.384615
4262.564103 4001.538462 4196.410256 4186.153846 4210.256410 4302.051282 4216.923077 4189.230769 4214.871795 4232.820513 4249.230769 4137.948718 4221.025641 4253.333333
4262.051282 4004.615385 4200.512821 4192.307692 4208.717949 4294.358974 4209.230769 4189.230769 4216.410256 4232.820513 4261.538462 4135.897436 4229.743590 4245.641026
4255.384615 4001.025641 4189.230769 4184.615385 4215.384615 4276.410256 4201.538462 4187.179487 4206.153846 4231.794872 4248.205128 4133.846154 4222.051282 4240.000000
4259.487179 4006.153846 4191.794872 4182.564103 4211.794872 4281.538462 4204.102564 4181.538462 4204.615385 4230.256410 4245.641026 4137.435897 4229.230769 4232.820513
4266.666667 4011.794872 4205.128205 4189.230769 4211.794872 4291.794872 4211.794872 4184.102564 4224.615385 4231.794872 4254.358974 4157.435897 4238.461538 4230.256410
4261.538462 4011.282051 4204.102564 4197.948718 4215.384615 4292.307692 4216.410256 4192.820513 4239.487179 4231.282051 4257.435897 4156.410256 4235.897436 4227.179487
4251.282051 4006.153846 4190.769231 4192.307692 4211.282051 4285.128205 4208.717949 4191.794872 4225.128205 4231.282051 4249.230769 4156.923077 4227.692308 4221.538462
4248.717949 4007.179487 4186.153846 4178.974359 4212.820513 4276.923077 4198.461538 4180.512821 4214.358974 4233.846154 4232.820513 4204.102564 4221.025641 4217.435897
4255.384615 4023.589744 4197.435897 4189.230769 4212.820513 4285.641026 4206.666667 4186.153846 4226.666667 4232.307692 4232.307692 4228.717949 4231.282051 4208.205128
4251.282051 4028.205128 4193.846154 4190.256410 4213.333333 4286.666667 4214.871795 4195.384615 4233.333333 4231.282051 4232.820513 4210.769231 4229.743590 4203.076923
4258.461538 4042.051282 4195.384615 4192.820513 4213.846154 4285.641026 4214.358974 4194.358974 4240.000000 4232.820513 4233.333333 4209.743590 4237.435897 4193.846154
4270.769231 4063.589744 4208.717949 4208.717949 4209.230769 4290.256410 4212.820513 4193.333333 4250.256410 4232.307692 4240.512821 4214.871795 4253.846154 4182.564103
4259.487179 4054.871795 4200.512821 4196.923077 4212.820513 4279.487179 4211.794872 4195.897436 4249.743590 4230.769231 4242.051282 4207.179487 4241.538462 4178.461538
4259.487179 4053.846154 4200.512821 4193.846154 4214.358974 4275.897436 4214.358974 4211.794872 4248.717949 4230.256410 4246.666667 4204.102564 4243.076923 4170.769231
4256.410256 4055.897436 4201.025641 4197.948718 4213.333333 4275.897436 4209.230769 4208.205128 4241.538462 4230.769231 4240.000000 4202.564103 4240.000000 4162.564103
4236.923077 4044.615385 4187.179487 4183.076923 4214.871795 4272.307692 4201.025641 4190.256410 4235.384615 4232.307692 4224.615385 4196.410256 4222.051282 4153.333333
4234.358974 4043.589744 4184.102564 4176.410256 4212.307692 4269.230769 4206.666667 4203.589744 4233.333333 4232.307692 4227.179487 4189.230769 4224.615385 4141.025641
4238.974359 4049.743590 4185.128205 4173.333333 4213.333333 4257.435897 4210.256410 4210.769231 4229.743590 4231.794872 4231.794872 4192.307692 4225.128205 4141.025641
4238.974359 4060.512821 4188.205128 4175.897436 4211.282051 4262.564103 4205.641026 4206.153846 4235.384615 4231.794872 4234.358974 4197.435897 4230.256410 4139.487179
4235.897436 4065.128205 4185.128205 4175.384615 4213.846154 4269.743590 4202.051282 4211.794872 4240.512821 4232.307692 4233.333333 4196.923077 4236.410256 4130.769231
4236.410256 4071.794872 4184.615385 4174.358974 4218.974359 4264.615385 4207.692308 4210.769231 4241.538462 4232.307692 4229.743590 4196.410256 4236.410256 4123.589744
4238.974359 4083.589744 4193.333333 4181.025641 4212.307692 4275.897436 4216.923077 4208.717949 4242.564103 4231.794872 4231.794872 4196.923077 4246.153846 4122.051282
4242.051282 4086.666667 4198.461538 4181.025641 4211.794872 4283.076923 4217.435897 4227.692308 4252.307692 4232.307692 4233.333333 4204.102564 4250.256410 4129.230769
4257.435897 4101.025641 4210.769231 4193.846154 4212.307692 4273.333333 4214.871795 4240.000000 4265.641026 4231.794872 4238.974359 4206.153846 4258.974359 4138.461538
4262.051282 4112.307692 4216.923077 4200.000000 4209.230769 4270.256410 4214.871795 4219.487179 4266.666667 4231.282051 4243.076923 4203.589744 4267.692308 4154.358974
4247.179487 4108.205128 4203.076923 4185.128205 4211.794872 4276.410256 4217.435897 4205.641026 4253.846154 4230.769231 4234.871795 4200.512821 4258.974359 4163.589744
4242.051282 4112.307692 4197.435897 4186.153846 4209.230769 4275.897436 4215.384615 4223.076923 4244.615385 4232.307692 4234.358974 4193.333333 4256.923077 4162.564103
4244.102564 4123.076923 4204.615385 4192.820513 4212.307692 4270.769231 4205.641026 4227.692308 4252.820513 4234.358974 4240.512821 4201.025641 4263.589744 4174.358974
4248.717949 4138.461538 4212.820513 4202.564103 4212.307692 4286.153846 4211.794872 4222.051282 4261.538462 4233.333333 4243.589744 4203.589744 4275.897436 4178.974359
4247.179487 4144.102564 4208.717949 4207.179487 4209.743590 4288.205128 4226.666667 4227.179487 4252.820513 4232.820513 4240.000000 4193.846154 4271.794872 4173.333333
4242.564103 4144.615385 4205.128205 4207.692308 4215.384615 4272.307692 4226.666667 4237.948718 4257.435897 4233.846154 4235.897436 4197.435897 4264.615385 4173.846154
4251.794872 4164.102564 4217.948718 4218.974359 4214.871795 4283.076923 4224.102564 4246.666667 4281.025641 4231.794872 4242.051282 4200.000000 4289.743590 4174.871795
4248.717949 4167.692308 4212.307692 4207.692308 4215.384615 4285.128205 4224.102564 4227.179487 4277.435897 4230.256410 4237.948718 4197.435897 4290.769231 4173.846154
4236.410256 4157.435897 4196.410256 4191.794872 4215.384615 4270.769231 4219.487179 4201.538462 4247.179487 4231.794872 4227.692308 4189.743590 4273.333333 4170.256410
4238.461538 4174.358974 4196.923077 4196.410256 4211.794872 4270.769231 4216.410256 4204.102564 4241.538462 4232.307692 4227.692308 4182.051282 4275.384615 4171.282051
4243.076923 4208.205128 4198.974359 4202.051282 4215.384615 4274.871795 4220.512821 4211.282051 4258.461538 4231.794872 4229.230769 4185.128205 4281.538462 4171.794872
4244.615385 4230.256410 4200.000000 4211.282051 4215.384615 4274.358974 4223.589744 4216.410256 4274.871795 4232.307692 4233.846154 4188.717949 4297.435897 4158.974359
4238.461538 4228.205128 4195.384615 4208.717949 4214.358974 4263.589744 4221.538462 4215.384615 4278.461538 4233.333333 4232.307692 4188.205128 4301.025641 4149.230769
4232.820513 4234.358974 4190.256410 4203.589744 4212.820513 4263.589744 4223.076923 4216.923077 4275.897436 4232.820513 4229.743590 4183.589744 4297.435897 4143.589744
4231.794872 4249.743590 4192.307692 4210.256410 4210.256410 4273.333333 4227.692308 4225.641026 4276.923077 4231.282051 4235.384615 4182.564103 4301.025641 4135.897436
4220.512821 4245.128205 4184.102564 4197.948718 4216.410256 4261.538462 4220.000000 4215.897436 4263.076923 4231.794872 4226.666667 4184.102564 4285.128205 4126.666667
4213.333333 4244.102564 4177.435897 4186.153846 4214.871795 4247.179487 4211.282051 4204.615385 4243.076923 4232.307692 4219.487179 4173.333333 4281.538462 4109.230769
4215.384615 4253.333333 4177.435897 4187.179487 4213.333333 4246.666667 4212.307692 4208.205128 4250.769231 4233.333333 4225.128205 4174.871795 4295.384615 4104.102564
4226.666667 4272.820513 4188.205128 4202.564103 4216.923077 4260.000000 4216.923077 4212.820513 4279.487179 4233.846154 4230.769231 4187.179487 4310.769231 4101.538462
4240.512821 4294.358974 4203.076923 4222.051282 4214.358974 4268.717949 4223.076923 4216.923077 4292.820513 4233.846154 4230.256410 4187.692308 4327.692308 4088.717949
4244.102564 4300.512821 4208.717949 4224.615385 4218.461538 4260.512821 4231.282051 4221.025641 4296.410256 4235.384615 4226.666667 4193.333333 4344.102564 4082.051282
4260.512821 4327.179487 4225.641026 4245.641026 4216.410256 4276.410256 4246.153846 4234.871795 4325.641026 4235.384615 4241.538462 4203.076923 4382.051282 4078.974359
4271.794872 4350.769231 4238.461538 4264.615385 4213.846154 4295.384615 4248.717949 4235.897436 4352.307692 4234.358974 4251.794872 4205.128205 4404.102564 4075.897436
4265.641026 4346.153846 4235.384615 4260.512821 4218.461538 4288.205128 4240.000000 4225.641026 4349.743590 4233.333333 4244.615385 4205.641026 4398.974359 4072.307692
4272.307692 4351.282051 4240.000000 4264.615385 4217.435897 4289.230769 4242.051282 4238.974359 4346.666667 4232.307692 4250.769231 4205.128205 4412.820513 4073.333333
4277.435897 4361.538462 4240.512821 4263.589744 4217.435897 4295.897436 4241.538462 4247.179487 4361.538462 4231.794872 4258.974359 4204.615385 4431.282051 4086.153846
4270.256410 4362.564103 4232.307692 4258.974359 4214.358974 4288.717949 4231.794872 4227.692308 4367.692308 4231.282051 4257.948718 4191.282051 4435.897436 4093.846154
4263.589744 4353.846154 4225.641026 4252.307692 4213.333333 4281.025641 4226.153846 4217.435897 4360.000000 4232.307692 4253.333333 4178.974359 4427.692308 4103.589744
4278.461538 4363.589744 4235.897436 4257.435897 4218.974359 4298.974359 4238.974359 4236.923077 4380.512821 4232.820513 4258.974359 4183.589744 4437.948718 4119.487179
4289.230769 4381.538462 4249.230769 4274.871795 4216.923077 4311.794872 4247.692308 4251.794872 4404.102564 4231.794872 4264.615385 4183.076923 4462.564103 4127.179487
4254.871795 4369.230769 4229.230769 4258.974359 4217.435897 4295.384615 4238.461538 4230.769231 4374.358974 4232.307692 4244.615385 4172.820513 4433.846154 4126.153846
4232.307692 4364.615385 4214.358974 4242.564103 4216.923077 4299.487179 4236.410256 4221.538462 4334.871795 4232.307692 4231.794872 4162.051282 4405.641026 4125.128205
4255.897436 4386.153846 4231.794872 4258.974359 4217.435897 4318.461538 4249.743590 4243.076923 4353.846154 4233.333333 4248.205128 4170.256410 4433.846154 4140.000000
4269.743590 4398.461538 4244.102564 4274.358974 4221.538462 4311.282051 4257.435897 4249.230769 4387.692308 4232.820513 4260.512821 4183.589744 4456.410256 4153.846154
4254.871795 4390.256410 4237.435897 4263.076923 4217.948718 4300.000000 4249.743590 4238.461538 4370.256410 4231.794872 4256.923077 4174.871795 4444.615385 4153.333333
4243.589744 4375.897436 4226.666667 4240.000000 4217.948718 4291.794872 4233.333333 4231.282051 4341.025641 4231.794872 4249.743590 4168.717949 4427.179487 4163.076923
4258.974359 4385.128205 4235.897436 4254.358974 4216.923077 4293.846154 4233.846154 4237.435897 4354.871795 4233.333333 4259.487179 4174.358974 4444.102564 4173.846154
4281.025641 4397.435897 4255.897436 4281.025641 4213.846154 4310.256410 4256.923077 4256.410256 4398.461538 4234.871795 4280.512821 4186.666667 4480.000000 4175.384615
4290.256410 4399.487179 4266.666667 4285.641026 4219.487179 4310.256410 4270.256410 4267.692308 4428.205128 4234.358974 4289.743590 4202.564103 4500.512821 4177.435897
4294.871795 4413.846154 4272.820513 4293.846154 4218.461538 4304.615385 4268.205128 4268.717949 4421.025641 4232.307692 4288.205128 4199.487179 4507.179487 4177.435897
4288.205128 4416.923077 4265.128205 4289.230769 4221.025641 4307.692308 4265.128205 4256.923077 4394.871795 4231.282051 4275.384615 4186.666667 4484.615385 4180.512821
4289.743590 4413.333333 4263.589744 4285.641026 4221.538462 4311.794872 4267.692308 4247.692308 4392.307692 4231.794872 4269.230769 4184.615385 4478.461538 4181.025641
4303.589744 4418.461538 4276.923077 4297.435897 4215.384615 4302.564103 4269.230769 4251.794872 4399.487179 4233.333333 4275.897436 4190.769231 4495.897436 4182.564103
4301.025641 4420.000000 4275.897436 4298.974359 4216.923077 4292.307692 4264.102564 4245.641026 4378.974359 4234.358974 4270.256410 4193.333333 4480.512821 4185.128205
4299.487179 4423.589744 4271.282051 4302.564103 4215.384615 4301.025641 4262.051282 4242.564103 4366.666667 4233.846154 4266.153846 4189.230769 4471.282051 4181.538462
4309.230769 4424.615385 4277.948718 4307.179487 4215.897436 4301.025641 4264.615385 4259.487179 4398.974359 4233.846154 4281.025641 4199.487179 4492.820513 4186.153846
4316.923077 4432.820513 4292.307692 4315.384615 4218.461538 4302.051282 4270.256410 4275.384615 4431.282051 4234.358974 4297.948718 4210.769231 4518.461538 4190.769231
4306.666667 4438.461538 4285.641026 4314.358974 4216.923077 4307.179487 4272.307692 4274.358974 4422.051282 4232.820513 4296.923077 4196.923077 4517.948718 4190.256410
4286.666667 4427.179487 4262.051282 4294.358974 4224.102564 4287.179487 4266.666667 4267.179487 4402.564103 4232.307692 4284.102564 4186.666667 4494.871795 4195.897436
4291.282051 4436.410256 4265.128205 4299.487179 4221.025641 4276.923077 4264.615385 4270.769231 4402.564103 4231.794872 4287.179487 4187.179487 4498.974359 4200.000000
4297.948718 4443.589744 4268.205128 4305.641026 4215.897436 4285.641026 4263.589744 4262.051282 4397.948718 4231.794872 4283.076923 4184.615385 4498.974359 4201.025641
4288.205128 4430.769231 4251.794872 4293.333333 4220.512821 4261.025641 4254.358974 4235.897436 4364.102564 4231.794872 4260.512821 4171.794872 4469.743590 4196.923077
4286.666667 4430.256410 4246.666667 4291.282051 4219.487179 4226.666667 4237.435897 4217.435897 4326.666667 4232.307692 4250.256410 4162.051282 4453.333333 4200.000000
4299.487179 4446.153846 4257.435897 4296.923077 4220.000000 4245.128205 4235.384615 4215.897436 4335.384615 4234.358974 4260.512821 4178.461538 4469.230769 4219.487179
4315.384615 4464.102564 4276.923077 4314.871795 4219.487179 4293.333333 4251.282051 4233.846154 4369.743590 4234.871795 4277.435897 4189.230769 4500.512821 4229.230769
4304.615385 4461.025641 4280.000000 4318.974359 4219.487179 4290.769231 4254.358974 4238.461538 4369.743590 4231.282051 4275.897436 4178.974359 4490.256410 4228.205128
4279.487179 4444.102564 4266.153846 4301.538462 4221.025641 4270.256410 4250.769231 4229.230769 4351.794872 4231.282051 4265.128205 4172.307692 4460.000000 4225.128205
4271.282051 4433.333333 4260.000000 4292.820513 4217.948718 4285.641026 4265.641026 4251.794872 4358.461538 4234.358974 4270.769231 4170.256410 4462.564103 4220.512821
4266.666667 4431.794872 4252.307692 4287.692308 4222.051282 4288.717949 4275.384615 4269.230769 4365.128205 4233.846154 4267.692308 4168.717949 4456.410256 4223.076923
4264.102564 4442.051282 4251.794872 4295.897436 4220.512821 4281.538462 4277.948718 4270.256410 4365.641026 4232.307692 4263.076923 4165.641026 4456.923077 4221.538462
4259.487179 4404.615385 4250.256410 4296.410256 4219.487179 4280.512821 4281.538462 4272.307692 4369.230769 4233.846154 4267.179487 4162.051282 4470.769231 4216.923077
4244.102564 4337.435897 4232.820513 4272.820513 4224.102564 4270.769231 4272.820513 4261.025641 4351.282051 4233.333333 4257.948718 4152.820513 4455.897436 4211.794872
4244.615385 4334.358974 4232.307692 4270.256410 4218.974359 4269.230769 4260.512821 4253.333333 4335.384615 4230.769231 4252.307692 4145.128205 4448.205128 4206.666667
4246.666667 4359.487179 4231.282051 4270.256410 4220.512821 4258.461538 4247.692308 4231.282051 4329.230769 4231.794872 4248.205128 4148.205128 4445.128205 4208.717949
4251.794872 4367.179487 4231.282051 4276.410256 4222.051282 4250.769231 4241.025641 4208.205128 4326.153846 4232.820513 4248.205128 4148.717949 4447.179487 4207.179487
4278.461538 4382.051282 4254.358974 4303.076923 4219.487179 4264.102564 4244.615385 4215.897436 4337.948718 4233.333333 4255.897436 4157.948718 4462.051282 4208.717949
4301.025641 4404.102564 4274.871795 4319.487179 4223.076923 4281.025641 4252.307692 4232.820513 4349.230769 4233.333333 4260.000000 4174.358974 4469.743590 4212.820513
4302.564103 4408.717949 4278.974359 4321.538462 4220.512821 4297.948718 4269.230769 4251.794872 4355.384615 4232.820513 4271.794872 4175.897436 4483.589744 4201.538462
4285.641026 4395.384615 4270.256410 4306.666667 4221.538462 4305.128205 4288.205128 4267.692308 4362.564103 4232.820513 4278.461538 4174.871795 4479.487179 4184.102564
4269.743590 4395.384615 4259.487179 4293.846154 4225.128205 4305.128205 4299.487179 4278.461538 4360.512821 4231.282051 4267.179487 4166.666667 4458.461538 4161.538462
4262.564103 4400.512821 4250.256410 4288.205128 4223.589744 4295.897436 4301.025641 4291.794872 4352.820513 4230.769231 4256.923077 4158.461538 4446.666667 4147.692308
4263.589744 4395.897436 4249.230769 4283.076923 4224.102564 4286.153846 4294.871795 4301.025641 4372.820513 4233.333333 4264.102564 4166.666667 4457.435897 4146.666667
4273.846154 4404.615385 4260.512821 4292.307692 4220.000000 4290.769231 4290.256410 4286.153846 4391.794872 4232.820513 4278.461538 4168.205128 4482.564103 4141.538462
4271.282051 4411.282051 4254.871795 4287.692308 4220.512821 4273.846154 4277.948718 4253.333333 4369.743590 4232.307692 4271.794872 4164.102564 4472.820513 4144.102564
4271.794872 4420.000000 4256.923077 4291.282051 4222.051282 4258.461538 4266.666667 4243.589744 4363.589744 4234.871795 4271.794872 4173.333333 4476.923077 4153.333333
4291.282051 4442.564103 4278.461538 4320.512821 4220.000000 4259.487179 4265.641026 4250.769231 4388.205128 4235.897436 4292.307692 4181.025641 4517.435897 4160.512821
4313.846154 4463.076923 4293.846154 4340.000000 4223.589744 4252.820513 4268.205128 4253.333333 4396.923077 4233.333333 4300.000000 4187.692308 4526.153846 4168.717949
4344.102564 4480.000000 4321.025641 4363.076923 4221.025641 4265.128205 4282.564103 4266.153846 4404.102564 4232.307692 4307.179487 4201.538462 4533.333333 4177.948718
4358.461538 4469.743590 4340.000000 4373.333333 4222.051282 4291.282051 4297.435897 4272.307692 4419.487179 4233.333333 4315.384615 4216.410256 4550.769231 4191.282051
4348.205128 4453.846154 4331.282051 4366.666667 4224.102564 4302.051282 4304.615385 4274.871795 4412.307692 4233.333333 4313.333333 4212.307692 4544.102564 4192.307692
4330.256410 4448.717949 4313.846154 4356.923077 4220.000000 4307.179487 4310.769231 4291.794872 4390.256410 4232.307692 4305.128205 4196.923077 4520.512821 4181.538462
4301.025641 4424.102564 4287.692308 4323.589744 4222.564103 4311.794872 4309.230769 4286.666667 4371.794872 4232.307692 4287.179487 4187.692308 4494.358974 4170.769231
4279.487179 4406.153846 4268.717949 4297.948718 4222.051282 4312.307692 4308.205128 4273.846154 4350.256410 4229.743590 4276.410256 4173.333333 4479.487179 4158.974359
4269.230769 4413.333333 4263.589744 4300.000000 4223.589744 4304.615385 4312.820513 4283.076923 4343.076923 4231.794872 4274.871795 4171.282051 4468.717949 4160.512821
4266.666667 4426.153846 4266.153846 4313.846154 4226.153846 4302.564103 4314.358974 4290.256410 4365.641026 4236.410256 4282.051282 4182.051282 4481.538462 4167.692308
4275.384615 4426.666667 4270.769231 4321.538462 4221.538462 4303.589744 4311.794872 4282.051282 4384.102564 4235.384615 4294.871795 4182.051282 4509.230769 4170.256410
