4264.615385 4232.307692 4243.589744 4246.153846 4224.102564 4236.923077 4200.512821 4227.692308 4231.282051 4218.461538 4236.923077 4290.256410 4227.179487 4274.871795
4260.512821 4222.051282 4233.846154 4225.641026 4227.179487 4233.333333 4202.051282 4225.641026 4224.102564 4221.025641 4226.153846 4281.025641 4218.974359 4278.461538
4245.128205 4209.743590 4216.923077 4213.846154 4222.564103 4228.717949 4192.820513 4210.256410 4211.282051 4228.205128 4207.692308 4264.615385 4203.589744 4272.307692
4240.512821 4211.794872 4220.000000 4222.051282 4221.538462 4230.769231 4188.205128 4207.692308 4208.205128 4225.641026 4206.153846 4258.461538 4197.948718 4273.846154
4253.846154 4225.128205 4230.769231 4234.358974 4224.615385 4238.461538 4197.948718 4218.974359 4221.025641 4217.948718 4216.410256 4270.256410 4209.230769 4277.948718
4264.615385 4231.794872 4228.717949 4247.692308 4220.512821 4244.102564 4203.076923 4223.076923 4229.743590 4215.384615 4224.102564 4283.076923 4220.000000 4274.358974
4264.615385 4232.820513 4227.179487 4243.589744 4224.102564 4241.025641 4199.487179 4214.358974 4221.538462 4223.589744 4221.025641 4280.512821 4213.333333 4278.974359
4258.461538 4240.512821 4225.641026 4231.282051 4221.538462 4233.333333 4201.025641 4209.743590 4216.923077 4227.179487 4208.205128 4266.666667 4198.461538 4276.923077
4258.974359 4245.641026 4228.205128 4240.512821 4217.948718 4234.358974 4202.564103 4213.846154 4218.461538 4221.025641 4202.564103 4263.076923 4194.358974 4273.846154
4264.102564 4241.025641 4232.307692 4248.717949 4222.051282 4239.487179 4199.487179 4219.487179 4219.487179 4218.461538 4215.897436 4273.846154 4203.076923 4274.358974
4263.076923 4234.871795 4227.179487 4230.769231 4220.512821 4236.923077 4198.461538 4221.025641 4223.076923 4218.974359 4224.102564 4280.000000 4212.307692 4274.871795
4266.153846 4233.846154 4230.256410 4230.256410 4223.589744 4235.897436 4200.512821 4220.000000 4227.179487 4221.538462 4220.512821 4282.564103 4217.435897 4275.897436
4276.923077 4238.974359 4242.051282 4256.410256 4224.102564 4240.000000 4207.692308 4224.102564 4227.179487 4226.666667 4231.282051 4295.384615 4224.615385 4269.743590
4279.487179 4240.000000 4239.487179 4247.692308 4224.102564 4236.410256 4206.153846 4222.051282 4222.564103 4226.153846 4245.128205 4306.153846 4227.179487 4268.717949
4273.333333 4239.487179 4235.384615 4224.615385 4226.666667 4231.794872 4200.000000 4222.564103 4227.179487 4215.897436 4238.461538 4303.076923 4228.205128 4271.794872
4276.923077 4245.128205 4242.564103 4236.410256 4222.051282 4234.871795 4207.692308 4237.435897 4241.538462 4215.384615 4234.358974 4308.205128 4238.461538 4269.743590
4284.615385 4242.051282 4248.717949 4246.153846 4223.589744 4237.948718 4209.743590 4236.410256 4239.487179 4221.538462 4240.000000 4318.461538 4240.000000 4275.384615
4285.128205 4237.435897 4243.589744 4237.435897 4224.102564 4239.487179 4204.102564 4222.051282 4230.256410 4218.974359 4242.564103 4315.897436 4235.897436 4275.897436
4290.769231 4245.128205 4244.102564 4244.102564 4222.051282 4243.589744 4214.871795 4227.179487 4232.307692 4217.435897 4246.666667 4311.282051 4243.076923 4272.820513
4295.384615 4256.410256 4247.692308 4252.307692 4224.615385 4251.282051 4232.820513 4243.589744 4236.410256 4218.974359 4249.230769 4311.282051 4246.153846 4270.769231
4282.051282 4254.871795 4235.384615 4241.538462 4222.051282 4250.256410 4226.666667 4243.589744 4237.948718 4219.487179 4239.487179 4303.076923 4234.871795 4265.128205
4270.256410 4245.641026 4228.717949 4234.358974 4225.641026 4236.410256 4205.641026 4231.794872 4232.307692 4219.487179 4225.641026 4290.256410 4221.025641 4272.820513
4275.384615 4250.769231 4232.307692 4233.846154 4225.641026 4233.333333 4204.102564 4233.846154 4225.128205 4217.435897 4224.615385 4290.769231 4223.076923 4275.384615
4279.487179 4253.846154 4232.820513 4235.897436 4220.512821 4242.564103 4216.923077 4240.000000 4228.205128 4217.435897 4229.743590 4294.871795 4229.743590 4275.897436
4278.974359 4249.230769 4236.923077 4246.666667 4225.128205 4247.692308 4221.538462 4239.487179 4233.846154 4218.461538 4231.282051 4293.846154 4234.358974 4284.615385
4275.897436 4252.307692 4238.461538 4249.230769 4223.589744 4247.692308 4221.538462 4243.076923 4244.102564 4217.948718 4235.384615 4294.358974 4238.974359 4282.051282
4268.717949 4251.794872 4231.794872 4230.256410 4222.051282 4246.153846 4220.000000 4243.589744 4250.769231 4217.948718 4235.897436 4293.846154 4236.410256 4280.000000
4268.717949 4248.205128 4225.128205 4216.923077 4224.102564 4242.051282 4212.820513 4238.974359 4248.717949 4218.974359 4236.410256 4293.333333 4234.358974 4276.410256
4280.000000 4253.846154 4227.692308 4224.615385 4224.102564 4240.512821 4207.179487 4237.948718 4242.564103 4220.000000 4238.974359 4300.512821 4238.461538 4276.410256
4294.871795 4256.410256 4244.102564 4241.538462 4227.692308 4240.512821 4208.205128 4237.435897 4237.435897 4221.025641 4246.153846 4313.846154 4242.051282 4289.230769
4301.025641 4253.846154 4252.307692 4252.307692 4223.589744 4237.948718 4209.743590 4235.384615 4233.846154 4220.000000 4252.307692 4321.025641 4243.076923 4293.846154
4293.846154 4251.282051 4242.564103 4237.435897 4223.589744 4236.410256 4201.025641 4227.179487 4226.153846 4218.974359 4240.512821 4311.794872 4232.820513 4297.435897
4276.410256 4246.153846 4226.153846 4216.923077 4226.153846 4238.974359 4192.820513 4216.410256 4216.923077 4219.487179 4219.487179 4298.974359 4216.410256 4297.435897
4262.051282 4238.461538 4216.923077 4222.051282 4218.974359 4232.820513 4192.820513 4210.256410 4208.205128 4219.487179 4211.282051 4292.307692 4209.230769 4292.820513
4265.128205 4236.923077 4221.538462 4223.076923 4221.025641 4229.230769 4196.923077 4210.769231 4205.128205 4218.974359 4217.435897 4290.769231 4211.794872 4294.871795
4277.435897 4247.692308 4227.179487 4220.512821 4225.128205 4244.102564 4207.692308 4222.051282 4216.923077 4218.974359 4228.717949 4297.948718 4219.487179 4294.358974
4284.615385 4258.461538 4233.333333 4245.641026 4225.641026 4248.205128 4214.358974 4227.179487 4224.615385 4219.487179 4228.717949 4303.076923 4223.589744 4297.435897
4283.589744 4256.923077 4233.333333 4252.820513 4226.666667 4235.384615 4208.205128 4219.487179 4218.974359 4218.974359 4219.487179 4296.410256 4217.948718 4300.000000
4278.461538 4243.076923 4228.205128 4223.589744 4225.128205 4231.282051 4204.615385 4213.846154 4214.871795 4215.897436 4218.461538 4291.794872 4216.923077 4298.461538
4271.794872 4224.615385 4230.256410 4214.871795 4225.641026 4233.846154 4206.153846 4208.205128 4211.282051 4221.538462 4221.538462 4296.410256 4221.025641 4303.589744
4265.641026 4226.153846 4231.282051 4235.897436 4220.512821 4233.846154 4206.666667 4205.641026 4210.769231 4230.256410 4221.538462 4301.025641 4228.717949 4302.564103
4268.717949 4235.897436 4233.333333 4244.102564 4220.512821 4236.923077 4206.153846 4210.769231 4217.948718 4225.641026 4221.538462 4303.076923 4231.794872 4300.000000
4270.769231 4225.128205 4237.435897 4233.333333 4226.153846 4238.461538 4211.794872 4219.487179 4223.589744 4216.923077 4216.410256 4303.589744 4227.179487 4299.487179
4267.692308 4216.410256 4237.948718 4227.179487 4223.076923 4234.358974 4222.051282 4228.717949 4225.641026 4218.974359 4214.358974 4307.692308 4228.717949 4297.435897
4260.512821 4217.435897 4235.897436 4223.076923 4225.128205 4235.384615 4218.974359 4224.102564 4221.025641 4222.564103 4211.282051 4311.794872 4220.512821 4300.000000
4249.743590 4209.230769 4228.717949 4218.461538 4222.051282 4240.000000 4210.769231 4213.333333 4208.717949 4218.974359 4193.846154 4298.974359 4197.948718 4291.794872
4242.564103 4196.410256 4217.435897 4207.692308 4218.974359 4238.461538 4208.205128 4205.128205 4197.435897 4217.948718 4175.384615 4276.923077 4190.769231 4287.692308
4247.179487 4198.461538 4218.974359 4211.282051 4223.589744 4233.846154 4202.564103 4197.948718 4191.794872 4221.025641 4179.487179 4275.384615 4203.589744 4293.333333
4261.538462 4213.846154 4231.282051 4236.410256 4221.025641 4238.461538 4202.564103 4198.461538 4192.820513 4219.487179 4188.717949 4290.256410 4208.205128 4289.743590
4266.153846 4220.512821 4238.974359 4240.000000 4221.538462 4245.641026 4211.282051 4207.179487 4199.487179 4217.435897 4184.102564 4293.846154 4201.025641 4289.743590
4263.589744 4221.025641 4236.923077 4227.692308 4224.102564 4244.102564 4216.410256 4214.871795 4210.256410 4224.102564 4184.615385 4294.358974 4207.692308 4286.153846
4271.282051 4223.076923 4235.384615 4224.615385 4223.589744 4235.384615 4210.256410 4209.743590 4210.256410 4228.717949 4190.256410 4294.871795 4212.820513 4284.615385
4278.461538 4227.692308 4238.974359 4224.615385 4225.641026 4231.794872 4204.615385 4201.025641 4198.461538 4220.000000 4179.487179 4283.589744 4200.512821 4287.179487
4275.897436 4226.666667 4243.589744 4232.820513 4221.538462 4237.435897 4210.256410 4202.051282 4196.410256 4214.871795 4172.820513 4277.948718 4195.897436 4281.538462
4271.794872 4218.974359 4249.230769 4237.948718 4222.564103 4241.025641 4220.000000 4207.692308 4203.589744 4221.025641 4188.717949 4294.358974 4201.538462 4282.564103
4266.666667 4216.410256 4240.000000 4223.589744 4222.051282 4246.666667 4222.564103 4211.794872 4210.769231 4221.538462 4191.282051 4297.948718 4202.051282 4276.410256
4255.384615 4212.820513 4224.102564 4212.820513 4217.948718 4247.179487 4210.256410 4205.128205 4211.282051 4215.897436 4170.256410 4278.974359 4195.384615 4268.205128
4251.282051 4207.179487 4228.717949 4218.974359 4222.051282 4236.410256 4204.102564 4195.897436 4201.538462 4224.102564 4165.641026 4276.410256 4195.897436 4275.897436
4248.717949 4206.666667 4228.205128 4213.333333 4220.512821 4232.820513 4209.230769 4190.769231 4189.743590 4230.769231 4170.256410 4282.564103 4187.179487 4279.487179
4236.923077 4192.307692 4219.487179 4198.974359 4222.564103 4239.487179 4204.615385 4182.564103 4174.358974 4226.666667 4150.256410 4267.692308 4161.025641 4277.435897
4229.230769 4173.846154 4221.538462 4203.076923 4226.153846 4241.538462 4200.512821 4183.589744 4177.948718 4223.076923 4143.076923 4257.948718 4162.564103 4271.282051
4226.153846 4183.589744 4223.589744 4203.076923 4223.589744 4233.846154 4204.615385 4196.923077 4202.564103 4223.076923 4164.102564 4270.769231 4191.282051 4271.282051
4221.538462 4197.948718 4220.512821 4194.358974 4224.102564 4230.256410 4200.512821 4197.435897 4201.538462 4220.512821 4166.666667 4276.923077 4195.384615 4278.974359
4223.589744 4193.846154 4221.538462 4201.025641 4220.000000 4233.333333 4191.794872 4185.128205 4183.589744 4214.358974 4161.538462 4274.871795 4189.230769 4277.435897
4232.820513 4188.205128 4230.256410 4212.307692 4221.538462 4236.923077 4189.743590 4185.641026 4182.564103 4217.948718 4165.641026 4276.923077 4197.948718 4278.461538
4235.384615 4193.333333 4233.333333 4213.333333 4224.102564 4238.974359 4191.794872 4200.000000 4194.358974 4226.666667 4161.538462 4276.410256 4201.025641 4276.923077
4234.871795 4195.897436 4231.282051 4208.205128 4219.487179 4235.897436 4194.358974 4202.051282 4196.410256 4226.666667 4161.538462 4280.512821 4197.435897 4272.307692
4235.384615 4195.384615 4235.897436 4210.256410 4221.538462 4232.820513 4192.820513 4188.717949 4190.769231 4217.948718 4171.282051 4288.205128 4202.564103 4277.435897
4233.846154 4203.076923 4235.384615 4212.307692 4221.025641 4233.846154 4189.230769 4187.692308 4190.769231 4215.384615 4177.948718 4284.615385 4209.230769 4274.871795
4234.871795 4197.948718 4232.820513 4201.538462 4221.538462 4231.282051 4190.769231 4195.897436 4193.333333 4220.512821 4180.000000 4279.487179 4208.205128 4273.333333
4228.717949 4176.923077 4233.846154 4197.435897 4226.153846 4231.282051 4196.410256 4192.820513 4190.256410 4218.974359 4183.076923 4276.923077 4201.538462 4271.794872
4216.923077 4168.717949 4226.153846 4202.564103 4223.589744 4234.358974 4201.025641 4184.102564 4183.589744 4217.948718 4178.461538 4267.692308 4191.794872 4263.589744
4213.846154 4174.871795 4219.487179 4192.820513 4223.589744 4232.307692 4203.076923 4177.948718 4180.000000 4218.974359 4162.564103 4261.025641 4185.641026 4263.589744
4216.923077 4178.974359 4223.076923 4189.230769 4221.538462 4233.333333 4202.051282 4181.538462 4183.076923 4218.461538 4166.153846 4265.128205 4191.794872 4261.538462
4217.948718 4172.820513 4227.179487 4192.820513 4222.051282 4238.461538 4197.948718 4189.230769 4184.615385 4220.000000 4170.769231 4266.153846 4195.897436 4262.051282
4212.820513 4166.666667 4222.051282 4182.051282 4225.128205 4237.948718 4200.512821 4190.256410 4183.076923 4220.000000 4145.641026 4260.512821 4192.307692 4262.051282
4214.358974 4167.692308 4222.564103 4189.230769 4219.487179 4241.538462 4207.179487 4190.769231 4182.564103 4220.000000 4127.692308 4260.000000 4192.307692 4257.435897
4229.230769 4172.307692 4231.282051 4206.666667 4222.051282 4244.102564 4201.025641 4191.794872 4180.512821 4220.512821 4136.410256 4260.512821 4192.307692 4259.487179
4232.307692 4172.820513 4224.102564 4191.794872 4221.538462 4238.461538 4194.358974 4191.794872 4174.358974 4220.512821 4141.025641 4258.461538 4185.641026 4251.282051
4217.948718 4163.589744 4220.512821 4179.487179 4219.487179 4236.410256 4194.358974 4183.589744 4165.128205 4220.000000 4137.435897 4257.435897 4169.743590 4245.641026
4211.282051 4157.435897 4227.179487 4193.333333 4224.615385 4235.897436 4194.871795 4174.871795 4163.589744 4220.512821 4142.564103 4256.410256 4165.128205 4247.692308
4215.384615 4165.641026 4225.641026 4195.897436 4222.564103 4235.384615 4200.000000 4182.564103 4175.384615 4220.512821 4148.717949 4251.282051 4181.025641 4245.128205
4217.948718 4169.230769 4225.641026 4178.974359 4221.025641 4236.923077 4199.487179 4187.692308 4176.923077 4220.512821 4148.205128 4249.230769 4185.641026 4250.256410
4213.333333 4162.051282 4226.666667 4173.846154 4220.512821 4237.435897 4189.230769 4180.000000 4168.205128 4220.000000 4148.205128 4248.205128 4172.307692 4247.692308
4204.615385 4155.384615 4220.512821 4184.615385 4220.000000 4235.897436 4185.128205 4175.897436 4169.743590 4220.000000 4144.102564 4237.435897 4160.512821 4238.974359
4202.564103 4156.410256 4222.051282 4184.102564 4223.076923 4236.410256 4187.692308 4180.000000 4174.358974 4221.538462 4143.589744 4229.743590 4161.025641 4237.435897
4210.769231 4164.102564 4225.641026 4184.615385 4219.487179 4238.974359 4191.282051 4184.615385 4172.307692 4219.487179 4151.794872 4230.769231 4168.717949 4236.410256
4214.358974 4167.179487 4223.589744 4183.589744 4223.076923 4238.974359 4189.230769 4182.051282 4170.256410 4218.974359 4154.871795 4231.282051 4162.564103 4240.000000
4212.307692 4167.179487 4218.461538 4180.000000 4226.666667 4236.923077 4183.589744 4180.512821 4173.333333 4227.179487 4152.820513 4231.794872 4151.282051 4236.410256
4215.897436 4165.641026 4215.897436 4188.717949 4222.051282 4231.282051 4176.923077 4177.948718 4170.769231 4226.153846 4147.179487 4227.179487 4157.948718 4235.384615
4216.923077 4159.487179 4217.435897 4186.153846 4223.589744 4229.230769 4171.794872 4168.717949 4160.512821 4216.923077 4137.435897 4214.358974 4157.948718 4243.589744
4211.282051 4162.051282 4216.410256 4173.333333 4221.538462 4237.435897 4177.435897 4169.743590 4160.000000 4216.410256 4141.538462 4214.358974 4151.282051 4238.974359
4215.897436 4168.717949 4222.564103 4179.487179 4221.538462 4238.974359 4182.564103 4175.384615 4164.615385 4221.025641 4156.923077 4229.230769 4153.333333 4235.897436
4224.615385 4168.205128 4230.769231 4190.256410 4224.102564 4233.846154 4178.461538 4169.743590 4164.615385 4218.974359 4163.076923 4233.846154 4147.692308 4235.384615
4223.076923 4161.025641 4227.692308 4175.384615 4224.615385 4240.512821 4179.487179 4168.717949 4169.743590 4214.871795 4160.512821 4227.179487 4143.589744 4231.794872
4221.025641 4156.410256 4226.666667 4169.743590 4227.179487 4245.641026 4184.102564 4171.282051 4171.282051 4221.538462 4158.461538 4220.000000 4148.717949 4233.333333
4223.076923 4162.564103 4229.230769 4190.769231 4219.487179 4239.487179 4181.538462 4168.205128 4170.256410 4229.230769 4167.179487 4222.051282 4152.307692 4229.743590
4221.025641 4170.769231 4230.256410 4180.000000 4218.461538 4237.948718 4174.358974 4165.128205 4169.230769 4225.128205 4178.461538 4224.615385 4153.846154 4229.743590
4222.051282 4167.692308 4227.692308 4161.025641 4226.666667 4240.512821 4173.846154 4168.205128 4164.615385 4214.871795 4175.384615 4216.410256 4154.871795 4230.256410
4230.256410 4165.641026 4227.692308 4187.179487 4225.641026 4242.051282 4178.974359 4169.743590 4166.666667 4215.897436 4172.820513 4219.487179 4138.974359 4226.666667
4229.743590 4173.846154 4233.846154 4209.743590 4224.102564 4242.051282 4179.487179 4171.794872 4170.256410 4219.487179 4173.333333 4226.666667 4125.641026 4227.179487
4218.461538 4180.000000 4230.769231 4182.564103 4220.000000 4241.538462 4178.974359 4177.435897 4165.641026 4215.384615 4174.358974 4218.974359 4144.615385 4220.000000
4216.923077 4177.435897 4228.205128 4165.128205 4222.564103 4236.410256 4175.384615 4175.384615 4162.051282 4215.384615 4183.076923 4215.897436 4153.333333 4216.923077
4222.051282 4172.307692 4231.282051 4186.153846 4228.205128 4234.871795 4169.230769 4170.769231 4168.205128 4217.435897 4187.179487 4220.000000 4137.948718 4217.948718
4214.871795 4159.487179 4222.564103 4186.153846 4221.538462 4235.384615 4166.153846 4169.230769 4169.743590 4217.435897 4176.410256 4207.179487 4128.717949 4214.358974
4207.179487 4145.641026 4217.948718 4161.538462 4221.538462 4228.205128 4162.564103 4158.974359 4153.333333 4217.435897 4169.743590 4193.846154 4124.615385 4216.410256
4210.256410 4151.794872 4223.589744 4154.871795 4222.051282 4223.589744 4161.025641 4155.384615 4147.692308 4217.435897 4178.974359 4201.538462 4123.589744 4213.333333
4211.282051 4163.076923 4224.615385 4166.666667 4219.487179 4227.692308 4159.487179 4162.051282 4157.948718 4217.435897 4181.025641 4202.051282 4128.717949 4212.307692
4204.615385 4155.384615 4223.076923 4176.410256 4222.564103 4229.743590 4158.974359 4164.102564 4158.974359 4217.435897 4171.282051 4188.717949 4125.128205 4209.230769
4199.487179 4138.974359 4217.435897 4167.179487 4221.538462 4222.051282 4161.538462 4163.589744 4153.846154 4217.435897 4163.076923 4182.051282 4108.205128 4198.974359
4207.692308 4139.487179 4222.051282 4158.461538 4222.564103 4219.487179 4163.076923 4164.615385 4157.435897 4217.435897 4165.128205 4185.128205 4105.128205 4204.615385
4218.974359 4153.333333 4230.256410 4165.641026 4221.025641 4227.692308 4164.102564 4168.205128 4166.666667 4217.435897 4169.230769 4186.666667 4113.333333 4205.641026
4213.846154 4146.153846 4226.666667 4166.666667 4219.487179 4228.717949 4163.076923 4161.538462 4152.820513 4217.435897 4155.897436 4175.384615 4097.948718 4200.000000
4200.000000 4122.051282 4217.435897 4157.948718 4222.051282 4226.153846 4165.128205 4144.615385 4128.717949 4217.435897 4142.051282 4165.128205 4079.487179 4197.948718
4200.512821 4122.051282 4214.358974 4159.487179 4217.435897 4230.769231 4177.435897 4147.179487 4135.384615 4217.435897 4148.205128 4171.282051 4089.743590 4193.846154
4214.871795 4141.025641 4223.589744 4168.717949 4221.538462 4234.358974 4187.179487 4168.717949 4161.025641 4217.435897 4164.102564 4186.153846 4103.589744 4193.846154
4221.538462 4148.205128 4224.102564 4172.820513 4225.128205 4235.384615 4185.641026 4173.846154 4166.666667 4217.435897 4168.205128 4188.717949 4107.179487 4187.692308
4214.871795 4136.410256 4217.948718 4165.128205 4220.512821 4233.333333 4177.435897 4164.615385 4157.435897 4217.435897 4159.487179 4182.564103 4107.179487 4183.589744
4204.102564 4125.128205 4224.615385 4164.102564 4222.051282 4229.230769 4176.923077 4167.692308 4157.948718 4217.435897 4158.974359 4184.102564 4102.564103 4187.179487
4204.615385 4126.153846 4228.717949 4177.948718 4218.974359 4233.333333 4185.128205 4180.000000 4164.102564 4217.435897 4167.692308 4185.128205 4103.076923 4180.512821
4204.102564 4125.641026 4214.358974 4166.666667 4218.974359 4233.333333 4180.512821 4169.743590 4151.794872 4217.435897 4160.000000 4168.717949 4100.512821 4180.512821
4195.897436 4123.589744 4206.666667 4152.307692 4221.025641 4227.179487 4174.358974 4154.358974 4137.435897 4217.435897 4152.307692 4161.538462 4095.384615 4179.487179
4196.410256 4131.282051 4218.461538 4166.153846 4220.512821 4227.692308 4187.179487 4167.692308 4150.256410 4217.435897 4170.769231 4179.487179 4105.641026 4175.897436
4200.512821 4130.769231 4221.538462 4166.666667 4224.102564 4233.846154 4195.384615 4181.538462 4167.179487 4217.435897 4174.871795 4184.102564 4109.230769 4180.000000
4195.384615 4121.025641 4211.794872 4165.641026 4218.461538 4235.897436 4187.692308 4176.410256 4166.153846 4216.923077 4164.615385 4169.230769 4106.153846 4177.948718
4197.435897 4114.871795 4216.410256 4175.384615 4218.974359 4235.897436 4186.153846 4174.871795 4164.615385 4217.435897 4167.179487 4172.307692 4107.179487 4184.102564
4207.692308 4125.641026 4222.564103 4163.589744 4222.051282 4236.923077 4193.333333 4180.000000 4167.179487 4218.974359 4177.948718 4190.256410 4113.333333 4189.743590
4207.179487 4134.358974 4217.948718 4157.948718 4216.410256 4233.333333 4189.743590 4170.256410 4155.384615 4214.871795 4183.589744 4195.897436 4124.615385 4185.641026
4201.025641 4121.025641 4220.512821 4176.923077 4220.000000 4225.128205 4182.564103 4156.410256 4141.538462 4217.948718 4175.897436 4183.589744 4125.128205 4185.641026
4194.871795 4116.410256 4219.487179 4168.717949 4221.538462 4221.538462 4183.076923 4162.564103 4149.230769 4229.743590 4166.666667 4170.769231 4113.846154 4180.512821
4192.820513 4127.179487 4214.358974 4152.307692 4220.000000 4224.615385 4181.025641 4169.230769 4155.384615 4227.179487 4163.076923 4173.846154 4105.641026 4176.410256
4201.538462 4131.794872 4220.000000 4166.666667 4223.589744 4227.692308 4177.948718 4171.282051 4154.358974 4216.410256 4160.000000 4182.564103 4110.769231 4175.897436
4210.256410 4129.230769 4221.025641 4169.230769 4222.051282 4227.179487 4175.897436 4168.205128 4151.794872 4216.923077 4159.487179 4178.974359 4122.051282 4176.923077
4209.230769 4129.743590 4217.435897 4160.000000 4222.051282 4224.615385 4177.948718 4157.948718 4143.076923 4220.512821 4166.666667 4173.846154 4126.153846 4180.000000
4204.615385 4130.256410 4217.948718 4172.820513 4221.025641 4225.641026 4183.589744 4158.461538 4142.564103 4218.974359 4169.230769 4178.974359 4121.538462 4174.871795
4211.282051 4130.256410 4220.000000 4175.384615 4221.025641 4229.230769 4183.589744 4161.538462 4147.179487 4218.461538 4156.923077 4176.923077 4116.923077 4175.897436
4215.897436 4133.333333 4220.512821 4160.000000 4222.051282 4232.820513 4180.000000 4157.435897 4145.128205 4218.974359 4154.871795 4172.820513 4120.000000 4181.025641
4215.384615 4136.923077 4223.589744 4163.589744 4220.512821 4233.333333 4182.564103 4164.102564 4148.717949 4219.487179 4165.128205 4177.435897 4130.769231 4178.974359
4223.589744 4139.487179 4234.871795 4183.589744 4225.128205 4227.179487 4187.692308 4174.358974 4164.615385 4220.000000 4166.666667 4184.615385 4142.564103 4184.102564
4228.717949 4135.384615 4232.820513 4179.487179 4223.076923 4229.230769 4192.307692 4176.410256 4176.923077 4218.461538 4164.615385 4185.128205 4151.794872 4187.179487
4217.948718 4132.307692 4222.564103 4164.102564 4220.512821 4240.000000 4187.692308 4173.333333 4174.358974 4218.974359 4173.846154 4182.051282 4151.794872 4191.794872
4211.794872 4142.564103 4224.102564 4167.179487 4224.102564 4236.923077 4177.948718 4168.205128 4165.641026 4219.487179 4178.461538 4185.641026 4147.179487 4195.897436
4216.923077 4148.717949 4225.641026 4178.974359 4217.948718 4227.179487 4180.000000 4168.717949 4168.717949 4219.487179 4170.769231 4184.615385 4147.692308 4189.230769
4208.205128 4132.820513 4222.564103 4180.512821 4221.025641 4229.743590 4182.051282 4169.230769 4169.743590 4220.512821 4152.820513 4169.743590 4142.051282 4190.769231
4197.948718 4117.435897 4214.358974 4171.794872 4222.564103 4232.820513 4176.923077 4165.128205 4161.025641 4220.000000 4140.512821 4163.589744 4131.282051 4191.282051
4197.948718 4117.948718 4209.743590 4164.615385 4216.923077 4223.589744 4172.820513 4159.487179 4158.974359 4218.974359 4139.487179 4173.846154 4123.589744 4189.743590
4196.923077 4114.871795 4213.846154 4160.000000 4221.025641 4218.461538 4172.820513 4160.000000 4167.692308 4219.487179 4148.205128 4184.102564 4127.692308 4192.820513
4198.974359 4113.846154 4218.461538 4165.641026 4218.974359 4228.717949 4180.512821 4176.410256 4180.512821 4219.487179 4163.589744 4192.820513 4146.666667 4193.846154
4200.000000 4107.692308 4220.000000 4169.743590 4218.461538 4227.692308 4181.538462 4180.000000 4180.000000 4218.974359 4162.564103 4190.769231 4143.076923 4197.948718
4195.897436 4095.384615 4216.923077 4168.205128 4220.512821 4216.410256 4175.384615 4165.128205 4166.666667 4219.487179 4147.692308 4175.897436 4127.692308 4192.820513
4196.410256 4095.384615 4215.897436 4170.256410 4219.487179 4223.076923 4183.589744 4164.615385 4158.461538 4219.487179 4145.641026 4171.794872 4134.871795 4191.282051
4195.384615 4101.538462 4213.846154 4163.589744 4222.564103 4233.333333 4193.333333 4173.846154 4164.102564 4218.974359 4146.666667 4171.794872 4143.076923 4196.410256
4184.615385 4097.435897 4202.051282 4153.846154 4221.025641 4224.615385 4188.717949 4169.230769 4178.461538 4218.974359 4141.025641 4163.076923 4148.205128 4186.666667
4183.589744 4085.641026 4202.564103 4158.461538 4221.538462 4215.897436 4177.435897 4160.512821 4185.641026 4219.487179 4144.615385 4165.641026 4163.076923 4188.717949
4196.410256 4086.153846 4214.358974 4174.358974 4222.051282 4224.615385 4176.410256 4167.179487 4189.743590 4220.000000 4163.076923 4182.564103 4173.846154 4198.974359
4204.102564 4093.846154 4217.948718 4174.871795 4220.512821 4226.153846 4177.948718 4170.769231 4189.230769 4217.435897 4168.717949 4190.769231 4167.692308 4200.000000
4205.128205 4088.717949 4221.025641 4163.076923 4222.051282 4216.410256 4169.743590 4161.025641 4177.948718 4221.025641 4160.000000 4190.769231 4171.282051 4202.051282
4196.410256 4080.000000 4217.948718 4165.128205 4216.923077 4217.435897 4163.076923 4157.948718 4170.769231 4227.179487 4161.025641 4191.282051 4184.102564 4199.487179
4186.153846 4076.410256 4214.358974 4176.410256 4217.948718 4222.564103 4164.102564 4160.512821 4169.230769 4222.564103 4159.487179 4184.615385 4168.205128 4201.538462
4186.666667 4084.102564 4216.410256 4186.153846 4222.564103 4222.051282 4168.205128 4162.564103 4168.717949 4216.923077 4152.307692 4171.794872 4153.846154 4202.564103
4178.974359 4081.538462 4202.051282 4172.820513 4219.487179 4215.384615 4161.538462 4161.025641 4165.641026 4219.487179 4148.205128 4158.461538 4160.000000 4197.948718
4155.384615 4049.230769 4182.051282 4138.461538 4223.589744 4208.717949 4158.461538 4155.384615 4155.384615 4220.000000 4137.435897 4147.179487 4159.487179 4200.000000
4145.128205 4032.820513 4180.000000 4131.282051 4222.564103 4215.897436 4174.871795 4163.589744 4163.589744 4217.948718 4134.871795 4150.256410 4155.384615 4201.025641
4154.871795 4050.256410 4186.153846 4146.153846 4217.948718 4222.564103 4180.512821 4177.435897 4182.051282 4218.974359 4144.615385 4161.538462 4157.435897 4205.641026
4168.205128 4064.615385 4190.256410 4154.871795 4218.461538 4214.358974 4165.641026 4175.897436 4182.564103 4221.025641 4150.256410 4163.589744 4164.102564 4204.615385
4187.692308 4072.820513 4199.487179 4160.512821 4215.897436 4209.230769 4159.487179 4164.102564 4173.846154 4218.974359 4146.153846 4161.025641 4175.384615 4203.076923
4202.051282 4094.871795 4211.282051 4165.641026 4222.564103 4211.794872 4167.692308 4158.974359 4169.230769 4218.974359 4143.076923 4164.102564 4189.230769 4213.846154
4197.435897 4109.743590 4208.717949 4171.794872 4224.102564 4211.794872 4174.871795 4171.794872 4177.948718 4224.615385 4158.974359 4173.333333 4201.025641 4212.820513
4182.051282 4081.538462 4200.512821 4171.282051 4220.512821 4211.794872 4174.871795 4182.564103 4187.692308 4225.128205 4178.974359 4182.051282 4203.589744 4212.307692
4169.743590 4049.743590 4194.358974 4156.410256 4220.512821 4213.846154 4169.230769 4172.820513 4178.974359 4218.974359 4176.410256 4180.512821 4199.487179 4219.487179
4171.794872 4063.076923 4188.717949 4149.230769 4215.897436 4211.794872 4160.000000 4156.923077 4163.589744 4217.435897 4160.512821 4171.282051 4195.384615 4219.487179
4188.717949 4095.384615 4196.410256 4156.410256 4219.487179 4208.205128 4156.410256 4152.820513 4162.051282 4220.512821 4156.410256 4167.692308 4197.435897 4218.461538
4201.025641 4098.461538 4208.205128 4177.948718 4221.025641 4209.230769 4165.641026 4162.564103 4169.230769 4220.000000 4163.076923 4172.820513 4207.692308 4212.820513
4200.000000 4077.948718 4211.282051 4189.230769 4219.487179 4210.769231 4167.692308 4171.794872 4173.333333 4219.487179 4169.230769 4177.435897 4215.897436 4214.871795
4193.333333 4076.923077 4206.153846 4171.794872 4222.051282 4212.820513 4160.000000 4169.743590 4179.487179 4220.000000 4187.179487 4186.666667 4215.384615 4222.564103
4180.512821 4083.589744 4197.435897 4163.589744 4220.512821 4216.410256 4162.051282 4169.230769 4185.128205 4218.974359 4195.384615 4191.282051 4223.589744 4215.384615
4170.769231 4072.820513 4200.512821 4173.333333 4222.564103 4217.948718 4169.743590 4174.358974 4182.564103 4221.025641 4173.846154 4176.923077 4222.051282 4210.769231
4167.692308 4060.512821 4205.641026 4167.179487 4222.051282 4221.025641 4178.461538 4172.307692 4170.769231 4221.025641 4166.153846 4170.769231 4195.384615 4209.743590
4163.076923 4051.794872 4197.435897 4156.410256 4216.923077 4222.051282 4180.512821 4172.307692 4168.717949 4218.974359 4181.538462 4176.410256 4194.358974 4213.333333
4156.410256 4038.974359 4186.153846 4145.641026 4218.461538 4219.487179 4166.666667 4185.128205 4184.615385 4217.948718 4165.128205 4163.589744 4212.307692 4214.871795
4153.333333 4046.666667 4186.666667 4135.897436 4217.948718 4225.641026 4155.897436 4192.820513 4189.230769 4218.974359 4148.205128 4156.410256 4201.538462 4205.128205
4158.974359 4051.794872 4198.461538 4147.692308 4222.564103 4231.794872 4150.256410 4174.358974 4166.666667 4219.487179 4168.205128 4167.692308 4187.179487 4206.153846
4158.974359 4025.641026 4194.358974 4160.512821 4220.512821 4226.666667 4133.333333 4155.384615 4156.410256 4218.974359 4164.102564 4163.589744 4186.666667 4208.717949
4146.666667 4006.666667 4171.794872 4142.051282 4214.871795 4218.461538 4116.410256 4159.487179 4168.717949 4218.974359 4126.153846 4148.717949 4167.692308 4207.692308
4132.307692 4002.051282 4162.564103 4120.512821 4221.538462 4210.769231 4104.615385 4162.564103 4167.692308 4219.487179 4111.282051 4143.076923 4144.615385 4211.794872
4134.871795 4001.538462 4170.256410 4130.769231 4218.974359 4205.128205 4094.358974 4158.974359 4160.512821 4218.974359 4133.846154 4144.615385 4147.179487 4206.153846
4146.666667 4002.051282 4185.128205 4155.897436 4215.384615 4209.743590 4095.897436 4162.051282 4161.538462 4219.487179 4159.487179 4151.282051 4151.282051 4202.564103
4144.102564 4000.512821 4189.743590 4165.128205 4216.923077 4216.410256 4097.435897 4169.743590 4166.666667 4218.974359 4168.717949 4151.282051 4148.205128 4201.025641
4137.435897 4000.512821 4180.512821 4163.589744 4216.923077 4211.282051 4081.538462 4159.487179 4165.641026 4218.974359 4155.384615 4133.333333 4146.666667 4199.487179
4137.435897 3992.820513 4184.102564 4160.000000 4221.538462 4207.179487 4078.461538 4146.153846 4158.461538 4219.487179 4156.923077 4130.769231 4150.769231 4200.000000
4140.512821 3997.435897 4185.641026 4150.256410 4219.487179 4208.205128 4089.230769 4152.820513 4163.076923 4219.487179 4192.307692 4152.307692 4164.102564 4191.794872
4146.153846 4021.025641 4176.410256 4149.743590 4217.435897 4206.666667 4082.051282 4158.461538 4169.230769 4217.948718 4189.230769 4152.820513 4166.153846 4196.410256
4155.384615 4038.974359 4182.051282 4175.384615 4218.974359 4212.307692 4085.128205 4163.076923 4174.358974 4218.461538 4164.102564 4143.076923 4162.564103 4205.641026
4158.974359 4037.948718 4192.307692 4199.487179 4216.410256 4221.025641 4109.230769 4181.538462 4183.589744 4220.512821 4174.871795 4150.769231 4163.589744 4202.051282
4155.384615 4031.282051 4190.769231 4196.410256 4219.487179 4221.538462 4117.435897 4188.205128 4183.076923 4220.512821 4192.820513 4153.333333 4160.512821 4196.923077
4148.717949 4028.717949 4184.615385 4176.923077 4220.000000 4224.102564 4118.461538 4185.641026 4179.487179 4218.974359 4184.615385 4139.487179 4153.846154 4188.205128
4142.564103 4025.641026 4186.666667 4167.692308 4220.512821 4220.512821 4121.025641 4195.897436 4190.256410 4218.974359 4175.384615 4139.487179 4149.230769 4189.230769
4145.128205 4028.717949 4186.666667 4173.846154 4220.512821 4208.205128 4108.717949 4190.256410 4191.794872 4219.487179 4179.487179 4150.256410 4148.717949 4197.435897
4160.512821 4036.923077 4189.230769 4186.666667 4215.384615 4207.692308 4098.461538 4168.717949 4174.358974 4218.974359 4195.897436 4155.897436 4155.384615 4199.487179
4180.000000 4049.230769 4207.692308 4203.076923 4220.000000 4211.794872 4101.025641 4172.820513 4185.641026 4218.974359 4215.897436 4163.076923 4171.794872 4205.128205
4185.128205 4062.564103 4210.256410 4207.692308 4218.974359 4207.179487 4104.615385 4185.641026 4212.820513 4219.487179 4209.230769 4168.717949 4182.564103 4202.564103
4182.051282 4064.615385 4204.615385 4209.743590 4215.384615 4204.615385 4109.230769 4178.974359 4204.102564 4218.974359 4208.205128 4172.820513 4178.461538 4202.051282
4186.666667 4070.256410 4210.256410 4218.974359 4218.974359 4208.717949 4109.743590 4174.358974 4188.717949 4218.461538 4221.025641 4171.794872 4172.307692 4205.641026
4186.153846 4077.948718 4204.615385 4211.282051 4217.435897 4215.384615 4111.282051 4185.641026 4194.871795 4218.461538 4207.692308 4162.564103 4168.205128 4204.102564
4176.923077 4069.230769 4192.307692 4195.384615 4220.000000 4214.871795 4117.435897 4189.230769 4192.307692 4217.435897 4176.410256 4159.487179 4162.051282 4211.282051
4179.487179 4064.102564 4195.897436 4212.307692 4218.461538 4209.743590 4124.615385 4191.282051 4189.743590 4218.974359 4182.564103 4167.179487 4170.769231 4214.358974
4186.666667 4073.333333 4204.102564 4222.051282 4213.333333 4213.846154 4124.102564 4194.358974 4200.000000 4220.000000 4214.871795 4173.333333 4182.564103 4217.948718
4178.974359 4085.128205 4198.461538 4206.153846 4216.410256 4220.512821 4120.512821 4180.512821 4193.333333 4217.948718 4201.025641 4165.128205 4177.948718 4223.076923
4168.717949 4097.435897 4191.794872 4211.282051 4214.871795 4214.871795 4126.666667 4171.794872 4177.948718 4218.461538 4167.692308 4154.871795 4169.230769 4217.435897
4167.692308 4106.153846 4198.461538 4218.461538 4216.923077 4213.333333 4136.410256 4178.461538 4175.897436 4222.051282 4177.435897 4157.435897 4159.487179 4217.948718
4177.948718 4106.153846 4201.025641 4220.000000 4218.461538 4221.025641 4143.589744 4194.358974 4193.333333 4223.076923 4206.153846 4173.846154 4167.692308 4222.051282
4188.205128 4108.205128 4203.076923 4232.820513 4216.410256 4216.923077 4149.230769 4204.615385 4210.256410 4222.051282 4198.974359 4178.461538 4188.205128 4227.179487
4186.666667 4123.589744 4208.717949 4232.820513 4219.487179 4209.743590 4157.948718 4207.179487 4212.307692 4222.564103 4188.205128 4173.333333 4195.384615 4229.230769
4182.564103 4134.358974 4205.128205 4222.051282 4216.923077 4214.358974 4163.076923 4215.384615 4215.897436 4222.051282 4200.512821 4177.948718 4196.410256 4224.102564
4188.205128 4126.666667 4203.076923 4221.538462 4215.384615 4211.282051 4157.948718 4212.307692 4212.820513 4223.076923 4204.102564 4184.615385 4195.897436 4229.743590
4196.923077 4127.692308 4210.256410 4242.051282 4215.384615 4204.615385 4160.000000 4205.641026 4205.641026 4223.076923 4201.538462 4183.589744 4193.846154 4232.307692
4185.641026 4134.358974 4201.538462 4240.000000 4214.871795 4207.692308 4163.589744 4214.871795 4214.358974 4219.487179 4198.974359 4175.384615 4195.384615 4224.102564
4160.512821 4123.589744 4180.512821 4208.717949 4221.025641 4215.384615 4165.641026 4225.128205 4225.128205 4226.153846 4194.871795 4166.153846 4198.461538 4222.564103
4146.666667 4113.333333 4174.871795 4206.666667 4221.538462 4218.461538 4174.871795 4223.076923 4220.000000 4231.794872 4192.307692 4157.435897 4192.820513 4222.051282
4149.230769 4112.307692 4183.589744 4210.769231 4220.000000 4216.410256 4178.461538 4221.025641 4213.333333 4222.051282 4186.666667 4148.717949 4183.076923 4228.205128
4157.435897 4120.512821 4186.666667 4199.487179 4217.948718 4213.333333 4168.205128 4225.128205 4220.000000 4221.025641 4194.358974 4152.820513 4192.820513 4231.282051
4174.358974 4144.615385 4190.256410 4224.615385 4214.871795 4211.282051 4159.487179 4217.948718 4230.256410 4229.230769 4213.333333 4165.128205 4214.871795 4229.743590
4190.256410 4160.000000 4203.589744 4255.384615 4221.025641 4213.846154 4161.538462 4208.205128 4229.743590 4222.564103 4212.307692 4170.256410 4213.333333 4236.410256
4189.743590 4161.025641 4206.666667 4241.538462 4221.025641 4218.461538 4166.153846 4208.717949 4224.615385 4215.384615 4209.230769 4172.307692 4203.589744 4234.358974
4190.769231 4169.230769 4203.589744 4232.820513 4219.487179 4217.948718 4163.076923 4205.128205 4220.000000 4221.025641 4206.666667 4168.205128 4205.641026 4232.307692
4199.487179 4185.128205 4208.205128 4249.743590 4223.076923 4214.358974 4166.666667 4203.076923 4219.487179 4221.025641 4197.435897 4164.102564 4202.564103 4232.307692
4203.076923 4192.307692 4209.230769 4253.333333 4217.948718 4215.897436 4180.512821 4210.769231 4228.717949 4217.948718 4211.282051 4177.435897 4204.102564 4230.256410
4206.153846 4188.717949 4210.769231 4266.666667 4216.410256 4222.564103 4184.615385 4206.153846 4233.846154 4221.538462 4216.410256 4182.564103 4208.717949 4234.871795
4214.358974 4197.948718 4210.769231 4278.461538 4215.897436 4227.179487 4182.051282 4197.948718 4226.666667 4220.512821 4202.564103 4176.923077 4212.307692 4235.384615
4217.435897 4206.666667 4214.871795 4262.564103 4217.948718 4224.615385 4181.538462 4207.179487 4221.538462 4217.948718 4222.564103 4188.205128 4220.000000 4240.512821
4215.897436 4201.025641 4221.025641 4245.641026 4221.025641 4220.000000 4184.615385 4221.538462 4228.205128 4217.435897 4240.000000 4196.410256 4223.589744 4242.564103
4220.512821 4205.641026 4219.487179 4257.948718 4215.384615 4220.000000 4189.230769 4225.128205 4238.974359 4217.948718 4211.282051 4183.589744 4215.897436 4238.974359
4236.923077 4212.307692 4231.282051 4286.666667 4220.000000 4221.025641 4195.897436 4224.102564 4244.102564 4220.000000 4206.666667 4187.179487 4215.384615 4247.692308
4242.564103 4215.897436 4237.948718 4282.564103 4222.051282 4219.487179 4204.615385 4235.897436 4255.897436 4220.000000 4247.179487 4209.743590 4242.564103 4246.666667
4233.846154 4224.615385 4229.230769 4266.666667 4218.974359 4215.897436 4208.205128 4247.692308 4268.205128 4216.410256 4256.923077 4216.923077 4262.051282 4242.564103
4237.948718 4221.025641 4231.282051 4276.923077 4220.000000 4215.384615 4207.179487 4243.076923 4270.769231 4224.102564 4240.512821 4213.846154 4256.410256 4248.717949
4243.076923 4210.769231 4233.846154 4282.564103 4217.948718 4223.076923 4209.743590 4245.128205 4270.769231 4233.846154 4250.256410 4219.487179 4246.666667 4247.692308
4235.897436 4224.615385 4228.717949 4272.820513 4220.512821 4221.025641 4208.717949 4251.282051 4268.717949 4225.128205 4258.974359 4224.102564 4247.692308 4248.717949
4237.435897 4244.615385 4227.692308 4286.153846 4216.923077 4217.948718 4206.153846 4249.743590 4269.230769 4214.871795 4259.487179 4224.615385 4268.717949 4247.179487
4236.923077 4236.923077 4227.692308 4294.358974 4214.358974 4224.615385 4209.743590 4251.282051 4272.307692 4218.461538 4259.487179 4225.641026 4275.897436 4244.615385
4222.051282 4226.153846 4214.358974 4265.128205 4222.564103 4223.589744 4204.102564 4251.282051 4265.641026 4220.000000 4241.538462 4218.461538 4255.384615 4243.589744
4217.948718 4235.384615 4206.153846 4258.461538 4220.000000 4215.384615 4194.358974 4242.051282 4256.410256 4216.923077 4232.820513 4209.230769 4250.256410 4240.512821
4236.923077 4246.666667 4226.666667 4289.743590 4216.923077 4218.461538 4201.538462 4239.487179 4261.538462 4220.000000 4250.256410 4221.025641 4261.025641 4247.692308
4246.153846 4242.051282 4242.051282 4302.564103 4216.410256 4227.179487 4215.384615 4248.717949 4272.307692 4221.538462 4255.384615 4232.820513 4258.461538 4242.051282
4232.820513 4229.743590 4225.128205 4271.282051 4214.358974 4226.153846 4212.820513 4245.641026 4263.589744 4220.000000 4230.256410 4216.923077 4249.743590 4229.743590
4222.051282 4236.923077 4207.179487 4250.256410 4218.974359 4220.000000 4206.153846 4236.410256 4249.230769 4221.025641 4217.435897 4205.641026 4250.769231 4232.820513
4228.205128 4250.769231 4211.794872 4273.333333 4216.923077 4220.000000 4214.871795 4247.692308 4256.410256 4221.025641 4240.512821 4220.512821 4255.897436 4236.410256
4237.435897 4241.025641 4220.512821 4284.102564 4217.948718 4221.025641 4224.102564 4261.538462 4270.256410 4220.512821 4250.769231 4224.615385 4246.666667 4240.000000
4225.128205 4228.205128 4211.794872 4272.307692 4222.051282 4220.512821 4224.615385 4260.512821 4269.743590 4220.512821 4224.615385 4204.615385 4232.820513 4236.410256
4214.358974 4234.358974 4206.153846 4271.794872 4217.948718 4223.589744 4222.051282 4252.307692 4261.025641 4220.512821 4210.256410 4193.333333 4246.153846 4231.794872
4226.666667 4234.871795 4217.435897 4264.102564 4219.487179 4224.615385 4229.230769 4252.820513 4262.564103 4220.512821 4226.153846 4206.666667 4263.589744 4238.461538
4231.282051 4232.820513 4213.846154 4251.794872 4218.461538 4224.102564 4241.538462 4264.102564 4269.230769 4220.512821 4234.358974 4214.358974 4247.179487 4237.948718
4219.487179 4236.410256 4204.102564 4258.461538 4216.923077 4221.538462 4241.025641 4261.025641 4266.153846 4220.512821 4225.641026 4205.641026 4234.358974 4235.897436
4217.948718 4242.564103 4208.717949 4264.615385 4218.974359 4221.025641 4236.410256 4250.769231 4261.025641 4220.512821 4227.692308 4206.153846 4257.948718 4232.820513
4234.871795 4258.974359 4218.974359 4272.820513 4220.000000 4226.153846 4234.871795 4258.461538 4233.333333 4220.512821 4238.461538 4223.589744 4268.717949 4231.282051
4240.512821 4265.128205 4227.692308 4288.717949 4222.051282 4227.692308 4229.230769 4256.923077 4165.641026 4220.512821 4235.897436 4230.256410 4254.358974 4236.923077
4222.051282 4248.205128 4218.974359 4278.461538 4216.923077 4223.076923 4221.025641 4238.974359 4118.974359 4220.512821 4218.461538 4212.307692 4247.692308 4232.307692
4204.102564 4226.153846 4202.564103 4247.179487 4216.923077 4218.974359 4213.333333 4230.769231 4120.512821 4220.512821 4193.846154 4189.230769 4237.948718 4224.102564
4203.076923 4228.205128 4201.538462 4237.948718 4221.025641 4220.512821 4211.282051 4236.923077 4132.820513 4220.512821 4189.230769 4187.692308 4224.102564 4220.000000
4214.358974 4247.179487 4209.230769 4255.384615 4214.871795 4226.666667 4225.128205 4251.282051 4151.794872 4220.512821 4218.461538 4205.641026 4245.128205 4224.102564
4225.128205 4257.435897 4219.487179 4275.897436 4217.435897 4227.692308 4234.871795 4261.025641 4168.717949 4220.512821 4245.641026 4222.051282 4271.794872 4232.820513
4231.794872 4258.461538 4225.641026 4286.666667 4221.538462 4224.102564 4228.205128 4257.948718 4165.641026 4220.512821 4244.615385 4231.282051 4265.641026 4223.589744
4235.384615 4255.897436 4225.128205 4272.820513 4222.051282 4220.512821 4224.615385 4251.282051 4161.025641 4220.512821 4231.282051 4231.794872 4254.871795 4223.076923
4232.307692 4261.025641 4222.564103 4260.000000 4222.564103 4220.000000 4228.205128 4248.205128 4160.000000 4220.512821 4224.615385 4223.589744 4263.076923 4229.743590
4227.692308 4263.589744 4216.923077 4267.692308 4216.923077 4217.948718 4225.641026 4240.000000 4148.205128 4220.000000 4219.487179 4215.897436 4264.102564 4223.076923
4231.794872 4255.897436 4221.538462 4275.384615 4220.512821 4218.974359 4221.538462 4237.435897 4141.538462 4221.025641 4224.615385 4223.589744 4261.538462 4221.538462
4239.487179 4254.871795 4228.717949 4276.923077 4221.538462 4224.102564 4231.282051 4252.307692 4152.307692 4221.025641 4247.179487 4240.000000 4284.615385 4221.538462
4233.333333 4253.846154 4222.564103 4267.179487 4218.461538 4222.051282 4240.000000 4252.820513 4147.179487 4218.974359 4245.641026 4236.923077 4289.230769 4221.025641
4228.717949 4256.410256 4214.358974 4255.384615 4222.051282 4215.897436 4233.846154 4237.435897 4125.641026 4223.076923 4223.589744 4227.692308 4259.487179 4221.025641
4245.128205 4278.461538 4219.487179 4268.717949 4219.487179 4219.487179 4230.769231 4237.435897 4125.128205 4225.128205 4229.743590 4240.512821 4269.230769 4216.923077
4255.897436 4286.153846 4229.743590 4285.641026 4221.025641 4227.179487 4237.435897 4251.794872 4135.384615 4218.461538 4252.820513 4251.282051 4301.538462 4222.564103
4243.076923 4263.589744 4220.512821 4285.128205 4222.051282 4224.615385 4254.358974 4254.871795 4131.282051 4215.897436 4258.974359 4240.512821 4302.051282 4220.512821
4232.820513 4258.974359 4209.230769 4279.487179 4219.487179 4220.000000 4275.384615 4236.410256 4117.435897 4220.000000 4252.307692 4230.769231 4285.641026 4211.794872
4232.820513 4266.153846 4212.307692 4263.076923 4223.076923 4228.205128 4284.615385 4220.000000 4100.512821 4220.000000 4241.025641 4235.897436 4269.743590 4212.820513
4223.589744 4254.871795 4203.076923 4237.435897 4221.538462 4240.000000 4285.128205 4225.128205 4110.769231 4217.435897 4227.179487 4233.333333 4262.051282 4213.333333
4216.923077 4249.743590 4194.358974 4236.923077 4223.076923 4242.051282 4281.538462 4226.666667 4176.923077 4218.974359 4223.076923 4220.512821 4274.871795 4216.410256
4218.461538 4252.820513 4201.538462 4253.846154 4223.076923 4237.948718 4272.820513 4211.282051 4242.051282 4220.512821 4220.000000 4215.384615 4275.897436 4215.897436
4218.974359 4239.487179 4204.615385 4249.743590 4220.512821 4230.769231 4267.692308 4207.179487 4244.615385 4220.512821 4205.641026 4217.435897 4254.871795 4215.384615
4223.076923 4243.589744 4199.487179 4235.384615 4225.128205 4228.205128 4274.358974 4218.461538 4234.871795 4219.487179 4212.307692 4223.589744 4255.384615 4220.512821
4232.307692 4271.794872 4201.538462 4240.000000 4218.974359 4233.846154 4284.615385 4229.743590 4260.000000 4218.974359 4238.461538 4235.897436 4283.076923 4215.897436
4235.384615 4265.128205 4207.692308 4248.205128 4216.923077 4233.846154 4284.615385 4227.179487 4271.282051 4219.487179 4238.461538 4241.025641 4283.589744 4213.846154
4235.897436 4245.128205 4206.666667 4243.076923 4224.102564 4229.230769 4281.538462 4217.948718 4257.948718 4218.974359 4226.153846 4235.384615 4268.205128 4210.769231
4248.205128 4252.820513 4212.820513 4252.307692 4220.512821 4235.897436 4286.666667 4221.025641 4257.435897 4218.974359 4240.512821 4242.564103 4282.051282 4207.179487
4255.897436 4259.487179 4225.641026 4265.641026 4218.461538 4248.205128 4290.256410 4223.589744 4259.487179 4218.974359 4244.615385 4248.717949 4300.000000 4209.743590
4247.179487 4253.333333 4220.512821 4260.000000 4217.435897 4245.128205 4287.179487 4226.153846 4257.435897 4218.461538 4228.717949 4238.974359 4287.179487 4206.666667
4240.512821 4247.692308 4213.846154 4248.205128 4219.487179 4228.717949 4281.025641 4229.743590 4255.384615 4219.487179 4226.153846 4233.333333 4273.846154 4207.692308
4244.615385 4253.333333 4212.820513 4243.589744 4221.025641 4228.205128 4283.076923 4227.692308 4256.410256 4219.487179 4238.974359 4238.974359 4292.307692 4208.717949
4252.307692 4269.230769 4206.153846 4253.333333 4217.435897 4237.435897 4285.641026 4225.128205 4261.538462 4216.410256 4247.692308 4237.948718 4313.846154 4208.717949
4251.794872 4270.769231 4207.179487 4253.846154 4223.589744 4227.179487 4267.692308 4214.358974 4248.717949 4223.589744 4241.538462 4229.230769 4305.641026 4217.435897
4251.794872 4267.692308 4215.384615 4245.641026 4223.076923 4216.923077 4257.435897 4204.102564 4238.461538 4226.666667 4238.974359 4232.820513 4302.051282 4216.410256
4260.000000 4271.794872 4217.435897 4251.282051 4221.025641 4226.153846 4268.205128 4204.615385 4248.717949 4217.948718 4239.487179 4236.410256 4323.589744 4216.410256
4263.076923 4277.435897 4215.384615 4254.871795 4224.615385 4231.794872 4274.871795 4208.717949 4254.358974 4224.102564 4232.820513 4227.179487 4348.717949 4217.948718
4254.358974 4278.974359 4209.230769 4244.615385 4220.512821 4228.205128 4271.794872 4214.871795 4252.307692 4233.333333 4230.769231 4223.589744 4354.871795 4211.794872
4244.102564 4271.282051 4207.692308 4235.384615 4221.025641 4223.076923 4268.717949 4215.384615 4247.179487 4222.051282 4231.282051 4223.589744 4351.282051 4212.307692
4246.153846 4274.358974 4208.205128 4250.256410 4218.461538 4221.025641 4271.794872 4214.871795 4245.641026 4213.846154 4240.000000 4226.153846 4367.179487 4211.282051
4252.820513 4289.230769 4206.153846 4253.846154 4217.435897 4225.641026 4273.333333 4216.923077 4252.307692 4221.538462 4250.256410 4231.282051 4385.128205 4214.871795
4247.179487 4290.256410 4206.666667 4233.846154 4224.102564 4231.794872 4270.256410 4213.333333 4252.307692 4222.051282 4245.128205 4224.615385 4380.512821 4217.948718
4250.256410 4287.179487 4213.333333 4239.487179 4222.051282 4228.205128 4269.743590 4213.846154 4246.666667 4215.897436 4239.487179 4220.512821 4379.487179 4214.358974
4275.897436 4306.153846 4222.051282 4266.666667 4222.051282 4220.512821 4278.461538 4231.282051 4259.487179 4220.512821 4254.358974 4241.025641 4396.923077 4223.076923
4283.076923 4321.538462 4218.461538 4269.743590 4222.564103 4225.128205 4289.743590 4243.076923 4277.435897 4227.179487 4272.307692 4250.769231 4410.769231 4223.589744
4268.205128 4311.282051 4213.333333 4256.410256 4219.487179 4227.692308 4284.615385 4229.743590 4265.128205 4223.076923 4263.589744 4231.794872 4402.564103 4221.538462
4267.692308 4298.974359 4218.974359 4258.461538 4221.538462 4217.948718 4271.794872 4216.410256 4246.666667 4215.897436 4252.820513 4228.205128 4394.358974 4226.666667
4268.205128 4296.923077 4208.717949 4247.692308 4220.000000 4209.743590 4269.230769 4218.461538 4249.230769 4217.948718 4256.410256 4235.897436 4397.948718 4224.102564
4261.538462 4294.358974 4201.538462 4234.358974 4221.538462 4211.282051 4270.769231 4218.974359 4253.333333 4222.564103 4255.897436 4228.717949 4403.589744 4222.564103
4267.179487 4290.769231 4214.358974 4258.974359 4222.051282 4216.923077 4270.769231 4219.487179 4252.820513 4219.487179 4253.846154 4227.179487 4403.076923 4219.487179
4273.846154 4302.051282 4223.076923 4275.897436 4220.512821 4217.435897 4270.769231 4224.102564 4254.871795 4216.410256 4256.923077 4235.384615 4396.923077 4222.564103
4264.615385 4314.358974 4213.846154 4251.794872 4222.051282 4215.897436 4271.794872 4228.717949 4264.102564 4223.589744 4258.974359 4233.846154 4398.974359 4229.230769
4252.307692 4312.820513 4201.538462 4237.948718 4216.410256 4219.487179 4277.435897 4229.743590 4272.820513 4230.769231 4255.384615 4229.230769 4407.179487 4225.128205
4248.205128 4305.128205 4203.076923 4252.820513 4218.974359 4221.025641 4281.025641 4223.589744 4265.128205 4225.128205 4252.820513 4226.153846 4403.589744 4228.205128
4245.128205 4298.974359 4204.615385 4256.923077 4224.615385 4220.000000 4274.358974 4222.564103 4256.410256 4216.410256 4252.307692 4218.461538 4398.461538 4231.282051
4243.076923 4300.000000 4201.538462 4242.564103 4221.538462 4218.974359 4269.230769 4224.615385 4260.000000 4218.461538 4255.384615 4214.871795 4398.461538 4227.692308
4246.666667 4300.512821 4205.641026 4241.025641 4222.051282 4218.461538 4270.256410 4219.487179 4256.923077 4222.051282 4261.025641 4217.948718 4397.435897 4228.205128
4248.717949 4300.000000 4204.615385 4254.358974 4220.000000 4217.948718 4271.282051 4221.025641 4247.179487 4217.435897 4258.461538 4217.948718 4400.512821 4227.692308
4241.538462 4294.871795 4198.974359 4253.846154 4222.564103 4215.384615 4267.179487 4223.589744 4240.000000 4217.435897 4249.230769 4214.358974 4395.384615 4231.282051
4234.871795 4298.974359 4199.487179 4246.153846 4224.102564 4216.410256 4271.794872 4224.615385 4231.794872 4226.666667 4251.794872 4210.256410 4385.128205 4230.769231
4231.282051 4302.564103 4197.435897 4243.076923 4217.948718 4224.102564 4278.461538 4228.717949 4224.615385 4226.666667 4251.282051 4201.025641 4380.512821 4229.230769
4222.051282 4294.358974 4190.769231 4229.743590 4223.076923 4225.128205 4269.743590 4225.641026 4217.948718 4218.974359 4238.974359 4195.384615 4370.769231 4233.333333
4220.000000 4301.025641 4193.846154 4239.487179 4222.564103 4223.076923 4268.205128 4233.846154 4223.589744 4217.435897 4250.769231 4205.641026 4374.358974 4228.205128
4235.384615 4305.641026 4206.153846 4266.153846 4220.000000 4229.230769 4277.435897 4252.307692 4241.538462 4220.512821 4268.717949 4217.435897 4387.179487 4231.794872
4245.641026 4300.512821 4206.666667 4254.871795 4222.564103 4233.333333 4276.410256 4251.282051 4251.282051 4219.487179 4263.076923 4218.461538 4386.666667 4237.948718
4236.923077 4305.641026 4194.871795 4227.179487 4220.512821 4227.179487 4274.358974 4240.512821 4245.128205 4217.948718 4259.487179 4217.435897 4383.076923 4233.333333
4231.282051 4311.282051 4195.384615 4229.230769 4223.589744 4223.076923 4278.461538 4238.974359 4240.000000 4218.974359 4263.076923 4221.025641 4384.102564 4235.384615
4233.333333 4304.102564 4201.025641 4240.512821 4221.538462 4227.179487 4282.051282 4246.666667 4250.769231 4218.974359 4264.102564 4230.256410 4390.769231 4232.307692
4234.871795 4295.897436 4204.102564 4236.410256 4218.461538 4229.230769 4280.000000 4247.179487 4253.333333 4219.487179 4272.307692 4239.487179 4396.410256 4226.153846
4238.461538 4303.076923 4210.256410 4235.384615 4221.538462 4230.256410 4278.974359 4244.102564 4248.717949 4218.461538 4281.025641 4240.000000 4396.410256 4224.102564
4246.153846 4310.256410 4213.333333 4245.128205 4218.974359 4232.307692 4278.974359 4247.179487 4258.974359 4215.384615 4281.025641 4240.512821 4400.000000 4221.538462
4249.230769 4302.564103 4214.871795 4249.743590 4221.538462 4225.128205 4270.256410 4243.589744 4255.897436 4218.974359 4278.974359 4244.615385 4398.461538 4226.153846
4246.666667 4302.051282 4211.794872 4245.128205 4221.538462 4218.461538 4265.128205 4236.410256 4237.948718 4224.615385 4277.948718 4243.076923 4390.256410 4225.641026
4247.692308 4315.384615 4211.794872 4237.948718 4220.512821 4225.641026 4272.820513 4238.461538 4238.461538 4223.076923 4275.384615 4240.512821 4390.769231 4226.666667
4248.717949 4318.461538 4213.333333 4236.923077 4224.102564 4227.179487 4275.384615 4240.512821 4243.076923 4224.102564 4266.666667 4237.948718 4386.153846 4227.692308
4246.153846 4309.743590 4206.666667 4240.512821 4220.000000 4222.051282 4270.256410 4233.846154 4232.820513 4227.179487 4255.384615 4230.769231 4369.230769 4220.512821
4248.717949 4315.897436 4211.282051 4240.512821 4221.538462 4227.692308 4276.410256 4233.333333 4230.256410 4221.025641 4252.307692 4226.666667 4364.102564 4224.102564
4258.461538 4334.871795 4219.487179 4243.076923 4223.589744 4230.256410 4287.179487 4242.051282 4238.974359 4215.384615 4258.974359 4230.769231 4377.948718 4225.641026
4258.974359 4341.025641 4214.871795 4244.615385 4221.538462 4224.102564 4284.102564 4244.102564 4236.410256 4218.461538 4257.948718 4230.769231 4377.948718 4223.589744
4250.256410 4337.435897 4207.179487 4238.461538 4224.102564 4229.743590 4280.512821 4242.564103 4230.769231 4221.025641 4247.179487 4224.102564 4360.000000 4225.128205
4243.076923 4340.000000 4203.589744 4246.153846 4220.512821 4236.923077 4284.615385 4247.692308 4236.410256 4218.461538 4248.205128 4220.512821 4354.871795 4223.076923
4238.974359 4344.615385 4204.615385 4255.897436 4219.487179 4231.282051 4279.487179 4244.615385 4235.897436 4216.923077 4253.333333 4218.461538 4360.000000 4228.205128
4233.846154 4348.717949 4200.512821 4248.205128 4220.512821 4227.179487 4270.769231 4236.923077 4230.769231 4222.051282 4250.769231 4217.435897 4361.025641 4224.615385
4227.179487 4349.743590 4192.820513 4237.435897 4218.461538 4227.692308 4268.205128 4234.871795 4231.794872 4227.179487 4243.589744 4214.871795 4355.897436 4219.487179
4225.641026 4348.717949 4195.384615 4237.948718 4222.051282 4229.230769 4267.179487 4231.794872 4228.717949 4221.025641 4242.051282 4212.820513 4351.282051 4224.615385
4226.153846 4359.487179 4197.948718 4245.128205 4221.025641 4231.794872 4268.205128 4231.794872 4228.717949 4215.384615 4251.794872 4218.461538 4356.410256 4220.000000
4229.743590 4367.692308 4200.512821 4251.794872 4223.589744 4230.769231 4267.692308 4233.846154 4235.384615 4218.974359 4259.487179 4226.666667 4360.512821 4218.461538
4232.820513 4366.153846 4207.692308 4253.333333 4223.589744 4231.282051 4266.666667 4238.461538 4243.589744 4222.051282 4257.435897 4224.102564 4357.435897 4218.974359
4232.820513 4367.179487 4206.153846 4240.512821 4218.461538 4231.282051 4269.230769 4244.102564 4248.205128 4217.948718 4250.256410 4215.897436 4351.794872 4217.948718
4239.487179 4369.743590 4205.128205 4240.000000 4223.076923 4230.769231 4277.948718 4248.205128 4252.307692 4217.948718 4253.846154 4221.538462 4355.384615 4221.538462
4246.666667 4376.410256 4213.333333 4255.897436 4220.512821 4235.384615 4286.153846 4256.923077 4258.974359 4226.153846 4265.128205 4235.897436 4366.666667 4218.974359
4238.974359 4370.769231 4217.435897 4252.307692 4220.000000 4230.256410 4277.948718 4253.333333 4253.333333 4228.205128 4262.564103 4234.871795 4364.102564 4220.512821
4228.717949 4353.846154 4208.717949 4235.897436 4226.153846 4221.025641 4268.205128 4242.051282 4245.128205 4220.000000 4261.538462 4225.128205 4356.923077 4219.487179
4232.820513 4355.384615 4200.000000 4234.871795 4222.564103 4227.692308 4273.333333 4244.615385 4251.794872 4216.923077 4272.307692 4226.153846 4364.102564 4212.307692
4237.435897 4363.589744 4203.076923 4239.487179 4222.051282 4230.769231 4273.846154 4248.205128 4254.871795 4221.538462 4274.358974 4227.179487 4367.179487 4210.256410
4235.897436 4364.615385 4201.538462 4233.846154 4222.051282 4221.025641 4266.153846 4240.512821 4245.128205 4217.948718 4269.743590 4223.076923 4360.000000 4205.641026
4229.230769 4355.897436 4193.333333 4221.025641 4222.051282 4223.076923 4264.615385 4234.358974 4232.307692 4216.923077 4259.487179 4215.384615 4344.615385 4201.538462
4221.538462 4340.000000 4193.846154 4215.897436 4223.076923 4234.358974 4269.230769 4236.923077 4225.128205 4226.153846 4248.205128 4207.692308 4326.153846 4195.384615
4227.692308 4337.948718 4204.102564 4234.358974 4221.538462 4233.846154 4274.871795 4250.256410 4232.820513 4224.615385 4250.256410 4213.333333 4328.205128 4190.256410
4237.435897 4355.384615 4212.307692 4242.051282 4225.641026 4229.743590 4280.000000 4262.564103 4248.717949 4218.974359 4266.666667 4224.102564 4348.717949 4198.461538
4232.820513 4366.666667 4207.692308 4230.256410 4223.589744 4235.897436 4285.641026 4266.153846 4257.948718 4222.051282 4283.076923 4224.615385 4363.589744 4195.384615
4227.692308 4361.025641 4203.076923 4229.230769 4224.102564 4234.871795 4276.923077 4259.487179 4254.871795 4224.102564 4278.461538 4216.923077 4352.820513 4188.205128
4228.205128 4356.923077 4204.102564 4237.435897 4229.230769 4222.051282 4257.948718 4254.358974 4250.769231 4218.974359 4264.615385 4209.743590 4335.384615 4185.128205
4230.256410 4360.512821 4207.179487 4245.641026 4221.538462 4220.000000 4261.025641 4257.435897 4252.820513 4216.923077 4270.769231 4210.256410 4344.615385 4180.000000
4237.948718 4365.128205 4217.948718 4249.230769 4221.538462 4232.307692 4278.461538 4262.051282 4258.461538 4221.538462 4285.641026 4222.051282 4357.435897 4186.153846
4247.179487 4374.871795 4224.102564 4249.743590 4225.128205 4244.615385 4288.717949 4276.410256 4276.410256 4223.076923 4297.948718 4240.512821 4361.025641 4184.615385
4250.256410 4375.384615 4221.025641 4245.128205 4224.615385 4248.205128 4294.358974 4293.333333 4290.256410 4221.538462 4310.256410 4249.743590 4364.615385 4177.435897
4244.615385 4360.000000 4220.512821 4240.000000 4229.743590 4245.641026 4294.871795 4290.256410 4282.051282 4218.974359 4310.256410 4243.076923 4364.102564 4176.410256
4236.410256 4351.794872 4214.871795 4241.538462 4230.256410 4243.589744 4287.692308 4280.512821 4271.794872 4218.461538 4295.897436 4234.358974 4356.410256 4170.769231
4233.846154 4359.487179 4211.282051 4246.666667 4230.256410 4240.512821 4284.615385 4277.948718 4270.769231 4220.000000 4285.641026 4229.743590 4345.128205 4172.307692
4229.230769 4365.128205 4207.179487 4249.230769 4227.179487 4238.974359 4287.692308 4277.435897 4270.769231 4218.461538 4281.025641 4224.615385 4332.820513 4172.307692
4227.179487 4348.717949 4204.102564 4237.435897 4225.641026 4237.948718 4282.564103 4270.769231 4265.641026 4218.974359 4276.923077 4224.102564 4316.410256 4173.333333
4236.923077 4336.410256 4215.384615 4229.743590 4233.333333 4236.410256 4276.410256 4264.615385 4256.923077 4218.974359 4274.871795 4230.769231 4311.794872 4178.974359
4248.717949 4352.820513 4226.153846 4249.230769 4232.307692 4233.333333 4279.487179 4267.179487 4258.461538 4216.923077 4277.435897 4239.487179 4321.025641 4175.897436
4251.794872 4354.358974 4219.487179 4254.358974 4229.743590 4230.256410 4274.871795 4267.692308 4262.051282 4217.948718 4278.461538 4240.000000 4316.410256 4174.871795
4245.641026 4333.846154 4209.743590 4236.410256 4224.615385 4233.333333 4270.769231 4268.717949 4260.512821 4224.615385 4278.461538 4237.435897 4304.615385 4170.256410
4242.564103 4333.846154 4214.871795 4243.076923 4217.435897 4241.538462 4281.025641 4277.948718 4264.615385 4226.666667 4281.538462 4238.974359 4308.205128 4165.641026
4246.153846 4347.692308 4222.564103 4253.846154 4217.948718 4245.128205 4288.717949 4289.743590 4274.358974 4219.487179 4282.564103 4242.051282 4318.974359 4166.666667
4247.179487 4341.025641 4217.948718 4241.025641 4212.307692 4245.128205 4292.307692 4294.871795 4278.974359 4216.410256 4284.615385 4245.641026 4309.230769 4162.051282
4237.435897 4322.051282 4216.410256 4240.000000 4213.846154 4245.128205 4294.358974 4289.230769 4267.179487 4219.487179 4280.000000 4244.615385 4286.153846 4161.025641
4228.205128 4307.692308 4215.384615 4238.974359 4219.487179 4244.615385 4292.307692 4287.179487 4254.358974 4220.000000 4269.743590 4242.564103 4283.076923 4155.897436
4236.923077 4301.025641 4216.410256 4222.564103 4215.384615 4244.102564 4293.846154 4296.410256 4267.179487 4218.974359 4275.897436 4250.256410 4287.692308 4152.307692
4250.769231 4304.102564 4223.076923 4223.589744 4220.512821 4241.025641 4290.769231 4290.769231 4272.307692 4218.974359 4288.205128 4256.923077 4278.974359 4160.512821
4248.717949 4317.435897 4216.923077 4240.512821 4222.564103 4235.897436 4276.410256 4263.076923 4245.128205 4218.461538 4278.974359 4244.615385 4270.256410 4158.461538
4251.794872 4317.948718 4218.974359 4252.820513 4225.128205 4235.897436 4265.641026 4248.717949 4224.615385 4218.974359 4263.589744 4234.358974 4255.384615 4158.461538
4266.153846 4309.230769 4232.307692 4270.256410 4226.666667 4240.000000 4271.794872 4265.641026 4244.102564 4218.974359 4277.948718 4248.205128 4244.102564 4160.512821
4260.000000 4300.000000 4223.076923 4262.051282 4220.000000 4242.564103 4272.307692 4270.769231 4264.615385 4218.974359 4287.179487 4247.692308 4250.769231 4156.410256
4244.102564 4293.333333 4212.820513 4230.256410 4222.564103 4240.000000 4265.641026 4253.846154 4256.923077 4221.025641 4268.205128 4229.230769 4245.641026 4156.410256
4250.256410 4291.794872 4220.000000 4234.871795 4224.102564 4238.461538 4271.794872 4258.461538 4261.025641 4219.487179 4269.230769 4232.307692 4236.410256 4153.846154
4252.820513 4282.564103 4223.076923 4246.666667 4222.051282 4242.051282 4276.923077 4273.846154 4280.512821 4215.897436 4289.230769 4240.000000 4244.615385 4156.410256
4231.282051 4262.564103 4213.846154 4237.435897 4224.102564 4242.564103 4269.743590 4263.589744 4270.256410 4222.564103 4284.102564 4228.717949 4241.538462 4156.923077
4213.846154 4239.487179 4202.051282 4225.641026 4221.025641 4238.974359 4264.102564 4251.794872 4242.564103 4227.179487 4276.410256 4223.589744 4227.692308 4156.923077
4213.846154 4226.666667 4199.487179 4209.743590 4224.615385 4241.025641 4263.076923 4260.000000 4250.256410 4220.000000 4283.076923 4223.076923 4235.384615 4168.205128
4217.948718 4228.205128 4205.641026 4209.743590 4225.128205 4248.205128 4262.564103 4266.666667 4276.923077 4215.897436 4275.897436 4212.307692 4246.666667 4168.717949
4214.358974 4222.051282 4206.153846 4224.615385 4225.128205 4247.179487 4261.538462 4259.487179 4274.871795 4220.000000 4261.538462 4209.743590 4229.743590 4169.743590
4201.538462 4205.641026 4192.820513 4216.410256 4229.743590 4239.487179 4256.923077 4255.897436 4260.000000 4221.025641 4261.538462 4211.794872 4212.307692 4176.410256
4194.358974 4190.256410 4181.538462 4200.000000 4225.128205 4238.461538 4253.846154 4259.487179 4260.000000 4217.948718 4259.487179 4201.025641 4213.846154 4174.358974
4199.487179 4181.025641 4191.282051 4209.743590 4224.615385 4238.974359 4257.948718 4264.615385 4273.846154 4218.461538 4251.794872 4196.923077 4209.230769 4180.512821
4199.487179 4166.666667 4200.000000 4222.051282 4226.666667 4243.076923 4267.179487 4277.435897 4292.820513 4223.589744 4254.871795 4205.641026 4193.846154 4182.564103
4183.589744 4150.256410 4189.230769 4204.615385 4224.615385 4242.051282 4263.076923 4281.025641 4285.641026 4225.641026 4251.794872 4201.025641 4191.794872 4178.461538
4175.384615 4146.666667 4180.000000 4189.230769 4226.153846 4234.871795 4252.307692 4267.179487 4267.692308 4221.025641 4245.641026 4197.435897 4206.153846 4181.538462
4190.256410 4149.230769 4195.384615 4211.794872 4222.564103 4241.538462 4264.102564 4274.871795 4286.666667 4216.410256 4260.512821 4212.820513 4218.461538 4180.512821
4204.102564 4147.692308 4216.923077 4235.384615 4223.076923 4255.897436 4278.461538 4295.384615 4307.692308 4220.000000 4268.717949 4222.564103 4210.769231 4181.538462
4197.435897 4153.333333 4206.666667 4209.743590 4224.102564 4252.820513 4271.794872 4294.358974 4301.025641 4228.205128 4255.384615 4215.384615 4210.769231 4181.538462
4199.487179 4150.256410 4197.435897 4207.692308 4224.102564 4239.487179 4264.102564 4288.717949 4298.974359 4226.666667 4264.102564 4220.000000 4220.000000 4185.128205
4204.102564 4126.153846 4209.230769 4238.461538 4226.666667 4242.051282 4267.692308 4293.333333 4304.102564 4217.948718 4282.051282 4231.794872 4207.179487 4191.794872
4178.974359 4124.615385 4194.871795 4207.692308 4222.051282 4247.692308 4268.205128 4287.692308 4290.256410 4216.410256 4258.974359 4217.435897 4193.846154 4190.256410
4167.179487 4132.307692 4182.564103 4171.794872 4224.615385 4243.589744 4264.102564 4281.025641 4285.128205 4220.512821 4238.974359 4204.102564 4203.076923 4195.897436
4196.410256 4127.692308 4204.102564 4213.846154 4226.666667 4246.666667 4270.256410 4289.743590 4302.051282 4218.461538 4260.000000 4218.461538 4212.820513 4198.461538
4203.076923 4141.538462 4210.256410 4235.384615 4221.538462 4249.743590 4278.461538 4289.230769 4297.435897 4217.435897 4265.128205 4222.051282 4211.794872 4195.384615
4181.538462 4144.102564 4195.384615 4199.487179 4224.615385 4246.153846 4279.487179 4284.102564 4283.589744 4219.487179 4243.076923 4208.205128 4203.589744 4197.948718
4181.025641 4126.666667 4196.410256 4195.384615 4223.589744 4247.692308 4287.692308 4300.000000 4305.128205 4218.461538 4250.256410 4218.974359 4186.666667 4197.435897
4189.743590 4136.923077 4200.000000 4202.564103 4224.102564 4251.282051 4292.820513 4303.076923 4320.000000 4218.974359 4270.256410 4231.794872 4191.282051 4202.564103
4197.435897 4149.230769 4200.000000 4200.000000 4226.666667 4251.282051 4289.743590 4291.282051 4302.051282 4218.461538 4271.282051 4231.282051 4225.128205 4204.615385
4217.435897 4133.333333 4214.358974 4223.076923 4221.025641 4255.384615 4291.282051 4304.102564 4305.641026 4217.948718 4277.948718 4242.564103 4244.615385 4208.205128
4221.025641 4134.358974 4220.512821 4227.179487 4218.974359 4255.897436 4285.641026 4311.282051 4318.461538 4218.461538 4277.948718 4248.205128 4235.384615 4217.948718
4200.512821 4157.435897 4202.564103 4202.564103 4222.051282 4250.769231 4275.897436 4294.871795 4309.230769 4218.461538 4270.256410 4238.974359 4236.410256 4214.871795
4200.512821 4159.487179 4198.974359 4207.179487 4226.153846 4252.307692 4275.897436 4289.743590 4306.153846 4218.461538 4278.461538 4240.512821 4259.487179 4213.846154
4217.948718 4143.589744 4209.743590 4221.025641 4223.589744 4254.871795 4282.564103 4297.948718 4315.897436 4217.948718 4294.358974 4255.897436 4261.025641 4218.461538
4210.256410 4156.410256 4200.512821 4201.025641 4218.461538 4248.717949 4280.512821 4293.333333 4311.282051 4217.948718 4281.538462 4249.230769 4256.410256 4215.897436
4196.923077 4205.641026 4193.333333 4192.307692 4227.179487 4244.102564 4273.846154 4281.025641 4296.923077 4218.461538 4257.948718 4230.769231 4260.000000 4215.384615
4207.692308 4245.128205 4198.461538 4204.102564 4228.205128 4246.666667 4278.461538 4285.641026 4300.000000 4217.948718 4264.615385 4234.358974 4264.102564 4212.820513
4221.538462 4244.102564 4206.153846 4209.743590 4221.538462 4247.692308 4286.153846 4289.743590 4306.666667 4217.948718 4271.794872 4246.153846 4271.794872 4213.846154
4218.974359 4232.820513 4209.230769 4207.179487 4220.000000 4242.051282 4281.025641 4282.051282 4300.000000 4220.512821 4264.615385 4246.153846 4282.051282 4212.307692
4208.205128 4242.051282 4195.897436 4189.743590 4218.974359 4233.846154 4266.666667 4274.358974 4288.205128 4220.000000 4270.769231 4240.000000 4281.025641 4204.102564
4213.333333 4240.512821 4191.794872 4188.717949 4225.128205 4228.205128 4259.487179 4267.692308 4283.076923 4218.974359 4278.974359 4243.589744 4268.717949 4206.666667
4227.179487 4248.717949 4202.051282 4211.282051 4225.641026 4233.846154 4267.179487 4270.256410 4289.743590 4220.000000 4277.435897 4252.820513 4283.589744 4207.179487
4217.435897 4285.128205 4198.461538 4202.051282 4225.641026 4241.538462 4272.307692 4272.307692 4288.717949 4219.487179 4276.923077 4247.179487 4306.666667 4205.641026
4200.000000 4310.256410 4188.717949 4182.564103 4231.282051 4237.948718 4269.230769 4266.666667 4281.025641 4219.487179 4275.897436 4235.384615 4298.461538 4208.717949
4210.256410 4313.846154 4195.897436 4201.538462 4226.666667 4236.410256 4273.846154 4270.769231 4288.205128 4221.025641 4275.897436 4242.051282 4274.358974 4208.717949
4223.076923 4311.794872 4202.564103 4204.102564 4223.589744 4240.512821 4284.102564 4280.512821 4296.410256 4220.000000 4286.666667 4255.897436 4273.333333 4210.256410
4210.769231 4314.358974 4188.717949 4185.128205 4226.153846 4240.512821 4282.051282 4275.384615 4288.205128 4218.461538 4285.641026 4244.102564 4295.897436 4200.512821
4202.564103 4313.333333 4188.205128 4188.717949 4228.205128 4237.948718 4273.846154 4267.692308 4276.410256 4218.974359 4268.205128 4228.205128 4300.000000 4195.384615
4204.102564 4303.589744 4196.410256 4190.256410 4231.282051 4237.435897 4278.974359 4271.794872 4277.948718 4220.000000 4269.743590 4232.307692 4291.282051 4198.461538
4198.974359 4298.461538 4187.179487 4186.153846 4231.282051 4242.051282 4291.282051 4272.820513 4282.564103 4216.923077 4280.512821 4234.358974 4289.743590 4194.358974
4202.564103 4308.205128 4187.179487 4196.410256 4235.897436 4246.153846 4294.871795 4275.384615 4285.641026 4219.487179 4283.589744 4235.384615 4288.205128 4201.538462
4202.051282 4311.282051 4191.794872 4192.820513 4242.051282 4242.564103 4289.230769 4287.179487 4291.794872 4229.743590 4280.000000 4235.384615 4288.205128 4203.589744
4180.000000 4291.794872 4180.000000 4164.102564 4248.205128 4233.846154 4282.051282 4287.179487 4285.641026 4226.666667 4269.230769 4227.179487 4282.564103 4198.974359
4172.307692 4286.153846 4180.000000 4161.025641 4253.846154 4233.846154 4276.410256 4276.410256 4273.333333 4222.564103 4272.307692 4227.179487 4265.128205 4203.076923
4190.256410 4302.564103 4194.358974 4191.794872 4246.666667 4242.564103 4277.948718 4281.538462 4281.025641 4230.256410 4289.743590 4234.871795 4274.358974 4198.974359
4192.307692 4313.846154 4191.282051 4195.897436 4238.974359 4246.666667 4283.076923 4283.076923 4287.179487 4229.230769 4289.743590 4234.358974 4294.358974 4192.820513
4185.128205 4320.512821 4180.512821 4176.923077 4234.871795 4243.589744 4281.538462 4272.307692 4279.487179 4216.923077 4277.948718 4229.743590 4293.846154 4187.179487
4203.589744 4333.846154 4192.307692 4198.974359 4229.743590 4239.487179 4277.435897 4274.871795 4283.076923 4214.871795 4286.153846 4240.512821 4299.487179 4186.666667
4224.615385 4349.743590 4210.769231 4232.820513 4228.717949 4245.641026 4281.538462 4285.128205 4290.769231 4224.102564 4307.692308 4258.461538 4313.333333 4192.820513
4220.512821 4350.256410 4203.589744 4220.512821 4219.487179 4251.282051 4287.179487 4286.666667 4289.230769 4224.102564 4317.435897 4263.076923 4323.589744 4192.820513
4209.230769 4323.076923 4191.282051 4201.538462 4215.897436 4243.589744 4280.512821 4281.538462 4283.589744 4220.000000 4298.461538 4250.769231 4325.128205 4195.897436
4209.743590 4304.615385 4196.410256 4206.153846 4218.461538 4243.076923 4280.000000 4283.076923 4284.615385 4223.076923 4277.435897 4241.538462 4332.307692 4188.205128
4214.358974 4308.205128 4198.974359 4213.846154 4207.179487 4251.794872 4292.820513 4289.230769 4292.820513 4224.615385 4293.846154 4252.307692 4338.974359 4176.923077
4210.256410 4301.538462 4190.256410 4214.358974 4201.025641 4247.692308 4290.769231 4286.666667 4293.846154 4218.974359 4311.282051 4261.538462 4333.846154 4185.128205
4207.179487 4292.307692 4185.641026 4221.538462 4201.025641 4244.615385 4285.641026 4285.128205 4300.000000 4216.923077 4305.128205 4255.384615 4340.000000 4186.153846
4216.410256 4295.897436 4194.871795 4220.000000 4206.153846 4247.692308 4289.743590 4286.153846 4313.846154 4222.051282 4300.000000 4253.333333 4353.846154 4184.102564
4216.923077 4300.000000 4196.923077 4205.128205 4214.871795 4240.000000 4289.743590 4284.615385 4315.897436 4219.487179 4307.179487 4260.000000 4361.025641 4186.666667
4202.051282 4292.307692 4183.076923 4191.282051 4211.282051 4231.794872 4284.615385 4279.487179 4301.025641 4216.923077 4308.717949 4256.410256 4352.820513 4182.051282
4194.871795 4285.128205 4177.948718 4188.205128 4213.333333 4235.384615 4282.051282 4274.358974 4294.871795 4220.000000 4297.435897 4244.102564 4334.871795 4180.512821
4201.538462 4283.589744 4188.205128 4209.230769 4218.461538 4238.974359 4287.179487 4277.435897 4306.666667 4219.487179 4293.846154 4245.641026 4325.128205 4178.974359
4201.025641 4278.461538 4189.743590 4211.282051 4214.871795 4235.384615 4286.666667 4276.923077 4300.512821 4218.974359 4292.307692 4243.076923 4320.000000 4180.512821
4185.128205 4282.564103 4175.384615 4185.128205 4214.358974 4227.692308 4274.358974 4265.641026 4275.384615 4218.974359 4275.897436 4224.102564 4313.333333 4179.487179
4178.974359 4298.974359 4167.179487 4180.000000 4214.871795 4227.179487 4269.743590 4255.384615 4270.769231 4216.923077 4267.179487 4217.948718 4300.512821 4177.435897
4192.307692 4312.820513 4177.948718 4193.846154 4218.974359 4232.307692 4272.307692 4252.820513 4271.282051 4217.948718 4266.666667 4225.641026 4288.205128 4188.717949
4199.487179 4327.692308 4181.538462 4202.564103 4218.974359 4230.256410 4262.564103 4255.897436 4256.923077 4224.102564 4258.974359 4229.230769 4283.076923 4191.794872
4202.051282 4335.897436 4176.410256 4202.051282 4218.461538 4226.666667 4253.846154 4257.435897 4252.307692 4223.589744 4256.923077 4228.717949 4279.487179 4187.179487
4213.333333 4334.358974 4185.128205 4209.743590 4220.000000 4228.717949 4261.538462 4252.307692 4266.153846 4218.461538 4266.153846 4230.256410 4277.948718 4185.641026
4219.487179 4348.205128 4193.846154 4226.666667 4214.871795 4230.256410 4265.128205 4247.692308 4272.820513 4218.461538 4273.333333 4231.794872 4284.102564 4184.615385
4219.487179 4365.128205 4197.948718 4232.820513 4220.512821 4226.666667 4255.897436 4247.692308 4265.128205 4220.000000 4279.487179 4236.410256 4291.282051 4192.307692
4234.871795 4375.897436 4204.615385 4231.794872 4220.512821 4228.205128 4255.897436 4249.230769 4265.641026 4218.461538 4289.743590 4248.717949 4302.564103 4194.871795
4254.358974 4385.128205 4210.769231 4243.076923 4215.384615 4227.179487 4256.923077 4246.153846 4272.307692 4220.000000 4288.205128 4261.538462 4314.871795 4197.948718
4252.820513 4374.358974 4209.230769 4246.666667 4223.589744 4224.615385 4248.717949 4232.820513 4264.102564 4221.025641 4275.384615 4263.076923 4316.410256 4205.641026
4245.128205 4362.051282 4203.076923 4244.102564 4222.564103 4228.717949 4254.871795 4228.205128 4255.897436 4220.000000 4275.897436 4260.000000 4318.974359 4200.000000
4250.256410 4371.794872 4206.666667 4246.153846 4221.538462 4231.282051 4267.692308 4237.435897 4262.564103 4220.512821 4287.692308 4263.589744 4324.615385 4200.512821
4258.974359 4381.025641 4213.846154 4258.974359 4226.153846 4232.307692 4267.692308 4242.564103 4270.769231 4219.487179 4291.282051 4271.794872 4327.692308 4202.564103
4266.666667 4382.051282 4223.076923 4276.923077 4222.564103 4232.820513 4266.153846 4242.564103 4271.794872 4218.974359 4289.230769 4281.538462 4335.897436 4204.102564
4271.282051 4378.461538 4232.307692 4271.282051 4222.564103 4233.846154 4270.256410 4245.128205 4273.846154 4219.487179 4295.384615 4288.205128 4338.461538 4213.333333
4261.538462 4358.461538 4222.051282 4248.717949 4222.564103 4234.871795 4269.230769 4248.205128 4274.358974 4219.487179 4291.282051 4278.461538 4323.589744 4208.205128
4245.128205 4330.256410 4213.333333 4244.615385 4224.102564 4232.307692 4264.615385 4245.641026 4264.102564 4218.461538 4267.179487 4263.076923 4312.307692 4199.487179
4245.641026 4330.769231 4227.692308 4258.461538 4225.128205 4233.846154 4268.717949 4252.820513 4268.205128 4218.461538 4264.102564 4270.769231 4328.205128 4192.307692
4254.358974 4340.512821 4229.743590 4255.384615 4224.102564 4234.358974 4267.692308 4257.948718 4281.025641 4220.512821 4272.820513 4278.974359 4338.974359 4187.179487
4252.307692 4330.769231 4216.923077 4248.717949 4228.717949 4223.076923 4255.384615 4244.615385 4269.230769 4220.512821 4258.461538 4266.666667 4324.615385 4187.179487
4248.205128 4326.153846 4212.820513 4251.282051 4225.641026 4217.948718 4253.846154 4237.948718 4253.846154 4218.461538 4251.794872 4258.461538 4325.641026 4185.641026
4248.205128 4336.923077 4213.333333 4248.205128 4226.666667 4224.102564 4256.923077 4237.948718 4253.333333 4218.461538 4262.051282 4256.923077 4336.410256 4191.794872
4244.615385 4344.102564 4206.666667 4245.128205 4231.794872 4220.512821 4251.794872 4233.333333 4252.820513 4221.025641 4256.410256 4246.153846 4330.256410 4191.282051
4243.589744 4338.461538 4205.641026 4249.743590 4226.666667 4220.000000 4255.384615 4246.153846 4258.974359 4217.948718 4249.230769 4241.025641 4326.153846 4185.641026
4247.179487 4330.769231 4216.410256 4247.179487 4228.205128 4229.743590 4265.128205 4263.076923 4275.384615 4218.461538 4257.948718 4247.692308 4332.820513 4191.282051
4246.666667 4331.282051 4211.282051 4233.846154 4228.717949 4226.153846 4260.000000 4252.820513 4276.923077 4227.692308 4263.589744 4249.743590 4330.769231 4188.717949
4246.153846 4329.743590 4205.641026 4245.128205 4227.692308 4217.948718 4247.179487 4236.923077 4263.589744 4226.666667 4256.410256 4246.666667 4318.461538 4189.743590
4248.717949 4328.717949 4214.871795 4258.974359 4229.230769 4227.692308 4245.641026 4242.051282 4264.102564 4216.410256 4252.820513 4241.025641 4327.179487 4196.410256
4240.000000 4340.000000 4213.846154 4250.256410 4224.102564 4237.948718 4253.333333 4247.179487 4273.333333 4216.923077 4254.358974 4236.410256 4336.923077 4194.871795
4228.717949 4342.051282 4202.564103 4238.974359 4228.717949 4234.358974 4249.743590 4237.435897 4264.102564 4221.025641 4247.179487 4231.794872 4312.307692 4196.923077
4228.717949 4332.820513 4200.512821 4242.564103 4229.743590 4231.794872 4241.025641 4233.846154 4253.333333 4217.948718 4238.974359 4219.487179 4300.000000 4192.307692
4232.307692 4335.897436 4208.717949 4255.897436 4225.641026 4230.256410 4240.000000 4237.948718 4253.846154 4217.435897 4236.923077 4212.307692 4316.923077 4189.230769
4233.333333 4345.128205 4213.846154 4261.025641 4230.256410 4228.205128 4242.564103 4237.435897 4251.282051 4220.512821 4240.512821 4220.000000 4314.358974 4192.820513
4232.820513 4340.000000 4211.282051 4258.461538 4227.692308 4231.794872 4244.102564 4238.461538 4254.871795 4216.410256 4248.717949 4225.128205 4310.256410 4188.717949
4227.692308 4326.153846 4208.205128 4245.641026 4228.205128 4230.256410 4241.025641 4239.487179 4261.025641 4219.487179 4241.538462 4210.256410 4317.435897 4190.769231
4213.846154 4324.615385 4200.000000 4231.794872 4229.743590 4221.025641 4236.923077 4237.948718 4254.358974 4227.179487 4228.205128 4198.974359 4302.051282 4193.333333
4210.769231 4330.256410 4196.410256 4237.435897 4225.128205 4220.000000 4238.461538 4237.435897 4245.128205 4224.102564 4234.358974 4209.743590 4288.717949 4194.358974
4225.641026 4327.179487 4208.205128 4250.256410 4226.666667 4227.692308 4246.153846 4245.128205 4252.820513 4217.435897 4250.769231 4220.512821 4307.179487 4195.384615
4233.333333 4326.666667 4211.282051 4247.692308 4223.076923 4233.333333 4253.333333 4261.538462 4270.256410 4216.410256 4258.461538 4220.512821 4318.461538 4192.820513
4220.000000 4326.153846 4200.512821 4235.384615 4222.564103 4230.256410 4248.205128 4256.410256 4262.051282 4221.025641 4251.794872 4208.205128 4298.461538 4195.897436
4209.230769 4314.358974 4195.384615 4233.333333 4224.102564 4224.102564 4239.487179 4237.435897 4245.128205 4226.666667 4245.128205 4200.000000 4277.948718 4192.820513
4213.846154 4303.076923 4197.948718 4233.333333 4224.615385 4222.564103 4237.948718 4248.205128 4256.410256 4225.641026 4255.384615 4211.794872 4276.410256 4192.307692
4217.948718 4307.692308 4204.615385 4238.461538 4227.179487 4224.615385 4241.025641 4267.692308 4273.846154 4217.948718 4260.000000 4217.948718 4286.153846 4201.025641
4214.871795 4315.897436 4204.615385 4244.102564 4222.564103 4231.282051 4243.589744 4266.666667 4272.307692 4215.897436 4261.025641 4209.230769 4300.512821 4199.487179
4215.384615 4305.128205 4201.538462 4232.307692 4227.179487 4231.282051 4239.487179 4258.461538 4265.641026 4220.000000 4266.666667 4205.641026 4289.230769 4198.974359
4213.333333 4297.948718 4196.923077 4218.461538 4232.307692 4221.538462 4236.410256 4249.743590 4254.871795 4217.948718 4258.974359 4204.102564 4269.743590 4196.410256
4210.769231 4301.538462 4200.512821 4225.641026 4225.641026 4221.025641 4233.846154 4235.384615 4238.974359 4217.435897 4262.051282 4203.589744 4280.512821 4194.358974
4223.589744 4298.461538 4216.410256 4236.410256 4229.743590 4226.153846 4227.179487 4232.307692 4243.076923 4218.974359 4290.256410 4217.948718 4290.769231 4202.564103
4231.282051 4306.666667 4217.948718 4244.102564 4227.179487 4222.564103 4228.205128 4242.564103 4262.564103 4217.948718 4297.948718 4225.641026 4278.461538 4197.948718
4221.538462 4318.461538 4205.641026 4241.538462 4225.641026 4214.871795 4234.358974 4236.923077 4257.948718 4218.461538 4285.128205 4213.846154 4274.358974 4196.410256
4218.974359 4305.641026 4208.205128 4233.333333 4227.179487 4218.974359 4238.461538 4228.205128 4251.794872 4219.487179 4294.871795 4216.410256 4288.205128 4202.051282
4224.102564 4288.205128 4215.897436 4229.743590 4222.564103 4225.128205 4241.538462 4233.333333 4255.897436 4214.871795 4295.384615 4217.948718 4280.000000 4204.615385
4217.435897 4291.794872 4216.923077 4231.794872 4232.820513 4223.589744 4239.487179 4227.692308 4242.564103 4220.512821 4262.564103 4198.974359 4252.820513 4209.743590
4216.923077 4299.487179 4210.769231 4245.128205 4220.000000 4227.692308 4242.051282 4227.179487 4240.000000 4229.230769 4253.333333 4204.615385 4263.076923 4205.641026
4223.076923 4286.153846 4209.230769 4234.358974 4224.615385 4225.128205 4238.461538 4225.641026 4243.589744 4223.589744 4250.769231 4215.384615 4264.102564 4205.641026
4216.410256 4276.923077 4212.307692 4206.666667 4252.307692 4219.487179 4231.282051 4211.794872 4226.153846 4222.051282 4226.666667 4195.897436 4233.846154 4207.179487
4219.487179 4300.512821 4200.512821 4228.717949 4210.256410 4230.256410 4246.666667 4228.717949 4237.948718 4223.589744 4240.512821 4197.435897 4250.769231 4194.358974
4235.897436 4304.615385 4207.692308 4258.461538 4209.743590 4231.282051 4250.256410 4235.897436 4255.897436 4221.538462 4263.076923 4212.307692 4274.358974 4198.461538
4233.846154 4289.743590 4223.589744 4248.205128 4242.051282 4224.615385 4241.025641 4223.076923 4249.743590 4226.153846 4248.717949 4206.666667 4257.948718 4206.666667
4210.256410 4280.512821 4205.128205 4218.974359 4221.025641 4226.153846 4240.000000 4223.076923 4241.025641 4227.179487 4230.256410 4193.846154 4238.461538 4200.512821
