4127.692308 4151.282051 4224.102564 4167.179487 4216.923077 4207.179487 4173.846154 4148.717949 4156.923077 4217.435897 4175.897436 4143.589744 4127.692308 4171.282051
4116.923077 4146.153846 4222.051282 4164.102564 4214.871795 4206.153846 4178.461538 4153.333333 4151.282051 4217.435897 4172.820513 4137.435897 4126.666667 4171.794872
4121.025641 4140.512821 4219.487179 4155.384615 4215.384615 4213.333333 4178.461538 4151.794872 4149.230769 4217.435897 4169.743590 4130.769231 4122.564103 4184.102564
4122.051282 4144.102564 4220.512821 4154.358974 4214.358974 4216.410256 4176.923077 4150.769231 4161.025641 4217.435897 4169.230769 4124.102564 4120.512821 4184.102564
4106.153846 4145.128205 4214.871795 4160.512821 4208.717949 4211.282051 4177.948718 4154.358974 4166.153846 4217.435897 4167.692308 4120.000000 4118.974359 4174.358974
4096.410256 4143.589744 4217.948718 4163.589744 4217.435897 4212.820513 4182.564103 4152.307692 4159.487179 4217.435897 4162.564103 4113.846154 4108.205128 4179.487179
4095.897436 4145.641026 4219.487179 4162.564103 4218.461538 4215.897436 4187.692308 4152.820513 4156.410256 4217.435897 4170.769231 4107.179487 4111.282051 4176.923077
4097.435897 4145.128205 4221.025641 4160.512821 4217.435897 4209.743590 4186.153846 4155.897436 4158.461538 4217.435897 4176.410256 4108.205128 4122.051282 4177.435897
4095.897436 4146.666667 4226.153846 4161.025641 4220.000000 4213.333333 4188.717949 4156.410256 4158.974359 4217.435897 4167.692308 4107.179487 4117.435897 4182.564103
4091.282051 4146.666667 4225.641026 4161.538462 4218.974359 4220.512821 4190.256410 4154.871795 4156.410256 4217.435897 4165.128205 4095.897436 4103.589744 4183.589744
4095.897436 4145.128205 4228.717949 4162.051282 4223.076923 4210.769231 4180.512821 4150.769231 4152.307692 4217.435897 4171.282051 4091.282051 4107.692308 4187.179487
4101.538462 4152.307692 4231.794872 4168.205128 4219.487179 4201.538462 4176.410256 4147.692308 4151.282051 4217.435897 4181.538462 4100.512821 4130.769231 4185.128205
4097.435897 4148.717949 4236.410256 4164.615385 4221.025641 4207.692308 4182.564103 4145.641026 4152.820513 4217.435897 4182.051282 4102.564103 4112.820513 4194.871795
4093.846154 4135.897436 4234.871795 4152.307692 4223.589744 4216.923077 4186.153846 4142.564103 4154.358974 4217.435897 4171.794872 4090.769231 4061.538462 4203.076923
4095.384615 4137.435897 4228.205128 4147.692308 4218.461538 4213.846154 4185.128205 4135.897436 4150.769231 4217.435897 4161.538462 4082.564103 4040.512821 4200.512821
4091.794872 4140.512821 4233.333333 4145.641026 4222.051282 4203.589744 4180.512821 4132.307692 4143.076923 4217.435897 4163.589744 4080.000000 4049.743590 4207.692308
4085.128205 4130.769231 4231.282051 4140.512821 4215.897436 4203.076923 4181.025641 4137.948718 4141.538462 4217.435897 4173.846154 4077.948718 4060.000000 4205.128205
4090.769231 4126.666667 4234.871795 4142.564103 4212.820513 4209.230769 4185.641026 4133.333333 4137.435897 4217.435897 4177.948718 4079.487179 4068.717949 4202.564103
4101.538462 4132.307692 4245.128205 4152.820513 4220.000000 4204.102564 4180.000000 4125.128205 4136.410256 4217.435897 4181.538462 4082.564103 4075.897436 4204.615385
4102.564103 4126.666667 4240.000000 4153.846154 4216.410256 4194.358974 4171.794872 4130.769231 4139.487179 4217.435897 4177.435897 4076.923077 4072.820513 4204.102564
4092.307692 4108.205128 4234.358974 4135.897436 4215.384615 4192.307692 4165.128205 4122.051282 4125.128205 4217.435897 4160.512821 4065.128205 4062.564103 4205.641026
4083.589744 4110.256410 4232.307692 4130.256410 4213.333333 4202.051282 4164.615385 4105.128205 4114.358974 4217.435897 4152.820513 4057.435897 4057.435897 4195.897436
4091.794872 4127.692308 4236.923077 4145.641026 4213.333333 4206.666667 4168.717949 4108.717949 4123.076923 4217.435897 4162.051282 4060.512821 4059.487179 4194.871795
4101.025641 4134.871795 4246.666667 4152.820513 4216.410256 4203.589744 4175.384615 4120.000000 4130.769231 4217.435897 4169.230769 4068.205128 4067.179487 4196.410256
4099.487179 4135.897436 4244.615385 4150.256410 4209.230769 4201.538462 4183.589744 4124.102564 4129.743590 4217.435897 4170.769231 4067.692308 4075.384615 4188.717949
4096.410256 4131.794872 4243.589744 4146.153846 4208.205128 4201.025641 4180.512821 4121.025641 4124.615385 4217.435897 4162.564103 4055.897436 4068.205128 4189.743590
4086.666667 4122.051282 4240.000000 4145.641026 4205.641026 4202.564103 4174.358974 4113.846154 4115.897436 4217.435897 4145.641026 4043.076923 4053.333333 4185.128205
4073.846154 4115.384615 4230.769231 4141.538462 4204.615385 4198.461538 4165.128205 4101.025641 4103.589744 4217.435897 4139.487179 4034.358974 4046.666667 4186.666667
4070.769231 4113.333333 4228.205128 4128.205128 4208.205128 4195.897436 4155.384615 4094.358974 4101.538462 4217.435897 4145.128205 4033.333333 4052.307692 4192.820513
4074.871795 4118.974359 4227.179487 4126.666667 4198.461538 4200.000000 4161.025641 4109.230769 4118.461538 4217.435897 4152.307692 4040.000000 4065.128205 4188.205128
4082.564103 4123.589744 4231.282051 4138.974359 4198.974359 4201.025641 4169.743590 4121.538462 4126.666667 4217.435897 4157.948718 4043.076923 4072.820513 4194.871795
4081.538462 4126.666667 4230.769231 4147.179487 4202.051282 4196.923077 4169.743590 4118.974359 4116.923077 4217.435897 4159.487179 4038.974359 4074.871795 4195.384615
4074.358974 4122.051282 4227.692308 4143.076923 4197.948718 4193.846154 4162.051282 4111.794872 4113.333333 4217.435897 4150.769231 4031.282051 4070.769231 4186.666667
4073.333333 4115.384615 4233.846154 4136.923077 4202.051282 4188.717949 4152.820513 4103.589744 4111.282051 4217.435897 4144.102564 4025.641026 4065.128205 4184.102564
4070.769231 4110.769231 4232.820513 4130.769231 4203.076923 4188.205128 4153.333333 4103.589744 4107.692308 4217.435897 4146.153846 4021.538462 4067.179487 4176.410256
4064.102564 4098.461538 4232.307692 4121.538462 4208.205128 4194.358974 4161.025641 4107.179487 4107.692308 4216.923077 4144.102564 4016.923077 4067.692308 4173.846154
4062.051282 4092.307692 4231.794872 4116.923077 4210.256410 4194.871795 4163.589744 4105.128205 4107.179487 4217.948718 4147.179487 4013.846154 4070.769231 4169.230769
4058.461538 4098.461538 4230.256410 4114.871795 4207.692308 4184.615385 4151.794872 4096.410256 4101.538462 4218.461538 4144.615385 4006.153846 4069.230769 4166.153846
4053.333333 4101.538462 4236.410256 4116.410256 4215.384615 4182.051282 4141.025641 4091.282051 4094.358974 4217.435897 4123.076923 3994.871795 4055.384615 4168.717949
4051.282051 4102.051282 4236.923077 4126.666667 4215.384615 4190.769231 4147.692308 4098.461538 4094.871795 4216.410256 4118.461538 3987.692308 4054.358974 4162.051282
4048.717949 4096.410256 4234.358974 4123.076923 4214.358974 4178.974359 4142.564103 4092.307692 4086.153846 4216.410256 4123.589744 3979.487179 4060.000000 4165.641026
4042.051282 4091.282051 4230.256410 4107.692308 4212.820513 4163.589744 4126.153846 4079.487179 4081.025641 4216.410256 4109.230769 3969.743590 4053.333333 4169.230769
4041.025641 4090.769231 4227.179487 4106.666667 4212.307692 4177.948718 4130.256410 4085.641026 4091.794872 4217.435897 4106.666667 3967.179487 4055.897436 4165.641026
4050.256410 4091.282051 4237.948718 4112.820513 4218.461538 4193.333333 4143.589744 4095.897436 4094.871795 4217.435897 4124.102564 3970.769231 4071.282051 4168.205128
4061.025641 4102.564103 4244.615385 4122.051282 4214.871795 4188.717949 4146.153846 4098.974359 4093.333333 4217.435897 4127.179487 3973.846154 4078.461538 4166.666667
4068.205128 4112.820513 4246.153846 4124.615385 4218.974359 4182.564103 4138.461538 4092.820513 4089.743590 4217.435897 4112.820513 3966.666667 4071.282051 4170.256410
4069.743590 4109.230769 4247.692308 4120.512821 4224.102564 4181.025641 4133.333333 4084.615385 4083.589744 4217.435897 4113.333333 3958.974359 4071.282051 4174.871795
4074.871795 4104.615385 4247.692308 4117.435897 4218.461538 4178.974359 4131.282051 4083.076923 4083.076923 4217.435897 4129.743590 3965.641026 4086.153846 4183.589744
4081.538462 4099.487179 4251.794872 4114.358974 4222.564103 4180.000000 4130.769231 4080.512821 4080.512821 4217.435897 4134.358974 3970.256410 4093.846154 4199.487179
4082.564103 4104.615385 4250.769231 4116.923077 4219.487179 4180.000000 4137.435897 4077.948718 4080.000000 4217.435897 4129.230769 3966.153846 4095.384615 4198.974359
4095.384615 4121.538462 4256.410256 4126.153846 4216.923077 4181.025641 4143.076923 4076.410256 4081.025641 4217.435897 4128.717949 3974.358974 4095.897436 4199.487179
4109.743590 4130.769231 4266.153846 4133.333333 4219.487179 4183.589744 4147.692308 4080.000000 4081.538462 4217.435897 4131.794872 3981.025641 4095.897436 4200.000000
4101.538462 4127.179487 4256.923077 4133.846154 4214.871795 4178.461538 4145.641026 4084.615385 4086.153846 4217.435897 4123.076923 3963.076923 4093.333333 4192.820513
4093.333333 4122.051282 4254.871795 4126.153846 4216.410256 4176.923077 4145.128205 4088.717949 4096.410256 4217.435897 4123.589744 3952.820513 4096.923077 4195.897436
4098.974359 4123.589744 4260.512821 4123.589744 4211.794872 4188.717949 4161.025641 4101.538462 4104.615385 4217.435897 4146.666667 3965.641026 4113.333333 4192.307692
4102.051282 4122.564103 4260.512821 4128.205128 4210.769231 4190.256410 4167.692308 4104.102564 4097.948718 4217.435897 4148.205128 3966.153846 4117.435897 4193.846154
4098.461538 4121.025641 4260.000000 4131.794872 4219.487179 4175.897436 4152.820513 4093.333333 4090.256410 4217.435897 4130.256410 3957.948718 4110.256410 4196.410256
4099.487179 4125.641026 4256.923077 4134.358974 4216.410256 4169.743590 4144.102564 4089.230769 4088.205128 4216.410256 4122.564103 3953.846154 4102.564103 4189.743590
4108.717949 4133.333333 4265.128205 4141.025641 4216.410256 4180.512821 4149.230769 4093.333333 4087.179487 4215.897436 4117.948718 3945.641026 4094.871795 4193.846154
4116.923077 4139.487179 4269.743590 4142.564103 4211.282051 4191.794872 4152.307692 4097.948718 4096.410256 4216.410256 4122.051282 3944.102564 4107.692308 4193.846154
4112.307692 4126.666667 4263.076923 4132.307692 4207.692308 4182.564103 4145.128205 4086.666667 4095.384615 4216.923077 4133.846154 3952.307692 4125.641026 4194.358974
4108.205128 4112.820513 4263.589744 4125.641026 4215.897436 4164.615385 4136.923077 4069.230769 4084.102564 4216.410256 4132.820513 3955.897436 4118.974359 4198.974359
4111.282051 4118.461538 4265.641026 4129.743590 4214.871795 4168.205128 4148.205128 4075.384615 4090.769231 4216.923077 4132.307692 3953.846154 4111.794872 4201.538462
4105.641026 4115.897436 4269.743590 4135.384615 4215.897436 4175.897436 4157.948718 4085.128205 4095.384615 4216.923077 4132.307692 3947.692308 4112.307692 4209.230769
4085.128205 4095.384615 4262.051282 4129.230769 4215.384615 4173.333333 4149.743590 4081.538462 4089.743590 4216.923077 4127.179487 3934.871795 4104.615385 4202.564103
4075.897436 4080.000000 4254.358974 4114.358974 4213.846154 4175.897436 4149.743590 4082.564103 4087.179487 4216.923077 4121.025641 3926.153846 4094.358974 4198.974359
4083.076923 4078.461538 4262.051282 4111.794872 4215.897436 4179.487179 4158.974359 4090.769231 4085.128205 4216.923077 4115.384615 3927.692308 4094.871795 4205.641026
4085.128205 4080.000000 4261.025641 4120.512821 4210.769231 4177.948718 4154.358974 4096.410256 4088.205128 4216.923077 4123.589744 3930.769231 4104.615385 4202.051282
4078.974359 4066.666667 4260.000000 4115.384615 4214.871795 4177.435897 4143.589744 4091.794872 4095.897436 4216.923077 4128.717949 3929.743590 4100.512821 4203.589744
4075.897436 4057.948718 4261.538462 4110.256410 4214.871795 4177.435897 4148.205128 4086.153846 4098.461538 4216.923077 4120.512821 3925.641026 4089.230769 4201.538462
4078.461538 4063.589744 4263.589744 4121.538462 4211.282051 4175.897436 4146.666667 4082.051282 4092.307692 4216.923077 4124.102564 3924.615385 4092.820513 4198.974359
4083.076923 4062.051282 4267.179487 4124.615385 4215.897436 4176.923077 4135.897436 4078.974359 4090.769231 4216.923077 4130.769231 3927.179487 4100.512821 4202.051282
4091.794872 4058.974359 4265.641026 4122.564103 4210.256410 4177.948718 4137.435897 4083.589744 4102.051282 4216.923077 4125.641026 3930.769231 4102.051282 4196.923077
4091.282051 4057.948718 4267.179487 4121.538462 4214.358974 4166.666667 4129.230769 4079.487179 4100.000000 4216.923077 4118.461538 3927.179487 4095.384615 4196.410256
4076.410256 4055.384615 4264.102564 4121.025641 4216.410256 4163.076923 4124.102564 4074.871795 4087.179487 4216.923077 4118.974359 3917.435897 4089.743590 4191.794872
4071.282051 4058.974359 4256.923077 4121.538462 4207.179487 4171.794872 4137.948718 4080.512821 4089.230769 4216.923077 4116.410256 3909.230769 4089.230769 4190.256410
4075.897436 4057.948718 4256.923077 4116.410256 4210.769231 4172.820513 4140.512821 4078.974359 4088.205128 4216.923077 4108.205128 3901.538462 4084.102564 4196.410256
4068.717949 4049.743590 4252.307692 4113.846154 4210.769231 4165.641026 4135.384615 4076.410256 4084.102564 4216.923077 4106.666667 3895.897436 4080.512821 4188.717949
4061.538462 4043.589744 4252.820513 4111.794872 4212.307692 4165.641026 4143.076923 4077.435897 4085.641026 4216.923077 4102.051282 3894.358974 4077.948718 4186.153846
4066.153846 4046.153846 4256.410256 4111.282051 4214.358974 4170.769231 4152.820513 4083.076923 4092.820513 4216.923077 4096.923077 3894.358974 4078.974359 4186.153846
4066.153846 4043.076923 4249.743590 4113.333333 4208.717949 4172.307692 4157.435897 4094.358974 4105.641026 4216.923077 4098.974359 3892.820513 4082.051282 4184.102564
4058.461538 4029.230769 4246.666667 4110.256410 4209.230769 4174.358974 4160.512821 4097.948718 4107.692308 4216.923077 4097.435897 3888.205128 4072.307692 4189.743590
4050.256410 4021.538462 4240.512821 4100.000000 4204.102564 4176.410256 4158.461538 4087.692308 4095.384615 4216.923077 4081.538462 3876.410256 4054.358974 4189.230769
4050.256410 4016.923077 4238.461538 4091.794872 4206.153846 4173.333333 4152.820513 4074.358974 4084.615385 4216.923077 4064.102564 3864.102564 4042.564103 4195.897436
4055.897436 4020.512821 4243.589744 4094.358974 4212.307692 4170.256410 4154.871795 4076.923077 4091.282051 4216.923077 4073.333333 3868.717949 4053.846154 4198.974359
4060.000000 4032.307692 4247.179487 4104.102564 4209.743590 4168.205128 4153.333333 4085.641026 4099.487179 4216.923077 4089.230769 3876.923077 4069.743590 4194.358974
4066.153846 4040.000000 4256.923077 4114.871795 4217.435897 4165.128205 4146.153846 4082.051282 4097.948718 4216.923077 4084.615385 3879.487179 4067.179487 4200.512821
4071.282051 4043.589744 4258.974359 4123.076923 4219.487179 4161.025641 4145.641026 4078.461538 4098.974359 4216.923077 4087.692308 3878.974359 4069.743590 4197.948718
4080.000000 4042.051282 4260.000000 4118.974359 4217.948718 4157.435897 4146.666667 4082.051282 4101.025641 4216.923077 4095.384615 3878.461538 4077.948718 4198.974359
4084.615385 4036.923077 4266.153846 4113.333333 4218.461538 4157.435897 4150.256410 4088.717949 4105.641026 4216.923077 4096.410256 3884.615385 4082.564103 4204.102564
4077.435897 4031.794872 4261.025641 4113.333333 4214.871795 4156.410256 4153.333333 4094.871795 4105.641026 4216.923077 4099.487179 3889.743590 4084.615385 4203.076923
4072.820513 4026.153846 4259.487179 4111.794872 4217.948718 4151.282051 4145.128205 4093.333333 4095.384615 4216.923077 4098.461538 3885.128205 4080.000000 4210.769231
4074.358974 4027.179487 4257.435897 4111.794872 4212.820513 4155.897436 4146.153846 4091.794872 4095.897436 4216.923077 4094.358974 3878.461538 4076.410256 4211.794872
4074.871795 4033.333333 4252.307692 4110.256410 4210.769231 4162.051282 4157.948718 4093.846154 4101.538462 4216.923077 4088.717949 3875.897436 4070.256410 4209.230769
4070.256410 4036.410256 4251.794872 4108.205128 4215.384615 4157.948718 4158.461538 4096.410256 4096.410256 4216.923077 4078.974359 3866.153846 4059.487179 4206.153846
4066.666667 4034.871795 4249.230769 4112.307692 4207.692308 4157.435897 4151.282051 4098.974359 4089.230769 4216.923077 4080.512821 3863.076923 4067.179487 4202.564103
4069.743590 4032.820513 4252.820513 4113.846154 4211.794872 4160.512821 4154.358974 4105.641026 4095.897436 4216.923077 4098.461538 3878.461538 4090.256410 4208.205128
4073.333333 4043.589744 4250.769231 4110.769231 4215.897436 4161.538462 4165.641026 4117.948718 4116.410256 4216.923077 4104.102564 3881.538462 4095.897436 4201.538462
4068.717949 4048.717949 4249.230769 4110.769231 4212.307692 4161.538462 4161.025641 4109.743590 4117.435897 4216.923077 4086.666667 3865.128205 4078.974359 4201.538462
4065.128205 4043.589744 4255.384615 4116.410256 4215.384615 4164.102564 4151.282051 4093.846154 4101.538462 4216.923077 4084.102564 3864.102564 4082.051282 4214.871795
4075.384615 4054.358974 4253.846154 4121.538462 4213.846154 4168.205128 4160.512821 4105.641026 4107.692308 4216.923077 4111.282051 3881.538462 4116.410256 4218.461538
4082.051282 4065.128205 4256.923077 4119.487179 4217.435897 4165.128205 4165.128205 4115.384615 4116.410256 4216.923077 4125.128205 3886.153846 4129.743590 4221.538462
4074.871795 4063.589744 4258.974359 4120.512821 4216.410256 4158.974359 4152.820513 4106.666667 4110.256410 4216.923077 4118.461538 3880.000000 4120.000000 4212.820513
4071.282051 4060.000000 4255.897436 4125.128205 4212.307692 4155.897436 4143.589744 4104.102564 4110.769231 4216.923077 4116.410256 3881.025641 4115.897436 4204.102564
4070.256410 4061.538462 4251.794872 4125.641026 4212.307692 4156.410256 4147.179487 4106.153846 4114.871795 4216.923077 4114.358974 3877.948718 4112.820513 4202.564103
4067.179487 4071.282051 4243.076923 4130.256410 4202.564103 4160.512821 4153.846154 4102.051282 4110.256410 4216.923077 4111.282051 3871.282051 4108.205128 4196.923077
4074.871795 4072.307692 4243.589744 4130.769231 4202.051282 4162.051282 4154.358974 4092.307692 4101.538462 4216.923077 4107.179487 3868.717949 4106.666667 4198.461538
4083.589744 4069.743590 4242.564103 4129.230769 4201.025641 4162.564103 4158.974359 4093.846154 4105.641026 4216.923077 4111.282051 3869.230769 4113.846154 4191.794872
4079.487179 4072.820513 4235.897436 4130.769231 4201.025641 4162.051282 4165.641026 4108.717949 4114.871795 4216.923077 4125.128205 3873.333333 4123.076923 4186.666667
4076.923077 4073.846154 4240.512821 4129.230769 4212.820513 4162.051282 4164.102564 4113.333333 4114.871795 4216.923077 4132.820513 3875.384615 4127.179487 4191.282051
4082.051282 4076.410256 4243.589744 4133.333333 4209.743590 4163.076923 4163.589744 4109.230769 4113.333333 4216.923077 4137.435897 3876.923077 4134.358974 4187.179487
4091.282051 4083.076923 4245.128205 4136.923077 4209.230769 4161.538462 4162.051282 4105.128205 4114.358974 4216.923077 4141.025641 3876.410256 4140.512821 4191.282051
4096.923077 4093.846154 4247.179487 4137.435897 4214.871795 4160.512821 4156.923077 4111.282051 4118.461538 4216.923077 4142.051282 3873.333333 4141.538462 4193.846154
4097.948718 4102.051282 4252.820513 4150.256410 4217.948718 4165.128205 4157.435897 4124.102564 4126.153846 4216.923077 4145.641026 3871.794872 4144.102564 4190.256410
4094.871795 4101.025641 4256.923077 4160.512821 4227.692308 4169.230769 4160.512821 4124.102564 4131.282051 4216.923077 4147.692308 3869.230769 4145.641026 4191.794872
4088.717949 4096.923077 4246.153846 4154.871795 4227.179487 4167.692308 4157.948718 4116.923077 4131.282051 4216.923077 4144.615385 3862.564103 4142.564103 4188.205128
4093.846154 4099.487179 4246.153846 4152.820513 4226.153846 4160.512821 4149.230769 4109.230769 4122.051282 4216.923077 4140.000000 3856.923077 4135.897436 4193.333333
4104.615385 4105.641026 4258.974359 4158.461538 4234.871795 4157.948718 4145.641026 4106.666667 4114.871795 4216.923077 4142.051282 3858.461538 4136.923077 4195.897436
4107.179487 4100.512821 4260.512821 4154.358974 4245.641026 4156.923077 4147.692308 4107.692308 4117.948718 4216.923077 4146.666667 3857.948718 4145.128205 4192.307692
4097.948718 4087.692308 4259.487179 4142.051282 4253.846154 4149.743590 4137.435897 4097.948718 4112.307692 4216.923077 4140.512821 3847.692308 4140.000000 4193.333333
4084.615385 4093.333333 4252.820513 4144.102564 4241.025641 4145.128205 4128.205128 4095.384615 4111.282051 4216.923077 4138.974359 3838.461538 4138.461538 4184.615385
4083.589744 4107.692308 4248.717949 4158.974359 4232.307692 4145.128205 4133.846154 4105.641026 4122.564103 4216.923077 4144.102564 3840.512821 4142.051282 4183.076923
4086.666667 4108.717949 4246.153846 4160.512821 4230.256410 4144.615385 4133.846154 4103.589744 4120.512821 4216.923077 4141.025641 3842.564103 4138.974359 4183.076923
4083.076923 4104.615385 4232.820513 4148.205128 4216.923077 4146.153846 4127.179487 4090.769231 4106.153846 4216.923077 4135.897436 3832.820513 4136.410256 4175.384615
4083.076923 4106.666667 4230.769231 4149.230769 4213.846154 4147.692308 4130.769231 4094.358974 4104.615385 4216.923077 4133.846154 3826.666667 4132.307692 4172.820513
4083.076923 4112.307692 4231.282051 4163.076923 4208.717949 4140.000000 4134.871795 4109.230769 4117.948718 4216.923077 4141.538462 3833.333333 4136.410256 4163.589744
4077.435897 4108.717949 4225.641026 4156.410256 4205.128205 4131.282051 4124.615385 4107.692308 4117.948718 4216.923077 4144.615385 3832.820513 4142.564103 4162.564103
4085.128205 4113.846154 4227.692308 4152.820513 4205.128205 4138.974359 4125.128205 4112.307692 4124.102564 4216.923077 4137.948718 3829.743590 4146.153846 4164.102564
4104.615385 4130.769231 4228.205128 4171.794872 4198.974359 4151.282051 4140.000000 4128.717949 4144.615385 4216.923077 4144.102564 3841.538462 4153.846154 4161.538462
4116.410256 4135.897436 4234.358974 4178.461538 4198.974359 4152.307692 4150.256410 4134.871795 4147.179487 4216.923077 4159.487179 3858.461538 4164.615385 4170.769231
4117.435897 4137.435897 4232.820513 4174.358974 4192.307692 4154.358974 4163.076923 4144.102564 4147.179487 4216.410256 4163.076923 3859.487179 4174.358974 4170.769231
4116.410256 4143.589744 4225.641026 4178.974359 4189.230769 4158.461538 4171.282051 4153.333333 4150.256410 4216.923077 4152.307692 3847.179487 4170.256410 4171.794872
4110.769231 4142.564103 4227.179487 4182.564103 4192.820513 4156.923077 4170.769231 4152.820513 4145.641026 4217.435897 4153.333333 3847.179487 4170.256410 4179.487179
4104.615385 4138.461538 4224.102564 4174.871795 4185.128205 4162.051282 4178.974359 4157.948718 4151.282051 4217.435897 4158.974359 3851.794872 4173.333333 4178.974359
4105.128205 4138.461538 4222.051282 4169.743590 4186.153846 4169.230769 4185.641026 4167.692308 4164.615385 4216.923077 4150.769231 3848.205128 4163.589744 4178.461538
4106.666667 4136.410256 4217.435897 4173.333333 4185.641026 4166.153846 4189.743590 4170.256410 4167.179487 4217.435897 4151.282051 3848.205128 4161.538462 4170.256410
4098.461538 4124.102564 4210.769231 4165.641026 4182.051282 4161.025641 4191.282051 4160.512821 4157.435897 4217.435897 4152.307692 3853.846154 4164.615385 4170.769231
4094.871795 4128.205128 4213.333333 4162.051282 4187.179487 4164.102564 4185.641026 4151.794872 4157.435897 4217.435897 4148.717949 3860.512821 4166.153846 4178.461538
4111.282051 4150.769231 4217.948718 4178.461538 4181.538462 4169.230769 4181.025641 4160.000000 4168.717949 4217.435897 4158.974359 3873.333333 4181.538462 4173.846154
4126.153846 4153.333333 4225.128205 4186.666667 4183.589744 4164.615385 4176.410256 4161.538462 4168.717949 4217.435897 4163.589744 3880.000000 4193.333333 4176.923077
4122.051282 4148.205128 4224.615385 4180.000000 4185.128205 4163.076923 4175.384615 4161.025641 4164.102564 4217.435897 4156.923077 3876.923077 4192.820513 4174.871795
4121.025641 4155.384615 4222.051282 4178.974359 4181.025641 4165.641026 4178.974359 4173.846154 4172.307692 4217.435897 4166.153846 3885.128205 4205.128205 4169.230769
4127.692308 4155.384615 4225.641026 4176.410256 4187.692308 4164.615385 4180.000000 4178.974359 4177.948718 4217.435897 4180.512821 3893.333333 4221.025641 4170.256410
4122.051282 4150.256410 4224.102564 4174.358974 4188.717949 4166.153846 4178.461538 4172.307692 4176.923077 4217.435897 4173.846154 3885.128205 4213.333333 4163.589744
4113.846154 4145.128205 4225.641026 4174.871795 4195.384615 4163.076923 4177.948718 4169.230769 4174.358974 4217.435897 4156.410256 3875.897436 4205.128205 4163.076923
4113.333333 4140.000000 4224.615385 4168.717949 4200.000000 4158.974359 4187.179487 4178.461538 4174.358974 4217.435897 4151.282051 3880.000000 4202.051282 4156.923077
4118.974359 4145.641026 4225.641026 4163.076923 4200.512821 4162.564103 4196.410256 4182.051282 4180.512821 4217.435897 4155.384615 3888.205128 4176.923077 4152.307692
4134.358974 4155.897436 4239.487179 4165.128205 4208.717949 4167.179487 4190.256410 4171.794872 4183.589744 4217.435897 4157.948718 3894.358974 4155.384615 4157.948718
4140.512821 4154.358974 4239.487179 4164.102564 4209.743590 4165.641026 4184.102564 4166.666667 4177.948718 4217.435897 4155.897436 3894.871795 4163.589744 4153.846154
4132.307692 4149.230769 4238.461538 4161.025641 4215.384615 4164.615385 4186.666667 4169.230769 4171.282051 4217.435897 4148.205128 3890.769231 4161.025641 4158.974359
4130.256410 4160.000000 4242.051282 4174.358974 4215.384615 4165.641026 4192.307692 4172.307692 4175.384615 4217.435897 4142.051282 3893.333333 4145.128205 4162.564103
4131.794872 4165.128205 4231.794872 4182.564103 4208.717949 4162.564103 4191.282051 4169.230769 4175.897436 4217.435897 4143.076923 3892.307692 4154.358974 4156.923077
4130.256410 4157.435897 4229.743590 4173.333333 4217.435897 4160.000000 4183.589744 4161.538462 4168.205128 4217.435897 4148.717949 3890.769231 4173.846154 4158.461538
4133.846154 4162.564103 4234.358974 4175.384615 4220.000000 4167.179487 4186.666667 4165.641026 4176.923077 4217.435897 4159.487179 3904.615385 4177.948718 4158.461538
4134.358974 4157.435897 4236.410256 4169.230769 4222.051282 4174.358974 4191.794872 4170.256410 4177.948718 4217.435897 4158.461538 3911.794872 4165.128205 4163.589744
4126.153846 4144.615385 4233.846154 4154.358974 4223.589744 4170.256410 4189.743590 4168.205128 4171.282051 4217.435897 4159.487179 3908.205128 4169.230769 4167.179487
4128.717949 4155.897436 4235.897436 4163.076923 4219.487179 4164.615385 4190.256410 4172.307692 4184.102564 4217.435897 4176.923077 3917.948718 4195.897436 4171.282051
4138.974359 4163.589744 4246.666667 4166.153846 4226.153846 4165.128205 4187.692308 4172.820513 4187.179487 4217.435897 4177.948718 3929.230769 4202.564103 4176.410256
4134.358974 4153.846154 4240.512821 4152.307692 4223.589744 4162.051282 4185.641026 4169.743590 4172.820513 4217.435897 4168.205128 3924.102564 4195.384615 4164.615385
4127.692308 4145.641026 4232.307692 4146.666667 4223.076923 4150.769231 4184.102564 4164.102564 4166.666667 4217.435897 4165.128205 3919.487179 4190.256410 4164.615385
4128.205128 4143.589744 4233.846154 4145.128205 4227.692308 4153.333333 4183.589744 4163.076923 4173.846154 4217.435897 4161.025641 3925.128205 4190.256410 4170.256410
4131.794872 4149.230769 4235.897436 4141.025641 4217.948718 4158.974359 4185.641026 4164.102564 4170.256410 4217.435897 4156.923077 3928.205128 4196.923077 4168.205128
4137.948718 4151.794872 4242.051282 4141.538462 4218.974359 4150.256410 4186.153846 4160.000000 4153.333333 4217.435897 4161.025641 3928.205128 4200.000000 4177.435897
4137.435897 4149.743590 4237.435897 4141.538462 4220.000000 4146.153846 4181.025641 4162.051282 4155.897436 4217.435897 4163.589744 3935.384615 4200.000000 4179.487179
4137.435897 4151.794872 4233.846154 4140.000000 4218.461538 4151.282051 4170.769231 4161.025641 4168.717949 4217.435897 4155.384615 3937.948718 4200.512821 4179.487179
4144.102564 4162.051282 4241.025641 4143.076923 4220.000000 4152.820513 4172.307692 4153.846154 4165.128205 4217.435897 4160.000000 3941.538462 4210.769231 4184.102564
4150.256410 4171.282051 4241.538462 4152.307692 4215.897436 4148.717949 4178.974359 4157.435897 4156.923077 4217.435897 4173.846154 3956.410256 4223.589744 4185.641026
4161.025641 4173.333333 4245.128205 4163.589744 4220.000000 4149.230769 4179.487179 4167.179487 4159.487179 4217.435897 4169.230769 3963.076923 4228.205128 4192.307692
4169.230769 4182.051282 4248.717949 4166.153846 4216.923077 4158.974359 4189.743590 4175.384615 4167.692308 4217.435897 4172.820513 3964.615385 4240.512821 4192.307692
4165.641026 4180.000000 4247.179487 4152.307692 4214.871795 4155.384615 4196.410256 4175.384615 4165.128205 4217.435897 4190.256410 3974.358974 4258.974359 4195.384615
4163.076923 4172.307692 4247.179487 4145.641026 4221.025641 4139.487179 4186.666667 4173.333333 4169.230769 4217.435897 4190.769231 3979.487179 4269.230769 4196.923077
4166.666667 4174.871795 4242.051282 4149.230769 4216.410256 4143.076923 4182.051282 4181.025641 4185.128205 4217.435897 4183.076923 3979.487179 4275.384615 4193.333333
4163.076923 4164.102564 4242.051282 4135.384615 4217.948718 4153.333333 4182.051282 4184.102564 4184.102564 4217.435897 4187.179487 3986.666667 4281.538462 4205.128205
4152.307692 4144.615385 4238.461538 4122.051282 4216.410256 4146.153846 4177.948718 4176.923077 4172.820513 4217.435897 4191.282051 3989.230769 4286.153846 4207.692308
4147.179487 4145.128205 4233.333333 4126.666667 4213.333333 4136.410256 4172.820513 4167.692308 4164.102564 4217.435897 4186.153846 3985.641026 4287.179487 4206.666667
4152.820513 4155.897436 4238.974359 4132.820513 4216.923077 4142.051282 4175.384615 4174.358974 4160.512821 4217.435897 4191.794872 3997.948718 4296.923077 4209.230769
4153.846154 4145.641026 4233.846154 4126.666667 4211.282051 4144.615385 4176.923077 4183.589744 4162.051282 4217.435897 4202.564103 4004.102564 4312.307692 4195.897436
4145.128205 4127.692308 4226.666667 4111.282051 4216.923077 4134.871795 4161.025641 4169.230769 4170.769231 4217.435897 4187.692308 3986.666667 4301.025641 4188.205128
4142.051282 4137.435897 4226.153846 4109.230769 4214.871795 4132.820513 4153.333333 4167.179487 4211.282051 4217.435897 4180.512821 3983.076923 4294.871795 4181.538462
4152.307692 4156.410256 4229.743590 4124.615385 4205.641026 4136.410256 4169.743590 4188.717949 4272.307692 4217.435897 4194.871795 4001.025641 4316.410256 4173.846154
4154.871795 4149.230769 4233.846154 4121.538462 4211.794872 4139.487179 4180.000000 4198.974359 4309.743590 4217.435897 4188.717949 4006.153846 4317.435897 4168.717949
4142.564103 4134.871795 4224.615385 4103.589744 4210.769231 4142.564103 4172.820513 4196.923077 4312.307692 4217.435897 4181.025641 3998.974359 4306.666667 4157.948718
4142.051282 4134.358974 4227.692308 4106.666667 4209.743590 4140.512821 4174.871795 4203.589744 4309.230769 4217.435897 4197.435897 4003.589744 4317.948718 4162.051282
4145.641026 4138.461538 4234.871795 4120.000000 4208.717949 4139.487179 4190.769231 4216.923077 4329.230769 4217.435897 4200.000000 4012.307692 4324.615385 4167.692308
4139.487179 4135.897436 4226.666667 4115.384615 4207.179487 4147.692308 4190.769231 4215.897436 4347.692308 4217.435897 4178.461538 4008.717949 4309.230769 4169.230769
4137.948718 4133.333333 4226.666667 4110.256410 4211.282051 4151.794872 4178.974359 4195.384615 4325.128205 4217.435897 4174.358974 4006.666667 4306.153846 4169.743590
4140.000000 4141.538462 4227.179487 4121.025641 4204.102564 4145.128205 4178.461538 4182.051282 4302.051282 4217.435897 4180.512821 4008.205128 4319.487179 4165.641026
4139.487179 4142.051282 4223.589744 4117.435897 4209.230769 4139.487179 4171.282051 4179.487179 4313.333333 4217.435897 4159.487179 4002.051282 4311.794872 4175.384615
4141.538462 4151.282051 4223.076923 4113.333333 4216.410256 4137.435897 4158.974359 4173.846154 4315.384615 4217.435897 4146.666667 4005.128205 4304.102564 4181.538462
4145.128205 4165.128205 4222.564103 4116.410256 4210.769231 4134.358974 4156.923077 4165.128205 4292.820513 4217.435897 4160.000000 4014.871795 4310.256410 4183.076923
4145.128205 4153.333333 4223.076923 4101.025641 4211.282051 4130.769231 4155.897436 4161.025641 4288.205128 4217.435897 4158.461538 4012.820513 4300.512821 4191.794872
4145.128205 4150.256410 4221.025641 4095.384615 4208.205128 4129.743590 4153.333333 4170.769231 4297.948718 4217.435897 4153.846154 4014.358974 4296.923077 4186.666667
4144.102564 4162.051282 4223.589744 4104.615385 4208.205128 4122.564103 4144.615385 4169.230769 4285.128205 4217.435897 4155.897436 4022.564103 4298.461538 4182.564103
4145.128205 4160.512821 4222.564103 4096.410256 4207.179487 4109.230769 4131.794872 4162.051282 4279.487179 4217.435897 4158.974359 4023.076923 4293.333333 4184.102564
4157.435897 4157.948718 4222.051282 4091.794872 4201.538462 4111.282051 4138.461538 4170.769231 4292.820513 4217.435897 4176.923077 4028.717949 4305.641026 4186.153846
4170.256410 4160.000000 4228.717949 4102.051282 4208.205128 4124.615385 4154.871795 4172.820513 4271.794872 4217.435897 4182.564103 4037.948718 4312.820513 4190.769231
4167.179487 4155.384615 4221.025641 4100.000000 4206.153846 4125.128205 4152.820513 4162.564103 4246.666667 4217.435897 4164.615385 4032.820513 4296.923077 4188.205128
4162.564103 4156.923077 4215.384615 4090.256410 4203.589744 4113.846154 4129.230769 4149.230769 4256.410256 4215.897436 4155.897436 4026.153846 4288.717949 4190.769231
4153.333333 4154.871795 4212.820513 4086.666667 4206.666667 4114.871795 4112.820513 4138.974359 4257.435897 4215.897436 4144.615385 4016.923077 4290.256410 4183.076923
4131.794872 4126.153846 4193.333333 4071.282051 4206.153846 4123.589744 4118.461538 4136.923077 4245.641026 4216.923077 4116.410256 4001.025641 4274.358974 4165.128205
4124.102564 4100.000000 4191.282051 4048.717949 4212.820513 4119.487179 4124.102564 4142.564103 4233.333333 4217.435897 4109.230769 4000.512821 4263.076923 4165.128205
4132.820513 4111.282051 4198.974359 4051.794872 4208.717949 4118.461538 4124.102564 4150.256410 4220.000000 4217.948718 4128.717949 4011.794872 4274.871795 4164.615385
4141.025641 4119.487179 4201.025641 4056.923077 4205.128205 4128.717949 4127.692308 4154.871795 4221.025641 4218.461538 4129.230769 4011.794872 4276.923077 4170.256410
4142.051282 4110.769231 4201.538462 4049.743590 4210.256410 4131.282051 4128.205128 4161.025641 4235.897436 4218.461538 4123.076923 4013.333333 4263.589744 4174.358974
4126.153846 4102.564103 4190.769231 4046.153846 4206.666667 4123.076923 4119.487179 4161.025641 4234.358974 4218.461538 4129.230769 4009.230769 4250.256410 4163.076923
4106.666667 4080.512821 4184.102564 4027.179487 4208.205128 4115.897436 4113.846154 4152.307692 4225.641026 4218.974359 4126.666667 3991.282051 4241.538462 4160.512821
4106.153846 4064.615385 4185.128205 4011.282051 4207.692308 4122.051282 4115.897436 4158.974359 4247.692308 4218.461538 4125.641026 3994.871795 4245.128205 4159.487179
4107.179487 4068.205128 4186.666667 4016.410256 4207.179487 4121.025641 4105.128205 4165.641026 4262.564103 4218.461538 4121.538462 4005.641026 4242.564103 4156.410256
4088.717949 4063.589744 4180.512821 4013.333333 4211.794872 4099.487179 4090.256410 4149.230769 4242.564103 4218.974359 4108.205128 3991.282051 4229.743590 4152.820513
4072.307692 4050.769231 4167.692308 4002.051282 4205.641026 4088.205128 4095.897436 4142.051282 4232.820513 4217.948718 4107.179487 3983.589744 4234.358974 4147.179487
4077.435897 4048.717949 4175.897436 4005.641026 4207.692308 4093.333333 4097.948718 4150.256410 4242.564103 4216.410256 4114.871795 4000.000000 4247.692308 4158.974359
4079.487179 4052.307692 4180.512821 4007.179487 4205.641026 4097.948718 4092.820513 4154.871795 4249.743590 4216.410256 4116.923077 4009.743590 4244.102564 4164.615385
4067.692308 4041.025641 4169.230769 3996.923077 4201.025641 4096.410256 4095.897436 4151.794872 4237.948718 4217.435897 4115.384615 3998.461538 4226.153846 4160.512821
4066.666667 4034.358974 4166.153846 3998.974359 4205.128205 4089.743590 4094.358974 4150.769231 4229.743590 4217.435897 4111.794872 3990.256410 4218.974359 4163.076923
4072.820513 4043.076923 4164.615385 4007.692308 4198.461538 4083.076923 4088.205128 4155.384615 4238.461538 4217.435897 4105.641026 3991.282051 4221.538462 4161.538462
4072.307692 4037.435897 4164.102564 4003.076923 4198.461538 4082.564103 4084.615385 4147.692308 4234.871795 4217.435897 4107.179487 3994.871795 4218.461538 4166.666667
4067.179487 4025.641026 4162.051282 4000.512821 4201.025641 4083.076923 4084.615385 4135.384615 4217.948718 4217.435897 4112.307692 3998.461538 4215.897436 4168.717949
4068.205128 4022.051282 4163.076923 4005.641026 4207.179487 4078.461538 4081.025641 4133.333333 4211.282051 4217.435897 4105.128205 4000.512821 4213.846154 4174.871795
4075.384615 4014.871795 4172.307692 4007.692308 4221.538462 4080.000000 4075.897436 4131.794872 4215.384615 4217.435897 4100.512821 3998.974359 4200.512821 4182.051282
4072.307692 3996.923077 4167.179487 4002.564103 4215.897436 4085.128205 4080.512821 4128.717949 4214.358974 4217.435897 4107.692308 3995.897436 4177.435897 4175.897436
4066.666667 3982.051282 4161.538462 3999.487179 4212.820513 4085.128205 4083.589744 4128.717949 4198.974359 4217.435897 4107.179487 3995.384615 4151.282051 4183.076923
4067.692308 3984.102564 4161.538462 4004.102564 4215.384615 4085.641026 4085.128205 4131.282051 4191.282051 4217.435897 4107.179487 3993.846154 4143.589744 4178.461538
4069.230769 3987.179487 4154.358974 4002.564103 4211.282051 4085.641026 4082.564103 4128.205128 4200.512821 4217.435897 4112.820513 3989.230769 4151.282051 4163.589744
4069.743590 3990.769231 4153.333333 4003.589744 4213.846154 4086.666667 4085.641026 4130.769231 4195.384615 4217.948718 4112.307692 3989.230769 4150.256410 4173.333333
4070.769231 4002.051282 4153.333333 4018.974359 4211.282051 4095.897436 4102.051282 4147.692308 4189.230769 4217.435897 4118.461538 3989.743590 4154.871795 4178.461538
4072.820513 4001.538462 4149.743590 4023.589744 4212.307692 4104.102564 4102.051282 4148.717949 4196.923077 4215.897436 4118.461538 3981.025641 4157.435897 4177.948718
4070.256410 3998.974359 4144.102564 4023.076923 4213.333333 4102.051282 4090.769231 4137.435897 4205.128205 4216.410256 4111.794872 3972.820513 4154.358974 4175.897436
4066.666667 4005.128205 4143.076923 4028.205128 4213.846154 4101.025641 4091.282051 4138.974359 4202.564103 4217.435897 4118.974359 3975.384615 4155.384615 4172.820513
4069.743590 4009.230769 4152.307692 4022.051282 4223.076923 4105.128205 4097.435897 4140.512821 4197.948718 4216.923077 4126.153846 3982.564103 4151.794872 4176.410256
4070.256410 4009.743590 4150.769231 4015.384615 4218.974359 4107.692308 4101.538462 4140.512821 4198.461538 4215.897436 4122.051282 3980.512821 4145.128205 4174.358974
4065.128205 4007.692308 4149.230769 4014.358974 4217.435897 4104.615385 4102.051282 4139.487179 4192.307692 4215.897436 4110.256410 3971.794872 4137.435897 4177.435897
4062.051282 4006.153846 4151.794872 4009.743590 4220.512821 4101.025641 4101.025641 4135.384615 4185.641026 4216.410256 4104.615385 3970.256410 4135.384615 4176.923077
4064.102564 4012.307692 4147.692308 4009.230769 4215.897436 4102.564103 4105.128205 4135.897436 4183.076923 4217.435897 4108.205128 3978.461538 4138.461538 4172.307692
4070.256410 4024.102564 4151.282051 4018.974359 4221.538462 4106.666667 4109.230769 4141.538462 4184.102564 4217.435897 4111.794872 3985.128205 4138.461538 4175.897436
4079.487179 4037.435897 4153.846154 4027.692308 4220.000000 4109.743590 4108.205128 4145.128205 4187.179487 4216.410256 4115.384615 3988.205128 4137.948718 4172.820513
4084.615385 4045.641026 4155.897436 4024.615385 4218.974359 4101.025641 4106.153846 4141.025641 4165.128205 4216.410256 4114.871795 3990.256410 4136.923077 4175.897436
4083.076923 4049.743590 4162.051282 4018.461538 4223.589744 4091.282051 4105.128205 4137.948718 4147.692308 4216.410256 4112.307692 3993.846154 4142.564103 4177.435897
4091.794872 4062.564103 4167.179487 4028.717949 4224.102564 4098.974359 4105.641026 4144.102564 4167.179487 4216.410256 4120.512821 4003.589744 4152.820513 4172.307692
4103.589744 4068.205128 4176.923077 4036.923077 4232.820513 4105.641026 4097.435897 4142.051282 4176.923077 4216.410256 4126.666667 4006.666667 4148.717949 4180.000000
4095.384615 4057.435897 4170.256410 4024.615385 4230.769231 4106.153846 4085.641026 4129.743590 4152.307692 4216.410256 4121.025641 3997.948718 4140.000000 4177.948718
4089.743590 4050.769231 4161.025641 4014.358974 4227.179487 4097.435897 4081.025641 4121.538462 4138.974359 4216.410256 4111.794872 3995.384615 4138.461538 4176.923077
4093.333333 4052.820513 4162.564103 4014.871795 4228.205128 4082.564103 4085.641026 4121.025641 4146.666667 4216.410256 4106.666667 3995.897436 4129.743590 4178.461538
4090.256410 4056.923077 4159.487179 4020.000000 4219.487179 4093.333333 4096.923077 4124.102564 4136.923077 4216.410256 4109.743590 3990.769231 4121.025641 4169.230769
4097.435897 4061.538462 4163.589744 4027.179487 4221.538462 4115.897436 4097.435897 4123.589744 4125.641026 4216.410256 4116.410256 3994.358974 4125.128205 4166.666667
4104.102564 4061.538462 4163.076923 4024.615385 4218.974359 4109.743590 4094.871795 4124.102564 4144.615385 4216.410256 4115.384615 4006.666667 4128.717949 4161.025641
4089.230769 4047.179487 4151.794872 4006.666667 4212.820513 4091.794872 4093.846154 4118.974359 4151.282051 4216.410256 4097.948718 4000.512821 4119.487179 4156.923077
4081.538462 4045.128205 4150.769231 4001.538462 4212.307692 4098.974359 4090.769231 4113.846154 4136.410256 4216.410256 4091.282051 3993.333333 4121.538462 4157.948718
4088.205128 4058.974359 4153.333333 4012.307692 4203.589744 4104.615385 4089.230769 4114.358974 4137.948718 4216.410256 4098.974359 4000.000000 4137.435897 4150.256410
4082.564103 4053.846154 4152.820513 4004.615385 4205.641026 4087.179487 4076.923077 4097.948718 4132.820513 4216.410256 4081.538462 3993.846154 4133.846154 4148.205128
4071.794872 4047.692308 4146.666667 3995.897436 4208.205128 4076.410256 4068.205128 4089.230769 4118.461538 4216.410256 4064.102564 3983.076923 4134.871795 4141.025641
4074.358974 4048.717949 4144.615385 3997.435897 4203.589744 4080.000000 4074.358974 4101.538462 4125.128205 4216.410256 4068.717949 3986.666667 4146.153846 4135.384615
4074.871795 4036.923077 4144.615385 3989.743590 4205.641026 4082.051282 4076.923077 4098.461538 4122.051282 4216.410256 4064.102564 3986.666667 4142.051282 4133.333333
4065.128205 4029.230769 4134.871795 3980.512821 4203.076923 4082.051282 4070.256410 4084.615385 4105.128205 4216.410256 4053.846154 3982.051282 4136.410256 4124.615385
4064.102564 4032.820513 4139.487179 3981.538462 4204.102564 4084.615385 4075.384615 4087.692308 4105.641026 4216.410256 4058.461538 3988.205128 4146.153846 4129.230769
4078.461538 4048.205128 4151.282051 3996.410256 4200.000000 4089.230769 4096.923077 4101.538462 4117.435897 4216.410256 4072.820513 4001.538462 4170.769231 4128.205128
4093.846154 4062.051282 4154.871795 4013.333333 4196.410256 4086.153846 4102.051282 4112.307692 4131.794872 4216.410256 4086.153846 4011.794872 4196.410256 4123.589744
4092.820513 4060.512821 4157.435897 4013.846154 4199.487179 4085.641026 4096.923077 4116.923077 4141.538462 4216.410256 4100.000000 4018.974359 4208.717949 4126.153846
4090.256410 4061.025641 4156.923077 4017.948718 4192.820513 4099.487179 4105.128205 4118.461538 4140.512821 4216.410256 4110.769231 4022.564103 4214.358974 4125.641026
4099.487179 4066.666667 4161.538462 4027.692308 4195.897436 4109.230769 4110.256410 4112.307692 4132.820513 4216.410256 4106.153846 4024.102564 4215.897436 4131.282051
4103.589744 4064.615385 4162.564103 4023.076923 4200.000000 4103.076923 4106.153846 4107.692308 4134.358974 4216.410256 4101.025641 4025.641026 4217.948718 4126.666667
4102.051282 4060.000000 4158.461538 4015.384615 4194.871795 4096.923077 4105.128205 4105.641026 4130.769231 4216.410256 4108.205128 4028.717949 4222.564103 4120.000000
4110.256410 4066.153846 4166.666667 4026.666667 4197.948718 4105.128205 4112.307692 4106.666667 4120.512821 4216.923077 4110.769231 4037.435897 4225.128205 4124.615385
4122.564103 4081.025641 4168.717949 4044.615385 4193.333333 4121.538462 4120.512821 4121.538462 4136.923077 4216.410256 4111.794872 4046.666667 4234.871795 4117.948718
4127.692308 4083.589744 4169.230769 4041.538462 4190.769231 4117.435897 4116.410256 4123.076923 4148.205128 4215.384615 4117.948718 4040.000000 4244.615385 4114.871795
4123.589744 4073.333333 4172.820513 4031.794872 4192.820513 4102.564103 4109.230769 4109.743590 4128.205128 4216.410256 4116.923077 4024.102564 4244.615385 4113.846154
4118.974359 4066.666667 4169.230769 4035.384615 4189.230769 4101.538462 4109.230769 4102.564103 4111.282051 4217.435897 4109.230769 4012.820513 4240.000000 4107.179487
4120.000000 4058.974359 4168.205128 4037.435897 4193.333333 4107.692308 4110.256410 4097.435897 4115.384615 4216.923077 4100.000000 4004.102564 4233.333333 4104.615385
4121.538462 4050.256410 4166.666667 4028.717949 4195.897436 4104.615385 4107.179487 4095.897436 4124.615385 4216.410256 4093.333333 4000.000000 4227.179487 4095.897436
4123.076923 4045.641026 4170.256410 4022.564103 4204.615385 4104.102564 4100.000000 4094.358974 4114.358974 4216.410256 4089.230769 4001.538462 4218.461538 4094.358974
4121.538462 4043.589744 4174.871795 4026.666667 4211.794872 4113.846154 4100.512821 4086.666667 4096.923077 4216.923077 4092.307692 3998.461538 4219.487179 4094.358974
4120.000000 4044.102564 4169.230769 4032.820513 4205.641026 4111.282051 4102.051282 4077.948718 4095.897436 4215.897436 4090.256410 3989.230769 4234.358974 4086.153846
4121.538462 4041.538462 4170.256410 4031.794872 4205.641026 4097.435897 4092.820513 4077.435897 4102.051282 4215.897436 4076.923077 3981.538462 4240.512821 4085.641026
4122.051282 4044.102564 4170.769231 4030.769231 4201.538462 4105.128205 4102.051282 4092.307692 4111.282051 4216.923077 4075.897436 3983.076923 4243.076923 4078.974359
4121.538462 4049.743590 4171.794872 4033.846154 4202.564103 4119.487179 4117.435897 4099.487179 4116.923077 4217.435897 4081.025641 3986.666667 4245.641026 4080.512821
4122.051282 4050.256410 4175.384615 4038.974359 4210.256410 4111.794872 4102.564103 4085.128205 4106.666667 4216.410256 4080.512821 3989.230769 4248.717949 4086.666667
4119.487179 4045.641026 4173.846154 4037.948718 4207.179487 4098.974359 4091.282051 4077.435897 4093.846154 4216.410256 4086.666667 3989.743590 4257.435897 4080.512821
4123.076923 4040.000000 4184.102564 4036.410256 4210.769231 4102.564103 4108.717949 4087.692308 4096.923077 4216.410256 4097.948718 3992.820513 4263.589744 4077.435897
4133.333333 4050.256410 4192.820513 4050.256410 4209.230769 4117.435897 4127.179487 4098.461538 4110.769231 4216.410256 4102.564103 4005.128205 4265.128205 4067.692308
4141.025641 4060.000000 4192.307692 4056.923077 4209.743590 4121.025641 4118.974359 4088.717949 4106.666667 4216.410256 4093.846154 4009.230769 4264.102564 4063.076923
4147.179487 4071.794872 4198.461538 4056.923077 4216.923077 4110.769231 4105.128205 4077.948718 4097.435897 4216.410256 4097.948718 4009.743590 4268.205128 4062.564103
4153.333333 4086.153846 4204.102564 4069.743590 4211.794872 4113.846154 4111.282051 4084.615385 4099.487179 4216.410256 4110.769231 4011.794872 4267.692308 4053.333333
4154.871795 4081.025641 4204.102564 4072.307692 4211.794872 4121.025641 4111.282051 4077.948718 4085.641026 4216.410256 4088.205128 4001.538462 4246.153846 4055.897436
4158.461538 4082.564103 4200.000000 4070.256410 4209.230769 4112.307692 4097.435897 4062.051282 4069.230769 4216.410256 4062.051282 3994.358974 4232.820513 4052.820513
4170.256410 4104.615385 4208.717949 4086.153846 4208.205128 4100.512821 4090.256410 4063.076923 4070.769231 4216.410256 4070.256410 4004.102564 4242.051282 4047.179487
4183.076923 4122.051282 4220.000000 4100.512821 4215.897436 4105.128205 4092.307692 4069.743590 4074.871795 4216.410256 4079.487179 4015.384615 4245.128205 4051.282051
4180.000000 4123.076923 4211.794872 4096.410256 4214.358974 4112.820513 4089.743590 4062.051282 4062.564103 4216.410256 4064.615385 4007.179487 4226.666667 4049.743590
4176.923077 4127.179487 4215.384615 4100.512821 4217.435897 4112.307692 4086.153846 4045.641026 4048.205128 4216.410256 4049.743590 4000.512821 4209.743590 4053.846154
4194.358974 4152.307692 4231.282051 4125.128205 4214.871795 4114.871795 4095.384615 4053.333333 4057.948718 4216.410256 4057.435897 4015.384615 4217.948718 4056.410256
4209.230769 4169.230769 4235.384615 4136.410256 4210.769231 4116.410256 4103.589744 4067.692308 4068.205128 4216.410256 4070.256410 4025.128205 4228.717949 4057.435897
4202.051282 4158.974359 4229.230769 4124.102564 4218.461538 4123.076923 4101.025641 4060.000000 4053.846154 4216.410256 4065.128205 4011.794872 4217.948718 4055.897436
4194.871795 4149.743590 4224.615385 4118.974359 4215.897436 4128.205128 4103.076923 4050.769231 4042.051282 4216.410256 4060.000000 4004.615385 4208.205128 4052.307692
4205.641026 4153.333333 4238.461538 4124.102564 4216.410256 4115.897436 4104.102564 4050.769231 4043.076923 4216.410256 4058.461538 4013.846154 4205.641026 4067.692308
4208.205128 4151.282051 4241.025641 4124.102564 4214.871795 4105.128205 4097.435897 4050.256410 4046.666667 4216.410256 4051.794872 4013.333333 4201.025641 4071.794872
4193.333333 4137.948718 4226.153846 4117.435897 4210.256410 4113.333333 4087.692308 4044.102564 4045.641026 4216.410256 4046.666667 4003.589744 4194.871795 4064.615385
4184.102564 4126.153846 4227.692308 4111.282051 4215.384615 4113.333333 4085.641026 4031.794872 4027.179487 4216.410256 4044.615385 4001.025641 4184.615385 4068.717949
4186.666667 4128.205128 4231.282051 4117.435897 4211.282051 4103.589744 4092.307692 4032.307692 4025.641026 4216.410256 4043.589744 4004.615385 4186.666667 4065.128205
4190.256410 4128.205128 4231.794872 4122.564103 4212.820513 4116.923077 4101.538462 4045.641026 4051.794872 4216.410256 4044.615385 4007.179487 4194.871795 4065.128205
4187.179487 4123.076923 4233.333333 4124.615385 4212.820513 4136.410256 4113.333333 4054.358974 4061.025641 4216.923077 4048.205128 4004.615385 4191.282051 4067.179487
4188.205128 4125.128205 4237.948718 4137.435897 4207.692308 4128.717949 4116.410256 4058.461538 4053.846154 4216.410256 4055.897436 4007.692308 4195.384615 4069.743590
4195.384615 4126.666667 4247.179487 4146.666667 4214.871795 4118.974359 4114.358974 4060.512821 4052.820513 4216.923077 4072.307692 4018.461538 4210.256410 4074.871795
4185.128205 4115.897436 4240.000000 4136.923077 4212.820513 4132.820513 4120.512821 4061.025641 4056.923077 4218.461538 4075.384615 4014.871795 4203.589744 4061.538462
4168.717949 4094.358974 4232.820513 4123.076923 4212.307692 4145.128205 4126.153846 4062.564103 4056.410256 4218.974359 4058.461538 4001.025641 4181.025641 4057.435897
4172.820513 4092.820513 4241.538462 4135.384615 4218.461538 4143.076923 4138.461538 4073.846154 4069.743590 4217.948718 4061.025641 4005.641026 4185.641026 4065.641026
4175.384615 4103.076923 4242.564103 4152.820513 4212.307692 4141.025641 4151.282051 4077.948718 4077.435897 4216.410256 4072.307692 4010.769231 4190.256410 4065.641026
4165.641026 4092.820513 4238.461538 4142.564103 4209.743590 4135.897436 4131.282051 4061.025641 4063.076923 4215.897436 4064.102564 3996.923077 4174.358974 4063.076923
4163.589744 4076.410256 4234.358974 4133.333333 4209.230769 4128.717949 4105.641026 4057.435897 4063.589744 4216.410256 4062.564103 3986.666667 4173.846154 4056.410256
4169.743590 4070.256410 4236.923077 4140.512821 4208.717949 4131.794872 4113.846154 4068.205128 4066.153846 4217.435897 4068.205128 3992.307692 4174.871795 4058.974359
4168.205128 4067.179487 4243.589744 4146.666667 4205.641026 4141.538462 4134.358974 4074.358974 4062.051282 4217.435897 4067.692308 3993.846154 4163.589744 4056.410256
4156.923077 4054.871795 4240.000000 4141.025641 4208.717949 4141.538462 4131.794872 4078.974359 4066.153846 4217.435897 4069.743590 3979.487179 4157.948718 4050.769231
4147.692308 4035.897436 4236.410256 4126.153846 4225.128205 4132.820513 4113.846154 4075.384615 4064.615385 4217.435897 4063.076923 3966.666667 4146.153846 4060.512821
4143.076923 4031.794872 4229.230769 4121.538462 4213.846154 4130.769231 4115.897436 4071.282051 4057.948718 4217.435897 4054.871795 3969.743590 4134.358974 4055.897436
4135.897436 4031.282051 4222.051282 4124.102564 4193.846154 4131.282051 4127.179487 4072.307692 4052.307692 4217.435897 4058.974359 3967.692308 4130.256410 4049.230769
4126.153846 4018.974359 4216.410256 4123.076923 4194.871795 4135.897436 4122.051282 4072.820513 4047.179487 4217.435897 4055.897436 3952.820513 4115.384615 4047.692308
4127.692308 4017.435897 4213.333333 4128.717949 4191.794872 4148.717949 4123.076923 4078.974359 4057.435897 4217.435897 4047.692308 3949.743590 4102.051282 4042.564103
4135.897436 4024.102564 4222.564103 4132.820513 4193.333333 4150.769231 4131.282051 4084.102564 4074.358974 4217.435897 4050.256410 3955.384615 4103.076923 4050.769231
4130.769231 4016.923077 4222.564103 4124.102564 4201.025641 4140.000000 4121.538462 4070.256410 4062.564103 4217.435897 4061.025641 3951.282051 4105.128205 4056.410256
4134.358974 4013.846154 4227.179487 4131.282051 4211.282051 4133.846154 4106.153846 4053.846154 4041.538462 4217.435897 4071.794872 3954.358974 4107.179487 4062.051282
4145.128205 4023.589744 4241.538462 4149.743590 4217.435897 4129.743590 4103.589744 4057.948718 4047.179487 4217.435897 4083.076923 3960.512821 4111.794872 4070.256410
4135.384615 4020.000000 4236.410256 4143.076923 4213.333333 4130.256410 4104.615385 4060.512821 4052.820513 4217.435897 4080.000000 3949.230769 4103.589744 4068.205128
4131.282051 4009.230769 4232.820513 4135.384615 4217.948718 4140.512821 4108.717949 4055.384615 4044.102564 4217.435897 4064.102564 3940.512821 4087.692308 4067.692308
4136.923077 4016.923077 4232.820513 4149.230769 4212.820513 4146.153846 4122.564103 4064.615385 4041.538462 4217.435897 4070.256410 3945.128205 4094.358974 4060.000000
4124.102564 4011.794872 4224.615385 4142.051282 4203.076923 4137.948718 4123.076923 4063.589744 4032.820513 4217.435897 4072.307692 3931.794872 4094.358974 4054.358974
4112.307692 3992.307692 4227.179487 4127.179487 4208.205128 4135.384615 4119.487179 4053.333333 4023.589744 4217.435897 4058.461538 3916.923077 4075.384615 4055.897436
4118.974359 3995.384615 4233.333333 4137.435897 4209.743590 4146.153846 4134.358974 4074.358974 4045.641026 4217.435897 4069.743590 3926.666667 4080.512821 4051.282051
4114.871795 3995.384615 4229.230769 4138.461538 4211.794872 4146.666667 4137.948718 4081.025641 4050.256410 4217.435897 4075.384615 3919.487179 4080.512821 4048.717949
4098.974359 3986.153846 4219.487179 4124.615385 4208.205128 4142.051282 4131.794872 4062.564103 4032.820513 4217.435897 4050.769231 3893.846154 4050.256410 4040.000000
4107.179487 3994.358974 4224.102564 4133.846154 4203.589744 4147.692308 4135.384615 4070.256410 4046.666667 4216.923077 4048.205128 3895.384615 4036.923077 4040.512821
4115.384615 4000.000000 4234.871795 4146.153846 4208.717949 4149.230769 4125.641026 4077.948718 4053.846154 4217.948718 4068.205128 3906.666667 4045.641026 4047.692308
4104.102564 3991.282051 4223.589744 4139.487179 4205.128205 4141.538462 4110.769231 4064.102564 4034.871795 4218.461538 4072.307692 3895.897436 4037.435897 4037.435897
4105.128205 3996.923077 4222.564103 4138.461538 4210.769231 4138.461538 4117.435897 4064.615385 4037.948718 4217.435897 4069.230769 3889.230769 4020.512821 4037.948718
4113.846154 4016.923077 4231.794872 4149.230769 4213.846154 4142.564103 4126.153846 4082.564103 4058.974359 4217.435897 4080.512821 3898.461538 4027.692308 4040.512821
4110.769231 4018.974359 4226.153846 4150.256410 4206.153846 4144.102564 4113.846154 4076.923077 4051.282051 4217.948718 4089.230769 3896.410256 4034.871795 4038.461538
4117.435897 4015.384615 4233.846154 4152.820513 4209.743590 4140.512821 4109.743590 4061.538462 4036.410256 4216.923077 4091.282051 3891.794872 4030.769231 4044.615385
4133.846154 4027.692308 4245.641026 4165.641026 4210.256410 4142.564103 4126.153846 4073.846154 4053.846154 4215.897436 4105.641026 3903.076923 4040.512821 4042.051282
4126.153846 4017.948718 4240.000000 4153.846154 4213.333333 4147.692308 4124.102564 4080.000000 4062.051282 4217.435897 4108.717949 3899.487179 4038.974359 4042.564103
4110.256410 4009.743590 4227.179487 4141.538462 4213.333333 4147.692308 4108.717949 4076.923077 4062.051282 4217.948718 4098.974359 3883.076923 4025.128205 4040.000000
4114.871795 4032.307692 4228.205128 4159.487179 4207.179487 4147.179487 4113.333333 4083.076923 4063.589744 4217.435897 4105.128205 3883.589744 4027.692308 4032.820513
4120.512821 4031.794872 4235.384615 4167.692308 4212.820513 4147.692308 4124.615385 4083.076923 4049.230769 4217.435897 4114.871795 3888.205128 4029.743590 4034.871795
4115.897436 4009.230769 4225.128205 4158.461538 4209.743590 4147.692308 4122.051282 4086.666667 4056.923077 4217.435897 4114.358974 3878.974359 4026.153846 4033.333333
4117.435897 4005.641026 4226.153846 4156.923077 4208.717949 4145.128205 4106.153846 4091.282051 4074.871795 4217.435897 4108.205128 3871.282051 4025.128205 4039.487179
4127.179487 4017.435897 4241.025641 4171.282051 4213.333333 4142.051282 4105.641026 4087.179487 4066.666667 4217.435897 4115.384615 3880.000000 4035.384615 4044.102564
4133.846154 4021.025641 4238.974359 4181.025641 4211.794872 4144.615385 4117.435897 4086.153846 4058.974359 4217.435897 4123.589744 3881.025641 4044.102564 4039.487179
4126.153846 4012.820513 4236.923077 4172.820513 4219.487179 4148.717949 4113.333333 4088.205128 4072.820513 4217.435897 4112.307692 3867.692308 4031.794872 4045.128205
4118.974359 4015.384615 4241.538462 4174.358974 4218.461538 4150.256410 4106.153846 4085.641026 4073.846154 4217.435897 4110.256410 3861.025641 4029.743590 4044.102564
4122.051282 4022.564103 4244.102564 4185.128205 4214.358974 4146.666667 4103.589744 4069.743590 4049.743590 4217.435897 4119.487179 3858.461538 4041.538462 4043.076923
4117.948718 4024.102564 4241.025641 4180.000000 4217.435897 4146.153846 4099.487179 4058.461538 4046.153846 4217.435897 4114.358974 3849.230769 4041.025641 4041.025641
4113.846154 4026.666667 4236.410256 4175.384615 4211.794872 4148.717949 4102.051282 4072.820513 4071.282051 4217.435897 4110.769231 3844.102564 4038.461538 4036.410256
4123.589744 4034.871795 4244.102564 4184.615385 4213.846154 4147.179487 4110.769231 4092.307692 4083.589744 4217.435897 4123.589744 3850.256410 4048.205128 4045.128205
4126.153846 4044.615385 4243.589744 4187.692308 4212.820513 4146.153846 4115.897436 4093.846154 4071.794872 4217.435897 4136.923077 3851.282051 4062.051282 4047.692308
4123.589744 4049.743590 4240.512821 4187.692308 4209.230769 4146.153846 4116.923077 4088.717949 4062.051282 4217.435897 4141.538462 3848.205128 4070.769231 4052.307692
4125.641026 4052.307692 4243.589744 4194.358974 4211.282051 4151.282051 4117.948718 4091.794872 4069.743590 4217.435897 4139.487179 3843.076923 4071.794872 4055.897436
4117.435897 4060.512821 4238.974359 4196.923077 4205.641026 4156.923077 4119.487179 4097.435897 4079.487179 4217.435897 4137.435897 3832.820513 4066.153846 4050.256410
4112.820513 4069.743590 4242.051282 4200.512821 4206.153846 4152.307692 4116.923077 4094.358974 4069.743590 4217.435897 4140.000000 3827.692308 4061.538462 4054.871795
4117.948718 4068.205128 4241.538462 4206.153846 4207.179487 4149.743590 4109.743590 4088.717949 4056.923077 4217.948718 4143.076923 3825.128205 4064.615385 4052.820513
4116.410256 4069.743590 4238.461538 4205.641026 4208.717949 4147.179487 4105.641026 4089.743590 4065.641026 4216.923077 4138.974359 3820.512821 4068.717949 4053.333333
4115.897436 4086.666667 4247.179487 4211.282051 4210.769231 4151.282051 4115.384615 4100.512821 4082.564103 4216.923077 4140.512821 3818.461538 4072.307692 4062.564103
4119.487179 4093.846154 4244.615385 4209.743590 4202.564103 4167.692308 4133.333333 4113.333333 4086.153846 4217.948718 4149.743590 3817.435897 4078.974359 4062.564103
4123.589744 4092.307692 4241.025641 4191.282051 4208.717949 4171.794872 4133.333333 4110.769231 4073.333333 4218.461538 4156.410256 3815.897436 4086.153846 4065.128205
4128.717949 4110.256410 4243.589744 4188.717949 4209.743590 4158.461538 4123.076923 4109.743590 4071.794872 4217.435897 4162.564103 3816.923077 4092.307692 4066.153846
4126.153846 4115.384615 4239.487179 4197.948718 4202.564103 4152.820513 4118.974359 4108.205128 4072.820513 4216.923077 4153.333333 3806.666667 4080.000000 4071.282051
4118.974359 4102.051282 4236.923077 4193.846154 4207.179487 4154.358974 4118.974359 4101.538462 4056.923077 4216.923077 4138.974359 3792.307692 4065.128205 4076.410256
4113.333333 4103.589744 4234.871795 4192.307692 4203.076923 4155.897436 4123.589744 4106.153846 4050.256410 4216.410256 4151.794872 3791.282051 4076.410256 4069.230769
4109.230769 4103.076923 4234.871795 4191.794872 4204.615385 4160.000000 4127.179487 4108.205128 4063.076923 4216.410256 4160.512821 3786.666667 4080.512821 4074.871795
4108.717949 4104.615385 4232.820513 4194.871795 4207.179487 4162.564103 4129.743590 4110.769231 4078.461538 4216.923077 4150.256410 3780.000000 4075.384615 4078.974359
4119.487179 4125.641026 4236.923077 4213.846154 4203.589744 4161.538462 4128.717949 4125.128205 4084.102564 4217.435897 4152.307692 3791.794872 4086.153846 4082.564103
4126.153846 4136.923077 4245.641026 4222.564103 4207.179487 4160.512821 4128.717949 4128.205128 4077.435897 4217.435897 4164.615385 3798.461538 4095.897436 4091.794872
4116.923077 4135.897436 4237.948718 4217.948718 4206.666667 4161.538462 4133.333333 4121.025641 4070.256410 4217.435897 4161.025641 3781.538462 4088.717949 4087.692308
4112.307692 4138.974359 4236.410256 4218.974359 4211.794872 4163.589744 4131.282051 4120.000000 4067.692308 4217.435897 4148.717949 3765.128205 4078.461538 4093.333333
4109.230769 4138.461538 4238.461538 4223.076923 4210.769231 4166.153846 4129.743590 4124.615385 4072.307692 4217.435897 4146.666667 3763.076923 4074.358974 4098.461538
4100.512821 4127.692308 4229.743590 4221.025641 4202.051282 4163.076923 4130.256410 4121.538462 4073.846154 4217.435897 4150.256410 3762.564103 4071.282051 4091.794872
4102.051282 4127.179487 4228.717949 4220.000000 4201.538462 4164.615385 4134.358974 4123.589744 4074.358974 4217.435897 4152.820513 3766.153846 4074.358974 4095.384615
4112.307692 4144.615385 4227.179487 4231.282051 4191.282051 4173.333333 4148.717949 4138.461538 4090.256410 4217.435897 4164.615385 3776.410256 4092.820513 4099.487179
4123.589744 4159.487179 4230.256410 4244.615385 4187.692308 4173.846154 4153.846154 4140.512821 4104.615385 4217.435897 4171.282051 3780.000000 4106.666667 4106.666667
4140.512821 4172.307692 4240.512821 4255.897436 4191.282051 4170.769231 4144.102564 4142.564103 4112.820513 4217.435897 4181.025641 3790.256410 4114.871795 4107.179487
4150.256410 4181.538462 4242.564103 4264.102564 4192.820513 4170.256410 4138.461538 4153.846154 4115.897436 4217.435897 4196.410256 3804.102564 4125.641026 4106.666667
4146.153846 4176.923077 4244.102564 4261.538462 4203.589744 4167.692308 4130.256410 4149.743590 4109.743590 4217.435897 4186.153846 3800.000000 4124.102564 4117.435897
4146.153846 4183.589744 4244.102564 4257.948718 4205.641026 4167.692308 4119.487179 4144.615385 4109.230769 4217.435897 4175.897436 3794.871795 4126.666667 4121.025641
4147.692308 4192.307692 4243.589744 4256.923077 4208.717949 4165.641026 4118.974359 4145.128205 4106.666667 4217.435897 4187.179487 3795.897436 4135.384615 4129.743590
4141.025641 4185.641026 4243.076923 4257.435897 4212.820513 4166.153846 4128.717949 4144.102564 4101.538462 4217.435897 4192.820513 3790.256410 4131.794872 4134.358974
4142.564103 4190.256410 4243.076923 4268.717949 4208.205128 4168.717949 4132.307692 4148.717949 4106.153846 4217.435897 4183.589744 3789.230769 4124.102564 4134.871795
4153.333333 4202.564103 4250.256410 4277.435897 4212.307692 4164.102564 4128.717949 4154.871795 4104.102564 4217.435897 4186.153846 3800.512821 4129.230769 4143.589744
4148.205128 4200.512821 4246.666667 4271.282051 4209.743590 4161.538462 4139.487179 4160.512821 4107.179487 4217.435897 4202.051282 3804.615385 4145.128205 4140.512821
4131.794872 4190.769231 4237.435897 4258.461538 4206.666667 4168.717949 4152.820513 4163.589744 4114.871795 4217.435897 4197.435897 3798.461538 4143.076923 4143.076923
4127.179487 4194.358974 4235.384615 4261.025641 4208.205128 4175.384615 4156.410256 4163.589744 4110.769231 4217.435897 4187.179487 3795.384615 4134.358974 4147.692308
4131.794872 4201.025641 4231.282051 4269.743590 4202.051282 4173.846154 4161.538462 4165.128205 4106.153846 4217.435897 4192.307692 3792.820513 4137.435897 4142.051282
4128.717949 4196.410256 4230.256410 4262.564103 4205.641026 4166.153846 4161.538462 4167.692308 4106.153846 4217.435897 4188.205128 3788.205128 4135.897436 4145.128205
4119.487179 4200.512821 4224.615385 4255.897436 4206.666667 4170.769231 4166.153846 4173.846154 4107.692308 4217.435897 4186.666667 3791.282051 4136.923077 4142.051282
4122.564103 4207.179487 4222.564103 4252.307692 4206.666667 4181.025641 4172.820513 4176.923077 4112.820513 4217.435897 4195.897436 3795.897436 4147.179487 4140.512821
4126.153846 4207.179487 4226.666667 4246.666667 4212.307692 4171.794872 4161.025641 4177.948718 4116.410256 4217.435897 4199.487179 3792.820513 4154.871795 4145.641026
4124.102564 4212.307692 4222.051282 4246.153846 4209.230769 4163.076923 4150.256410 4174.358974 4113.333333 4217.435897 4200.000000 3788.205128 4154.871795 4144.615385
4133.333333 4219.487179 4225.128205 4252.820513 4212.820513 4170.256410 4159.487179 4155.897436 4113.333333 4217.435897 4191.794872 3795.384615 4155.384615 4149.743590
4139.487179 4232.307692 4228.717949 4266.153846 4209.743590 4177.948718 4171.282051 4147.692308 4120.000000 4217.435897 4180.000000 3809.230769 4164.615385 4145.128205
4136.410256 4243.076923 4228.205128 4275.897436 4208.205128 4176.923077 4173.333333 4152.307692 4123.076923 4217.435897 4180.512821 3813.846154 4171.794872 4143.076923
4144.615385 4247.692308 4233.846154 4273.846154 4216.410256 4173.846154 4177.435897 4156.410256 4129.743590 4217.435897 4185.128205 3814.871795 4173.846154 4149.230769
4153.846154 4253.333333 4234.871795 4273.333333 4210.769231 4168.717949 4180.512821 4161.538462 4138.974359 4217.435897 4186.153846 3824.102564 4184.102564 4148.717949
4149.743590 4253.333333 4237.948718 4280.512821 4212.820513 4160.000000 4181.025641 4167.179487 4136.410256 4217.435897 4184.615385 3826.666667 4187.692308 4157.948718
4143.076923 4252.307692 4236.410256 4285.641026 4214.358974 4156.410256 4189.230769 4173.333333 4143.076923 4217.435897 4183.076923 3818.974359 4183.076923 4162.564103
4144.615385 4261.538462 4230.256410 4284.615385 4211.794872 4161.538462 4194.871795 4184.615385 4155.897436 4217.435897 4183.589744 3823.076923 4187.692308 4163.076923
4150.256410 4266.153846 4230.769231 4280.000000 4216.410256 4163.589744 4195.897436 4188.205128 4150.769231 4217.435897 4184.102564 3831.282051 4196.923077 4167.179487
4148.717949 4257.948718 4223.076923 4275.384615 4211.794872 4161.025641 4202.564103 4179.487179 4141.025641 4217.435897 4173.333333 3821.538462 4191.794872 4164.615385
4140.512821 4248.205128 4221.538462 4268.717949 4214.358974 4156.923077 4200.000000 4167.179487 4129.230769 4217.435897 4154.358974 3810.769231 4178.974359 4166.666667
4141.025641 4254.871795 4227.179487 4269.230769 4217.435897 4160.000000 4194.871795 4166.666667 4123.589744 4217.435897 4160.000000 3820.000000 4191.794872 4167.179487
4148.205128 4263.589744 4225.641026 4280.512821 4213.846154 4165.128205 4195.897436 4170.256410 4125.128205 4217.435897 4177.435897 3830.769231 4218.461538 4172.307692
4142.051282 4257.948718 4222.051282 4282.051282 4215.897436 4163.589744 4189.230769 4166.666667 4124.615385 4217.435897 4171.282051 3827.179487 4221.538462 4180.000000
4130.769231 4258.461538 4213.333333 4277.435897 4212.820513 4159.487179 4183.589744 4166.666667 4128.205128 4217.435897 4165.128205 3821.538462 4217.948718 4171.282051
4135.897436 4265.641026 4216.410256 4276.923077 4214.871795 4162.051282 4183.589744 4168.205128 4133.846154 4217.435897 4175.897436 3827.179487 4227.179487 4173.333333
4147.179487 4272.307692 4225.641026 4283.589744 4213.846154 4170.769231 4184.615385 4173.333333 4142.564103 4217.435897 4187.179487 3843.076923 4245.641026 4175.384615
4152.307692 4282.564103 4224.615385 4289.743590 4206.666667 4172.307692 4192.820513 4178.461538 4147.179487 4217.435897 4186.666667 3848.717949 4251.794872 4170.769231
4156.923077 4290.256410 4227.179487 4294.871795 4210.256410 4167.692308 4197.435897 4174.871795 4140.000000 4217.435897 4186.153846 3845.641026 4247.179487 4173.846154
4160.000000 4294.358974 4226.666667 4303.589744 4206.666667 4171.794872 4198.974359 4184.615385 4149.230769 4217.435897 4194.358974 3851.794872 4256.410256 4169.230769
4161.538462 4300.000000 4223.076923 4303.589744 4205.128205 4181.025641 4204.615385 4201.025641 4165.641026 4216.923077 4196.410256 3861.025641 4269.230769 4174.358974
4164.102564 4306.666667 4222.564103 4298.461538 4205.128205 4182.051282 4214.358974 4204.615385 4156.923077 4216.410256 4200.000000 3867.179487 4277.948718 4181.538462
4167.692308 4306.666667 4224.615385 4303.589744 4201.538462 4183.076923 4220.512821 4201.538462 4146.153846 4216.410256 4207.692308 3873.846154 4283.589744 4177.948718
4171.282051 4304.615385 4232.307692 4312.820513 4206.153846 4188.717949 4222.564103 4201.025641 4156.410256 4216.410256 4204.102564 3878.974359 4281.025641 4179.487179
4174.871795 4314.871795 4230.256410 4321.538462 4201.025641 4190.769231 4230.769231 4210.256410 4170.256410 4216.410256 4209.743590 3887.692308 4286.666667 4171.794872
4180.512821 4320.000000 4228.717949 4323.589744 4203.589744 4187.692308 4229.743590 4220.000000 4168.717949 4217.435897 4223.076923 3894.358974 4299.487179 4167.179487
4186.153846 4317.948718 4230.769231 4317.948718 4211.794872 4193.333333 4226.666667 4224.102564 4169.230769 4217.948718 4229.743590 3892.307692 4309.230769 4168.717949
4183.589744 4317.948718 4220.512821 4309.743590 4204.102564 4203.076923 4231.794872 4226.666667 4170.769231 4216.923077 4229.743590 3881.538462 4305.641026 4167.692308
4167.692308 4303.076923 4209.230769 4296.923077 4208.205128 4203.076923 4229.230769 4221.538462 4153.846154 4216.410256 4215.384615 3855.384615 4277.948718 4168.205128
4153.846154 4289.743590 4198.461538 4289.230769 4208.205128 4201.025641 4225.128205 4221.025641 4149.743590 4217.948718 4200.000000 3826.153846 4258.461538 4156.923077
4163.076923 4299.487179 4201.025641 4286.153846 4203.589744 4204.615385 4227.179487 4236.410256 4172.307692 4218.974359 4205.641026 3826.153846 4271.282051 4154.871795
4180.000000 4316.923077 4214.358974 4300.000000 4206.666667 4204.615385 4233.846154 4251.282051 4191.794872 4217.435897 4230.769231 3853.333333 4292.820513 4155.384615
4191.794872 4330.769231 4220.512821 4316.923077 4205.641026 4204.615385 4245.641026 4260.512821 4205.641026 4216.923077 4255.897436 3881.025641 4309.230769 4147.692308
4195.384615 4333.333333 4221.538462 4272.307692 4210.769231 4208.205128 4250.769231 4265.128205 4212.820513 4217.948718 4255.897436 3893.846154 4309.743590 4152.820513
4178.461538 4326.666667 4209.743590 4201.025641 4208.717949 4210.769231 4245.641026 4262.051282 4205.641026 4217.435897 4240.512821 3886.153846 4294.358974 4145.128205
4162.051282 4317.435897 4201.025641 4186.666667 4206.666667 4209.743590 4236.410256 4249.743590 4195.897436 4217.435897 4233.333333 3878.461538 4284.102564 4137.435897
4167.692308 4314.871795 4205.128205 4206.153846 4212.820513 4210.769231 4236.923077 4250.256410 4206.153846 4217.435897 4239.487179 3890.769231 4291.282051 4144.615385
4168.717949 4315.384615 4201.025641 4207.179487 4210.769231 4212.307692 4244.615385 4266.666667 4219.487179 4217.435897 4246.153846 3900.000000 4301.025641 4146.666667
4169.743590 4316.410256 4204.615385 4207.179487 4212.307692 4210.769231 4243.076923 4267.692308 4212.307692 4217.435897 4246.153846 3895.897436 4302.051282 4150.256410
4180.000000 4326.153846 4208.205128 4222.051282 4209.743590 4211.282051 4242.051282 4263.076923 4210.256410 4217.435897 4245.128205 3901.025641 4304.615385 4150.256410
4178.974359 4326.666667 4198.461538 4221.538462 4207.179487 4212.307692 4248.717949 4269.743590 4220.000000 4217.435897 4240.512821 3902.051282 4297.948718 4157.435897
4169.743590 4317.435897 4195.897436 4217.948718 4213.846154 4213.846154 4259.487179 4275.897436 4217.435897 4217.435897 4236.923077 3897.948718 4286.153846 4166.666667
4169.743590 4319.487179 4194.871795 4227.179487 4211.282051 4214.358974 4266.666667 4275.897436 4209.230769 4217.435897 4235.384615 3905.641026 4283.589744 4162.564103
4171.794872 4317.948718 4194.358974 4224.615385 4213.846154 4207.179487 4256.410256 4265.641026 4207.692308 4217.435897 4222.564103 3908.717949 4272.820513 4167.179487
4172.307692 4316.923077 4193.333333 4218.461538 4211.794872 4214.871795 4251.282051 4256.410256 4215.384615 4217.435897 4215.897436 3910.769231 4267.692308 4170.769231
4183.589744 4329.230769 4193.846154 4226.153846 4207.179487 4226.153846 4261.538462 4252.820513 4211.794872 4217.435897 4230.256410 3929.230769 4282.564103 4173.333333
4192.820513 4336.410256 4199.487179 4236.923077 4213.333333 4214.358974 4258.461538 4244.615385 4195.897436 4217.435897 4238.974359 3947.692308 4296.410256 4181.538462
4182.051282 4334.358974 4190.769231 4241.025641 4210.769231 4207.692308 4250.256410 4244.102564 4195.384615 4217.435897 4220.000000 3949.743590 4292.307692 4178.974359
4174.358974 4333.846154 4186.153846 4240.000000 4213.333333 4220.000000 4253.333333 4248.717949 4200.512821 4217.435897 4197.435897 3949.743590 4278.461538 4182.051282
4181.538462 4340.000000 4187.692308 4238.974359 4215.384615 4218.461538 4254.871795 4250.256410 4198.974359 4217.435897 4206.666667 3959.487179 4278.974359 4183.076923
4182.564103 4342.564103 4180.000000 4240.512821 4212.307692 4199.487179 4238.461538 4242.051282 4192.307692 4217.435897 4218.974359 3957.948718 4285.128205 4180.000000
4176.923077 4342.564103 4174.358974 4238.461538 4217.435897 4196.410256 4226.153846 4228.717949 4180.000000 4217.435897 4200.512821 3945.641026 4277.435897 4185.641026
4173.846154 4348.205128 4166.666667 4232.307692 4211.794872 4206.666667 4230.256410 4232.307692 4183.076923 4217.435897 4191.282051 3942.564103 4270.256410 4186.153846
4171.282051 4343.589744 4164.615385 4228.717949 4210.769231 4207.179487 4233.333333 4238.461538 4195.384615 4217.435897 4192.820513 3949.743590 4265.641026 4188.717949
4171.282051 4347.179487 4169.743590 4235.897436 4216.410256 4204.102564 4236.410256 4242.051282 4201.025641 4217.435897 4183.076923 3955.384615 4268.717949 4188.205128
4183.076923 4367.179487 4173.846154 4240.512821 4213.333333 4207.692308 4240.000000 4248.717949 4202.564103 4217.435897 4179.487179 3963.076923 4276.923077 4194.871795
4196.923077 4370.769231 4179.487179 4237.435897 4215.897436 4209.743590 4240.512821 4252.307692 4206.666667 4217.435897 4184.615385 3969.743590 4273.333333 4208.205128
4193.846154 4360.512821 4173.333333 4240.000000 4210.256410 4205.641026 4240.000000 4250.769231 4208.205128 4217.435897 4178.974359 3967.692308 4264.102564 4203.076923
4189.743590 4353.846154 4171.794872 4234.358974 4208.717949 4205.641026 4238.461538 4245.641026 4200.512821 4217.435897 4168.717949 3967.179487 4261.025641 4208.717949
4191.282051 4351.282051 4176.410256 4223.589744 4210.769231 4213.333333 4243.589744 4245.128205 4199.487179 4217.435897 4174.871795 3973.333333 4263.589744 4217.948718
4188.717949 4355.897436 4175.384615 4225.128205 4210.256410 4207.179487 4239.487179 4246.153846 4208.717949 4217.435897 4178.461538 3973.846154 4266.666667 4215.384615
4194.358974 4364.102564 4182.051282 4227.179487 4218.974359 4195.897436 4223.589744 4238.974359 4207.179487 4217.435897 4170.769231 3971.794872 4267.692308 4229.230769
4206.666667 4370.769231 4189.230769 4230.256410 4216.410256 4207.179487 4232.820513 4240.512821 4200.000000 4217.435897 4182.564103 3983.589744 4274.358974 4240.000000
4211.794872 4372.307692 4201.025641 4237.435897 4215.384615 4217.435897 4254.871795 4255.897436 4202.564103 4217.435897 4203.076923 4008.205128 4280.512821 4241.538462
4211.282051 4380.000000 4211.794872 4247.692308 4222.564103 4215.384615 4254.871795 4270.769231 4223.589744 4217.435897 4209.230769 4028.205128 4288.717949 4236.923077
4216.923077 4387.179487 4207.692308 4254.358974 4222.564103 4214.358974 4249.230769 4272.307692 4231.794872 4217.435897 4210.769231 4033.846154 4298.461538 4228.717949
4220.512821 4381.025641 4209.230769 4253.846154 4228.205128 4210.256410 4248.717949 4261.025641 4214.871795 4217.435897 4210.769231 4033.333333 4295.384615 4225.641026
4217.435897 4383.589744 4210.256410 4258.461538 4220.512821 4210.769231 4253.846154 4262.564103 4224.102564 4217.948718 4215.384615 4040.512821 4296.923077 4211.794872
4211.282051 4386.666667 4201.538462 4258.461538 4207.692308 4212.820513 4255.384615 4267.692308 4229.230769 4217.435897 4222.564103 4045.641026 4304.615385 4205.641026
4200.512821 4374.358974 4191.794872 4247.179487 4206.153846 4203.589744 4244.615385 4258.974359 4197.435897 4216.410256 4218.974359 4041.538462 4293.333333 4200.512821
4194.871795 4369.743590 4186.153846 4245.128205 4203.076923 4202.564103 4239.487179 4254.871795 4197.948718 4216.923077 4198.461538 4038.974359 4271.794872 4184.615385
4201.025641 4378.461538 4199.487179 4254.358974 4211.282051 4213.333333 4250.769231 4264.102564 4229.230769 4216.410256 4190.769231 4049.230769 4272.307692 4185.128205
4205.641026 4387.179487 4204.615385 4259.487179 4215.384615 4210.256410 4259.487179 4272.820513 4226.153846 4216.410256 4205.641026 4062.051282 4284.102564 4182.564103
4200.512821 4379.487179 4196.410256 4253.846154 4213.846154 4203.076923 4248.205128 4265.641026 4203.589744 4216.923077 4199.487179 4058.974359 4271.282051 4177.435897
4202.051282 4373.846154 4200.512821 4252.820513 4214.358974 4211.282051 4246.153846 4259.487179 4206.153846 4217.435897 4190.769231 4060.512821 4266.153846 4179.487179
4212.307692 4382.051282 4204.615385 4257.948718 4209.230769 4215.897436 4256.410256 4268.717949 4217.435897 4217.435897 4214.358974 4081.538462 4291.282051 4176.923077
4218.461538 4381.025641 4203.589744 4261.025641 4214.358974 4206.666667 4253.846154 4276.410256 4216.410256 4217.435897 4227.179487 4095.897436 4303.589744 4182.051282
4217.435897 4375.897436 4200.512821 4267.692308 4213.846154 4202.051282 4248.205128 4276.410256 4219.487179 4217.435897 4216.923077 4096.410256 4298.461538 4177.948718
4215.897436 4372.307692 4200.000000 4270.256410 4209.230769 4210.256410 4250.256410 4266.666667 4211.282051 4217.435897 4208.717949 4097.435897 4292.307692 4171.282051
4213.846154 4369.230769 4201.025641 4262.564103 4212.307692 4206.666667 4248.717949 4257.948718 4190.769231 4217.435897 4204.615385 4103.076923 4286.153846 4176.923077
4209.230769 4372.820513 4195.384615 4263.589744 4206.666667 4197.948718 4246.666667 4269.743590 4199.487179 4217.435897 4209.230769 4111.794872 4290.769231 4177.948718
4221.538462 4381.538462 4202.051282 4276.410256 4211.794872 4209.230769 4254.358974 4288.717949 4226.666667 4217.435897 4225.128205 4124.615385 4303.076923 4178.974359
4237.435897 4387.692308 4207.692308 4285.641026 4217.948718 4225.128205 4269.230769 4300.512821 4240.512821 4217.435897 4239.487179 4140.000000 4311.794872 4174.871795
4238.461538 4391.794872 4206.666667 4291.794872 4212.307692 4222.564103 4277.948718 4307.692308 4246.666667 4217.435897 4249.743590 4151.282051 4321.538462 4176.410256
4241.025641 4396.923077 4215.384615 4299.487179 4213.333333 4224.615385 4275.897436 4305.128205 4253.333333 4217.435897 4250.769231 4156.923077 4325.641026 4182.051282
4246.153846 4399.487179 4211.794872 4298.461538 4212.820513 4235.897436 4274.871795 4305.128205 4254.358974 4217.435897 4250.256410 4162.564103 4324.615385 4171.794872
4246.153846 4396.410256 4209.743590 4292.307692 4215.897436 4230.256410 4273.846154 4310.769231 4243.589744 4217.435897 4257.948718 4170.769231 4327.179487 4175.897436
4252.820513 4403.589744 4219.487179 4302.564103 4213.333333 4225.641026 4279.487179 4320.000000 4243.076923 4217.435897 4272.820513 4181.025641 4342.564103 4182.564103
4272.307692 4414.358974 4225.641026 4318.974359 4211.282051 4241.025641 4297.948718 4337.435897 4262.051282 4217.435897 4281.538462 4194.358974 4356.410256 4178.461538
4281.025641 4411.282051 4227.692308 4316.410256 4221.538462 4245.641026 4304.102564 4350.769231 4281.538462 4217.948718 4282.051282 4209.230769 4355.384615 4179.487179
4272.307692 4407.692308 4220.512821 4307.179487 4214.871795 4237.435897 4300.000000 4351.282051 4293.333333 4217.435897 4290.256410 4222.051282 4367.179487 4178.461538
4277.948718 4410.769231 4221.538462 4315.897436 4208.717949 4243.076923 4296.410256 4343.589744 4291.794872 4215.897436 4300.512821 4227.692308 4383.589744 4186.153846
4290.769231 4419.487179 4226.153846 4336.410256 4211.282051 4253.846154 4294.358974 4339.487179 4292.307692 4215.897436 4300.000000 4230.769231 4380.000000 4184.102564
4287.179487 4422.051282 4219.487179 4339.487179 4210.769231 4250.256410 4289.743590 4332.307692 4288.205128 4217.435897 4294.871795 4228.205128 4368.205128 4171.282051
4283.589744 4419.487179 4221.025641 4330.256410 4217.435897 4245.128205 4283.589744 4324.615385 4274.871795 4217.435897 4296.410256 4227.179487 4369.230769 4169.743590
4292.307692 4429.230769 4228.717949 4343.589744 4213.333333 4250.256410 4291.794872 4340.512821 4285.641026 4217.435897 4308.205128 4242.564103 4383.589744 4165.128205
4296.410256 4430.256410 4231.282051 4351.282051 4212.307692 4250.769231 4301.025641 4352.307692 4300.512821 4217.435897 4308.717949 4251.794872 4384.615385 4165.128205
4290.256410 4418.974359 4227.179487 4334.871795 4217.435897 4250.256410 4300.000000 4342.564103 4291.794872 4217.435897 4305.128205 4248.717949 4378.461538 4159.487179
4292.307692 4421.025641 4223.076923 4331.794872 4210.769231 4251.282051 4298.974359 4336.923077 4281.025641 4217.435897 4311.282051 4255.384615 4383.076923 4149.230769
4300.512821 4420.512821 4228.205128 4340.512821 4213.333333 4242.564103 4294.358974 4337.435897 4279.487179 4217.435897 4307.692308 4263.076923 4378.974359 4154.871795
4298.974359 4410.769231 4222.051282 4336.410256 4215.384615 4234.871795 4289.230769 4336.410256 4277.948718 4217.435897 4299.487179 4261.538462 4370.256410 4153.846154
4296.923077 4409.230769 4217.435897 4330.256410 4215.384615 4237.948718 4289.230769 4333.333333 4276.410256 4217.435897 4303.589744 4265.128205 4371.282051 4152.307692
4297.948718 4414.358974 4221.538462 4333.333333 4214.358974 4243.076923 4290.769231 4331.282051 4278.974359 4217.435897 4305.641026 4269.230769 4374.358974 4150.769231
4295.897436 4408.717949 4215.384615 4331.282051 4210.256410 4251.282051 4290.769231 4337.435897 4284.102564 4217.435897 4300.000000 4266.666667 4372.820513 4143.589744
4295.897436 4403.589744 4215.897436 4330.256410 4216.410256 4256.410256 4286.153846 4342.051282 4290.256410 4217.435897 4298.974359 4273.846154 4375.384615 4144.102564
4299.487179 4411.282051 4216.923077 4338.974359 4214.358974 4252.820513 4283.076923 4343.589744 4294.871795 4217.435897 4309.230769 4284.102564 4384.615385 4138.461538
4298.461538 4409.230769 4214.871795 4337.948718 4213.846154 4248.717949 4282.051282 4341.538462 4293.333333 4217.435897 4311.794872 4284.102564 4385.128205 4138.461538
4294.358974 4407.179487 4213.846154 4336.923077 4221.025641 4251.794872 4282.051282 4342.051282 4288.205128 4217.435897 4306.153846 4287.179487 4380.512821 4143.589744
4291.282051 4411.282051 4208.205128 4346.153846 4215.897436 4251.794872 4278.974359 4343.076923 4287.692308 4217.435897 4305.641026 4293.333333 4380.000000 4138.974359
4293.333333 4404.102564 4209.743590 4338.974359 4219.487179 4245.641026 4276.410256 4343.076923 4290.769231 4217.435897 4306.153846 4294.871795 4379.487179 4142.051282
4291.282051 4397.948718 4209.230769 4330.256410 4218.461538 4248.717949 4285.641026 4350.769231 4297.948718 4217.435897 4307.692308 4295.384615 4383.589744 4138.974359
4286.153846 4400.000000 4207.179487 4342.564103 4214.871795 4248.205128 4287.692308 4349.230769 4294.358974 4217.435897 4306.666667 4296.923077 4381.538462 4138.461538
4285.128205 4391.282051 4208.717949 4348.717949 4222.051282 4241.538462 4274.871795 4337.435897 4283.589744 4217.435897 4305.128205 4303.589744 4375.384615 4142.564103
4289.230769 4387.692308 4209.230769 4344.102564 4218.974359 4251.794872 4276.923077 4347.179487 4292.820513 4217.435897 4311.794872 4315.897436 4384.102564 4143.589744
4306.153846 4401.538462 4222.564103 4353.333333 4218.974359 4265.128205 4289.230769 4363.076923 4304.615385 4217.435897 4321.025641 4329.743590 4399.487179 4156.410256
4317.435897 4413.333333 4223.589744 4368.717949 4219.487179 4261.538462 4293.846154 4362.051282 4306.153846 4217.435897 4328.205128 4337.948718 4404.615385 4157.435897
4305.128205 4407.179487 4209.743590 4366.153846 4217.435897 4255.384615 4290.769231 4358.461538 4302.564103 4217.435897 4329.743590 4336.410256 4398.461538 4150.256410
4300.512821 4400.512821 4214.358974 4360.000000 4221.025641 4255.897436 4291.282051 4364.615385 4305.641026 4217.435897 4330.256410 4338.974359 4399.487179 4151.794872
4314.871795 4408.717949 4216.410256 4367.179487 4215.384615 4262.051282 4300.000000 4371.794872 4313.846154 4217.435897 4333.846154 4351.282051 4409.230769 4146.666667
4317.435897 4407.179487 4207.692308 4362.564103 4220.000000 4270.769231 4304.615385 4363.589744 4308.717949 4217.435897 4327.179487 4353.846154 4401.025641 4147.692308
4304.615385 4393.333333 4204.102564 4347.692308 4221.538462 4267.179487 4299.487179 4354.358974 4302.051282 4217.948718 4317.435897 4343.589744 4385.128205 4147.692308
4306.153846 4392.307692 4207.179487 4351.282051 4215.897436 4254.871795 4291.282051 4355.897436 4305.128205 4216.923077 4320.512821 4347.179487 4387.692308 4144.615385
