4161.538462 4199.487179 4208.717949 4200.000000 4217.435897 4245.641026 4263.589744 4245.128205 4273.846154 4217.435897 4227.179487 4210.256410 4202.051282 4201.025641
4151.794872 4187.692308 4204.102564 4178.974359 4219.487179 4240.512821 4254.358974 4232.307692 4258.461538 4217.435897 4205.641026 4202.564103 4189.230769 4201.025641
4154.358974 4184.615385 4199.487179 4175.384615 4212.820513 4243.589744 4249.230769 4230.256410 4253.846154 4217.435897 4215.384615 4204.102564 4204.102564 4199.487179
4153.846154 4181.538462 4194.871795 4177.948718 4217.948718 4255.384615 4253.333333 4230.256410 4260.000000 4217.435897 4221.025641 4195.897436 4202.051282 4198.461538
4147.692308 4182.564103 4189.230769 4177.435897 4219.487179 4252.820513 4255.897436 4228.205128 4261.025641 4217.435897 4210.256410 4184.615385 4189.230769 4189.743590
4151.794872 4191.794872 4194.871795 4185.128205 4220.000000 4243.076923 4253.333333 4230.769231 4264.102564 4216.923077 4215.384615 4190.256410 4197.435897 4193.333333
4157.435897 4199.487179 4199.487179 4193.333333 4220.000000 4248.205128 4252.307692 4234.358974 4284.102564 4216.923077 4224.102564 4195.384615 4208.205128 4194.358974
4153.846154 4198.974359 4194.871795 4191.282051 4215.384615 4251.794872 4248.205128 4226.666667 4295.384615 4217.435897 4209.743590 4182.564103 4196.410256 4189.230769
4156.923077 4197.435897 4198.974359 4193.333333 4217.435897 4243.589744 4239.487179 4217.948718 4286.153846 4217.435897 4201.538462 4175.384615 4188.717949 4191.794872
4167.179487 4204.102564 4201.538462 4195.897436 4214.871795 4246.666667 4238.461538 4227.179487 4287.179487 4217.435897 4224.102564 4187.179487 4211.794872 4191.794872
4174.358974 4206.666667 4204.615385 4189.230769 4220.000000 4253.333333 4244.102564 4232.307692 4300.512821 4217.435897 4231.282051 4192.307692 4222.051282 4197.948718
4174.871795 4205.128205 4205.641026 4189.743590 4223.076923 4247.692308 4248.717949 4226.666667 4311.794872 4217.435897 4213.333333 4186.153846 4205.641026 4194.871795
4172.307692 4204.615385 4201.025641 4195.384615 4213.333333 4238.974359 4245.641026 4223.076923 4322.051282 4217.435897 4209.230769 4184.102564 4202.051282 4188.205128
4178.461538 4211.282051 4209.230769 4195.897436 4217.948718 4243.076923 4244.102564 4222.564103 4336.410256 4217.435897 4221.538462 4190.769231 4219.487179 4198.461538
4190.769231 4224.102564 4216.410256 4203.076923 4218.461538 4252.307692 4250.769231 4231.794872 4357.948718 4217.435897 4233.333333 4197.948718 4233.333333 4196.923077
4191.282051 4222.564103 4216.410256 4207.179487 4216.410256 4247.179487 4246.666667 4232.820513 4365.641026 4217.435897 4235.384615 4199.487179 4230.256410 4193.846154
4182.051282 4221.538462 4216.410256 4205.641026 4219.487179 4237.435897 4241.025641 4223.076923 4367.692308 4217.435897 4232.307692 4199.487179 4226.666667 4196.923077
4184.102564 4233.333333 4215.384615 4214.871795 4216.923077 4243.589744 4248.205128 4233.333333 4388.205128 4217.435897 4234.358974 4203.589744 4229.743590 4195.897436
4192.307692 4228.717949 4219.487179 4212.820513 4221.025641 4250.256410 4247.179487 4244.615385 4403.589744 4217.435897 4237.435897 4204.102564 4228.717949 4203.076923
4182.564103 4215.897436 4213.333333 4197.948718 4215.384615 4247.692308 4237.435897 4235.384615 4410.256410 4217.435897 4235.897436 4196.410256 4227.179487 4203.076923
4172.307692 4214.358974 4207.692308 4197.435897 4213.846154 4244.102564 4231.282051 4228.205128 4414.358974 4217.435897 4229.743590 4190.769231 4224.615385 4205.128205
4180.000000 4224.615385 4216.410256 4207.179487 4222.051282 4249.230769 4232.820513 4237.948718 4409.743590 4217.435897 4233.846154 4195.384615 4228.205128 4206.153846
4182.564103 4228.717949 4217.948718 4212.307692 4214.871795 4252.307692 4241.025641 4245.641026 4404.102564 4216.923077 4245.128205 4200.512821 4236.410256 4196.923077
4172.307692 4214.358974 4213.333333 4206.153846 4217.435897 4246.153846 4241.538462 4237.435897 4400.000000 4217.435897 4238.461538 4194.871795 4230.256410 4200.512821
4168.717949 4207.692308 4212.307692 4197.435897 4222.051282 4246.666667 4241.025641 4238.461538 4404.615385 4217.435897 4228.717949 4188.717949 4220.512821 4202.051282
4171.282051 4213.333333 4216.923077 4195.384615 4218.974359 4256.410256 4248.205128 4245.128205 4412.307692 4215.897436 4231.794872 4186.153846 4221.025641 4199.487179
4171.794872 4215.384615 4223.076923 4199.487179 4219.487179 4254.871795 4248.717949 4243.076923 4406.666667 4216.410256 4238.461538 4185.641026 4226.153846 4197.948718
4172.307692 4218.974359 4220.000000 4203.076923 4214.358974 4250.769231 4242.564103 4242.564103 4405.128205 4218.974359 4242.051282 4189.743590 4232.820513 4193.333333
4176.923077 4221.025641 4224.615385 4201.538462 4218.974359 4256.923077 4241.538462 4244.615385 4423.589744 4218.974359 4241.025641 4196.923077 4235.897436 4200.512821
4184.102564 4227.179487 4233.333333 4210.769231 4220.000000 4254.358974 4249.230769 4247.692308 4443.076923 4217.435897 4244.102564 4204.102564 4241.025641 4201.538462
4183.589744 4223.589744 4231.794872 4210.769231 4216.410256 4248.205128 4252.307692 4248.205128 4441.538462 4217.435897 4245.641026 4201.538462 4240.512821 4200.000000
4176.410256 4205.641026 4228.205128 4193.333333 4218.974359 4254.871795 4253.333333 4242.564103 4427.179487 4217.948718 4240.000000 4193.333333 4233.846154 4199.487179
4172.820513 4202.051282 4219.487179 4189.230769 4214.871795 4254.358974 4252.820513 4236.923077 4420.512821 4217.435897 4232.307692 4187.692308 4230.256410 4189.743590
4174.358974 4211.794872 4219.487179 4196.923077 4217.948718 4238.974359 4237.948718 4227.179487 4407.692308 4217.435897 4221.025641 4181.538462 4221.538462 4188.717949
4176.923077 4218.461538 4225.641026 4202.564103 4218.461538 4241.025641 4233.333333 4223.076923 4398.461538 4217.435897 4223.589744 4183.589744 4220.000000 4188.205128
4180.512821 4221.025641 4230.769231 4207.692308 4215.384615 4257.435897 4248.717949 4236.410256 4412.820513 4217.435897 4238.461538 4191.794872 4230.769231 4189.230769
4180.512821 4224.615385 4233.846154 4208.205128 4219.487179 4257.435897 4257.435897 4242.051282 4422.564103 4217.435897 4234.871795 4190.256410 4230.256410 4193.846154
4179.487179 4229.743590 4229.230769 4209.230769 4215.897436 4253.846154 4252.820513 4232.820513 4402.564103 4217.435897 4225.128205 4184.615385 4225.641026 4186.666667
4185.128205 4233.846154 4236.410256 4216.410256 4220.512821 4255.384615 4249.743590 4224.102564 4381.025641 4217.435897 4229.230769 4188.205128 4226.666667 4188.205128
4193.333333 4242.051282 4246.153846 4225.641026 4220.512821 4254.871795 4250.769231 4229.230769 4395.897436 4217.948718 4236.923077 4196.410256 4229.230769 4191.282051
4201.538462 4247.179487 4249.230769 4228.205128 4213.846154 4259.487179 4248.205128 4237.435897 4405.128205 4217.435897 4244.102564 4205.641026 4240.000000 4195.897436
4204.615385 4237.948718 4253.846154 4223.589744 4220.512821 4262.564103 4242.564103 4232.307692 4384.615385 4217.435897 4247.179487 4209.230769 4248.717949 4204.615385
4200.000000 4232.307692 4248.717949 4219.487179 4217.435897 4257.435897 4240.000000 4226.666667 4378.461538 4217.948718 4242.564103 4204.102564 4244.102564 4192.820513
4202.051282 4238.461538 4247.692308 4218.974359 4214.871795 4251.282051 4235.897436 4228.205128 4383.589744 4216.923077 4241.025641 4206.666667 4237.948718 4190.256410
4206.666667 4242.051282 4254.871795 4220.000000 4217.948718 4252.820513 4235.384615 4235.897436 4383.076923 4216.410256 4249.230769 4215.897436 4243.589744 4194.871795
4207.692308 4242.051282 4257.435897 4223.076923 4216.923077 4257.948718 4244.102564 4244.102564 4388.205128 4217.435897 4254.871795 4219.487179 4249.743590 4191.794872
4209.230769 4243.076923 4262.051282 4222.051282 4221.025641 4256.923077 4240.512821 4241.025641 4387.179487 4217.435897 4252.820513 4217.435897 4249.743590 4193.846154
4199.487179 4236.923077 4254.871795 4215.897436 4216.410256 4250.769231 4228.205128 4233.846154 4371.794872 4217.435897 4249.230769 4209.743590 4242.051282 4191.794872
4185.128205 4221.025641 4246.153846 4207.692308 4215.384615 4248.717949 4229.230769 4228.717949 4361.025641 4217.435897 4238.974359 4199.487179 4210.769231 4195.384615
4186.153846 4220.000000 4254.358974 4208.205128 4221.538462 4256.410256 4237.435897 4234.871795 4365.128205 4217.435897 4235.897436 4200.512821 4192.307692 4195.384615
4190.256410 4226.153846 4258.461538 4212.820513 4217.948718 4253.333333 4233.333333 4237.948718 4363.589744 4217.435897 4242.564103 4202.564103 4205.641026 4188.205128
4186.153846 4221.538462 4257.435897 4209.230769 4220.512821 4245.128205 4227.179487 4229.230769 4348.717949 4216.923077 4240.512821 4199.487179 4205.128205 4187.692308
4185.641026 4223.589744 4255.384615 4206.666667 4217.948718 4251.282051 4235.897436 4226.153846 4348.717949 4216.410256 4237.948718 4202.051282 4196.410256 4182.051282
4188.717949 4229.230769 4257.435897 4208.717949 4217.948718 4255.384615 4234.871795 4223.589744 4347.179487 4217.435897 4238.461538 4201.538462 4200.000000 4183.589744
4184.102564 4228.717949 4257.435897 4210.769231 4220.000000 4248.205128 4222.051282 4218.974359 4331.794872 4217.948718 4238.974359 4195.897436 4202.051282 4186.666667
4181.025641 4228.717949 4250.769231 4211.282051 4215.384615 4241.025641 4222.564103 4224.615385 4328.717949 4217.435897 4236.923077 4196.410256 4194.358974 4183.076923
4185.128205 4223.589744 4257.435897 4206.666667 4221.025641 4244.102564 4226.666667 4229.743590 4340.000000 4217.435897 4232.307692 4194.871795 4191.794872 4190.769231
4185.641026 4218.974359 4262.051282 4198.974359 4219.487179 4254.358974 4230.769231 4230.769231 4344.615385 4217.435897 4238.974359 4193.846154 4201.025641 4194.871795
4185.128205 4216.923077 4258.974359 4193.333333 4216.923077 4255.384615 4233.846154 4224.615385 4331.282051 4217.435897 4241.025641 4195.384615 4194.358974 4197.435897
4185.128205 4215.384615 4260.000000 4197.435897 4221.025641 4250.256410 4229.230769 4218.461538 4321.538462 4217.435897 4229.743590 4191.794872 4181.025641 4196.923077
4179.487179 4217.435897 4256.410256 4202.564103 4213.333333 4249.230769 4220.512821 4218.974359 4325.128205 4217.435897 4229.743590 4185.641026 4188.205128 4193.846154
4171.282051 4210.256410 4255.897436 4193.333333 4215.384615 4246.666667 4217.948718 4216.410256 4323.076923 4217.435897 4231.794872 4185.128205 4192.820513 4200.512821
4167.692308 4203.589744 4254.358974 4191.794872 4217.948718 4247.692308 4225.128205 4217.948718 4320.512821 4217.435897 4228.717949 4185.641026 4185.128205 4197.435897
4169.230769 4212.820513 4255.897436 4204.615385 4217.948718 4252.820513 4227.179487 4223.589744 4326.666667 4217.435897 4231.794872 4182.051282 4183.589744 4193.333333
4175.897436 4221.538462 4263.589744 4208.717949 4223.589744 4249.230769 4221.538462 4218.461538 4331.282051 4217.435897 4235.897436 4183.589744 4191.282051 4196.410256
4191.794872 4238.974359 4268.205128 4217.948718 4218.974359 4249.230769 4228.205128 4223.076923 4329.743590 4217.435897 4242.564103 4194.358974 4201.025641 4194.871795
4210.769231 4257.948718 4275.897436 4229.230769 4220.000000 4255.384615 4235.384615 4233.846154 4329.743590 4217.435897 4251.282051 4204.102564 4207.692308 4198.461538
4213.846154 4251.794872 4275.897436 4226.666667 4217.948718 4252.820513 4227.692308 4225.128205 4327.692308 4217.435897 4252.820513 4202.564103 4208.717949 4194.358974
4211.794872 4234.358974 4273.333333 4226.666667 4214.358974 4255.384615 4221.025641 4214.871795 4262.564103 4217.435897 4247.692308 4196.410256 4204.615385 4191.794872
4222.564103 4242.051282 4281.538462 4239.487179 4221.025641 4262.051282 4225.128205 4217.948718 4142.051282 4217.435897 4248.717949 4204.615385 4205.641026 4197.948718
4238.461538 4264.615385 4284.102564 4247.692308 4217.948718 4256.410256 4227.179487 4217.948718 4080.000000 4217.435897 4258.974359 4218.461538 4218.461538 4197.435897
4248.205128 4270.769231 4288.717949 4248.205128 4218.974359 4254.358974 4222.051282 4210.256410 4098.974359 4217.435897 4257.435897 4220.000000 4220.000000 4209.230769
4249.743590 4276.410256 4287.692308 4253.846154 4218.974359 4258.974359 4223.076923 4209.230769 4112.820513 4217.435897 4244.615385 4208.717949 4208.717949 4210.769231
4244.102564 4283.076923 4277.948718 4249.743590 4215.384615 4251.794872 4219.487179 4202.564103 4093.846154 4217.435897 4241.025641 4198.461538 4201.025641 4202.051282
4244.102564 4283.076923 4281.538462 4243.076923 4220.512821 4243.589744 4207.179487 4191.282051 4086.666667 4217.435897 4247.179487 4198.974359 4198.974359 4205.641026
4248.205128 4287.179487 4286.153846 4250.769231 4216.410256 4248.717949 4207.179487 4196.410256 4097.948718 4217.435897 4248.205128 4203.589744 4201.538462 4206.153846
4248.205128 4292.307692 4288.205128 4255.897436 4218.461538 4253.333333 4216.923077 4200.512821 4091.282051 4217.435897 4243.589744 4202.051282 4200.000000 4213.846154
4248.717949 4305.128205 4286.153846 4256.410256 4221.025641 4251.794872 4218.974359 4198.461538 4078.461538 4217.435897 4241.538462 4194.358974 4191.794872 4214.871795
4244.615385 4315.384615 4283.076923 4252.820513 4214.358974 4243.589744 4202.051282 4196.410256 4085.128205 4217.435897 4229.230769 4185.641026 4176.410256 4204.102564
4235.897436 4307.692308 4285.641026 4243.076923 4216.923077 4230.256410 4182.564103 4190.256410 4088.205128 4217.435897 4217.435897 4180.000000 4163.589744 4201.538462
4230.769231 4297.435897 4280.512821 4240.512821 4215.897436 4231.794872 4191.282051 4191.282051 4086.153846 4217.435897 4224.615385 4178.974359 4163.589744 4197.435897
4224.615385 4276.923077 4272.820513 4231.282051 4220.512821 4239.487179 4202.051282 4186.666667 4082.051282 4217.435897 4215.384615 4169.743590 4148.717949 4200.512821
4211.794872 4255.897436 4269.230769 4213.333333 4222.051282 4236.410256 4195.897436 4177.948718 4072.307692 4217.435897 4194.358974 4156.410256 4127.179487 4201.025641
4206.666667 4257.435897 4268.205128 4217.948718 4214.871795 4231.794872 4196.410256 4185.641026 4074.871795 4217.435897 4196.410256 4156.410256 4128.717949 4196.923077
4216.923077 4263.076923 4278.974359 4230.256410 4221.025641 4237.435897 4206.153846 4194.871795 4093.333333 4217.435897 4208.205128 4164.102564 4144.102564 4204.102564
4225.641026 4259.487179 4286.666667 4230.256410 4218.974359 4250.256410 4220.512821 4201.538462 4108.717949 4217.435897 4225.641026 4175.384615 4162.051282 4202.564103
4226.666667 4253.333333 4287.692308 4224.102564 4216.410256 4247.179487 4221.025641 4199.487179 4106.666667 4217.435897 4233.333333 4182.051282 4166.153846 4201.025641
4225.641026 4247.692308 4287.179487 4223.076923 4220.000000 4235.897436 4211.282051 4187.179487 4098.974359 4217.435897 4218.461538 4177.948718 4154.871795 4201.025641
4223.589744 4241.538462 4284.102564 4227.179487 4215.897436 4235.384615 4212.307692 4184.615385 4096.410256 4217.435897 4210.256410 4169.230769 4147.179487 4198.461538
4221.025641 4232.820513 4286.666667 4225.641026 4218.974359 4238.974359 4215.384615 4192.307692 4095.897436 4217.435897 4215.897436 4169.230769 4150.769231 4201.025641
4211.794872 4232.820513 4284.102564 4226.153846 4218.461538 4233.846154 4211.282051 4194.358974 4101.025641 4217.435897 4216.923077 4173.333333 4161.538462 4193.333333
4201.025641 4232.820513 4279.487179 4226.666667 4216.923077 4225.641026 4205.128205 4186.666667 4104.102564 4217.435897 4209.743590 4162.564103 4164.102564 4189.230769
4197.948718 4228.717949 4282.051282 4221.025641 4218.461538 4228.717949 4207.179487 4192.307692 4105.641026 4217.435897 4207.692308 4155.897436 4161.025641 4188.205128
4202.564103 4224.102564 4277.435897 4213.846154 4215.384615 4233.333333 4206.666667 4201.538462 4109.743590 4217.435897 4210.256410 4161.538462 4163.076923 4181.025641
4206.153846 4217.948718 4276.923077 4207.692308 4220.512821 4228.717949 4202.051282 4188.717949 4109.743590 4217.435897 4206.153846 4160.000000 4159.487179 4182.051282
4197.435897 4212.307692 4278.461538 4207.179487 4218.461538 4229.743590 4208.717949 4192.307692 4118.974359 4217.435897 4205.128205 4154.358974 4158.461538 4179.487179
4184.102564 4205.128205 4276.410256 4206.153846 4214.871795 4235.384615 4212.820513 4208.205128 4123.076923 4217.435897 4211.282051 4155.897436 4166.666667 4180.512821
4181.025641 4198.974359 4271.282051 4204.615385 4218.461538 4228.717949 4198.974359 4199.487179 4112.820513 4217.435897 4211.282051 4151.794872 4169.230769 4178.974359
4178.461538 4194.871795 4262.564103 4198.461538 4214.871795 4223.076923 4188.717949 4186.666667 4110.256410 4217.435897 4201.025641 4139.487179 4162.564103 4168.205128
4170.769231 4185.128205 4266.666667 4186.153846 4219.487179 4221.025641 4188.717949 4185.128205 4105.641026 4217.435897 4192.820513 4136.410256 4153.846154 4173.846154
4173.333333 4188.717949 4270.769231 4188.717949 4218.461538 4216.410256 4186.666667 4186.153846 4105.128205 4217.435897 4199.487179 4145.128205 4159.487179 4175.384615
4184.102564 4196.410256 4269.230769 4195.897436 4216.410256 4219.487179 4187.179487 4188.205128 4117.435897 4217.435897 4210.769231 4155.384615 4172.820513 4175.384615
4180.000000 4188.717949 4270.769231 4189.743590 4221.538462 4223.589744 4197.435897 4190.769231 4117.435897 4217.435897 4215.897436 4158.974359 4173.846154 4178.461538
4163.076923 4182.051282 4259.487179 4186.153846 4214.358974 4221.538462 4195.384615 4188.205128 4107.179487 4217.435897 4209.743590 4148.205128 4161.538462 4168.717949
4160.512821 4183.076923 4250.256410 4188.205128 4215.897436 4219.487179 4177.435897 4181.538462 4110.256410 4217.435897 4193.333333 4136.410256 4147.179487 4166.666667
4165.641026 4185.641026 4248.205128 4182.564103 4221.025641 4223.076923 4177.435897 4183.589744 4116.923077 4217.435897 4191.794872 4138.974359 4151.794872 4165.128205
4161.538462 4188.717949 4245.641026 4180.000000 4220.512821 4220.512821 4184.102564 4183.076923 4104.615385 4217.435897 4200.512821 4139.487179 4161.025641 4165.641026
4156.410256 4186.153846 4244.615385 4183.076923 4221.538462 4212.307692 4173.333333 4176.923077 4095.897436 4217.435897 4195.897436 4127.179487 4149.743590 4168.717949
4159.487179 4183.589744 4239.487179 4182.564103 4213.846154 4209.230769 4165.641026 4179.487179 4107.692308 4217.435897 4197.435897 4122.564103 4144.615385 4158.461538
4165.641026 4183.589744 4241.025641 4178.461538 4216.923077 4211.282051 4167.692308 4177.948718 4112.820513 4217.435897 4200.512821 4127.692308 4149.743590 4157.948718
4158.974359 4176.923077 4238.974359 4175.384615 4221.025641 4216.410256 4165.641026 4172.820513 4108.717949 4217.435897 4186.666667 4122.051282 4144.615385 4161.025641
4152.820513 4170.256410 4230.769231 4173.846154 4215.384615 4216.923077 4161.538462 4174.358974 4107.179487 4216.923077 4180.000000 4109.230769 4134.358974 4159.487179
4155.384615 4172.307692 4232.307692 4173.333333 4218.974359 4211.282051 4156.923077 4173.846154 4106.153846 4217.948718 4189.743590 4106.666667 4134.358974 4163.589744
4153.333333 4177.435897 4230.769231 4174.871795 4217.435897 4209.230769 4157.948718 4173.846154 4106.666667 4218.461538 4194.871795 4107.692308 4141.538462 4159.487179
4153.333333 4176.923077 4231.282051 4176.923077 4217.435897 4214.871795 4169.743590 4180.000000 4112.307692 4217.435897 4193.846154 4105.641026 4147.179487 4157.948718
4164.615385 4185.128205 4237.948718 4189.743590 4217.948718 4220.512821 4186.666667 4193.333333 4129.230769 4217.435897 4205.641026 4110.256410 4162.564103 4155.897436
4170.256410 4192.307692 4238.461538 4196.923077 4213.333333 4217.948718 4190.769231 4202.051282 4145.128205 4217.435897 4214.358974 4116.410256 4171.282051 4153.846154
4162.564103 4182.051282 4236.410256 4186.666667 4219.487179 4213.846154 4181.025641 4196.410256 4140.000000 4217.435897 4203.076923 4105.641026 4156.410256 4154.871795
4162.564103 4179.487179 4229.743590 4188.205128 4218.974359 4215.897436 4179.487179 4195.384615 4134.871795 4216.410256 4196.410256 4096.923077 4150.769231 4148.205128
4171.282051 4186.153846 4231.794872 4194.358974 4217.948718 4219.487179 4186.666667 4201.025641 4144.102564 4216.410256 4203.076923 4105.128205 4164.102564 4153.333333
4164.615385 4180.000000 4234.358974 4184.615385 4219.487179 4219.487179 4187.179487 4194.871795 4148.717949 4217.435897 4207.179487 4105.128205 4169.743590 4155.384615
4152.820513 4165.128205 4226.153846 4175.897436 4216.923077 4216.923077 4178.974359 4183.076923 4133.846154 4218.974359 4201.025641 4092.820513 4161.025641 4145.128205
4153.846154 4160.512821 4225.641026 4178.461538 4224.615385 4214.871795 4172.820513 4180.512821 4123.589744 4217.435897 4194.358974 4086.666667 4152.307692 4148.205128
4148.205128 4165.641026 4224.102564 4179.487179 4220.512821 4214.871795 4175.897436 4185.128205 4139.487179 4215.897436 4188.205128 4078.974359 4147.692308 4148.205128
4138.461538 4161.025641 4222.051282 4174.871795 4216.923077 4218.974359 4176.923077 4184.102564 4148.717949 4216.923077 4184.615385 4067.692308 4143.076923 4150.769231
4146.153846 4161.538462 4227.179487 4181.025641 4220.512821 4223.589744 4175.384615 4188.205128 4143.589744 4217.948718 4196.410256 4073.846154 4152.307692 4152.820513
4153.333333 4169.743590 4222.051282 4189.230769 4214.871795 4219.487179 4172.820513 4196.410256 4147.692308 4216.923077 4199.487179 4079.487179 4156.923077 4147.692308
4142.051282 4160.000000 4215.897436 4177.948718 4216.923077 4211.794872 4170.769231 4188.717949 4142.564103 4217.435897 4183.589744 4065.128205 4138.974359 4151.794872
4134.358974 4150.256410 4214.871795 4169.743590 4217.435897 4219.487179 4180.000000 4182.051282 4130.256410 4217.435897 4184.102564 4060.000000 4135.897436 4152.307692
4145.128205 4161.025641 4220.512821 4181.025641 4217.948718 4221.025641 4182.051282 4185.641026 4133.846154 4216.923077 4189.743590 4065.128205 4145.128205 4154.871795
4153.846154 4168.717949 4227.692308 4188.205128 4222.051282 4205.128205 4173.846154 4190.769231 4146.666667 4217.948718 4184.102564 4063.589744 4144.102564 4156.923077
4153.846154 4165.641026 4224.615385 4183.589744 4215.384615 4208.717949 4181.025641 4196.923077 4154.358974 4218.461538 4191.794872 4065.641026 4150.769231 4151.794872
4154.358974 4163.076923 4227.179487 4184.102564 4218.974359 4220.512821 4187.692308 4199.487179 4158.974359 4216.923077 4198.461538 4071.282051 4157.435897 4155.384615
4155.384615 4168.205128 4228.717949 4194.871795 4222.051282 4211.282051 4182.051282 4203.589744 4158.974359 4216.410256 4194.358974 4072.307692 4156.410256 4152.307692
4157.948718 4170.769231 4228.205128 4194.871795 4219.487179 4204.102564 4180.512821 4200.000000 4148.717949 4217.948718 4198.461538 4074.358974 4160.000000 4155.384615
4154.871795 4163.589744 4230.256410 4183.589744 4221.025641 4211.794872 4182.564103 4189.230769 4142.051282 4217.948718 4198.974359 4071.794872 4157.948718 4161.025641
4145.641026 4154.871795 4222.051282 4177.948718 4215.897436 4212.307692 4180.000000 4185.128205 4150.769231 4216.923077 4189.743590 4060.000000 4149.743590 4151.282051
4152.307692 4155.384615 4224.615385 4182.564103 4219.487179 4209.230769 4175.897436 4186.666667 4156.923077 4216.923077 4187.179487 4058.461538 4150.769231 4153.333333
4166.666667 4166.153846 4230.769231 4187.692308 4217.435897 4217.948718 4178.461538 4191.794872 4153.846154 4217.948718 4194.871795 4069.230769 4161.025641 4157.435897
4160.512821 4164.102564 4224.615385 4180.512821 4215.384615 4218.974359 4179.487179 4191.282051 4150.769231 4217.948718 4198.461538 4072.307692 4160.000000 4153.846154
4153.333333 4157.435897 4224.615385 4177.435897 4223.076923 4205.641026 4170.769231 4188.205128 4153.333333 4218.461538 4202.051282 4071.794872 4160.000000 4153.333333
4163.589744 4169.230769 4232.307692 4191.794872 4217.948718 4204.615385 4168.205128 4197.435897 4165.128205 4218.461538 4212.820513 4080.000000 4172.307692 4153.846154
4169.743590 4173.333333 4237.435897 4192.820513 4217.948718 4213.333333 4173.846154 4200.000000 4168.717949 4217.435897 4211.794872 4080.000000 4162.564103 4162.051282
4165.128205 4169.230769 4230.256410 4178.974359 4218.461538 4211.282051 4173.846154 4190.769231 4161.538462 4216.410256 4207.179487 4073.333333 4138.974359 4160.000000
4164.102564 4170.769231 4223.076923 4177.435897 4216.923077 4202.051282 4165.641026 4188.717949 4158.974359 4216.923077 4208.717949 4072.820513 4132.820513 4155.384615
4166.153846 4168.717949 4228.717949 4183.076923 4224.102564 4199.487179 4163.589744 4192.307692 4161.538462 4216.923077 4210.769231 4069.743590 4140.000000 4160.000000
4162.564103 4164.615385 4226.666667 4181.538462 4217.948718 4202.564103 4169.743590 4196.923077 4166.153846 4215.897436 4210.769231 4062.564103 4146.666667 4153.333333
4158.974359 4163.589744 4225.641026 4182.051282 4217.948718 4199.487179 4168.205128 4192.307692 4167.692308 4216.410256 4208.717949 4059.487179 4145.128205 4153.846154
4155.897436 4160.512821 4227.179487 4187.179487 4220.000000 4194.871795 4162.564103 4183.589744 4167.692308 4216.410256 4205.128205 4058.974359 4140.512821 4156.410256
4151.282051 4149.230769 4221.025641 4176.410256 4213.846154 4190.256410 4151.282051 4180.512821 4155.897436 4215.897436 4197.435897 4051.794872 4133.333333 4153.846154
4147.692308 4141.025641 4216.923077 4162.564103 4216.923077 4186.666667 4145.641026 4178.461538 4137.435897 4216.923077 4192.820513 4044.615385 4129.743590 4152.307692
4147.692308 4149.743590 4214.358974 4174.358974 4216.410256 4195.384615 4162.564103 4182.051282 4147.179487 4217.948718 4195.897436 4049.230769 4134.871795 4147.179487
4157.435897 4158.461538 4222.564103 4187.692308 4220.512821 4201.538462 4171.794872 4191.282051 4168.717949 4217.435897 4197.435897 4056.923077 4136.410256 4155.384615
4169.230769 4162.564103 4232.820513 4190.769231 4223.589744 4195.897436 4166.666667 4193.846154 4168.717949 4217.435897 4199.487179 4058.974359 4138.461538 4158.461538
4167.692308 4163.589744 4230.256410 4189.743590 4217.435897 4198.974359 4173.333333 4191.794872 4163.076923 4217.435897 4209.743590 4064.102564 4147.179487 4153.333333
4160.512821 4156.410256 4227.179487 4178.974359 4220.000000 4204.615385 4180.512821 4192.820513 4171.794872 4216.923077 4216.410256 4071.282051 4147.692308 4161.025641
4161.538462 4156.923077 4221.538462 4177.948718 4216.923077 4200.000000 4172.820513 4199.487179 4181.538462 4216.410256 4212.820513 4066.153846 4139.487179 4159.487179
4161.025641 4156.923077 4219.487179 4179.487179 4218.461538 4195.384615 4161.538462 4194.871795 4173.333333 4217.948718 4204.615385 4055.384615 4126.153846 4158.461538
4153.333333 4154.358974 4222.564103 4178.974359 4222.564103 4195.897436 4163.076923 4188.205128 4168.205128 4217.948718 4203.589744 4057.435897 4121.538462 4158.974359
4153.333333 4162.564103 4222.051282 4190.256410 4216.410256 4194.871795 4173.333333 4195.384615 4175.897436 4217.435897 4209.230769 4063.076923 4128.717949 4156.410256
4155.897436 4158.461538 4223.076923 4183.076923 4221.025641 4191.794872 4173.333333 4197.435897 4170.769231 4217.435897 4206.666667 4056.923077 4127.692308 4160.000000
4150.256410 4149.743590 4219.487179 4163.076923 4220.000000 4186.666667 4169.743590 4194.358974 4167.692308 4217.435897 4206.153846 4054.871795 4131.794872 4154.871795
4146.666667 4149.230769 4220.000000 4166.153846 4216.410256 4176.410256 4165.641026 4194.871795 4174.871795 4217.435897 4207.692308 4060.512821 4143.076923 4152.820513
4150.256410 4148.717949 4226.666667 4177.948718 4220.512821 4171.282051 4159.487179 4194.358974 4175.384615 4217.435897 4204.102564 4063.589744 4144.102564 4154.871795
4153.846154 4149.743590 4224.102564 4178.974359 4217.435897 4172.307692 4163.076923 4186.666667 4165.128205 4217.435897 4205.128205 4064.615385 4144.102564 4150.769231
4160.512821 4154.871795 4225.128205 4175.384615 4221.538462 4173.333333 4170.769231 4178.974359 4159.487179 4217.435897 4207.179487 4068.717949 4151.794872 4155.897436
4168.205128 4164.615385 4228.205128 4178.461538 4219.487179 4185.641026 4179.487179 4190.256410 4176.410256 4217.435897 4214.871795 4078.974359 4162.051282 4153.333333
4172.307692 4169.743590 4231.794872 4186.153846 4214.871795 4195.384615 4184.615385 4206.153846 4195.384615 4217.435897 4223.589744 4090.256410 4168.205128 4150.256410
4176.923077 4171.794872 4237.435897 4191.282051 4218.974359 4191.282051 4185.128205 4208.205128 4190.769231 4217.435897 4224.102564 4094.871795 4173.333333 4147.692308
4177.435897 4172.307692 4232.820513 4189.230769 4217.435897 4190.769231 4178.461538 4205.128205 4182.564103 4217.435897 4225.641026 4091.794872 4169.743590 4141.538462
4176.923077 4173.333333 4233.846154 4196.410256 4218.974359 4196.410256 4171.282051 4201.025641 4182.564103 4217.435897 4221.538462 4084.102564 4160.000000 4148.205128
4178.461538 4184.615385 4234.358974 4211.282051 4215.897436 4194.871795 4175.384615 4196.923077 4179.487179 4217.435897 4216.410256 4083.589744 4162.564103 4147.692308
4175.897436 4189.743590 4233.333333 4205.641026 4214.871795 4191.282051 4177.948718 4195.384615 4177.435897 4217.435897 4216.923077 4088.717949 4165.128205 4146.153846
4172.820513 4184.102564 4235.384615 4195.897436 4218.461538 4197.948718 4166.666667 4196.410256 4183.589744 4217.435897 4212.820513 4085.128205 4157.948718 4148.205128
4176.923077 4190.256410 4232.307692 4206.666667 4212.307692 4204.102564 4156.923077 4196.923077 4191.794872 4217.435897 4210.769231 4080.512821 4160.512821 4142.051282
4189.230769 4201.025641 4240.512821 4218.461538 4217.435897 4201.538462 4156.410256 4197.435897 4195.897436 4217.435897 4217.435897 4092.307692 4168.717949 4148.717949
4193.846154 4201.025641 4249.230769 4222.564103 4220.000000 4203.589744 4159.487179 4210.769231 4208.717949 4217.435897 4227.692308 4108.717949 4175.384615 4152.307692
4191.282051 4195.384615 4245.641026 4222.051282 4215.384615 4211.282051 4161.538462 4220.512821 4210.769231 4217.435897 4235.897436 4111.794872 4186.153846 4154.871795
4193.846154 4191.282051 4247.179487 4219.487179 4220.000000 4216.410256 4169.230769 4217.948718 4203.076923 4217.435897 4237.435897 4109.743590 4190.256410 4164.615385
4195.384615 4178.974359 4247.692308 4217.435897 4216.410256 4208.717949 4177.435897 4228.717949 4213.846154 4217.435897 4233.333333 4112.307692 4186.153846 4157.948718
4193.846154 4165.641026 4248.205128 4216.410256 4218.974359 4196.410256 4171.282051 4232.307692 4213.846154 4217.435897 4232.307692 4114.358974 4185.128205 4155.897436
4197.948718 4173.333333 4252.820513 4224.102564 4220.512821 4201.025641 4172.820513 4226.666667 4206.666667 4217.435897 4243.076923 4119.487179 4194.358974 4158.461538
4198.461538 4178.461538 4249.230769 4225.641026 4214.871795 4208.717949 4186.153846 4233.333333 4221.538462 4217.435897 4245.128205 4124.102564 4197.948718 4157.435897
4186.666667 4163.589744 4245.128205 4210.256410 4218.974359 4203.589744 4178.461538 4235.897436 4225.128205 4217.435897 4234.358974 4118.974359 4186.666667 4160.512821
4180.000000 4155.897436 4239.487179 4202.564103 4214.871795 4203.589744 4166.153846 4227.179487 4210.256410 4217.435897 4226.666667 4110.769231 4177.435897 4153.846154
4187.179487 4158.461538 4240.000000 4209.230769 4215.897436 4208.205128 4170.256410 4218.461538 4206.666667 4217.435897 4218.974359 4108.205128 4167.179487 4151.282051
4187.692308 4163.076923 4243.076923 4215.384615 4219.487179 4207.179487 4179.487179 4219.487179 4212.820513 4217.435897 4221.025641 4110.769231 4166.153846 4148.205128
4184.102564 4171.794872 4242.564103 4218.974359 4215.384615 4209.230769 4183.589744 4224.102564 4210.256410 4217.435897 4224.615385 4112.307692 4175.384615 4140.000000
4190.256410 4174.358974 4249.743590 4221.538462 4219.487179 4212.307692 4189.230769 4224.102564 4204.102564 4217.435897 4216.410256 4113.846154 4169.743590 4139.487179
4198.461538 4178.974359 4252.307692 4223.589744 4215.384615 4212.820513 4194.358974 4231.794872 4207.692308 4217.435897 4225.128205 4120.000000 4169.230769 4135.384615
4200.000000 4187.179487 4254.358974 4227.179487 4214.871795 4214.358974 4190.769231 4240.512821 4216.923077 4217.435897 4235.384615 4123.589744 4178.974359 4140.000000
4190.256410 4185.128205 4252.307692 4228.205128 4218.974359 4216.923077 4190.769231 4235.384615 4221.538462 4217.435897 4220.512821 4120.000000 4172.307692 4141.538462
4174.358974 4166.666667 4238.461538 4215.897436 4215.384615 4214.871795 4193.333333 4223.589744 4206.666667 4217.435897 4203.076923 4110.256410 4149.230769 4134.358974
4168.717949 4151.794872 4236.410256 4210.256410 4221.025641 4213.333333 4191.282051 4225.641026 4195.384615 4217.948718 4200.000000 4103.589744 4135.897436 4135.384615
4175.897436 4164.102564 4242.564103 4222.051282 4217.948718 4217.948718 4201.025641 4245.641026 4218.974359 4218.461538 4208.205128 4110.769231 4152.820513 4132.307692
4191.794872 4182.051282 4251.282051 4228.717949 4214.871795 4221.025641 4211.794872 4253.846154 4240.000000 4218.461538 4223.589744 4128.717949 4173.333333 4136.923077
4204.102564 4189.230769 4257.948718 4231.282051 4217.435897 4223.076923 4208.205128 4246.666667 4236.923077 4218.974359 4238.974359 4140.512821 4171.794872 4140.000000
4204.615385 4191.282051 4254.871795 4242.564103 4213.846154 4221.025641 4200.512821 4241.538462 4232.820513 4217.948718 4242.051282 4139.487179 4163.589744 4133.333333
4201.538462 4189.743590 4252.820513 4246.153846 4220.512821 4215.897436 4200.000000 4233.846154 4225.128205 4216.410256 4235.897436 4134.871795 4166.153846 4138.974359
4197.435897 4193.846154 4248.717949 4241.025641 4217.435897 4215.897436 4206.666667 4232.307692 4221.538462 4215.897436 4237.948718 4137.435897 4170.769231 4138.461538
4201.025641 4202.564103 4250.769231 4239.487179 4213.333333 4222.564103 4208.717949 4238.974359 4232.307692 4217.435897 4241.025641 4143.589744 4169.743590 4140.512821
4216.410256 4208.205128 4262.051282 4249.230769 4218.974359 4228.205128 4205.128205 4244.615385 4241.025641 4217.435897 4246.666667 4153.333333 4183.076923 4146.666667
4227.179487 4210.256410 4266.153846 4265.128205 4214.871795 4228.717949 4211.282051 4245.128205 4244.615385 4216.923077 4254.871795 4163.076923 4201.025641 4140.000000
4230.769231 4216.410256 4274.871795 4270.769231 4215.384615 4229.743590 4222.564103 4250.769231 4250.769231 4217.435897 4263.076923 4171.282051 4207.692308 4140.000000
4235.897436 4230.769231 4276.923077 4272.307692 4215.897436 4235.897436 4229.230769 4262.564103 4254.871795 4217.435897 4270.769231 4176.410256 4215.897436 4136.923077
4235.384615 4230.256410 4270.256410 4274.871795 4216.410256 4232.820513 4223.076923 4253.333333 4245.641026 4217.435897 4264.615385 4173.333333 4213.846154 4132.307692
4230.256410 4215.897436 4268.205128 4269.743590 4220.512821 4225.128205 4216.923077 4238.974359 4243.076923 4217.435897 4248.717949 4170.256410 4201.025641 4130.769231
4229.743590 4220.512821 4265.128205 4267.692308 4214.358974 4232.307692 4225.641026 4253.846154 4263.589744 4217.435897 4252.307692 4171.282051 4204.615385 4125.128205
4225.128205 4227.179487 4264.615385 4271.282051 4216.923077 4231.282051 4225.641026 4260.000000 4262.051282 4217.435897 4262.051282 4161.538462 4210.256410 4125.128205
4213.333333 4220.512821 4261.025641 4270.256410 4215.897436 4217.435897 4217.435897 4245.128205 4243.076923 4217.435897 4256.410256 4152.820513 4204.615385 4114.871795
4212.820513 4219.487179 4261.538462 4265.641026 4211.794872 4220.512821 4217.948718 4244.615385 4255.897436 4217.435897 4250.256410 4159.487179 4205.641026 4110.769231
4230.256410 4234.871795 4271.282051 4269.230769 4220.512821 4233.333333 4224.102564 4257.435897 4273.846154 4217.435897 4262.564103 4174.871795 4221.025641 4116.410256
4245.128205 4250.256410 4269.743590 4281.538462 4218.974359 4235.897436 4230.769231 4264.102564 4262.564103 4216.923077 4275.897436 4183.589744 4233.333333 4112.307692
4236.923077 4238.974359 4262.051282 4277.948718 4215.384615 4233.846154 4234.358974 4256.923077 4245.641026 4215.897436 4263.589744 4174.358974 4217.435897 4113.333333
4214.871795 4221.025641 4251.282051 4261.025641 4214.358974 4233.846154 4237.435897 4252.820513 4252.307692 4216.410256 4245.641026 4161.025641 4196.410256 4108.717949
4214.358974 4227.692308 4246.666667 4257.435897 4214.358974 4238.461538 4240.000000 4260.000000 4260.512821 4217.435897 4250.769231 4162.564103 4201.025641 4107.692308
4230.256410 4246.153846 4254.358974 4275.384615 4218.974359 4245.128205 4240.000000 4262.564103 4254.871795 4217.435897 4261.025641 4172.820513 4209.743590 4116.923077
4227.179487 4250.256410 4248.717949 4287.179487 4214.358974 4245.641026 4238.461538 4262.564103 4260.000000 4216.923077 4264.615385 4176.410256 4213.846154 4110.769231
4212.820513 4236.923077 4238.974359 4275.897436 4217.948718 4243.076923 4232.820513 4257.948718 4264.102564 4217.435897 4256.410256 4167.692308 4215.897436 4110.769231
4207.179487 4233.333333 4236.410256 4266.153846 4217.948718 4247.692308 4233.846154 4249.743590 4252.820513 4217.435897 4241.025641 4158.974359 4210.256410 4115.897436
4213.333333 4246.153846 4239.487179 4276.923077 4212.820513 4248.717949 4243.076923 4251.282051 4248.205128 4217.435897 4241.025641 4162.051282 4208.717949 4116.410256
4220.512821 4246.666667 4243.589744 4276.923077 4220.512821 4239.487179 4237.435897 4252.820513 4246.153846 4217.435897 4246.666667 4164.615385 4210.256410 4117.435897
4211.282051 4228.717949 4231.282051 4261.538462 4216.923077 4235.897436 4224.615385 4241.025641 4232.820513 4217.435897 4236.923077 4153.846154 4205.128205 4108.717949
4204.615385 4217.435897 4227.692308 4255.897436 4215.897436 4236.923077 4225.128205 4230.256410 4220.512821 4217.435897 4227.692308 4152.307692 4195.897436 4112.307692
4219.487179 4225.128205 4241.538462 4261.025641 4218.974359 4236.410256 4232.820513 4240.000000 4229.230769 4217.435897 4231.794872 4164.102564 4196.410256 4118.461538
4230.256410 4230.769231 4241.538462 4258.974359 4215.384615 4236.923077 4230.256410 4247.692308 4241.025641 4217.435897 4236.410256 4167.179487 4201.025641 4112.307692
4226.666667 4225.128205 4238.461538 4255.384615 4222.051282 4236.410256 4225.128205 4237.435897 4240.000000 4217.435897 4235.384615 4166.153846 4201.538462 4112.307692
4233.333333 4229.230769 4242.051282 4266.153846 4219.487179 4237.948718 4230.256410 4233.846154 4243.589744 4217.435897 4245.128205 4178.461538 4212.820513 4109.743590
4248.205128 4234.358974 4250.256410 4274.358974 4215.384615 4234.358974 4226.153846 4234.871795 4242.051282 4217.435897 4254.871795 4187.692308 4223.076923 4113.333333
4248.717949 4229.743590 4253.333333 4267.692308 4218.974359 4225.128205 4212.820513 4229.230769 4233.333333 4217.435897 4251.282051 4183.589744 4217.435897 4118.461538
4241.538462 4225.641026 4244.102564 4262.564103 4215.384615 4222.564103 4212.820513 4224.102564 4224.102564 4217.435897 4241.025641 4175.384615 4202.051282 4120.000000
4233.333333 4220.000000 4240.000000 4255.384615 4216.923077 4225.128205 4212.307692 4217.435897 4208.717949 4217.435897 4228.205128 4165.128205 4190.769231 4126.153846
4217.435897 4208.205128 4233.333333 4244.102564 4214.871795 4223.076923 4199.487179 4206.153846 4200.000000 4217.435897 4214.358974 4151.794872 4184.102564 4117.435897
4208.717949 4195.384615 4224.615385 4239.487179 4216.923077 4214.871795 4187.179487 4189.743590 4190.769231 4217.435897 4194.358974 4139.487179 4161.538462 4113.333333
4208.205128 4197.948718 4222.564103 4242.051282 4221.025641 4210.769231 4191.282051 4185.128205 4177.948718 4217.435897 4188.205128 4136.923077 4145.128205 4114.358974
4207.179487 4204.102564 4222.051282 4248.717949 4215.897436 4212.307692 4200.000000 4198.974359 4185.128205 4217.435897 4197.948718 4138.974359 4155.384615 4109.743590
4202.051282 4193.333333 4222.564103 4242.564103 4220.512821 4214.358974 4196.410256 4200.512821 4195.897436 4217.435897 4192.820513 4135.897436 4157.435897 4116.410256
4195.897436 4190.769231 4220.000000 4239.487179 4220.000000 4217.435897 4198.974359 4190.256410 4191.282051 4217.435897 4181.025641 4130.769231 4147.692308 4112.820513
4205.641026 4198.974359 4230.769231 4251.794872 4217.948718 4218.461538 4206.153846 4190.256410 4186.666667 4217.435897 4186.153846 4134.871795 4147.692308 4109.230769
4220.512821 4198.461538 4242.564103 4249.743590 4222.051282 4222.564103 4210.769231 4200.000000 4194.358974 4217.435897 4192.820513 4144.615385 4154.358974 4114.871795
4211.794872 4191.282051 4229.743590 4234.871795 4216.923077 4229.743590 4213.333333 4200.512821 4198.461538 4217.435897 4184.102564 4137.435897 4146.666667 4112.307692
4195.897436 4180.000000 4224.615385 4226.153846 4220.512821 4226.666667 4204.102564 4188.205128 4189.230769 4217.435897 4168.205128 4119.487179 4128.205128 4110.769231
4203.076923 4173.333333 4233.333333 4226.666667 4220.000000 4218.461538 4195.897436 4190.769231 4188.205128 4217.435897 4165.641026 4123.076923 4130.769231 4108.717949
4218.461538 4173.846154 4238.974359 4233.846154 4214.871795 4214.358974 4196.923077 4194.871795 4191.282051 4217.435897 4173.846154 4140.512821 4140.512821 4115.897436
4217.435897 4176.410256 4241.538462 4234.358974 4218.974359 4215.384615 4196.923077 4182.564103 4182.564103 4217.435897 4173.846154 4142.051282 4134.871795 4122.051282
4205.641026 4177.948718 4234.871795 4227.179487 4216.923077 4218.974359 4195.384615 4176.410256 4179.487179 4217.435897 4159.487179 4130.769231 4130.769231 4109.230769
4205.641026 4167.692308 4237.948718 4226.666667 4220.000000 4212.307692 4192.820513 4174.871795 4174.358974 4217.435897 4151.282051 4130.256410 4123.589744 4107.692308
4216.923077 4161.025641 4246.153846 4236.410256 4216.923077 4203.589744 4193.333333 4175.384615 4162.564103 4217.435897 4167.692308 4141.538462 4108.717949 4110.769231
4213.333333 4169.230769 4242.051282 4231.794872 4211.282051 4206.666667 4195.384615 4176.923077 4162.564103 4217.435897 4170.769231 4138.461538 4094.871795 4112.307692
4205.641026 4168.205128 4240.512821 4218.461538 4217.948718 4214.871795 4193.846154 4171.282051 4178.461538 4217.435897 4148.205128 4123.076923 4086.666667 4113.846154
4207.692308 4154.871795 4242.564103 4219.487179 4214.358974 4216.923077 4191.282051 4166.666667 4182.564103 4217.435897 4144.102564 4121.025641 4087.179487 4106.666667
4209.743590 4145.641026 4246.666667 4221.538462 4213.333333 4207.179487 4183.589744 4163.076923 4161.025641 4217.435897 4151.282051 4124.102564 4083.589744 4109.230769
4200.512821 4147.179487 4240.512821 4210.769231 4214.358974 4202.051282 4178.461538 4155.897436 4152.307692 4217.435897 4143.589744 4114.358974 4077.435897 4104.615385
4194.871795 4150.769231 4234.358974 4209.230769 4210.769231 4216.410256 4180.512821 4150.256410 4161.538462 4217.435897 4135.897436 4109.743590 4073.846154 4102.051282
4203.076923 4155.384615 4248.717949 4225.641026 4216.923077 4229.230769 4185.128205 4150.769231 4157.435897 4217.435897 4143.589744 4119.487179 4083.589744 4111.282051
4215.384615 4167.179487 4256.923077 4234.358974 4216.410256 4220.000000 4184.615385 4149.743590 4150.769231 4217.435897 4153.846154 4128.717949 4100.000000 4106.666667
4220.000000 4167.692308 4252.820513 4222.564103 4217.948718 4208.717949 4174.871795 4140.000000 4152.307692 4217.435897 4142.564103 4124.102564 4089.230769 4104.615385
4214.358974 4161.538462 4252.820513 4221.025641 4218.974359 4215.897436 4175.897436 4143.589744 4155.897436 4217.435897 4133.846154 4122.051282 4074.358974 4105.641026
4215.384615 4161.538462 4257.948718 4229.743590 4215.897436 4221.025641 4184.615385 4153.846154 4154.358974 4217.435897 4145.641026 4130.256410 4079.487179 4103.589744
4224.102564 4163.076923 4264.615385 4236.410256 4221.025641 4211.794872 4180.000000 4145.128205 4149.230769 4217.435897 4150.769231 4131.282051 4081.538462 4107.692308
4221.538462 4155.897436 4258.461538 4228.717949 4214.871795 4204.102564 4173.333333 4138.461538 4144.615385 4217.435897 4143.076923 4120.000000 4080.512821 4103.076923
4217.948718 4136.410256 4257.435897 4207.179487 4214.358974 4203.076923 4170.769231 4135.897436 4137.948718 4217.435897 4137.948718 4114.871795 4083.589744 4105.641026
4227.692308 4131.282051 4268.717949 4216.410256 4218.974359 4204.102564 4171.794872 4129.743590 4137.948718 4217.435897 4140.000000 4127.179487 4083.589744 4105.128205
4224.615385 4134.871795 4267.179487 4229.230769 4214.358974 4200.000000 4168.717949 4125.641026 4136.410256 4217.435897 4137.435897 4128.205128 4082.051282 4093.846154
4210.769231 4125.128205 4261.538462 4201.025641 4217.948718 4200.000000 4161.025641 4121.025641 4122.051282 4217.435897 4129.743590 4111.282051 4071.794872 4097.948718
4216.923077 4125.128205 4264.102564 4200.512821 4216.410256 4206.153846 4165.641026 4120.512821 4124.615385 4217.435897 4135.897436 4112.307692 4065.641026 4100.000000
4227.692308 4115.384615 4272.307692 4224.615385 4214.871795 4205.641026 4171.794872 4118.974359 4128.717949 4217.435897 4135.897436 4120.512821 4067.179487 4101.538462
4217.435897 4089.230769 4268.205128 4205.128205 4218.461538 4203.076923 4167.692308 4111.282051 4115.897436 4217.435897 4118.461538 4103.589744 4057.435897 4103.076923
4196.410256 4078.461538 4255.384615 4180.000000 4214.358974 4204.615385 4164.102564 4105.128205 4110.256410 4217.435897 4098.974359 4077.948718 4035.384615 4096.923077
4184.615385 4066.153846 4254.871795 4177.948718 4216.923077 4196.923077 4160.512821 4098.461538 4109.230769 4217.435897 4094.358974 4069.230769 4023.076923 4095.384615
4186.153846 4046.666667 4257.948718 4176.410256 4218.461538 4193.333333 4162.051282 4103.076923 4104.102564 4217.435897 4111.282051 4074.871795 4041.025641 4094.358974
4194.871795 4044.102564 4269.743590 4186.153846 4217.948718 4204.102564 4168.717949 4112.307692 4105.641026 4217.435897 4122.051282 4081.025641 4060.512821 4104.102564
4196.410256 4045.641026 4277.435897 4197.435897 4217.948718 4209.230769 4171.794872 4113.846154 4117.435897 4217.435897 4112.820513 4075.897436 4051.282051 4107.692308
4192.820513 4036.923077 4269.230769 4183.589744 4212.820513 4201.025641 4168.717949 4114.871795 4122.564103 4217.435897 4110.769231 4069.743590 4035.897436 4094.871795
4199.487179 4029.743590 4277.948718 4176.410256 4218.974359 4192.820513 4161.538462 4106.153846 4112.307692 4217.435897 4113.846154 4073.333333 4033.846154 4096.923077
4200.512821 4030.769231 4283.076923 4190.256410 4218.974359 4195.384615 4160.512821 4101.025641 4111.282051 4217.435897 4106.666667 4069.743590 4041.538462 4100.000000
4189.743590 4024.102564 4270.769231 4185.641026 4218.461538 4198.974359 4162.564103 4105.128205 4112.307692 4217.435897 4101.025641 4056.923077 4038.974359 4098.974359
4190.256410 4008.717949 4275.384615 4181.025641 4224.102564 4195.384615 4162.051282 4105.641026 4104.102564 4217.435897 4108.205128 4052.307692 4035.384615 4101.025641
4195.384615 3993.333333 4283.076923 4192.307692 4217.435897 4193.333333 4164.102564 4103.589744 4106.666667 4217.435897 4110.256410 4051.282051 4033.846154 4101.538462
4192.307692 3988.205128 4278.974359 4181.538462 4220.512821 4198.461538 4169.230769 4106.153846 4117.948718 4217.435897 4097.435897 4048.205128 4022.051282 4105.128205
4191.282051 3991.282051 4275.384615 4169.230769 4220.512821 4205.128205 4175.897436 4112.307692 4118.461538 4217.435897 4095.897436 4047.179487 4021.025641 4094.871795
4194.871795 3976.410256 4282.564103 4187.179487 4213.333333 4202.051282 4177.948718 4104.102564 4106.153846 4217.435897 4098.974359 4046.153846 4018.461538 4090.256410
4189.230769 3962.564103 4284.615385 4187.692308 4216.410256 4198.974359 4175.897436 4090.769231 4092.820513 4217.435897 4083.589744 4039.487179 3992.820513 4100.512821
4177.435897 3971.794872 4272.307692 4165.641026 4212.820513 4203.076923 4177.435897 4093.846154 4089.230769 4217.435897 4073.333333 4027.179487 3986.153846 4101.538462
4176.410256 3980.512821 4273.333333 4171.794872 4216.410256 4200.512821 4176.410256 4103.076923 4100.512821 4217.435897 4082.051282 4019.487179 4005.128205 4106.666667
4170.256410 3972.307692 4273.846154 4176.410256 4216.923077 4192.307692 4170.769231 4103.076923 4108.205128 4217.435897 4085.641026 4017.435897 4004.102564 4101.025641
4159.487179 3954.871795 4264.615385 4158.974359 4210.769231 4186.153846 4161.025641 4092.307692 4091.794872 4217.435897 4071.794872 4010.256410 3971.794872 4089.743590
4160.512821 3947.692308 4270.256410 4166.153846 4215.384615 4182.051282 4149.230769 4082.051282 4077.435897 4217.435897 4061.538462 4007.692308 3944.615385 4091.282051
4166.666667 3957.948718 4277.948718 4185.641026 4212.820513 4185.128205 4146.666667 4084.102564 4089.230769 4217.435897 4065.641026 4012.307692 3936.410256 4088.717949
4170.769231 3963.589744 4280.000000 4171.794872 4211.282051 4195.384615 4154.358974 4090.769231 4095.384615 4217.435897 4072.307692 4016.410256 3927.692308 4093.846154
4173.846154 3968.205128 4280.000000 4166.666667 4209.230769 4198.461538 4161.025641 4089.230769 4085.641026 4217.435897 4080.512821 4018.974359 3920.000000 4096.410256
4171.282051 3974.358974 4278.461538 4183.076923 4207.692308 4195.384615 4155.384615 4081.025641 4080.000000 4217.435897 4081.025641 4016.923077 3916.410256 4091.794872
4169.743590 3970.769231 4283.076923 4183.589744 4217.435897 4194.871795 4145.128205 4075.384615 4080.000000 4217.435897 4076.410256 4016.410256 3919.487179 4090.256410
4180.000000 3974.871795 4283.589744 4184.102564 4213.846154 4192.307692 4144.102564 4083.589744 4088.717949 4217.435897 4087.179487 4028.205128 3932.307692 4085.641026
4187.692308 3985.641026 4285.641026 4193.333333 4211.282051 4186.153846 4141.025641 4088.717949 4095.897436 4217.435897 4089.230769 4031.282051 3935.897436 4091.794872
4177.435897 3985.128205 4287.692308 4197.435897 4214.358974 4187.179487 4142.051282 4084.102564 4089.743590 4217.435897 4074.358974 4021.025641 3929.743590 4092.820513
4168.205128 3971.282051 4280.512821 4188.205128 4210.256410 4191.794872 4155.384615 4082.051282 4079.487179 4217.435897 4072.820513 4017.948718 3931.794872 4087.692308
4169.230769 3951.282051 4275.384615 4174.358974 4211.794872 4187.692308 4158.974359 4078.461538 4070.256410 4217.435897 4071.794872 4008.717949 3926.666667 4089.743590
4168.717949 3949.743590 4274.358974 4185.641026 4210.256410 4187.179487 4154.871795 4075.384615 4066.666667 4217.435897 4063.076923 3996.923077 3917.435897 4083.076923
4158.974359 3954.871795 4272.307692 4182.051282 4212.820513 4190.256410 4152.307692 4069.743590 4058.974359 4217.435897 4048.205128 3987.179487 3909.230769 4082.051282
4145.641026 3949.230769 4266.153846 4155.384615 4216.923077 4193.333333 4154.358974 4066.153846 4052.307692 4217.948718 4034.871795 3976.410256 3902.051282 4084.615385
4147.692308 3954.871795 4265.128205 4167.692308 4211.282051 4197.948718 4160.512821 4073.846154 4068.205128 4217.435897 4047.692308 3982.564103 3913.846154 4089.230769
4163.589744 3967.692308 4277.948718 4186.153846 4213.846154 4195.897436 4162.051282 4078.974359 4081.538462 4216.923077 4064.102564 3997.948718 3937.435897 4108.717949
4165.128205 3972.820513 4278.974359 4176.923077 4211.282051 4190.256410 4159.487179 4077.948718 4074.871795 4217.435897 4053.846154 3996.923077 3938.461538 4111.282051
4156.410256 3977.435897 4277.435897 4186.153846 4212.820513 4186.666667 4152.307692 4069.230769 4065.641026 4217.435897 4047.179487 3985.128205 3932.820513 4106.666667
4153.846154 3981.025641 4282.051282 4193.846154 4220.512821 4180.512821 4147.692308 4062.564103 4066.666667 4217.435897 4062.051282 3983.589744 3953.333333 4111.282051
4149.230769 3969.743590 4273.333333 4166.666667 4212.820513 4177.948718 4148.717949 4062.051282 4068.717949 4217.435897 4061.538462 3976.923077 3968.205128 4112.307692
4141.025641 3964.615385 4268.205128 4151.282051 4212.820513 4176.923077 4140.000000 4050.769231 4058.974359 4217.435897 4041.538462 3963.589744 3947.692308 4115.384615
4139.487179 3971.794872 4270.769231 4171.794872 4211.282051 4175.384615 4127.179487 4040.000000 4053.846154 4217.435897 4035.897436 3962.051282 3942.564103 4113.333333
4142.564103 3954.871795 4271.794872 4178.461538 4210.769231 4172.820513 4125.128205 4036.923077 4049.230769 4217.435897 4034.358974 3952.307692 3957.948718 4110.769231
4137.948718 3941.538462 4267.692308 4164.102564 4216.923077 4174.871795 4129.230769 4036.410256 4043.076923 4217.948718 4030.769231 3931.794872 3958.461538 4105.641026
4136.410256 3953.846154 4262.564103 4165.128205 4211.794872 4177.435897 4129.743590 4041.025641 4050.769231 4218.461538 4033.846154 3927.692308 3960.000000 4100.512821
4140.000000 3954.358974 4268.205128 4169.230769 4211.282051 4176.410256 4123.076923 4042.051282 4054.871795 4218.461538 4033.333333 3934.871795 3965.128205 4113.846154
4135.384615 3950.769231 4267.692308 4167.179487 4208.717949 4181.025641 4128.205128 4045.641026 4052.820513 4218.461538 4034.358974 3930.256410 3969.230769 4115.897436
4131.794872 3945.641026 4267.692308 4172.820513 4208.205128 4184.615385 4142.564103 4055.897436 4056.410256 4218.461538 4043.076923 3925.128205 3977.435897 4111.794872
4129.743590 3920.000000 4271.794872 4175.897436 4213.846154 4179.487179 4141.538462 4057.435897 4057.435897 4217.948718 4047.179487 3925.128205 3987.179487 4114.358974
4116.923077 3915.384615 4258.974359 4165.641026 4208.205128 4175.384615 4131.282051 4051.282051 4051.794872 4216.410256 4041.538462 3915.897436 3989.743590 4107.692308
4114.871795 3942.051282 4255.384615 4162.564103 4210.256410 4176.410256 4122.051282 4048.205128 4045.128205 4216.410256 4036.923077 3905.641026 3978.974359 4108.205128
4124.615385 3953.333333 4263.076923 4173.846154 4213.333333 4175.384615 4117.435897 4048.205128 4047.692308 4216.923077 4044.615385 3903.076923 3978.974359 4108.205128
4121.025641 3954.358974 4258.974359 4178.461538 4209.230769 4167.692308 4118.974359 4045.128205 4051.794872 4217.435897 4045.641026 3898.461538 3987.692308 4109.743590
4114.358974 3970.256410 4260.000000 4179.487179 4210.769231 4168.205128 4117.948718 4044.102564 4048.205128 4218.461538 4038.461538 3888.717949 3987.692308 4113.846154
4120.512821 3989.743590 4261.025641 4178.461538 4208.205128 4171.794872 4114.358974 4048.205128 4044.102564 4217.948718 4042.051282 3884.102564 3978.974359 4111.282051
4125.128205 3996.923077 4256.923077 4170.256410 4212.307692 4167.692308 4111.794872 4044.615385 4045.641026 4217.435897 4044.102564 3884.102564 3964.615385 4121.025641
4122.564103 3998.461538 4257.435897 4168.717949 4212.307692 4168.205128 4117.948718 4045.128205 4050.256410 4217.435897 4048.717949 3887.692308 3962.051282 4127.179487
4124.102564 4004.615385 4259.487179 4176.410256 4207.692308 4174.358974 4123.076923 4054.358974 4049.230769 4217.435897 4058.974359 3888.205128 3968.717949 4126.153846
4127.692308 4009.743590 4260.512821 4183.076923 4213.333333 4174.358974 4120.000000 4060.512821 4051.794872 4215.897436 4062.564103 3881.025641 3972.820513 4132.307692
4120.000000 3993.333333 4249.230769 4176.410256 4208.205128 4171.282051 4114.358974 4061.538462 4051.794872 4216.923077 4061.025641 3869.230769 3969.743590 4132.307692
4105.641026 3958.461538 4240.000000 4156.410256 4209.743590 4165.641026 4099.487179 4050.256410 4035.384615 4217.948718 4050.256410 3847.692308 3961.025641 4135.384615
4100.000000 3952.307692 4235.384615 4146.666667 4216.923077 4157.948718 4089.230769 4041.025641 4030.256410 4217.435897 4036.923077 3830.256410 3962.564103 4135.384615
4105.641026 3974.871795 4234.871795 4161.538462 4212.307692 4161.025641 4101.538462 4051.282051 4042.564103 4217.435897 4049.230769 3833.846154 3975.897436 4138.461538
4114.871795 3981.025641 4247.179487 4181.538462 4213.846154 4161.538462 4113.846154 4059.487179 4043.076923 4217.435897 4068.717949 3841.538462 3985.128205 4151.794872
4119.487179 3983.076923 4243.589744 4182.051282 4211.282051 4155.897436 4111.794872 4056.410256 4043.589744 4217.435897 4064.615385 3831.794872 3987.692308 4147.692308
4122.564103 3999.487179 4236.410256 4167.179487 4212.307692 4158.974359 4107.179487 4049.743590 4048.205128 4217.435897 4053.846154 3819.487179 3988.717949 4147.692308
4125.641026 4015.897436 4240.000000 4168.717949 4214.358974 4163.589744 4104.615385 4045.128205 4043.589744 4217.435897 4062.564103 3822.051282 3994.871795 4154.358974
4125.128205 4016.410256 4238.461538 4181.538462 4207.692308 4158.974359 4098.461538 4042.051282 4037.948718 4217.435897 4064.102564 3818.461538 3996.923077 4157.435897
4124.615385 4013.333333 4238.974359 4181.025641 4211.794872 4152.307692 4090.256410 4038.461538 4033.846154 4217.435897 4057.435897 3812.307692 3995.897436 4168.205128
4131.282051 4023.076923 4239.487179 4181.538462 4211.282051 4149.743590 4092.307692 4044.102564 4037.948718 4217.435897 4072.820513 3816.410256 4025.128205 4168.717949
4141.025641 4027.179487 4241.538462 4184.615385 4210.256410 4149.230769 4093.333333 4050.256410 4047.692308 4217.435897 4087.179487 3815.897436 4052.820513 4170.256410
4141.025641 4028.717949 4238.461538 4179.487179 4211.282051 4150.256410 4087.179487 4044.615385 4042.051282 4217.435897 4080.000000 3806.153846 4043.589744 4172.820513
4136.923077 4042.564103 4226.666667 4184.615385 4207.179487 4144.102564 4080.512821 4035.384615 4027.692308 4217.435897 4068.717949 3798.461538 4040.000000 4170.256410
4139.487179 4051.282051 4227.692308 4192.820513 4215.897436 4134.358974 4077.948718 4030.769231 4025.641026 4217.435897 4068.717949 3795.384615 4056.410256 4177.948718
4143.076923 4052.307692 4231.282051 4194.871795 4216.410256 4138.974359 4085.641026 4036.410256 4039.487179 4217.435897 4081.025641 3794.871795 4068.717949 4178.974359
4142.051282 4052.307692 4229.230769 4188.717949 4210.256410 4142.564103 4089.743590 4035.897436 4038.974359 4217.435897 4087.179487 3789.230769 4068.717949 4183.589744
4138.974359 4058.974359 4225.641026 4184.615385 4210.256410 4135.897436 4085.641026 4030.769231 4026.666667 4217.435897 4085.128205 3779.487179 4068.717949 4188.205128
4138.461538 4068.205128 4220.512821 4186.153846 4206.666667 4132.820513 4086.153846 4038.974359 4036.410256 4217.435897 4093.846154 3777.435897 4073.846154 4183.076923
4135.384615 4067.692308 4222.051282 4179.487179 4214.358974 4136.923077 4094.358974 4047.692308 4052.820513 4217.435897 4097.948718 3773.846154 4070.256410 4184.615385
4138.461538 4068.205128 4227.692308 4186.153846 4215.384615 4138.974359 4109.230769 4054.358974 4055.897436 4217.435897 4092.307692 3772.820513 4069.230769 4180.000000
4150.256410 4070.256410 4233.333333 4202.564103 4209.743590 4136.923077 4114.358974 4060.512821 4052.307692 4217.435897 4096.410256 3781.025641 4076.410256 4177.435897
4149.743590 4070.256410 4230.256410 4198.461538 4213.333333 4135.897436 4109.230769 4058.461538 4055.384615 4217.435897 4100.512821 3782.564103 4076.923077 4181.025641
4132.307692 4073.333333 4215.384615 4178.974359 4210.769231 4137.435897 4110.769231 4049.743590 4058.974359 4217.435897 4091.282051 3765.641026 4077.435897 4176.923077
4122.564103 4070.769231 4212.820513 4174.358974 4211.282051 4136.923077 4115.897436 4043.076923 4050.256410 4217.435897 4085.641026 3749.743590 4082.051282 4180.512821
4124.615385 4069.743590 4213.846154 4188.717949 4211.282051 4131.282051 4115.384615 4050.769231 4049.743590 4217.435897 4095.384615 3752.307692 4089.743590 4180.000000
4122.051282 4076.923077 4207.179487 4188.205128 4210.769231 4126.153846 4109.743590 4054.358974 4050.769231 4217.435897 4094.871795 3749.230769 4089.230769 4181.025641
4109.743590 4081.025641 4203.076923 4172.820513 4213.846154 4129.743590 4109.230769 4045.641026 4038.461538 4217.435897 4080.512821 3733.333333 4085.128205 4189.743590
4102.564103 4081.025641 4201.025641 4176.923077 4207.692308 4136.923077 4121.538462 4048.717949 4043.589744 4217.435897 4085.128205 3726.153846 4095.897436 4191.794872
4108.717949 4085.641026 4203.589744 4186.666667 4210.256410 4133.846154 4129.743590 4054.358974 4061.025641 4217.435897 4092.307692 3729.230769 4102.051282 4194.871795
4105.641026 4082.564103 4197.435897 4183.076923 4209.743590 4126.666667 4129.743590 4048.717949 4055.384615 4217.435897 4083.589744 3723.589744 4096.410256 4183.589744
4089.743590 4064.615385 4186.153846 4174.871795 4205.641026 4111.794872 4125.128205 4042.051282 4035.897436 4217.435897 4077.435897 3711.282051 4095.897436 4174.871795
4091.794872 4065.128205 4189.743590 4169.743590 4212.307692 4097.435897 4131.282051 4048.717949 4047.692308 4217.435897 4087.692308 3716.410256 4111.282051 4183.076923
4101.025641 4089.743590 4189.743590 4177.435897 4210.256410 4105.128205 4150.256410 4063.589744 4075.384615 4217.435897 4102.564103 3730.256410 4126.666667 4178.974359
4103.589744 4094.871795 4186.666667 4191.282051 4211.794872 4106.666667 4149.230769 4067.692308 4071.794872 4217.435897 4098.974359 3726.153846 4126.153846 4177.435897
4102.051282 4088.205128 4182.564103 4181.025641 4209.743590 4094.358974 4139.487179 4067.692308 4063.589744 4217.435897 4090.256410 3717.435897 4128.717949 4172.820513
4097.435897 4094.871795 4176.923077 4169.230769 4205.641026 4094.871795 4137.948718 4065.641026 4066.666667 4217.435897 4093.846154 3720.512821 4136.923077 4166.153846
4095.384615 4100.512821 4179.487179 4173.333333 4214.358974 4100.000000 4132.820513 4057.435897 4064.102564 4217.435897 4102.051282 3724.102564 4140.512821 4170.256410
4103.076923 4108.717949 4181.538462 4179.487179 4210.256410 4103.589744 4135.384615 4066.666667 4073.846154 4217.435897 4111.794872 3727.692308 4149.743590 4165.128205
4114.358974 4120.000000 4189.743590 4193.846154 4210.256410 4110.769231 4145.641026 4086.153846 4084.615385 4217.435897 4123.076923 3736.923077 4170.769231 4163.589744
4112.820513 4125.128205 4193.846154 4205.128205 4212.820513 4110.769231 4149.230769 4092.307692 4079.487179 4217.435897 4136.410256 3741.538462 4192.820513 4164.102564
4098.974359 4126.666667 4179.487179 4186.666667 4206.666667 4105.128205 4147.179487 4086.666667 4080.512821 4217.435897 4134.871795 3735.897436 4192.820513 4162.051282
4089.230769 4126.666667 4173.846154 4173.846154 4212.307692 4107.692308 4139.487179 4075.897436 4080.512821 4217.435897 4114.358974 3725.641026 4174.358974 4163.589744
4090.256410 4129.743590 4175.897436 4188.717949 4210.256410 4107.179487 4138.461538 4074.871795 4068.205128 4217.435897 4113.333333 3725.641026 4173.333333 4155.897436
4099.487179 4133.846154 4178.974359 4195.897436 4208.717949 4100.000000 4147.179487 4087.692308 4071.794872 4217.435897 4137.435897 3741.025641 4197.435897 4154.871795
4107.692308 4141.538462 4181.538462 4192.820513 4213.333333 4105.641026 4145.641026 4093.846154 4085.128205 4217.435897 4147.692308 3754.358974 4210.256410 4154.358974
4108.717949 4150.256410 4173.333333 4189.743590 4211.282051 4112.307692 4138.461538 4091.282051 4081.025641 4217.435897 4135.897436 3746.153846 4189.230769 4147.692308
4101.025641 4146.153846 4168.205128 4177.948718 4213.846154 4104.102564 4141.538462 4095.897436 4077.948718 4217.435897 4126.153846 3734.358974 4167.692308 4150.769231
4092.307692 4142.564103 4164.102564 4177.948718 4212.307692 4100.512821 4146.153846 4108.205128 4084.615385 4217.435897 4132.307692 3737.435897 4171.282051 4146.666667
4091.794872 4141.025641 4162.051282 4181.025641 4214.871795 4112.307692 4141.538462 4103.589744 4074.871795 4217.435897 4130.256410 3740.000000 4165.641026 4146.666667
4097.435897 4145.641026 4163.076923 4177.948718 4220.000000 4121.025641 4150.256410 4093.846154 4065.128205 4217.435897 4115.384615 3730.256410 4158.974359 4152.820513
4102.051282 4162.051282 4158.461538 4189.230769 4211.282051 4117.948718 4165.128205 4096.923077 4072.820513 4217.435897 4114.358974 3724.102564 4183.589744 4154.871795
4105.641026 4165.641026 4157.435897 4189.743590 4208.205128 4116.410256 4159.487179 4093.333333 4066.666667 4217.435897 4118.974359 3725.641026 4201.538462 4159.487179
4101.538462 4161.025641 4150.769231 4174.358974 4207.692308 4123.589744 4154.871795 4088.717949 4057.948718 4217.435897 4114.871795 3726.153846 4205.128205 4147.179487
4094.358974 4170.769231 4147.179487 4181.538462 4211.794872 4123.589744 4156.923077 4091.282051 4062.051282 4217.435897 4109.230769 3726.666667 4219.487179 4136.410256
4095.897436 4185.128205 4152.307692 4195.384615 4213.846154 4112.307692 4151.282051 4093.846154 4064.102564 4217.435897 4112.820513 3731.282051 4238.461538 4134.358974
4105.641026 4190.769231 4149.743590 4190.256410 4207.179487 4111.794872 4152.820513 4102.051282 4071.282051 4217.435897 4125.641026 3741.025641 4260.000000 4128.717949
4111.282051 4192.820513 4150.769231 4188.205128 4213.333333 4122.564103 4157.435897 4107.692308 4078.461538 4217.435897 4137.435897 3747.179487 4280.000000 4135.384615
4107.179487 4202.051282 4146.153846 4193.846154 4213.333333 4123.589744 4148.717949 4109.743590 4086.153846 4217.435897 4142.564103 3745.128205 4294.871795 4134.358974
4107.179487 4204.615385 4140.000000 4191.282051 4208.205128 4114.358974 4140.000000 4110.769231 4089.743590 4217.435897 4141.538462 3743.076923 4300.000000 4132.820513
4117.435897 4198.461538 4148.205128 4194.871795 4212.820513 4116.410256 4147.692308 4115.897436 4085.128205 4217.435897 4147.692308 3751.282051 4297.435897 4137.948718
4118.974359 4201.025641 4146.153846 4199.487179 4209.230769 4126.153846 4148.205128 4123.589744 4089.230769 4217.435897 4156.923077 3758.461538 4304.615385 4132.820513
4109.230769 4206.153846 4135.384615 4192.820513 4212.307692 4127.179487 4140.000000 4116.923077 4089.230769 4217.435897 4145.128205 3747.179487 4305.128205 4132.820513
4108.205128 4206.666667 4131.794872 4193.846154 4214.871795 4123.589744 4154.358974 4111.794872 4078.461538 4217.435897 4135.897436 3741.538462 4295.384615 4132.820513
4114.871795 4211.794872 4132.820513 4200.512821 4210.769231 4127.179487 4175.897436 4121.538462 4084.102564 4217.435897 4149.230769 3753.846154 4301.025641 4133.333333
4116.923077 4219.487179 4134.871795 4209.743590 4211.282051 4136.923077 4175.384615 4125.641026 4099.487179 4217.948718 4157.435897 3763.076923 4309.230769 4136.923077
4116.923077 4218.461538 4129.230769 4212.820513 4206.153846 4145.641026 4169.743590 4125.128205 4103.589744 4217.435897 4159.487179 3762.051282 4302.051282 4132.307692
4113.846154 4215.897436 4123.589744 4198.461538 4208.717949 4140.512821 4167.179487 4122.051282 4096.410256 4217.435897 4154.871795 3757.948718 4294.871795 4133.333333
4108.205128 4225.641026 4116.410256 4198.461538 4212.307692 4130.256410 4166.666667 4117.948718 4093.333333 4218.461538 4151.282051 3758.461538 4302.564103 4138.461538
4106.153846 4226.153846 4110.769231 4203.589744 4209.230769 4129.230769 4169.230769 4116.923077 4092.820513 4217.435897 4156.410256 3761.025641 4300.000000 4145.128205
4109.743590 4220.512821 4115.384615 4192.820513 4211.794872 4135.897436 4168.205128 4118.974359 4089.743590 4217.435897 4155.897436 3760.512821 4286.153846 4150.769231
4122.564103 4231.282051 4117.435897 4207.692308 4208.717949 4140.512821 4172.820513 4130.769231 4098.974359 4217.948718 4151.282051 3769.230769 4288.205128 4146.153846
4137.948718 4236.923077 4120.000000 4219.487179 4212.820513 4133.846154 4173.333333 4132.820513 4105.641026 4217.435897 4160.512821 3787.692308 4296.923077 4155.897436
4139.487179 4235.897436 4122.051282 4206.666667 4214.358974 4134.358974 4178.461538 4130.769231 4110.769231 4216.923077 4184.102564 3803.076923 4310.256410 4165.128205
4137.948718 4250.256410 4123.076923 4213.333333 4205.641026 4149.230769 4195.897436 4139.487179 4124.615385 4217.435897 4191.794872 3811.282051 4324.102564 4168.717949
4141.025641 4266.153846 4127.692308 4230.256410 4211.794872 4152.820513 4202.564103 4145.641026 4126.153846 4217.948718 4183.589744 3815.897436 4321.025641 4179.487179
4137.435897 4268.717949 4119.487179 4233.333333 4210.256410 4147.179487 4201.025641 4150.256410 4122.051282 4217.435897 4180.000000 3812.307692 4308.205128 4176.410256
4132.307692 4259.487179 4111.282051 4223.589744 4208.717949 4150.769231 4202.564103 4161.538462 4131.794872 4216.410256 4175.384615 3806.666667 4294.358974 4180.000000
4137.948718 4262.564103 4113.846154 4217.948718 4213.846154 4157.435897 4201.538462 4170.256410 4145.128205 4216.923077 4182.564103 3822.051282 4302.564103 4190.256410
4148.205128 4280.512821 4114.358974 4225.128205 4211.282051 4153.333333 4196.923077 4162.564103 4137.435897 4218.461538 4203.589744 3844.615385 4324.615385 4198.461538
4150.256410 4284.615385 4115.384615 4224.615385 4212.820513 4146.153846 4203.589744 4150.769231 4123.076923 4217.435897 4209.230769 3851.794872 4329.230769 4213.846154
4138.461538 4279.487179 4107.692308 4210.769231 4211.282051 4147.179487 4211.282051 4153.333333 4126.666667 4216.410256 4203.076923 3851.282051 4323.076923 4213.846154
4125.641026 4283.076923 4103.076923 4215.897436 4211.282051 4150.256410 4206.153846 4156.410256 4127.179487 4218.974359 4191.794872 3849.230769 4310.256410 4212.307692
4121.538462 4282.564103 4105.128205 4228.717949 4212.307692 4151.794872 4202.051282 4149.743590 4118.974359 4219.487179 4166.666667 3839.487179 4278.461538 4210.256410
4118.461538 4272.820513 4095.384615 4214.871795 4207.692308 4155.897436 4196.410256 4145.128205 4116.410256 4216.923077 4143.589744 3829.230769 4250.769231 4202.051282
4123.076923 4273.846154 4093.333333 4208.717949 4214.358974 4162.564103 4189.230769 4151.282051 4122.564103 4216.923077 4152.820513 3839.487179 4261.538462 4209.230769
4139.487179 4291.794872 4098.974359 4225.641026 4212.820513 4165.641026 4197.435897 4167.179487 4139.487179 4217.435897 4188.717949 3867.179487 4298.974359 4218.974359
4154.871795 4305.128205 4103.076923 4230.769231 4209.230769 4166.153846 4207.692308 4175.897436 4148.717949 4217.435897 4207.179487 3886.666667 4321.538462 4228.717949
4155.384615 4307.179487 4101.538462 4222.564103 4211.282051 4166.153846 4207.692308 4174.871795 4142.564103 4217.435897 4203.076923 3887.179487 4317.948718 4228.205128
4146.153846 4306.153846 4092.820513 4228.205128 4205.641026 4164.102564 4214.358974 4181.538462 4141.538462 4217.435897 4194.358974 3881.025641 4307.692308 4217.948718
4142.051282 4304.102564 4093.333333 4228.717949 4209.230769 4161.025641 4224.102564 4190.256410 4148.717949 4217.435897 4188.205128 3881.538462 4304.102564 4222.051282
4140.000000 4303.589744 4086.666667 4211.282051 4211.282051 4164.615385 4225.641026 4199.487179 4160.000000 4217.435897 4190.769231 3884.615385 4301.538462 4219.487179
4140.512821 4301.025641 4077.435897 4203.589744 4211.794872 4170.256410 4230.769231 4209.230769 4169.743590 4217.435897 4192.820513 3885.641026 4295.897436 4215.384615
4148.717949 4303.589744 4082.564103 4214.358974 4214.871795 4169.230769 4233.333333 4207.692308 4164.615385 4217.435897 4193.333333 3890.769231 4298.974359 4217.948718
4152.307692 4311.794872 4080.000000 4230.256410 4209.230769 4163.589744 4214.358974 4196.923077 4155.897436 4217.435897 4197.948718 3900.512821 4306.666667 4211.794872
4149.230769 4307.692308 4077.435897 4228.717949 4215.384615 4159.487179 4191.794872 4182.051282 4150.769231 4217.435897 4195.897436 3905.128205 4302.564103 4212.820513
4145.128205 4306.666667 4078.974359 4218.461538 4216.410256 4164.615385 4198.974359 4171.794872 4145.128205 4217.435897 4189.230769 3906.666667 4301.025641 4211.282051
4139.487179 4311.282051 4071.794872 4215.897436 4210.769231 4167.179487 4208.717949 4165.641026 4142.564103 4217.435897 4186.666667 3906.153846 4301.025641 4207.692308
4131.794872 4306.666667 4069.743590 4223.589744 4215.384615 4166.666667 4206.153846 4172.307692 4153.846154 4217.435897 4193.846154 3907.179487 4297.948718 4207.179487
4134.358974 4313.333333 4075.384615 4234.358974 4209.230769 4175.384615 4220.000000 4195.897436 4177.948718 4217.435897 4205.128205 3919.487179 4304.615385 4205.128205
4145.128205 4320.512821 4085.128205 4228.205128 4210.256410 4180.000000 4228.717949 4204.615385 4183.589744 4217.435897 4204.102564 3934.358974 4305.641026 4215.384615
4154.871795 4320.000000 4083.076923 4222.051282 4213.846154 4180.000000 4221.538462 4198.461538 4172.307692 4217.435897 4203.589744 3946.153846 4309.230769 4212.820513
4166.666667 4326.666667 4085.128205 4238.974359 4211.794872 4182.051282 4219.487179 4198.461538 4165.641026 4217.435897 4217.435897 3961.025641 4330.769231 4207.692308
4176.923077 4333.333333 4096.923077 4258.974359 4216.410256 4181.538462 4217.948718 4200.000000 4170.769231 4217.435897 4224.615385 3978.461538 4334.871795 4216.410256
4166.666667 4331.794872 4080.000000 4246.153846 4214.871795 4178.461538 4207.179487 4197.435897 4181.025641 4217.435897 4218.974359 3975.384615 4318.974359 4214.871795
4147.179487 4326.153846 4060.000000 4222.564103 4213.846154 4180.000000 4195.897436 4190.256410 4172.820513 4217.435897 4212.820513 3955.384615 4310.256410 4213.333333
4143.589744 4323.589744 4057.435897 4226.666667 4213.846154 4184.615385 4202.051282 4191.794872 4157.435897 4217.435897 4210.769231 3951.794872 4307.692308 4207.692308
4152.307692 4323.076923 4055.897436 4231.794872 4213.846154 4186.153846 4209.743590 4195.384615 4161.025641 4217.435897 4209.230769 3954.871795 4293.846154 4199.487179
4159.487179 4323.589744 4059.487179 4229.230769 4217.948718 4188.717949 4207.692308 4194.358974 4171.794872 4217.435897 4210.256410 3955.384615 4283.589744 4201.025641
4164.615385 4323.589744 4060.512821 4247.179487 4211.794872 4190.256410 4209.230769 4199.487179 4174.871795 4217.435897 4221.025641 3967.692308 4296.923077 4198.461538
4172.307692 4321.025641 4060.000000 4252.820513 4213.333333 4184.615385 4210.256410 4201.538462 4169.230769 4217.435897 4227.179487 3980.512821 4309.743590 4201.538462
4172.307692 4323.589744 4054.871795 4237.435897 4213.846154 4182.564103 4207.179487 4197.435897 4174.871795 4217.435897 4225.641026 3976.410256 4303.589744 4203.076923
4163.589744 4328.205128 4045.128205 4241.538462 4205.128205 4187.179487 4206.153846 4200.000000 4187.179487 4217.435897 4227.179487 3974.871795 4293.846154 4199.487179
4162.051282 4329.230769 4048.205128 4249.230769 4211.794872 4184.102564 4207.692308 4208.205128 4189.230769 4217.435897 4232.820513 3977.435897 4293.333333 4204.102564
4167.179487 4336.923077 4050.256410 4247.179487 4213.333333 4178.974359 4210.256410 4213.846154 4192.820513 4217.435897 4230.256410 3977.948718 4287.179487 4201.538462
4166.666667 4335.897436 4044.615385 4243.076923 4213.333333 4177.435897 4207.179487 4207.692308 4182.564103 4217.435897 4212.307692 3981.025641 4258.461538 4203.589744
4161.538462 4332.307692 4034.871795 4243.076923 4217.948718 4174.871795 4200.000000 4200.000000 4168.717949 4217.948718 4202.564103 3980.000000 4236.410256 4207.692308
4160.512821 4335.384615 4030.256410 4252.307692 4214.358974 4173.846154 4200.000000 4205.641026 4180.512821 4217.435897 4213.333333 3976.410256 4230.769231 4208.205128
4164.102564 4331.282051 4034.871795 4254.358974 4217.948718 4174.871795 4202.564103 4206.153846 4188.205128 4216.923077 4216.923077 3982.051282 4216.923077 4215.384615
4172.307692 4334.358974 4032.307692 4248.717949 4213.333333 4175.384615 4208.205128 4209.743590 4188.205128 4216.410256 4221.538462 3997.435897 4216.923077 4216.923077
4186.153846 4342.564103 4028.205128 4246.153846 4211.282051 4174.358974 4213.846154 4221.025641 4202.564103 4216.410256 4235.897436 4014.871795 4226.666667 4226.666667
4191.282051 4341.025641 4026.153846 4252.820513 4217.948718 4173.846154 4214.358974 4222.564103 4212.307692 4217.948718 4241.538462 4026.153846 4214.871795 4235.897436
4185.641026 4337.435897 4020.512821 4260.000000 4213.846154 4176.410256 4217.435897 4221.025641 4205.128205 4218.461538 4241.538462 4030.769231 4202.564103 4232.307692
4186.153846 4333.333333 4017.435897 4256.923077 4215.384615 4183.076923 4223.076923 4228.717949 4212.307692 4217.948718 4238.974359 4028.717949 4198.974359 4237.435897
4192.820513 4335.384615 4006.666667 4259.487179 4214.358974 4189.230769 4230.256410 4237.948718 4233.333333 4217.435897 4230.769231 4024.102564 4194.871795 4234.358974
4191.794872 4338.461538 3997.435897 4260.000000 4211.794872 4187.692308 4226.666667 4227.692308 4220.512821 4218.461538 4221.538462 4019.487179 4191.794872 4230.256410
4185.128205 4331.282051 3993.846154 4247.692308 4217.435897 4177.435897 4213.846154 4212.307692 4197.948718 4218.974359 4227.692308 4025.641026 4202.051282 4233.846154
4183.589744 4325.128205 3978.974359 4239.487179 4216.410256 4170.769231 4214.871795 4219.487179 4210.769231 4218.461538 4246.153846 4035.384615 4220.000000 4233.333333
4188.205128 4327.692308 3966.666667 4247.692308 4218.974359 4173.846154 4225.641026 4229.743590 4221.538462 4217.948718 4253.846154 4037.948718 4224.615385 4240.512821
4192.820513 4332.307692 3958.974359 4259.487179 4217.435897 4176.923077 4228.717949 4229.230769 4212.820513 4217.435897 4249.230769 4041.538462 4223.589744 4241.538462
4193.333333 4328.205128 3951.794872 4252.307692 4217.435897 4173.333333 4221.025641 4222.051282 4215.384615 4217.948718 4235.897436 4044.102564 4226.153846 4243.589744
4187.692308 4316.410256 3947.692308 4246.666667 4221.538462 4169.743590 4222.051282 4215.897436 4222.051282 4217.435897 4228.717949 4042.564103 4233.846154 4245.641026
4182.564103 4307.179487 3940.000000 4253.846154 4214.871795 4171.794872 4230.769231 4222.564103 4218.974359 4217.435897 4239.487179 4046.666667 4246.153846 4234.358974
4185.128205 4309.230769 3940.000000 4245.641026 4217.435897 4173.846154 4228.205128 4233.333333 4221.025641 4217.435897 4242.564103 4051.794872 4245.128205 4236.410256
4185.128205 4319.487179 3942.051282 4236.923077 4217.435897 4174.871795 4230.769231 4241.025641 4231.282051 4217.948718 4237.435897 4053.846154 4242.564103 4236.923077
4183.076923 4322.051282 3937.435897 4245.641026 4211.282051 4177.948718 4243.589744 4246.666667 4234.358974 4217.435897 4242.564103 4062.564103 4247.692308 4232.307692
4184.615385 4316.410256 3936.410256 4251.282051 4215.384615 4183.589744 4251.282051 4255.897436 4240.000000 4217.435897 4242.051282 4070.256410 4245.641026 4230.256410
4188.205128 4325.128205 3937.948718 4258.461538 4214.358974 4194.871795 4259.487179 4273.333333 4258.461538 4218.974359 4241.025641 4073.333333 4247.179487 4223.589744
4190.256410 4330.256410 3943.589744 4273.333333 4215.897436 4197.435897 4263.076923 4276.410256 4260.000000 4218.461538 4249.743590 4080.000000 4258.461538 4227.692308
4183.589744 4316.923077 3938.461538 4264.615385 4214.871795 4191.282051 4258.974359 4265.641026 4244.615385 4215.897436 4252.820513 4082.051282 4260.000000 4224.615385
4176.923077 4305.128205 3929.743590 4241.538462 4211.282051 4186.666667 4262.051282 4266.153846 4251.282051 4215.897436 4246.153846 4081.025641 4257.435897 4222.564103
4185.128205 4313.846154 3937.435897 4248.205128 4217.435897 4187.692308 4266.666667 4273.846154 4268.717949 4217.948718 4244.102564 4090.769231 4261.538462 4230.256410
4191.794872 4323.589744 3934.871795 4261.025641 4212.820513 4189.230769 4262.564103 4263.589744 4253.333333 4217.435897 4241.538462 4094.871795 4251.794872 4225.641026
4186.153846 4310.769231 3928.717949 4245.641026 4213.846154 4183.076923 4255.897436 4249.230769 4227.179487 4217.435897 4232.820513 4086.153846 4226.153846 4224.615385
4188.717949 4310.769231 3935.384615 4240.000000 4218.461538 4184.615385 4260.000000 4262.051282 4244.615385 4218.974359 4234.871795 4095.384615 4228.205128 4226.666667
4200.000000 4330.769231 3943.589744 4264.615385 4213.333333 4195.897436 4263.589744 4277.948718 4268.717949 4217.948718 4246.153846 4115.897436 4247.179487 4227.179487
4214.871795 4342.051282 3957.948718 4281.025641 4215.384615 4196.410256 4262.564103 4270.769231 4258.461538 4216.923077 4257.435897 4130.769231 4256.923077 4233.333333
4226.666667 4349.743590 3965.128205 4274.358974 4214.871795 4189.230769 4265.641026 4267.692308 4256.923077 4217.948718 4270.256410 4147.179487 4273.846154 4231.282051
4224.615385 4348.717949 3959.487179 4256.410256 4214.871795 4187.179487 4262.051282 4266.666667 4265.128205 4218.461538 4269.230769 4152.820513 4278.461538 4231.794872
4221.538462 4337.435897 3956.410256 4251.794872 4215.384615 4192.820513 4260.000000 4262.051282 4261.538462 4217.948718 4262.564103 4153.846154 4269.230769 4236.410256
4226.666667 4332.307692 3962.051282 4256.410256 4213.846154 4190.256410 4261.025641 4260.512821 4261.025641 4217.948718 4262.564103 4164.102564 4276.410256 4238.461538
4229.230769 4334.871795 3969.743590 4253.333333 4220.512821 4181.025641 4260.512821 4256.410256 4253.846154 4218.974359 4261.538462 4172.820513 4291.794872 4243.589744
4228.205128 4336.923077 3969.743590 4260.512821 4217.435897 4189.743590 4275.384615 4262.051282 4247.692308 4218.461538 4266.153846 4178.974359 4301.538462 4242.564103
4233.846154 4328.717949 3974.871795 4264.102564 4218.461538 4200.000000 4284.615385 4266.153846 4254.871795 4216.923077 4264.102564 4182.564103 4294.871795 4249.743590
4233.333333 4324.615385 3977.948718 4249.743590 4222.051282 4188.205128 4273.333333 4255.384615 4254.871795 4216.923077 4253.846154 4183.076923 4285.641026 4251.794872
4230.769231 4334.871795 3975.384615 4247.692308 4214.358974 4185.128205 4273.846154 4255.384615 4251.282051 4218.461538 4259.487179 4195.897436 4299.487179 4246.666667
4239.487179 4342.051282 3985.641026 4263.589744 4216.410256 4196.923077 4284.615385 4269.743590 4258.974359 4218.461538 4273.846154 4213.333333 4313.333333 4254.871795
4234.358974 4339.487179 3984.615385 4262.051282 4214.871795 4194.871795 4279.487179 4277.948718 4269.743590 4216.923077 4274.358974 4211.282051 4304.615385 4252.307692
4219.487179 4330.769231 3975.384615 4240.512821 4214.358974 4188.205128 4268.205128 4267.692308 4266.153846 4217.435897 4261.025641 4206.666667 4294.358974 4250.769231
4218.461538 4324.615385 3978.461538 4241.538462 4218.974359 4196.410256 4272.307692 4257.948718 4258.974359 4217.435897 4254.871795 4216.923077 4299.487179 4257.435897
4220.512821 4329.230769 3977.948718 4253.333333 4212.820513 4199.487179 4283.076923 4262.051282 4261.538462 4217.435897 4255.384615 4219.487179 4298.461538 4256.410256
4215.384615 4333.333333 3980.000000 4251.282051 4220.512821 4194.358974 4283.076923 4264.615385 4262.051282 4217.435897 4249.743590 4218.461538 4289.230769 4260.512821
4218.974359 4334.358974 3984.615385 4250.256410 4223.589744 4198.974359 4281.538462 4266.666667 4264.615385 4217.435897 4251.794872 4233.333333 4291.794872 4259.487179
4232.307692 4338.974359 3988.717949 4253.846154 4215.897436 4202.564103 4282.564103 4268.205128 4265.641026 4217.435897 4264.615385 4246.153846 4289.743590 4267.179487
4241.538462 4345.641026 3998.461538 4261.025641 4216.410256 4197.948718 4283.589744 4264.102564 4266.153846 4217.435897 4267.692308 4246.666667 4275.897436 4280.000000
4246.666667 4351.282051 4003.076923 4268.205128 4213.846154 4195.384615 4287.692308 4267.692308 4277.435897 4217.435897 4266.153846 4255.384615 4275.897436 4278.461538
4248.205128 4343.589744 4006.666667 4262.051282 4216.923077 4198.974359 4289.230769 4271.794872 4280.000000 4217.435897 4272.820513 4269.230769 4285.641026 4286.153846
4242.564103 4332.820513 4007.692308 4248.205128 4218.461538 4204.615385 4291.282051 4275.384615 4279.487179 4217.435897 4275.897436 4276.410256 4288.205128 4293.846154
4246.666667 4340.512821 4009.230769 4254.358974 4216.923077 4203.589744 4296.410256 4281.025641 4286.666667 4217.435897 4272.820513 4280.512821 4288.717949 4301.025641
4255.384615 4353.333333 4014.871795 4267.179487 4219.487179 4197.948718 4295.384615 4278.461538 4282.564103 4217.435897 4272.307692 4282.564103 4294.871795 4307.692308
4248.717949 4351.282051 4010.769231 4262.564103 4216.923077 4197.435897 4293.333333 4269.743590 4270.256410 4217.948718 4266.666667 4281.538462 4303.076923 4303.076923
4250.256410 4347.692308 4014.871795 4256.410256 4220.512821 4199.487179 4296.923077 4269.743590 4271.794872 4217.948718 4258.461538 4285.128205 4302.051282 4304.102564
4264.615385 4364.615385 4024.102564 4264.102564 4218.974359 4196.923077 4298.461538 4276.923077 4282.051282 4217.948718 4266.153846 4293.846154 4303.589744 4300.512821
4265.128205 4376.410256 4025.641026 4270.769231 4215.897436 4192.820513 4290.256410 4269.743590 4281.025641 4217.948718 4274.871795 4300.000000 4311.794872 4296.410256
4266.153846 4378.461538 4033.333333 4275.384615 4221.538462 4194.871795 4291.282051 4271.794872 4287.179487 4217.948718 4274.871795 4308.205128 4315.384615 4296.923077
4277.435897 4389.230769 4038.461538 4293.846154 4215.384615 4205.128205 4306.153846 4291.794872 4302.564103 4217.948718 4285.641026 4318.974359 4316.923077 4288.205128
4274.358974 4382.564103 4036.410256 4289.743590 4217.435897 4209.230769 4306.153846 4296.410256 4299.487179 4217.435897 4289.230769 4318.461538 4313.846154 4286.666667
4260.512821 4368.717949 4031.282051 4268.205128 4222.051282 4205.641026 4300.000000 4292.307692 4293.846154 4217.435897 4280.512821 4314.871795 4318.974359 4282.564103
4257.948718 4369.230769 4027.692308 4269.743590 4216.410256 4203.589744 4298.974359 4292.307692 4293.846154 4217.435897 4281.538462 4312.820513 4322.564103 4272.820513
4261.538462 4367.179487 4030.256410 4269.230769 4220.000000 4202.051282 4290.769231 4288.717949 4287.692308 4217.435897 4274.358974 4307.692308 4303.589744 4270.769231
4262.564103 4369.230769 4032.820513 4264.102564 4216.923077 4207.179487 4293.333333 4293.846154 4293.846154 4217.435897 4267.179487 4315.384615 4300.000000 4263.589744
4263.076923 4373.846154 4041.025641 4268.717949 4215.897436 4212.307692 4302.564103 4307.179487 4298.974359 4216.923077 4275.384615 4331.794872 4311.794872 4263.076923
4265.641026 4371.794872 4051.794872 4276.923077 4217.435897 4208.717949 4308.205128 4316.923077 4294.871795 4217.948718 4286.666667 4345.641026 4301.025641 4261.025641
4280.000000 4373.846154 4060.000000 4278.974359 4213.333333 4202.564103 4315.384615 4323.589744 4303.076923 4218.974359 4291.282051 4358.974359 4289.743590 4255.897436
4283.076923 4371.282051 4062.564103 4269.743590 4220.000000 4200.000000 4308.717949 4318.461538 4310.769231 4217.435897 4289.743590 4359.487179 4292.820513 4256.923077
4264.615385 4357.435897 4050.769231 4255.897436 4218.461538 4204.615385 4295.897436 4306.666667 4304.102564 4216.923077 4290.256410 4352.820513 4291.794872 4247.179487
