4192.307692 4182.564103 4214.871795 4244.615385 4224.102564 4209.743590 4204.102564 4194.358974 4186.666667 4218.461538 4186.153846 4217.948718 4200.000000 4237.948718
4187.179487 4180.000000 4207.692308 4242.564103 4219.487179 4210.256410 4202.564103 4184.615385 4181.025641 4218.974359 4181.538462 4218.461538 4193.846154 4231.282051
4202.051282 4185.641026 4214.358974 4245.641026 4222.051282 4212.820513 4203.589744 4188.717949 4186.666667 4221.025641 4190.256410 4229.743590 4196.410256 4235.384615
4201.025641 4185.641026 4213.846154 4242.051282 4220.000000 4211.794872 4205.641026 4201.538462 4189.743590 4220.512821 4194.871795 4227.692308 4200.512821 4231.282051
4192.820513 4179.487179 4208.717949 4243.076923 4224.102564 4205.128205 4203.589744 4198.974359 4180.000000 4218.461538 4185.641026 4218.461538 4194.358974 4231.794872
4200.512821 4191.282051 4209.743590 4243.076923 4221.025641 4206.666667 4206.153846 4194.358974 4180.512821 4218.461538 4189.743590 4222.564103 4193.333333 4234.358974
4206.666667 4202.564103 4211.282051 4243.076923 4216.923077 4213.846154 4209.230769 4200.512821 4188.717949 4218.461538 4195.897436 4221.025641 4198.974359 4242.051282
4205.128205 4195.384615 4211.282051 4244.102564 4225.128205 4214.871795 4206.153846 4201.025641 4183.076923 4218.461538 4187.179487 4212.820513 4197.948718 4245.128205
4204.102564 4189.743590 4206.666667 4236.410256 4222.564103 4212.820513 4202.051282 4190.769231 4169.743590 4219.487179 4185.641026 4216.923077 4190.769231 4230.769231
4203.589744 4187.692308 4207.179487 4237.435897 4223.589744 4207.179487 4195.897436 4182.051282 4161.538462 4219.487179 4193.333333 4224.102564 4185.641026 4233.846154
4212.307692 4197.948718 4210.256410 4241.025641 4223.076923 4202.564103 4195.897436 4191.794872 4170.769231 4218.974359 4202.564103 4229.743590 4198.974359 4240.000000
4221.025641 4209.230769 4213.846154 4241.025641 4215.384615 4209.743590 4203.076923 4200.000000 4188.205128 4219.487179 4207.692308 4236.923077 4212.307692 4240.000000
4216.410256 4202.051282 4218.461538 4243.589744 4220.512821 4216.923077 4206.666667 4189.743590 4185.128205 4219.487179 4204.102564 4233.333333 4202.051282 4242.051282
4217.948718 4200.000000 4218.974359 4241.538462 4219.487179 4212.820513 4206.666667 4189.230769 4173.846154 4218.461538 4204.615385 4231.282051 4203.589744 4236.923077
4230.769231 4209.743590 4223.589744 4244.615385 4218.461538 4215.384615 4206.666667 4199.487179 4184.102564 4218.974359 4211.282051 4238.461538 4218.974359 4241.538462
4232.820513 4213.333333 4227.692308 4246.666667 4222.564103 4226.666667 4206.666667 4202.564103 4191.794872 4218.974359 4214.871795 4243.589744 4220.512821 4240.512821
4224.615385 4208.205128 4224.615385 4244.615385 4220.000000 4221.538462 4204.615385 4195.384615 4176.923077 4217.435897 4208.205128 4242.051282 4211.282051 4235.384615
4211.282051 4192.820513 4215.384615 4244.102564 4221.538462 4209.743590 4199.487179 4187.179487 4165.128205 4218.461538 4191.794872 4229.743590 4197.435897 4238.461538
4202.051282 4191.794872 4207.692308 4240.000000 4221.025641 4216.410256 4203.589744 4194.358974 4169.743590 4220.000000 4188.717949 4226.666667 4193.333333 4236.923077
4209.230769 4198.974359 4212.820513 4243.589744 4221.538462 4222.564103 4209.230769 4204.102564 4179.487179 4220.000000 4197.948718 4235.384615 4198.974359 4244.102564
4219.487179 4196.923077 4216.410256 4244.102564 4217.948718 4218.461538 4206.153846 4199.487179 4179.487179 4220.000000 4196.410256 4235.384615 4204.102564 4245.128205
4214.358974 4198.461538 4215.384615 4237.435897 4211.794872 4216.410256 4199.487179 4191.794872 4168.717949 4216.410256 4189.743590 4227.692308 4203.076923 4232.820513
4205.128205 4200.000000 4214.358974 4238.974359 4221.538462 4210.256410 4194.358974 4188.205128 4159.487179 4221.025641 4184.615385 4221.538462 4193.846154 4228.205128
4203.076923 4192.820513 4204.102564 4233.846154 4221.538462 4205.128205 4196.410256 4189.743590 4152.307692 4225.128205 4184.615385 4220.000000 4189.230769 4220.000000
4197.435897 4182.564103 4199.487179 4229.743590 4219.487179 4206.153846 4200.512821 4190.256410 4161.025641 4220.512821 4183.076923 4217.435897 4186.666667 4221.538462
4185.128205 4180.512821 4200.512821 4230.256410 4226.666667 4207.179487 4197.435897 4186.666667 4196.410256 4221.025641 4172.307692 4213.846154 4180.000000 4224.615385
4185.641026 4190.256410 4200.512821 4232.820513 4223.076923 4212.820513 4199.487179 4190.769231 4230.256410 4224.615385 4170.256410 4218.974359 4183.589744 4218.461538
4209.230769 4207.692308 4220.512821 4245.641026 4222.564103 4228.717949 4217.435897 4206.153846 4247.692308 4220.512821 4189.743590 4237.948718 4203.076923 4226.666667
4231.282051 4226.666667 4237.948718 4247.692308 4217.435897 4238.974359 4230.769231 4222.051282 4263.589744 4214.358974 4213.333333 4257.948718 4226.666667 4230.256410
4232.820513 4225.641026 4235.897436 4244.102564 4216.923077 4234.358974 4222.564103 4221.538462 4270.769231 4217.948718 4213.333333 4261.025641 4231.282051 4231.794872
4229.743590 4222.051282 4234.358974 4244.102564 4222.051282 4234.871795 4220.000000 4216.923077 4260.000000 4224.615385 4201.538462 4256.410256 4224.102564 4235.384615
4231.282051 4227.692308 4235.384615 4239.487179 4217.435897 4237.435897 4226.666667 4227.179487 4257.435897 4225.128205 4202.564103 4260.000000 4223.589744 4231.282051
4231.794872 4214.871795 4237.435897 4243.076923 4220.512821 4226.666667 4224.615385 4232.820513 4264.615385 4221.538462 4205.641026 4263.076923 4222.564103 4235.897436
4230.769231 4207.692308 4240.512821 4242.051282 4221.025641 4225.128205 4222.564103 4230.256410 4266.153846 4213.846154 4210.256410 4262.051282 4228.717949 4231.794872
4232.307692 4221.538462 4243.076923 4240.512821 4216.410256 4234.358974 4224.102564 4227.179487 4263.076923 4215.897436 4208.205128 4260.000000 4232.307692 4229.230769
4232.307692 4224.102564 4240.512821 4243.076923 4221.025641 4236.410256 4224.102564 4225.128205 4260.000000 4226.666667 4198.974359 4256.410256 4222.564103 4229.743590
4230.769231 4220.000000 4237.435897 4236.410256 4218.974359 4233.333333 4223.076923 4230.256410 4263.076923 4225.128205 4198.974359 4258.461538 4223.589744 4218.974359
4227.179487 4219.487179 4240.000000 4236.410256 4219.487179 4229.743590 4218.461538 4230.769231 4263.076923 4218.974359 4198.461538 4256.410256 4225.128205 4218.974359
4220.000000 4215.384615 4233.846154 4237.435897 4218.461538 4225.641026 4220.512821 4226.666667 4254.871795 4223.589744 4193.846154 4250.256410 4221.538462 4218.461538
4212.307692 4206.153846 4226.666667 4233.846154 4218.461538 4225.128205 4226.153846 4226.153846 4247.179487 4225.128205 4190.256410 4246.153846 4217.435897 4214.871795
4210.256410 4205.641026 4228.717949 4232.307692 4222.051282 4225.641026 4223.589744 4226.666667 4245.641026 4222.564103 4180.512821 4236.923077 4206.153846 4218.974359
4214.358974 4214.871795 4227.179487 4230.769231 4217.435897 4222.051282 4217.435897 4217.435897 4238.461538 4224.102564 4172.820513 4230.769231 4200.000000 4216.923077
4214.871795 4212.820513 4226.153846 4233.846154 4221.538462 4219.487179 4209.743590 4202.564103 4226.666667 4223.589744 4169.230769 4233.333333 4200.000000 4224.615385
4211.282051 4208.717949 4226.666667 4230.256410 4222.564103 4221.538462 4208.205128 4205.128205 4231.794872 4222.564103 4169.230769 4241.538462 4203.589744 4228.717949
4211.794872 4208.717949 4226.153846 4226.153846 4214.871795 4220.512821 4211.282051 4215.897436 4238.974359 4225.641026 4169.230769 4245.641026 4208.717949 4224.102564
4216.923077 4208.717949 4226.666667 4232.820513 4221.025641 4214.871795 4211.282051 4216.923077 4231.282051 4221.538462 4166.666667 4246.666667 4206.666667 4223.076923
4216.410256 4214.358974 4227.692308 4230.256410 4219.487179 4220.000000 4217.948718 4226.666667 4232.820513 4215.897436 4168.205128 4249.743590 4203.589744 4220.000000
4216.923077 4215.897436 4234.358974 4234.358974 4220.000000 4227.692308 4228.205128 4239.487179 4248.717949 4219.487179 4172.307692 4250.769231 4206.153846 4227.692308
4225.641026 4220.000000 4236.923077 4240.512821 4222.051282 4227.179487 4230.769231 4236.923077 4253.333333 4218.974359 4175.897436 4253.333333 4215.384615 4226.153846
4226.153846 4227.179487 4231.794872 4233.846154 4213.846154 4226.153846 4227.179487 4225.641026 4238.974359 4218.974359 4172.820513 4256.923077 4212.307692 4221.538462
4216.923077 4224.102564 4229.743590 4230.256410 4218.461538 4223.076923 4222.564103 4214.358974 4226.666667 4218.461538 4164.615385 4253.846154 4191.794872 4229.230769
4216.410256 4221.025641 4226.153846 4228.717949 4218.974359 4219.487179 4224.102564 4213.333333 4227.179487 4217.948718 4169.743590 4250.769231 4193.333333 4224.615385
4220.512821 4218.974359 4224.102564 4230.769231 4217.435897 4220.000000 4231.794872 4220.000000 4233.846154 4220.512821 4181.025641 4253.333333 4214.358974 4222.564103
4214.358974 4216.923077 4223.589744 4228.205128 4223.076923 4223.076923 4230.769231 4223.076923 4232.820513 4216.410256 4177.435897 4251.282051 4214.358974 4225.128205
4214.871795 4220.000000 4224.102564 4225.128205 4219.487179 4220.000000 4216.923077 4217.948718 4224.615385 4211.794872 4173.333333 4248.717949 4203.076923 4228.205128
4234.871795 4234.358974 4236.923077 4234.358974 4219.487179 4215.384615 4210.256410 4215.897436 4226.153846 4214.358974 4189.743590 4262.564103 4220.000000 4242.564103
4251.282051 4251.282051 4255.384615 4239.487179 4222.564103 4222.051282 4225.128205 4229.743590 4245.641026 4218.974359 4207.179487 4284.615385 4241.025641 4242.564103
4252.820513 4244.102564 4258.461538 4234.871795 4220.000000 4228.717949 4236.923077 4240.000000 4261.538462 4219.487179 4202.051282 4290.769231 4231.794872 4237.435897
4244.615385 4230.769231 4244.102564 4231.282051 4213.846154 4224.615385 4232.307692 4236.410256 4261.025641 4218.974359 4195.384615 4279.487179 4227.692308 4237.948718
4232.820513 4227.179487 4240.000000 4249.743590 4236.410256 4219.487179 4221.025641 4223.589744 4247.179487 4216.923077 4186.666667 4259.487179 4222.051282 4244.102564
4225.128205 4228.205128 4236.923077 4246.153846 4247.179487 4221.538462 4217.948718 4217.948718 4233.333333 4221.025641 4174.871795 4248.205128 4208.205128 4238.974359
4230.256410 4237.948718 4222.051282 4215.897436 4210.769231 4225.128205 4226.153846 4222.564103 4229.230769 4228.205128 4189.743590 4256.410256 4227.692308 4219.487179
4237.435897 4238.461538 4225.128205 4230.256410 4210.769231 4222.051282 4225.641026 4213.333333 4228.205128 4224.615385 4204.102564 4261.538462 4245.128205 4230.769231
4234.871795 4241.538462 4233.846154 4240.000000 4225.128205 4222.564103 4221.538462 4208.717949 4232.307692 4216.410256 4202.564103 4261.538462 4241.025641 4239.487179
4234.358974 4250.256410 4233.846154 4228.205128 4213.333333 4230.256410 4225.128205 4220.512821 4242.564103 4217.435897 4208.717949 4267.692308 4251.282051 4227.692308
4236.923077 4246.666667 4234.871795 4235.384615 4217.948718 4233.846154 4232.307692 4223.589744 4247.692308 4220.512821 4216.923077 4270.769231 4257.435897 4232.820513
4232.820513 4245.641026 4231.794872 4233.846154 4220.000000 4228.205128 4238.461538 4223.589744 4247.179487 4218.461538 4213.846154 4269.743590 4247.179487 4233.846154
4221.538462 4244.102564 4231.282051 4225.128205 4220.000000 4222.564103 4234.871795 4224.615385 4246.153846 4220.000000 4208.205128 4261.538462 4238.461538 4235.384615
4203.589744 4226.153846 4227.692308 4218.461538 4223.076923 4222.564103 4226.666667 4221.538462 4243.076923 4220.000000 4209.230769 4254.871795 4235.384615 4236.923077
4188.717949 4206.153846 4219.487179 4213.846154 4215.897436 4221.538462 4221.538462 4217.435897 4235.384615 4216.923077 4208.717949 4251.794872 4227.692308 4227.692308
4185.128205 4198.461538 4220.000000 4217.435897 4218.974359 4221.538462 4219.487179 4217.948718 4229.230769 4218.974359 4204.615385 4247.692308 4213.333333 4229.743590
4178.974359 4196.410256 4217.948718 4212.307692 4220.512821 4227.179487 4222.051282 4223.076923 4222.051282 4220.000000 4204.615385 4246.153846 4200.000000 4224.102564
4169.230769 4189.743590 4213.846154 4206.153846 4215.897436 4220.000000 4222.051282 4224.102564 4215.897436 4218.461538 4203.076923 4245.641026 4189.743590 4215.897436
4166.666667 4183.589744 4211.794872 4211.794872 4221.025641 4212.307692 4220.512821 4218.974359 4218.974359 4219.487179 4204.615385 4245.128205 4189.743590 4220.512821
4170.256410 4183.076923 4209.743590 4212.820513 4223.589744 4220.000000 4220.000000 4210.256410 4214.871795 4218.974359 4211.282051 4246.666667 4195.897436 4221.538462
4169.743590 4181.025641 4209.743590 4210.256410 4221.025641 4219.487179 4213.846154 4196.923077 4203.076923 4219.487179 4205.641026 4241.538462 4185.128205 4222.564103
4163.076923 4181.025641 4204.615385 4209.743590 4217.948718 4208.717949 4204.102564 4185.641026 4196.923077 4225.641026 4196.410256 4229.743590 4172.820513 4219.487179
4159.487179 4184.102564 4200.000000 4211.282051 4215.384615 4205.641026 4196.923077 4180.512821 4197.435897 4224.102564 4199.487179 4225.128205 4176.410256 4220.000000
4157.435897 4174.358974 4200.512821 4210.256410 4218.974359 4209.743590 4200.000000 4186.666667 4202.564103 4216.410256 4199.487179 4227.179487 4174.358974 4222.564103
4148.205128 4161.538462 4192.820513 4203.589744 4217.435897 4205.641026 4204.102564 4192.307692 4197.948718 4216.410256 4191.282051 4220.000000 4161.025641 4212.820513
4141.025641 4158.461538 4189.230769 4204.102564 4216.923077 4196.923077 4206.153846 4190.769231 4190.256410 4220.000000 4187.179487 4210.769231 4154.358974 4215.897436
4142.564103 4162.564103 4190.769231 4205.128205 4220.000000 4202.051282 4218.974359 4201.538462 4198.461538 4218.461538 4189.743590 4215.897436 4154.871795 4223.589744
4144.102564 4161.025641 4190.769231 4201.538462 4220.000000 4212.307692 4221.538462 4217.435897 4205.641026 4217.948718 4190.769231 4220.512821 4150.256410 4221.538462
4147.692308 4159.487179 4192.820513 4205.641026 4222.051282 4208.205128 4211.794872 4214.871795 4201.025641 4218.461538 4188.205128 4215.384615 4146.666667 4224.102564
4157.948718 4168.717949 4192.820513 4208.205128 4217.435897 4200.512821 4214.358974 4205.128205 4200.000000 4218.461538 4194.358974 4216.410256 4153.333333 4225.641026
4158.461538 4174.358974 4190.769231 4206.666667 4217.435897 4202.051282 4212.307692 4198.974359 4202.051282 4219.487179 4204.102564 4219.487179 4151.282051 4228.717949
4152.820513 4173.333333 4192.820513 4204.615385 4221.025641 4206.153846 4202.051282 4195.897436 4201.025641 4218.461538 4207.179487 4214.358974 4144.615385 4226.153846
4155.384615 4170.256410 4192.820513 4201.025641 4216.923077 4202.051282 4207.179487 4204.102564 4203.076923 4217.948718 4207.692308 4210.769231 4147.179487 4220.512821
4150.769231 4163.076923 4190.256410 4198.461538 4220.512821 4193.846154 4212.820513 4209.743590 4207.692308 4218.974359 4211.282051 4209.230769 4143.589744 4228.205128
4140.512821 4165.128205 4185.128205 4200.000000 4218.974359 4204.102564 4212.820513 4210.769231 4220.512821 4218.974359 4222.051282 4206.666667 4144.102564 4228.205128
4136.923077 4164.102564 4179.487179 4205.641026 4214.871795 4215.897436 4213.846154 4211.794872 4216.923077 4218.974359 4224.102564 4202.564103 4146.666667 4226.153846
4135.384615 4153.333333 4176.410256 4205.128205 4219.487179 4209.230769 4206.666667 4208.717949 4171.282051 4219.487179 4211.282051 4197.948718 4137.435897 4221.025641
4131.282051 4153.333333 4178.461538 4199.487179 4218.974359 4208.717949 4201.025641 4203.589744 4131.794872 4215.897436 4206.153846 4196.410256 4134.871795 4213.333333
4126.153846 4157.948718 4180.000000 4204.615385 4217.435897 4212.820513 4208.205128 4203.076923 4137.435897 4219.487179 4214.871795 4197.948718 4140.512821 4221.025641
4123.076923 4158.461538 4174.871795 4206.153846 4215.384615 4205.641026 4209.230769 4204.102564 4144.615385 4225.128205 4221.538462 4200.000000 4139.487179 4218.974359
4123.589744 4158.974359 4173.333333 4205.128205 4217.948718 4202.564103 4204.102564 4201.025641 4132.820513 4221.025641 4215.384615 4196.923077 4132.820513 4212.307692
4129.743590 4158.461538 4177.435897 4210.256410 4221.538462 4208.717949 4204.102564 4196.410256 4131.794872 4223.076923 4215.384615 4195.897436 4131.794872 4214.871795
4130.769231 4161.025641 4177.435897 4209.230769 4215.897436 4204.102564 4206.666667 4196.923077 4142.051282 4227.179487 4224.102564 4202.051282 4136.923077 4215.897436
4126.666667 4165.641026 4178.461538 4209.230769 4219.487179 4198.461538 4204.615385 4195.384615 4139.487179 4219.487179 4215.384615 4195.897436 4128.717949 4223.076923
4129.743590 4171.282051 4183.076923 4211.282051 4223.076923 4209.743590 4204.615385 4193.333333 4138.461538 4214.358974 4206.666667 4188.717949 4123.589744 4224.102564
4141.025641 4177.435897 4190.769231 4212.307692 4216.923077 4222.564103 4214.871795 4200.000000 4153.846154 4220.512821 4225.641026 4197.435897 4146.666667 4224.615385
4143.589744 4178.974359 4192.307692 4211.794872 4217.948718 4221.538462 4220.512821 4205.128205 4156.923077 4222.051282 4238.461538 4206.153846 4162.564103 4222.564103
4133.333333 4173.846154 4181.025641 4204.102564 4218.974359 4210.256410 4211.282051 4201.025641 4138.974359 4216.923077 4225.641026 4202.051282 4144.615385 4207.179487
4130.256410 4171.282051 4180.512821 4204.615385 4221.025641 4202.564103 4208.717949 4195.384615 4132.820513 4218.974359 4218.461538 4196.923077 4135.897436 4200.000000
4136.923077 4177.435897 4187.692308 4208.717949 4220.512821 4204.102564 4217.948718 4193.846154 4138.974359 4226.666667 4224.102564 4196.410256 4153.333333 4196.410256
4142.564103 4186.153846 4192.307692 4209.743590 4216.410256 4211.794872 4218.974359 4197.435897 4137.948718 4227.179487 4231.794872 4207.179487 4164.102564 4197.948718
4142.564103 4187.692308 4196.923077 4209.743590 4218.461538 4217.435897 4213.333333 4199.487179 4147.179487 4217.948718 4230.256410 4214.871795 4155.897436 4208.205128
4137.435897 4182.564103 4193.333333 4205.641026 4216.923077 4211.794872 4212.820513 4197.948718 4150.256410 4216.410256 4225.128205 4204.102564 4150.769231 4204.615385
4140.000000 4178.461538 4190.769231 4205.641026 4216.923077 4208.205128 4211.282051 4198.974359 4137.948718 4220.000000 4231.282051 4202.051282 4154.871795 4203.589744
4150.769231 4188.205128 4200.512821 4206.666667 4217.948718 4218.461538 4216.410256 4207.179487 4143.589744 4218.974359 4244.102564 4219.487179 4168.717949 4206.153846
4155.384615 4198.974359 4204.615385 4209.743590 4217.435897 4218.461538 4215.384615 4206.153846 4160.000000 4218.461538 4245.641026 4223.076923 4177.948718 4207.179487
4155.897436 4195.384615 4200.512821 4215.897436 4225.128205 4210.769231 4208.717949 4200.000000 4153.846154 4218.974359 4237.948718 4212.820513 4173.846154 4209.743590
4168.205128 4198.461538 4204.615385 4212.307692 4221.538462 4219.487179 4222.564103 4210.769231 4149.743590 4217.948718 4246.666667 4221.538462 4182.051282 4207.692308
4171.282051 4204.102564 4211.282051 4209.743590 4217.948718 4223.589744 4233.333333 4215.897436 4157.435897 4218.974359 4258.461538 4235.897436 4193.846154 4213.846154
4156.923077 4201.538462 4206.153846 4213.333333 4220.512821 4210.769231 4216.923077 4205.128205 4148.205128 4218.974359 4246.153846 4229.743590 4187.179487 4213.846154
4151.794872 4195.384615 4198.461538 4211.794872 4215.897436 4211.794872 4205.128205 4202.051282 4136.410256 4216.923077 4227.692308 4217.435897 4174.871795 4207.692308
4155.897436 4191.282051 4196.923077 4210.256410 4218.974359 4219.487179 4213.846154 4207.692308 4137.435897 4218.461538 4231.282051 4215.897436 4174.871795 4212.307692
4154.871795 4197.948718 4195.897436 4208.717949 4221.025641 4212.820513 4221.025641 4213.846154 4140.000000 4222.564103 4241.538462 4220.512821 4181.538462 4206.153846
4151.794872 4204.615385 4197.435897 4210.256410 4216.410256 4203.076923 4215.897436 4211.282051 4134.871795 4222.564103 4229.230769 4220.512821 4175.897436 4204.615385
4154.358974 4202.051282 4198.974359 4208.205128 4217.948718 4206.153846 4210.256410 4208.205128 4136.410256 4218.974359 4218.974359 4220.000000 4177.948718 4210.256410
4154.871795 4198.974359 4196.410256 4203.589744 4218.461538 4216.410256 4209.743590 4210.256410 4144.102564 4217.948718 4223.589744 4214.871795 4187.179487 4207.179487
4145.128205 4190.256410 4193.846154 4201.538462 4218.974359 4211.794872 4206.666667 4211.794872 4135.897436 4218.974359 4220.000000 4203.589744 4176.923077 4209.743590
4135.384615 4176.923077 4189.743590 4193.333333 4217.948718 4205.641026 4209.743590 4216.410256 4125.641026 4218.974359 4215.897436 4201.025641 4171.794872 4209.743590
4142.564103 4178.974359 4193.846154 4194.871795 4220.000000 4220.000000 4221.538462 4225.128205 4136.410256 4218.974359 4221.538462 4211.282051 4185.128205 4211.794872
4153.333333 4193.846154 4199.487179 4204.615385 4221.025641 4226.666667 4225.128205 4227.179487 4146.153846 4218.461538 4225.641026 4215.897436 4189.230769 4215.897436
4152.307692 4202.051282 4198.461538 4207.179487 4215.384615 4218.461538 4223.589744 4221.025641 4139.487179 4217.948718 4229.230769 4217.435897 4190.769231 4215.897436
4157.435897 4203.589744 4205.128205 4208.205128 4218.461538 4223.076923 4226.666667 4217.948718 4137.948718 4218.461538 4229.230769 4221.538462 4197.948718 4222.564103
4165.641026 4209.230769 4208.205128 4204.615385 4218.974359 4232.307692 4226.666667 4219.487179 4133.333333 4218.461538 4220.512821 4220.512821 4195.897436 4215.897436
4160.512821 4211.282051 4205.128205 4203.589744 4217.948718 4217.948718 4224.615385 4218.974359 4120.000000 4218.461538 4216.410256 4217.948718 4190.256410 4208.205128
4151.794872 4205.128205 4206.153846 4203.589744 4218.974359 4207.179487 4225.128205 4220.512821 4122.564103 4220.000000 4218.461538 4215.384615 4190.256410 4212.307692
4150.769231 4200.000000 4202.051282 4197.948718 4215.897436 4219.487179 4225.641026 4221.025641 4128.717949 4217.948718 4213.846154 4211.282051 4185.128205 4212.307692
4149.743590 4197.435897 4196.923077 4198.974359 4220.512821 4230.769231 4223.076923 4218.974359 4122.051282 4218.974359 4208.717949 4211.282051 4180.000000 4212.820513
4153.333333 4206.153846 4200.000000 4203.076923 4220.512821 4223.589744 4224.615385 4220.512821 4112.307692 4225.641026 4215.897436 4217.435897 4190.769231 4207.179487
4157.435897 4211.282051 4207.179487 4204.615385 4214.871795 4210.769231 4222.051282 4217.435897 4109.743590 4223.589744 4217.948718 4224.102564 4192.307692 4206.153846
4155.384615 4203.589744 4207.692308 4203.589744 4220.000000 4212.820513 4213.846154 4206.153846 4101.538462 4216.923077 4206.153846 4224.102564 4180.000000 4210.769231
4162.051282 4206.666667 4207.692308 4198.461538 4220.000000 4215.384615 4214.871795 4208.717949 4101.538462 4218.461538 4206.153846 4226.153846 4187.692308 4208.717949
4169.743590 4219.487179 4210.256410 4200.000000 4217.948718 4226.666667 4221.538462 4214.871795 4114.871795 4221.538462 4211.282051 4231.794872 4194.358974 4212.307692
4165.641026 4217.435897 4208.717949 4202.564103 4217.948718 4245.641026 4221.538462 4205.641026 4106.153846 4218.974359 4207.179487 4228.717949 4186.153846 4213.846154
4162.051282 4207.179487 4207.179487 4200.000000 4217.435897 4233.333333 4222.051282 4202.564103 4084.102564 4218.974359 4204.615385 4221.538462 4189.230769 4214.358974
4163.589744 4208.717949 4209.743590 4196.410256 4221.538462 4206.666667 4225.641026 4209.743590 4085.128205 4220.512821 4203.076923 4227.179487 4190.256410 4215.897436
4155.384615 4204.102564 4206.666667 4187.692308 4220.512821 4215.384615 4224.102564 4206.666667 4093.333333 4219.487179 4198.461538 4234.871795 4173.333333 4204.102564
4153.333333 4196.410256 4207.692308 4186.666667 4220.000000 4230.769231 4220.512821 4204.102564 4091.794872 4218.974359 4201.538462 4231.794872 4173.846154 4202.051282
4171.794872 4214.871795 4216.410256 4189.743590 4220.000000 4220.000000 4225.128205 4216.923077 4098.461538 4219.487179 4221.538462 4234.871795 4218.974359 4204.615385
4185.641026 4231.282051 4220.000000 4187.179487 4215.897436 4224.102564 4225.641026 4220.000000 4102.051282 4220.000000 4231.282051 4243.076923 4242.051282 4203.589744
4190.769231 4225.641026 4219.487179 4187.179487 4221.538462 4232.307692 4218.974359 4206.153846 4089.743590 4218.974359 4225.128205 4244.102564 4225.128205 4210.769231
4204.615385 4240.000000 4222.564103 4187.179487 4223.589744 4217.948718 4221.538462 4208.717949 4086.666667 4217.948718 4230.256410 4247.179487 4234.358974 4211.282051
4222.051282 4261.538462 4229.743590 4188.205128 4222.564103 4203.589744 4220.512821 4214.871795 4095.384615 4218.461538 4241.025641 4247.179487 4263.076923 4213.846154
4235.384615 4265.128205 4234.358974 4189.743590 4224.102564 4203.589744 4217.435897 4207.179487 4094.358974 4218.974359 4247.179487 4246.666667 4267.179487 4216.923077
4249.230769 4285.128205 4240.000000 4191.282051 4221.025641 4217.948718 4223.076923 4205.128205 4093.333333 4220.000000 4250.256410 4260.000000 4257.435897 4217.948718
4265.641026 4312.820513 4253.846154 4200.000000 4221.025641 4227.179487 4222.564103 4207.692308 4104.102564 4220.512821 4253.333333 4275.897436 4270.256410 4224.615385
4275.384615 4315.897436 4258.461538 4208.205128 4215.897436 4222.564103 4217.435897 4207.179487 4104.102564 4216.923077 4257.435897 4278.461538 4296.923077 4217.948718
4282.051282 4309.743590 4258.974359 4210.769231 4214.871795 4210.769231 4221.538462 4212.820513 4104.615385 4217.435897 4259.487179 4284.102564 4300.512821 4214.871795
4290.256410 4323.589744 4265.128205 4204.102564 4220.000000 4212.820513 4229.743590 4220.000000 4120.512821 4223.076923 4258.461538 4297.435897 4289.230769 4217.435897
4283.589744 4336.410256 4259.487179 4212.820513 4218.974359 4220.000000 4224.102564 4206.153846 4107.692308 4223.589744 4248.717949 4292.820513 4283.589744 4213.333333
4284.615385 4339.487179 4263.589744 4205.128205 4223.076923 4228.717949 4227.179487 4204.102564 4093.333333 4218.974359 4254.358974 4294.358974 4295.897436 4218.974359
4335.897436 4384.102564 4303.589744 4100.512821 4222.564103 4258.974359 4268.205128 4264.615385 4158.974359 4219.487179 4298.461538 4343.076923 4345.128205 4226.153846
4378.974359 4434.871795 4333.846154 3983.589744 4216.923077 4289.230769 4300.512821 4318.974359 4224.615385 4221.025641 4331.282051 4384.615385 4386.666667 4233.333333
4357.948718 4420.512821 4323.076923 3967.179487 4216.923077 4302.051282 4293.846154 4303.589744 4203.076923 4219.487179 4315.384615 4372.820513 4377.948718 4234.871795
4333.333333 4388.205128 4309.230769 3986.666667 4219.487179 4296.410256 4282.051282 4283.589744 4176.923077 4219.487179 4305.641026 4358.974359 4367.692308 4226.153846
4326.666667 4368.205128 4303.589744 3970.256410 4224.615385 4268.717949 4271.282051 4290.256410 4178.974359 4220.512821 4305.128205 4355.384615 4358.461538 4222.051282
4305.128205 4343.589744 4285.641026 3955.384615 4220.512821 4257.435897 4260.000000 4279.487179 4169.743590 4218.461538 4281.025641 4333.846154 4323.076923 4215.384615
4290.256410 4334.358974 4277.948718 3962.051282 4215.384615 4280.512821 4261.025641 4255.897436 4159.487179 4217.435897 4266.666667 4319.487179 4307.179487 4212.307692
4295.384615 4344.102564 4283.589744 3966.153846 4222.564103 4291.282051 4262.564103 4258.461538 4156.410256 4218.461538 4273.846154 4324.102564 4315.897436 4215.384615
4296.923077 4341.538462 4283.076923 3967.179487 4223.076923 4278.461538 4253.846154 4271.794872 4150.769231 4219.487179 4272.307692 4326.666667 4314.358974 4214.358974
4293.846154 4324.102564 4287.179487 3971.282051 4221.025641 4278.461538 4255.897436 4275.897436 4154.871795 4219.487179 4268.717949 4328.717949 4309.743590 4219.487179
4283.076923 4306.153846 4280.512821 3963.589744 4222.564103 4294.871795 4260.000000 4267.179487 4153.333333 4217.948718 4266.153846 4320.512821 4303.076923 4212.820513
4267.692308 4284.102564 4262.564103 3952.307692 4222.051282 4298.974359 4244.615385 4247.692308 4136.923077 4217.948718 4253.846154 4300.512821 4289.743590 4202.564103
4260.000000 4263.589744 4256.410256 3949.743590 4223.589744 4271.794872 4230.256410 4240.512821 4125.128205 4218.461538 4247.179487 4294.358974 4281.538462 4205.128205
4245.128205 4247.692308 4248.717949 3935.384615 4220.000000 4238.974359 4218.974359 4235.384615 4093.846154 4218.974359 4235.897436 4288.717949 4257.435897 4200.000000
4220.512821 4225.128205 4230.256410 3909.230769 4221.538462 4233.333333 4203.076923 4215.897436 4061.025641 4219.487179 4208.205128 4264.615385 4217.948718 4194.871795
4209.743590 4210.256410 4216.923077 3892.307692 4223.589744 4242.051282 4196.923077 4209.743590 4077.435897 4218.974359 4206.153846 4248.717949 4214.871795 4195.384615
4220.512821 4220.512821 4225.128205 3889.230769 4221.025641 4236.410256 4204.615385 4229.230769 4103.076923 4218.974359 4229.743590 4261.025641 4240.000000 4199.487179
4220.512821 4217.948718 4228.205128 3881.025641 4223.589744 4232.820513 4203.076923 4226.153846 4080.000000 4220.000000 4223.076923 4261.538462 4229.743590 4201.538462
4190.256410 4182.564103 4203.589744 3858.974359 4219.487179 4230.256410 4183.589744 4193.846154 4042.564103 4218.974359 4193.333333 4234.871795 4192.307692 4186.153846
4164.615385 4161.538462 4186.153846 3854.358974 4217.435897 4212.820513 4161.538462 4178.974359 4045.128205 4217.948718 4186.153846 4215.897436 4176.923077 4184.615385
4144.102564 4154.358974 4177.435897 3855.384615 4221.025641 4207.692308 4139.487179 4170.769231 4036.923077 4218.974359 4178.461538 4195.897436 4161.025641 4187.692308
4112.307692 4121.538462 4155.384615 3840.000000 4219.487179 4203.076923 4121.025641 4149.230769 3989.230769 4218.974359 4149.743590 4164.102564 4122.564103 4181.025641
4096.923077 4092.307692 4142.051282 3828.717949 4220.000000 4182.564103 4110.256410 4134.871795 3970.256410 4219.487179 4142.564103 4153.846154 4107.692308 4181.025641
4094.358974 4086.666667 4137.435897 3814.358974 4217.948718 4175.384615 4095.897436 4128.717949 3974.871795 4216.923077 4149.743590 4154.871795 4113.333333 4174.871795
4052.820513 4043.589744 4107.692308 3788.205128 4222.564103 4153.846154 4054.871795 4089.743590 3926.666667 4217.435897 4108.717949 4112.307692 4063.589744 4168.717949
4022.564103 4009.230769 4088.205128 3771.794872 4226.666667 4126.666667 4034.358974 4060.000000 3883.076923 4226.153846 4072.820513 4080.000000 4017.948718 4171.282051
4030.769231 4019.487179 4095.384615 3756.923077 4221.025641 4132.820513 4043.076923 4069.230769 3894.358974 4223.076923 4086.153846 4090.769231 4029.743590 4173.333333
3944.615385 3922.051282 4030.256410 3691.794872 4222.051282 4073.333333 3955.384615 3989.743590 3801.025641 4218.974359 4013.333333 4008.717949 3937.435897 4156.410256
3811.794872 3770.256410 3926.666667 3609.230769 4219.487179 3964.615385 3832.820513 3862.051282 3630.769231 4225.641026 3883.076923 3872.820513 3785.641026 4121.025641
3862.564103 3830.256410 3965.641026 3620.512821 4216.410256 4007.692308 3880.000000 3908.717949 3671.794872 4223.589744 3922.564103 3914.871795 3843.589744 4132.820513
3997.948718 3993.846154 4070.769231 3679.487179 4220.000000 4132.820513 3988.717949 4045.128205 3843.076923 4215.897436 4055.897436 4051.794872 4004.102564 4166.153846
3985.641026 3991.282051 4059.487179 3682.051282 4218.461538 4136.923077 3964.615385 4041.025641 3852.820513 4218.974359 4056.410256 4047.692308 3999.487179 4161.538462
3990.769231 3997.435897 4065.641026 3701.025641 4220.000000 4137.948718 3979.487179 4043.589744 3842.564103 4221.538462 4055.897436 4050.256410 4003.076923 4166.153846
4147.179487 4177.435897 4188.205128 3763.589744 4221.025641 4256.410256 4137.948718 4191.794872 4008.205128 4217.435897 4194.871795 4207.692308 4178.461538 4197.435897
4205.641026 4251.282051 4233.846154 3775.897436 4220.000000 4314.871795 4186.153846 4249.743590 4106.153846 4220.512821 4259.487179 4281.538462 4253.846154 4209.230769
4084.615385 4110.769231 4143.589744 3807.179487 4222.051282 4225.641026 4061.025641 4128.205128 3978.461538 4219.487179 4153.846154 4166.153846 4124.615385 4184.615385
3995.384615 4004.615385 4072.820513 3913.333333 4219.487179 4129.743590 3972.820513 4033.333333 3846.153846 4215.897436 4067.179487 4069.230769 4018.974359 4160.512821
3974.358974 3989.743590 4057.948718 3949.230769 4220.512821 4118.974359 3963.076923 4012.820513 3828.205128 4217.948718 4047.692308 4048.717949 3991.794872 4159.487179
3946.666667 3967.179487 4042.564103 3886.153846 4217.948718 4135.897436 3952.307692 3990.769231 3833.846154 4218.461538 4025.128205 4021.025641 3962.051282 4153.333333
3934.871795 3945.128205 4032.820513 3864.615385 4215.384615 4107.179487 3933.846154 3975.384615 3809.743590 4218.974359 4007.179487 4000.000000 3942.564103 4149.743590
3931.282051 3934.871795 4026.153846 3867.692308 4222.051282 4074.358974 3919.487179 3967.692308 3780.000000 4219.487179 3998.461538 3991.282051 3934.358974 4152.307692
3911.794872 3914.871795 4010.769231 3849.230769 4221.025641 4083.589744 3915.384615 3959.487179 3773.333333 4218.974359 3992.307692 3975.897436 3927.179487 4146.666667
3905.128205 3906.666667 4009.743590 3821.025641 4221.025641 4095.384615 3922.051282 3961.538462 3767.692308 4217.948718 3989.743590 3971.794872 3926.666667 4152.820513
3921.538462 3936.923077 4020.000000 3689.230769 4222.051282 4088.205128 3929.743590 3974.358974 3751.282051 4219.487179 3992.820513 3984.615385 3932.820513 4158.461538
3926.153846 3957.948718 4024.615385 3540.000000 4216.410256 4098.461538 3935.897436 3977.948718 3749.743590 4220.512821 4000.512821 3991.282051 3933.846154 4157.948718
3913.333333 3942.051282 4023.589744 3546.666667 4217.948718 4109.230769 3936.410256 3967.692308 3752.820513 4218.461538 3996.410256 3982.051282 3929.743590 4161.025641
3907.692308 3933.846154 4016.923077 3595.384615 4217.435897 4098.461538 3931.282051 3964.102564 3741.538462 4217.948718 3988.717949 3979.487179 3934.871795 4153.333333
3915.384615 3937.435897 4018.461538 3588.205128 4218.461538 4096.410256 3934.358974 3971.282051 3742.564103 4219.487179 3993.846154 3990.256410 3938.974359 4151.794872
3917.435897 3934.871795 4025.128205 3593.333333 4219.487179 4097.435897 3941.025641 3976.923077 3753.333333 4218.974359 4001.538462 3994.358974 3938.461538 4157.948718
3911.282051 3935.384615 4025.128205 3610.256410 4217.948718 4091.282051 3934.871795 3975.897436 3750.256410 4218.461538 3996.923077 3984.615385 3946.153846 4163.589744
3928.717949 3951.794872 4034.358974 3619.487179 4221.538462 4103.076923 3944.102564 3992.307692 3772.307692 4220.000000 4007.692308 3992.307692 3971.282051 4170.769231
3932.820513 3953.846154 4030.256410 3636.923077 4217.948718 4107.179487 3950.256410 4001.025641 3789.230769 4218.461538 4015.897436 4000.000000 3970.769231 4164.102564
3842.051282 3861.025641 3964.615385 3630.256410 4214.871795 4042.051282 3868.205128 3916.410256 3690.769231 4219.487179 3939.487179 3916.923077 3868.717949 4146.666667
3699.487179 3695.897436 3859.487179 3600.000000 4218.461538 3927.179487 3725.128205 3771.282051 3513.333333 4225.641026 3806.153846 3768.717949 3710.256410 4116.410256
3627.692308 3604.102564 3803.076923 3594.358974 4218.461538 3860.512821 3654.358974 3695.384615 3418.461538 4224.615385 3735.897436 3693.333333 3627.692308 4096.923077
3631.282051 3605.641026 3809.230769 3613.846154 4218.974359 3864.615385 3666.666667 3702.051282 3431.794872 4217.435897 3742.051282 3702.564103 3632.307692 4105.641026
3646.153846 3626.153846 3821.025641 3635.384615 4213.846154 3884.102564 3687.692308 3724.615385 3453.333333 4216.410256 3756.923077 3718.974359 3647.179487 4104.615385
3672.820513 3658.974359 3837.435897 3661.025641 4213.846154 3892.307692 3707.692308 3752.307692 3474.358974 4220.512821 3770.769231 3737.435897 3666.153846 4106.666667
3707.179487 3700.512821 3865.128205 3681.025641 4218.461538 3913.333333 3738.461538 3782.564103 3517.948718 4221.538462 3794.871795 3765.641026 3701.538462 4121.538462
3720.000000 3714.871795 3876.410256 3691.282051 4214.871795 3934.358974 3757.948718 3795.897436 3543.589744 4217.948718 3808.717949 3777.948718 3718.461538 4128.205128
3717.948718 3713.846154 3875.384615 3707.692308 4218.461538 3923.076923 3760.512821 3806.153846 3550.769231 4218.974359 3807.692308 3781.025641 3714.358974 4130.769231
3723.589744 3713.846154 3876.410256 3715.897436 4218.461538 3915.384615 3764.102564 3822.051282 3566.666667 4222.051282 3815.384615 3790.256410 3725.128205 4122.564103
3742.051282 3710.256410 3889.230769 3721.538462 4214.871795 3938.974359 3778.974359 3829.743590 3590.769231 4221.538462 3835.897436 3807.179487 3753.846154 4123.589744
3764.102564 3726.666667 3909.230769 3735.897436 4216.923077 3958.461538 3798.461538 3834.871795 3611.282051 4217.948718 3850.256410 3828.717949 3778.974359 4130.769231
3770.256410 3753.846154 3917.435897 3742.564103 4214.871795 3952.307692 3809.743590 3845.128205 3621.025641 4218.974359 3857.948718 3842.564103 3788.205128 4126.153846
3772.307692 3763.589744 3919.487179 3747.692308 4215.897436 3955.897436 3817.948718 3852.307692 3632.307692 4220.512821 3874.358974 3853.333333 3794.871795 4129.230769
3790.256410 3776.410256 3926.153846 3760.512821 4213.846154 3977.435897 3837.435897 3865.641026 3661.025641 4219.487179 3895.897436 3873.333333 3819.487179 4129.230769
3810.769231 3799.487179 3939.487179 3777.435897 4212.307692 3986.666667 3853.333333 3882.564103 3683.589744 4218.461538 3906.153846 3891.794872 3842.564103 4129.230769
3818.461538 3817.435897 3950.256410 3791.282051 4217.948718 3987.179487 3862.051282 3894.871795 3695.897436 4219.487179 3914.871795 3905.128205 3852.307692 4132.820513
3818.974359 3829.743590 3953.333333 3796.410256 4217.435897 3992.307692 3868.717949 3901.025641 3714.871795 4219.487179 3926.153846 3914.871795 3862.564103 4128.205128
3823.589744 3836.410256 3956.923077 3804.102564 4215.384615 3999.487179 3873.846154 3903.589744 3726.153846 4218.461538 3924.102564 3916.923077 3867.692308 4132.307692
3836.410256 3849.230769 3965.128205 3809.230769 4213.846154 4006.666667 3883.076923 3914.871795 3729.743590 4218.974359 3927.179487 3924.615385 3878.974359 4136.410256
3848.717949 3865.641026 3975.897436 3815.897436 4213.846154 4002.564103 3891.282051 3923.589744 3745.641026 4221.538462 3943.076923 3941.025641 3903.076923 4134.358974
3850.256410 3866.153846 3977.948718 3824.102564 4217.948718 4001.025641 3891.282051 3917.948718 3761.025641 4220.000000 3946.153846 3941.025641 3911.794872 4131.282051
3848.205128 3865.641026 3970.769231 3826.153846 4214.871795 4010.769231 3892.307692 3914.358974 3754.871795 4216.410256 3943.076923 3931.794872 3909.230769 4130.769231
3848.717949 3867.692308 3969.230769 3839.487179 4213.846154 4010.769231 3898.461538 3920.000000 3749.743590 4218.974359 3946.153846 3932.307692 3914.871795 4142.051282
3853.333333 3873.333333 3976.410256 3853.333333 4213.846154 4007.692308 3907.692308 3928.205128 3765.128205 4220.000000 3948.205128 3942.051282 3923.589744 4142.051282
3867.179487 3897.435897 3991.794872 3857.435897 4212.820513 4019.487179 3917.435897 3937.948718 3778.461538 4218.461538 3953.333333 3956.410256 3930.769231 4141.538462
3883.076923 3916.923077 4002.564103 3861.538462 4216.410256 4032.307692 3922.051282 3940.512821 3781.538462 4218.461538 3961.025641 3964.102564 3937.948718 4152.820513
3894.358974 3918.461538 4003.589744 3863.076923 4212.820513 4034.871795 3927.692308 3941.025641 3798.974359 4216.410256 3970.769231 3972.307692 3952.820513 4150.256410
3900.000000 3914.358974 4008.717949 3867.692308 4212.820513 4030.256410 3931.794872 3948.205128 3814.358974 4217.435897 3976.923077 3984.615385 3963.076923 4145.128205
3898.461538 3917.948718 4012.820513 3872.307692 4214.871795 4026.666667 3932.820513 3952.307692 3797.948718 4227.179487 3974.358974 3983.589744 3962.564103 4141.025641
3898.974359 3921.025641 4009.230769 3874.358974 4210.256410 4032.820513 3936.923077 3949.230769 3797.948718 4227.179487 3974.358974 3976.410256 3961.538462 4137.435897
3905.128205 3918.974359 4010.256410 3880.512821 4214.358974 4035.897436 3941.025641 3947.179487 3823.589744 4217.435897 3978.461538 3981.025641 3966.666667 4142.564103
3912.820513 3926.153846 4013.333333 3882.564103 4214.871795 4040.000000 3946.666667 3953.846154 3825.128205 4217.948718 3981.025641 3989.743590 3976.410256 4140.000000
3917.435897 3934.358974 4012.307692 3886.666667 4214.358974 4051.282051 3950.769231 3957.435897 3809.743590 4221.538462 3982.051282 3989.743590 3973.846154 4141.025641
3919.487179 3935.897436 4010.256410 3892.307692 4213.846154 4054.871795 3953.333333 3960.000000 3820.000000 4218.461538 3985.641026 3990.769231 3974.358974 4141.538462
3922.564103 3941.538462 4010.769231 3894.871795 4211.794872 4051.794872 3963.076923 3969.230769 3840.512821 4217.948718 3987.179487 3992.820513 3984.102564 4140.000000
3933.846154 3951.794872 4015.897436 3901.025641 4217.435897 4045.128205 3967.692308 3974.871795 3844.102564 4220.000000 3987.179487 3990.769231 3989.743590 4147.692308
3945.641026 3960.512821 4015.384615 3904.615385 4216.410256 4052.820513 3968.717949 3977.948718 3851.282051 4218.974359 3998.974359 3998.461538 4000.512821 4145.128205
3943.589744 3967.692308 4015.384615 3912.307692 4211.794872 4067.692308 3976.410256 3983.589744 3864.102564 4219.487179 4005.128205 4008.717949 4007.179487 4144.102564
3939.487179 3975.384615 4025.128205 3922.564103 4213.846154 4060.000000 3987.179487 3990.769231 3862.564103 4218.974359 4002.051282 4009.743590 4005.641026 4147.179487
3948.717949 3981.025641 4030.256410 3924.615385 4214.358974 4062.051282 3992.307692 3995.384615 3867.692308 4217.948718 4006.153846 4010.769231 4011.794872 4147.692308
3958.974359 3981.025641 4027.692308 3929.743590 4215.384615 4078.974359 3994.358974 3997.948718 3891.794872 4218.461538 4010.769231 4019.487179 4018.974359 4156.410256
3958.461538 3980.000000 4024.615385 3930.256410 4212.820513 4074.871795 3996.923077 4000.000000 3898.461538 4218.461538 4010.769231 4025.128205 4016.923077 4153.846154
3956.923077 3977.948718 4027.692308 3929.230769 4212.820513 4073.333333 3999.487179 4001.025641 3879.487179 4219.487179 4005.641026 4023.076923 4009.743590 4143.589744
3965.641026 3987.179487 4031.794872 3933.333333 4215.384615 4083.589744 4005.128205 4004.615385 3873.846154 4220.512821 4001.538462 4025.128205 4005.641026 4138.974359
3979.487179 4001.025641 4035.897436 3934.358974 4211.794872 4074.871795 4009.743590 4009.230769 3888.717949 4218.461538 4009.230769 4036.923077 4020.512821 4141.538462
3990.256410 4001.538462 4046.153846 3938.974359 4214.358974 4070.769231 4009.743590 4007.692308 3900.512821 4219.487179 4024.102564 4049.230769 4041.025641 4153.333333
3997.435897 4008.205128 4050.256410 3942.564103 4215.384615 4090.769231 4013.333333 4009.743590 3895.897436 4219.487179 4027.179487 4056.410256 4040.512821 4152.307692
4005.641026 4020.000000 4053.333333 3945.128205 4210.769231 4088.717949 4020.000000 4020.000000 3896.923077 4216.923077 4023.589744 4057.948718 4037.948718 4150.256410
4008.717949 4016.410256 4057.948718 3947.692308 4211.282051 4073.333333 4018.974359 4023.589744 3916.923077 4226.153846 4030.769231 4056.923077 4051.282051 4154.871795
4015.384615 4017.435897 4059.487179 3949.230769 4210.256410 4081.025641 4023.076923 4028.205128 3932.307692 4230.256410 4040.000000 4061.538462 4065.128205 4151.794872
4027.179487 4030.256410 4062.564103 3956.923077 4214.358974 4092.307692 4030.256410 4032.820513 3923.076923 4219.487179 4036.410256 4065.641026 4064.102564 4147.692308
4027.692308 4030.769231 4061.538462 3955.384615 4213.846154 4084.615385 4029.230769 4030.769231 3905.641026 4219.487179 4034.358974 4062.051282 4063.076923 4141.538462
4029.230769 4028.205128 4061.025641 3956.410256 4210.256410 4074.871795 4027.179487 4032.820513 3901.025641 4226.153846 4041.538462 4065.128205 4070.769231 4147.179487
4040.512821 4036.410256 4064.615385 3966.666667 4217.435897 4093.333333 4039.487179 4038.974359 3911.794872 4220.512821 4046.153846 4073.846154 4077.948718 4155.897436
4042.051282 4040.000000 4066.666667 3964.615385 4215.384615 4111.282051 4051.282051 4044.102564 3913.333333 4212.820513 4045.641026 4073.846154 4084.615385 4143.589744
4031.794872 4027.179487 4064.102564 3957.948718 4209.743590 4080.512821 4035.384615 4038.461538 3889.230769 4221.025641 4032.307692 4062.564103 4069.230769 4136.923077
4026.153846 4016.923077 4055.897436 3956.410256 4210.256410 4052.307692 4020.000000 4028.717949 3875.384615 4230.769231 4017.948718 4055.897436 4048.717949 4134.358974
4010.769231 4003.589744 4040.512821 3950.256410 4211.282051 4070.769231 4016.923077 4012.307692 3864.615385 4227.692308 4004.102564 4043.076923 4037.435897 4129.230769
4002.051282 3997.435897 4036.923077 3946.666667 4214.358974 4086.666667 4016.923077 4005.128205 3838.461538 4217.948718 4000.000000 4037.948718 4035.897436 4134.358974
4041.538462 4040.000000 4066.666667 3958.461538 4211.794872 4086.666667 4041.538462 4043.589744 3865.128205 4215.384615 4034.871795 4076.923077 4074.358974 4140.512821
4087.692308 4089.230769 4104.615385 3978.974359 4213.846154 4117.435897 4081.538462 4094.358974 3935.897436 4220.000000 4070.769231 4123.076923 4118.974359 4147.692308
4097.435897 4100.512821 4115.897436 3982.051282 4216.923077 4149.743590 4102.051282 4110.769231 3949.743590 4218.974359 4078.461538 4131.794872 4136.410256 4148.205128
4094.358974 4094.871795 4110.769231 3974.871795 4210.769231 4150.256410 4103.589744 4105.128205 3947.692308 4218.461538 4089.743590 4128.717949 4150.256410 4148.205128
4092.307692 4084.615385 4107.179487 3972.307692 4211.794872 4143.076923 4098.461538 4098.974359 3987.692308 4220.512821 4090.256410 4124.615385 4143.589744 4153.333333
4081.538462 4074.358974 4099.487179 3961.538462 4212.820513 4131.282051 4089.743590 4090.769231 3999.487179 4218.461538 4068.205128 4109.230769 4117.948718 4146.666667
4072.820513 4063.589744 4093.333333 3951.794872 4212.820513 4115.897436 4082.051282 4077.435897 3984.615385 4218.461538 4065.641026 4101.538462 4116.923077 4150.256410
4067.692308 4047.692308 4085.641026 3944.615385 4212.820513 4106.153846 4066.666667 4056.410256 3977.948718 4221.025641 4059.487179 4096.410256 4109.743590 4153.333333
4046.666667 4025.128205 4067.692308 3934.871795 4211.282051 4098.461538 4040.512821 4031.282051 3953.846154 4217.948718 4023.589744 4072.820513 4063.589744 4143.076923
4033.846154 4013.846154 4057.948718 3938.974359 4215.897436 4102.564103 4033.846154 4029.230769 3941.025641 4221.538462 4013.846154 4060.000000 4044.102564 4146.153846
4024.615385 3995.384615 4045.128205 3936.923077 4213.846154 4083.589744 4024.615385 4027.692308 3945.641026 4229.230769 4015.897436 4050.256410 4048.205128 4145.641026
3954.871795 3909.230769 3986.666667 3902.564103 4211.794872 3996.923077 3944.615385 3955.897436 3870.769231 4224.102564 3945.641026 3977.435897 3970.256410 4126.666667
3842.564103 3783.076923 3901.025641 3857.435897 4214.358974 3931.282051 3837.948718 3848.205128 3729.743590 4220.512821 3837.948718 3860.000000 3832.820513 4097.435897
3793.846154 3725.641026 3862.051282 3846.153846 4211.282051 3929.743590 3804.615385 3805.641026 3657.948718 4224.102564 3794.871795 3803.589744 3766.666667 4077.435897
3788.717949 3709.743590 3853.333333 3784.102564 4215.384615 3903.589744 3794.358974 3801.025641 3638.974359 4220.512821 3785.641026 3794.358974 3755.384615 4079.487179
3760.512821 3669.230769 3827.179487 3613.333333 4215.897436 3885.128205 3756.410256 3787.179487 3631.794872 4216.410256 3766.666667 3771.794872 3736.923077 4075.384615
3751.794872 3651.282051 3817.435897 3500.512821 4211.282051 3911.794872 3739.487179 3780.000000 3635.384615 4219.487179 3767.179487 3758.461538 3733.846154 4076.410256
3753.333333 3648.717949 3813.846154 3508.717949 4214.358974 3898.974359 3728.717949 3751.794872 3591.282051 4217.948718 3761.025641 3744.615385 3731.282051 4081.025641
3715.897436 3610.769231 3779.487179 3508.205128 4213.333333 3848.717949 3683.589744 3701.025641 3509.743590 4216.410256 3715.897436 3700.000000 3680.000000 4067.179487
3692.307692 3577.948718 3761.025641 3488.205128 4214.871795 3836.410256 3659.487179 3692.307692 3500.512821 4221.025641 3684.102564 3675.384615 3630.769231 4056.923077
3697.435897 3580.512821 3763.589744 3504.102564 4218.461538 3848.717949 3670.256410 3708.205128 3527.179487 4221.025641 3684.615385 3683.076923 3625.128205 4053.333333
3670.256410 3556.923077 3740.000000 3513.846154 4218.461538 3845.641026 3644.615385 3674.358974 3463.076923 4219.487179 3652.820513 3649.743590 3596.410256 4050.256410
3641.025641 3516.923077 3711.794872 3498.974359 4218.974359 3828.205128 3605.128205 3632.820513 3390.256410 4218.974359 3613.846154 3602.051282 3554.871795 4046.153846
3649.743590 3512.307692 3712.820513 3472.820513 4215.384615 3811.794872 3606.153846 3637.948718 3410.256410 4218.974359 3622.051282 3605.128205 3556.410256 4038.461538
3647.179487 3508.717949 3712.820513 3420.000000 4215.897436 3798.461538 3606.153846 3635.897436 3424.615385 4220.512821 3623.076923 3610.769231 3554.358974 4037.435897
3628.717949 3495.897436 3695.384615 3366.153846 4215.897436 3790.256410 3588.205128 3613.333333 3367.179487 4218.974359 3602.051282 3588.717949 3536.923077 4029.743590
3635.384615 3503.589744 3694.358974 3335.384615 4213.333333 3801.538462 3593.333333 3617.435897 3335.897436 4218.461538 3610.769231 3591.794872 3556.923077 4027.179487
3631.282051 3495.384615 3692.307692 3298.461538 4212.820513 3800.000000 3586.153846 3615.384615 3352.307692 4219.487179 3609.230769 3588.717949 3558.974359 4030.256410
3573.333333 3433.846154 3642.051282 3257.948718 4207.179487 3744.102564 3521.538462 3552.820513 3292.820513 4220.000000 3545.641026 3523.589744 3487.179487 4007.692308
3527.692308 3385.128205 3603.589744 3259.487179 4207.692308 3700.000000 3475.384615 3500.512821 3203.589744 4218.974359 3492.820513 3469.743590 3430.769231 3995.384615
3522.564103 3381.025641 3601.025641 3268.717949 4208.205128 3702.051282 3481.025641 3500.512821 3207.692308 4217.435897 3489.743590 3464.615385 3428.717949 3998.461538
3513.846154 3367.179487 3588.717949 3272.820513 4205.128205 3702.564103 3474.871795 3487.692308 3240.512821 4216.923077 3482.564103 3447.179487 3420.000000 3994.871795
3532.820513 3390.256410 3605.641026 3306.153846 4208.717949 3710.769231 3482.564103 3491.282051 3245.128205 4218.461538 3490.256410 3457.948718 3432.307692 3998.974359
3597.435897 3480.000000 3665.128205 3326.153846 4206.153846 3753.846154 3547.692308 3560.512821 3297.948718 4220.000000 3545.641026 3534.358974 3507.179487 4008.205128
3643.589744 3530.256410 3696.410256 3328.205128 4206.153846 3784.615385 3594.871795 3612.820513 3383.076923 4219.487179 3584.615385 3579.487179 3557.435897 4018.974359
3655.384615 3525.641026 3689.743590 3348.717949 4209.743590 3795.897436 3594.871795 3612.307692 3399.487179 4218.974359 3587.179487 3568.205128 3557.435897 4018.461538
3673.846154 3547.179487 3694.871795 3376.410256 4204.615385 3798.974359 3604.102564 3617.948718 3389.743590 4219.487179 3599.487179 3577.435897 3571.282051 4021.025641
3682.051282 3568.205128 3707.179487 3407.692308 4205.641026 3791.282051 3615.897436 3627.179487 3422.564103 4218.974359 3606.153846 3593.846154 3587.179487 4028.717949
3674.358974 3564.615385 3707.179487 3416.923077 4207.179487 3809.230769 3621.025641 3620.000000 3437.435897 4218.461538 3599.487179 3591.282051 3585.641026 4022.051282
3692.820513 3583.589744 3723.076923 3396.410256 4204.615385 3848.717949 3640.000000 3632.820513 3441.025641 4219.487179 3618.461538 3609.230769 3603.076923 4023.589744
3720.512821 3620.000000 3742.051282 3386.153846 4201.538462 3853.846154 3657.435897 3663.589744 3487.179487 4219.487179 3646.666667 3641.025641 3637.948718 4028.205128
3724.615385 3635.384615 3737.948718 3398.974359 4198.974359 3835.897436 3656.410256 3672.307692 3514.358974 4218.461538 3648.717949 3649.230769 3651.282051 4025.128205
3710.256410 3611.794872 3724.615385 3406.153846 4200.000000 3830.256410 3640.000000 3655.384615 3477.435897 4217.948718 3632.820513 3635.384615 3628.205128 4026.153846
3692.307692 3580.000000 3709.230769 3385.128205 4193.846154 3828.717949 3626.153846 3637.948718 3446.666667 4217.435897 3609.230769 3616.410256 3594.871795 4020.000000
3681.025641 3561.538462 3695.384615 3361.025641 4191.282051 3814.358974 3621.538462 3631.282051 3470.256410 4217.948718 3588.717949 3601.538462 3569.230769 4020.000000
3676.410256 3551.282051 3691.794872 3359.487179 4198.461538 3809.230769 3623.076923 3633.333333 3506.666667 4219.487179 3590.256410 3595.384615 3563.076923 4026.153846
3675.897436 3555.897436 3694.871795 3369.230769 4196.923077 3816.410256 3622.564103 3636.410256 3512.307692 4220.000000 3597.435897 3596.410256 3568.717949 4023.589744
3685.128205 3575.897436 3700.512821 3384.615385 4196.410256 3808.205128 3621.025641 3631.282051 3503.589744 4218.461538 3590.769231 3602.051282 3570.256410 4024.615385
3710.769231 3601.538462 3711.282051 3395.384615 4197.435897 3814.358974 3634.358974 3632.820513 3530.769231 4217.435897 3605.641026 3621.538462 3594.871795 4025.128205
3724.102564 3606.153846 3718.974359 3407.179487 4197.435897 3840.000000 3642.051282 3637.948718 3546.666667 4218.461538 3626.666667 3636.923077 3616.410256 4026.153846
3719.487179 3606.666667 3717.948718 3423.589744 4202.564103 3841.538462 3634.871795 3636.923077 3518.461538 4220.512821 3618.974359 3631.794872 3598.974359 4028.717949
3731.282051 3624.102564 3724.102564 3446.153846 4201.538462 3844.615385 3641.025641 3648.717949 3533.333333 4217.948718 3628.717949 3641.538462 3608.205128 4034.871795
3747.692308 3626.666667 3735.897436 3470.769231 4202.564103 3872.307692 3654.358974 3661.025641 3570.769231 4216.923077 3653.846154 3664.102564 3645.128205 4045.641026
3742.564103 3621.025641 3733.333333 3475.384615 4202.051282 3887.179487 3653.333333 3654.358974 3561.025641 4224.102564 3644.615385 3664.102564 3636.923077 4034.871795
3728.717949 3620.512821 3721.538462 3470.769231 4199.487179 3861.538462 3639.487179 3645.641026 3542.051282 4225.641026 3622.051282 3642.051282 3600.000000 4022.051282
3714.871795 3605.128205 3706.666667 3471.794872 4203.589744 3831.282051 3622.051282 3633.846154 3525.641026 4219.487179 3605.641026 3615.897436 3580.000000 4024.102564
3697.948718 3580.000000 3690.769231 3472.820513 4202.564103 3824.615385 3607.179487 3620.000000 3498.461538 4217.435897 3590.256410 3594.871795 3568.717949 4012.820513
3681.538462 3560.512821 3684.615385 3480.512821 4206.153846 3829.743590 3601.538462 3612.820513 3502.051282 4219.487179 3585.128205 3582.564103 3555.384615 4009.743590
3676.410256 3555.897436 3678.461538 3480.512821 4208.205128 3841.025641 3605.128205 3614.358974 3527.692308 4218.461538 3587.692308 3583.076923 3548.717949 4015.897436
3687.692308 3571.282051 3678.974359 3482.051282 4200.000000 3843.589744 3605.641026 3620.512821 3528.205128 4217.948718 3591.794872 3591.282051 3551.282051 4015.897436
3708.205128 3589.230769 3695.384615 3502.564103 4202.051282 3841.025641 3608.717949 3632.307692 3534.871795 4221.025641 3608.717949 3604.102564 3571.282051 4018.974359
3728.205128 3611.794872 3712.307692 3526.666667 4204.102564 3856.410256 3630.256410 3648.717949 3567.692308 4218.974359 3633.333333 3624.615385 3604.102564 4025.641026
3752.307692 3647.692308 3728.717949 3545.128205 4204.102564 3882.564103 3654.871795 3663.076923 3601.025641 4218.974359 3653.846154 3649.743590 3630.769231 4034.871795
3772.307692 3672.820513 3742.564103 3545.641026 4206.153846 3887.692308 3669.230769 3673.846154 3615.384615 4224.102564 3667.692308 3668.205128 3646.153846 4026.153846
3774.871795 3672.307692 3740.512821 3535.384615 4204.615385 3883.076923 3673.846154 3669.743590 3622.564103 4224.102564 3667.179487 3666.153846 3647.692308 4018.974359
3777.435897 3673.333333 3736.923077 3543.076923 4203.076923 3900.512821 3680.000000 3661.025641 3630.256410 4218.974359 3660.000000 3660.000000 3643.589744 4030.769231
3783.076923 3682.051282 3737.435897 3557.435897 4201.538462 3903.589744 3690.769231 3670.769231 3633.846154 4214.358974 3666.666667 3662.564103 3651.282051 4029.230769
3782.051282 3681.538462 3741.538462 3563.589744 4204.615385 3890.769231 3705.641026 3692.820513 3654.358974 4217.948718 3679.487179 3672.307692 3657.948718 4028.205128
3803.076923 3702.051282 3760.000000 3569.743590 4204.615385 3914.358974 3731.794872 3730.256410 3698.461538 4225.641026 3703.589744 3702.564103 3684.102564 4035.384615
3845.128205 3743.076923 3784.102564 3581.025641 4202.051282 3949.230769 3757.435897 3764.102564 3743.589744 4223.076923 3735.897436 3736.923077 3734.871795 4041.025641
3857.948718 3758.461538 3788.717949 3589.743590 4206.666667 3943.589744 3757.435897 3762.564103 3756.923077 4220.512821 3741.025641 3740.000000 3746.153846 4042.051282
3854.871795 3767.692308 3791.794872 3590.769231 4202.051282 3937.948718 3755.897436 3757.435897 3754.871795 4224.615385 3741.538462 3742.051282 3742.051282 4040.000000
3887.179487 3803.589744 3820.512821 3604.102564 4200.000000 3954.871795 3780.512821 3787.179487 3792.307692 4225.641026 3774.871795 3780.000000 3784.102564 4050.769231
3921.538462 3835.897436 3841.025641 3621.538462 4207.179487 3968.205128 3804.615385 3813.846154 3843.589744 4223.076923 3806.666667 3810.256410 3827.692308 4057.948718
3920.000000 3846.666667 3836.923077 3623.589744 4204.102564 3981.025641 3806.666667 3809.230769 3841.025641 4220.512821 3806.666667 3808.717949 3824.615385 4054.358974
3911.282051 3842.564103 3842.564103 3618.974359 4202.051282 3989.743590 3813.333333 3806.153846 3826.153846 4221.025641 3801.025641 3810.256410 3816.410256 4062.564103
3928.205128 3846.153846 3860.512821 3613.846154 4201.025641 3988.205128 3836.410256 3828.205128 3856.410256 4226.153846 3817.948718 3831.794872 3842.564103 4067.692308
3956.923077 3878.974359 3872.820513 3626.666667 4200.000000 3994.358974 3852.307692 3846.666667 3882.051282 4227.179487 3838.461538 3854.358974 3865.128205 4070.769231
3972.820513 3915.384615 3880.512821 3647.692308 4203.076923 4011.282051 3860.000000 3851.282051 3891.794872 4217.948718 3846.666667 3864.615385 3868.717949 4073.333333
3975.897436 3918.461538 3883.589744 3653.333333 4200.000000 4024.615385 3872.307692 3863.076923 3907.692308 4214.358974 3854.871795 3868.717949 3879.487179 4070.769231
3977.948718 3911.282051 3888.205128 3663.076923 4200.512821 4017.948718 3880.000000 3877.435897 3916.923077 4222.564103 3865.128205 3871.794872 3891.282051 4076.923077
3988.717949 3933.846154 3893.333333 3678.461538 4200.000000 4008.717949 3885.128205 3886.666667 3925.641026 4226.153846 3872.307692 3883.076923 3897.948718 4074.358974
4003.589744 3957.948718 3901.025641 3687.692308 4199.487179 4023.589744 3895.384615 3889.743590 3946.153846 4224.615385 3880.000000 3902.051282 3909.230769 4070.769231
4014.871795 3964.102564 3913.846154 3691.282051 4205.641026 4041.025641 3910.256410 3895.897436 3964.615385 4218.974359 3893.846154 3917.435897 3924.102564 4075.384615
4022.564103 3971.794872 3918.974359 3694.358974 4203.076923 4029.230769 3918.461538 3905.128205 3973.333333 4216.410256 3902.564103 3926.666667 3931.282051 4073.333333
4026.153846 3975.384615 3917.948718 3703.076923 4202.051282 4026.666667 3921.538462 3908.717949 3975.384615 4220.512821 3898.974359 3926.666667 3925.641026 4076.923077
4035.897436 3984.102564 3921.538462 3709.230769 4203.076923 4051.282051 3937.435897 3922.564103 3979.487179 4223.589744 3907.179487 3931.282051 3935.897436 4080.000000
4043.589744 3994.358974 3929.743590 3713.333333 4200.512821 4050.769231 3952.307692 3937.435897 3995.897436 4222.564103 3921.538462 3941.025641 3950.769231 4078.974359
4034.871795 3988.717949 3928.717949 3718.461538 4203.589744 4039.487179 3950.256410 3934.358974 3998.461538 4217.948718 3912.820513 3938.974359 3938.974359 4079.487179
4039.487179 3995.384615 3930.256410 3718.461538 4204.102564 4055.384615 3961.025641 3945.128205 4000.000000 4217.948718 3912.820513 3944.102564 3944.102564 4080.000000
4062.564103 4020.000000 3948.717949 3725.641026 4203.076923 4065.641026 3987.692308 3975.897436 4027.692308 4221.538462 3940.000000 3974.358974 3976.923077 4090.256410
4078.974359 4043.076923 3961.538462 3733.846154 4197.948718 4065.128205 3999.487179 3990.256410 4056.410256 4220.000000 3967.179487 3998.974359 4002.564103 4096.923077
4085.128205 4057.435897 3961.538462 3735.897436 4193.846154 4076.410256 3997.435897 3985.641026 4057.948718 4220.000000 3974.358974 4004.102564 4010.256410 4098.461538
4090.769231 4062.564103 3967.179487 3743.589744 4198.974359 4094.871795 4005.641026 3988.205128 4052.820513 4221.025641 3972.307692 4011.282051 4013.846154 4103.076923
4097.948718 4072.307692 3977.435897 3747.692308 4194.871795 4096.923077 4017.948718 3997.435897 4068.205128 4220.000000 3984.102564 4025.128205 4024.102564 4100.000000
4106.666667 4083.076923 3986.666667 3750.256410 4189.230769 4091.794872 4020.000000 4005.641026 4086.153846 4218.974359 4004.615385 4035.384615 4040.000000 4105.128205
4114.358974 4086.666667 3995.384615 3757.948718 4192.820513 4088.717949 4020.512821 4009.230769 4073.846154 4218.461538 4008.717949 4041.538462 4048.205128 4109.743590
4108.205128 4081.538462 3996.923077 3766.153846 4200.512821 4085.128205 4020.000000 3998.974359 4046.666667 4218.974359 3991.282051 4034.358974 4028.205128 4107.692308
4097.435897 4072.307692 3993.333333 3772.820513 4212.820513 4080.000000 4009.743590 3984.102564 4047.692308 4219.487179 3977.948718 4022.564103 4007.692308 4108.205128
4096.923077 4071.282051 3994.871795 3778.461538 4215.384615 4071.282051 4009.230769 3990.769231 4062.564103 4218.974359 3985.641026 4025.128205 4015.897436 4101.538462
4109.743590 4086.666667 4010.769231 3792.820513 4217.948718 4079.487179 4032.307692 4016.410256 4073.333333 4218.974359 4003.076923 4037.948718 4033.846154 4107.179487
4127.692308 4111.282051 4026.666667 3804.102564 4222.564103 4102.051282 4056.410256 4038.461538 4100.512821 4218.461538 4023.076923 4056.410256 4056.410256 4115.897436
4132.820513 4123.589744 4029.743590 3803.589744 4212.820513 4115.384615 4062.564103 4046.153846 4128.717949 4217.948718 4034.358974 4068.717949 4075.384615 4115.897436
4133.333333 4124.615385 4033.333333 3807.692308 4206.666667 4116.410256 4069.230769 4049.743590 4128.717949 4218.461538 4037.948718 4071.794872 4080.000000 4122.564103
4139.487179 4131.794872 4032.820513 3806.666667 4204.615385 4118.974359 4080.000000 4056.410256 4117.435897 4218.461538 4042.564103 4078.461538 4084.615385 4121.025641
4150.256410 4143.589744 4037.948718 3807.179487 4200.512821 4123.076923 4084.615385 4066.153846 4141.538462 4218.974359 4055.384615 4094.358974 4104.102564 4120.000000
4164.102564 4156.923077 4050.769231 3814.871795 4195.384615 4124.102564 4091.794872 4074.358974 4173.333333 4220.000000 4069.230769 4103.589744 4118.974359 4120.512821
4176.410256 4171.282051 4055.897436 3822.051282 4194.358974 4129.230769 4094.871795 4068.205128 4149.743590 4219.487179 4070.769231 4101.025641 4120.000000 4114.358974
4184.615385 4178.461538 4058.974359 3829.743590 4203.076923 4126.153846 4088.205128 4061.538462 4128.205128 4218.974359 4066.666667 4104.102564 4117.435897 4116.923077
4197.435897 4189.230769 4067.179487 3834.358974 4202.564103 4121.025641 4096.410256 4081.025641 4171.794872 4219.487179 4077.435897 4123.076923 4131.794872 4120.000000
4210.769231 4199.487179 4072.820513 3842.051282 4198.974359 4138.461538 4112.820513 4092.820513 4199.487179 4218.974359 4094.871795 4133.333333 4150.256410 4124.102564
4214.358974 4204.102564 4077.948718 3852.820513 4203.589744 4163.076923 4121.538462 4086.666667 4191.794872 4220.512821 4102.564103 4130.769231 4156.923077 4125.128205
4226.153846 4215.897436 4093.333333 3855.897436 4200.512821 4163.589744 4134.871795 4103.076923 4214.358974 4220.512821 4115.897436 4148.205128 4169.743590 4121.538462
4229.743590 4213.846154 4096.410256 3858.461538 4203.589744 4137.435897 4137.435897 4113.333333 4219.487179 4217.948718 4116.923077 4157.948718 4167.179487 4124.102564
4204.102564 4186.153846 4072.820513 3857.435897 4206.153846 4125.641026 4116.410256 4084.102564 4175.384615 4218.461538 4092.307692 4130.769231 4133.333333 4113.333333
4187.179487 4167.179487 4061.538462 3859.487179 4201.538462 4135.384615 4102.051282 4063.076923 4162.564103 4220.000000 4077.435897 4108.717949 4110.769231 4103.589744
4205.128205 4182.051282 4076.923077 3869.743590 4204.102564 4141.025641 4116.410256 4084.102564 4190.769231 4218.974359 4090.256410 4120.000000 4126.153846 4112.307692
4221.025641 4200.000000 4085.641026 3875.897436 4203.589744 4145.128205 4134.871795 4106.666667 4197.435897 4214.871795 4103.589744 4133.333333 4137.948718 4117.948718
4207.179487 4189.743590 4077.435897 3877.435897 4203.589744 4133.333333 4123.589744 4094.358974 4188.205128 4220.000000 4098.974359 4124.615385 4127.179487 4118.461538
4218.974359 4211.282051 4087.692308 3884.615385 4203.589744 4140.000000 4133.333333 4100.512821 4210.769231 4230.256410 4116.923077 4139.487179 4162.564103 4118.974359
4283.589744 4289.230769 4133.846154 3908.205128 4200.000000 4202.564103 4199.487179 4158.974359 4280.000000 4225.641026 4173.333333 4200.000000 4241.538462 4134.358974
4332.820513 4339.487179 4172.307692 3930.256410 4204.102564 4240.000000 4244.615385 4201.025641 4340.000000 4222.051282 4217.435897 4245.641026 4286.153846 4151.282051
4339.487179 4342.051282 4176.923077 3934.871795 4204.102564 4218.461538 4237.435897 4192.820513 4348.717949 4225.641026 4224.615385 4247.692308 4289.230769 4145.641026
4359.487179 4366.666667 4191.282051 3942.564103 4203.589744 4226.153846 4249.743590 4200.512821 4360.512821 4221.538462 4231.282051 4258.461538 4304.102564 4149.743590
4388.205128 4407.179487 4216.923077 3953.846154 4202.564103 4270.256410 4288.205128 4237.948718 4395.384615 4221.538462 4250.769231 4288.205128 4327.692308 4154.871795
4389.743590 4407.179487 4221.538462 3958.974359 4200.000000 4273.846154 4302.564103 4255.897436 4408.717949 4227.179487 4255.897436 4299.487179 4329.230769 4147.179487
4397.435897 4400.000000 4226.666667 3965.128205 4204.615385 4262.564103 4304.615385 4267.692308 4417.435897 4222.051282 4262.051282 4303.076923 4333.846154 4146.666667
4415.897436 4412.307692 4236.923077 3970.256410 4206.153846 4271.794872 4315.384615 4286.153846 4444.615385 4215.384615 4278.974359 4315.897436 4355.384615 4144.615385
4414.871795 4416.923077 4238.974359 3976.410256 4207.179487 4273.846154 4318.974359 4284.102564 4455.897436 4221.025641 4283.076923 4322.051282 4359.487179 4148.205128
4415.897436 4427.179487 4241.025641 3977.948718 4207.692308 4276.923077 4316.923077 4270.769231 4436.923077 4219.487179 4278.461538 4321.538462 4350.769231 4152.307692
4428.717949 4443.076923 4245.128205 3975.897436 4206.153846 4293.846154 4321.025641 4275.384615 4431.282051 4215.897436 4282.564103 4322.564103 4365.641026 4153.846154
4428.205128 4432.307692 4247.692308 3983.076923 4211.282051 4298.461538 4331.794872 4284.102564 4447.692308 4220.000000 4285.641026 4326.153846 4372.820513 4160.512821
4423.589744 4422.564103 4248.717949 3986.153846 4209.743590 4290.769231 4344.615385 4288.717949 4460.512821 4218.974359 4283.589744 4334.358974 4357.948718 4156.410256
4431.794872 4434.358974 4254.871795 3989.743590 4209.230769 4291.794872 4352.820513 4291.282051 4462.564103 4218.461538 4288.205128 4340.512821 4357.948718 4156.923077
4442.564103 4444.102564 4262.564103 3997.948718 4212.307692 4302.564103 4356.923077 4292.820513 4456.923077 4224.102564 4294.358974 4348.205128 4371.794872 4164.615385
4448.205128 4449.230769 4268.205128 4000.000000 4208.717949 4306.153846 4359.487179 4301.538462 4466.153846 4225.128205 4300.000000 4362.564103 4381.538462 4165.641026
4448.205128 4446.153846 4272.820513 4005.128205 4210.769231 4300.000000 4359.487179 4306.153846 4485.128205 4217.948718 4304.102564 4362.051282 4385.128205 4173.333333
4451.282051 4444.102564 4272.307692 4008.205128 4210.769231 4298.974359 4368.717949 4313.333333 4496.410256 4217.435897 4312.820513 4354.358974 4394.871795 4175.384615
4459.487179 4454.871795 4276.923077 4010.769231 4208.717949 4296.923077 4375.384615 4323.076923 4495.384615 4221.538462 4320.000000 4361.538462 4397.948718 4172.820513
4456.410256 4462.051282 4284.615385 4016.410256 4211.794872 4292.307692 4367.179487 4319.487179 4481.025641 4220.000000 4309.230769 4366.153846 4381.538462 4167.179487
4445.128205 4451.794872 4280.000000 4015.897436 4209.230769 4295.384615 4362.564103 4317.948718 4478.974359 4220.512821 4303.076923 4364.102564 4375.384615 4156.410256
4443.589744 4436.923077 4273.333333 4018.974359 4208.717949 4307.179487 4368.205128 4326.153846 4492.307692 4220.512821 4310.256410 4364.615385 4387.179487 4160.512821
4449.743590 4441.025641 4274.358974 4021.025641 4211.282051 4313.846154 4370.769231 4327.692308 4490.769231 4216.410256 4312.820513 4363.076923 4395.384615 4165.128205
4452.820513 4452.307692 4284.102564 4024.615385 4214.358974 4298.974359 4367.179487 4321.025641 4483.076923 4217.948718 4306.666667 4364.615385 4391.282051 4170.256410
4451.282051 4452.820513 4289.230769 4031.282051 4214.871795 4294.871795 4370.256410 4324.102564 4498.974359 4220.512821 4310.256410 4371.794872 4396.923077 4175.384615
4446.153846 4446.153846 4281.025641 4032.307692 4208.717949 4311.282051 4376.410256 4329.743590 4505.641026 4218.461538 4316.410256 4366.153846 4402.051282 4175.384615
4441.025641 4435.897436 4274.358974 4033.846154 4213.333333 4309.743590 4376.410256 4321.538462 4488.205128 4216.923077 4300.512821 4352.307692 4386.153846 4181.538462
4441.025641 4431.282051 4276.923077 4031.282051 4214.871795 4293.846154 4377.435897 4318.461538 4497.948718 4218.461538 4289.743590 4354.358974 4381.538462 4178.461538
4443.589744 4434.358974 4281.538462 4032.307692 4209.743590 4304.615385 4380.512821 4318.974359 4508.205128 4219.487179 4293.846154 4357.948718 4388.205128 4178.974359
4442.051282 4441.025641 4280.512821 4039.487179 4212.307692 4319.487179 4381.538462 4315.384615 4487.692308 4220.512821 4291.794872 4352.307692 4382.051282 4182.564103
4433.333333 4435.897436 4273.333333 4041.538462 4211.282051 4304.615385 4381.025641 4317.435897 4478.461538 4217.435897 4285.128205 4353.333333 4374.358974 4173.846154
4425.128205 4416.410256 4270.256410 4045.128205 4212.307692 4288.717949 4378.974359 4318.461538 4484.102564 4220.512821 4277.948718 4353.333333 4366.153846 4176.923077
4429.743590 4415.897436 4275.897436 4045.128205 4212.307692 4295.897436 4373.333333 4314.358974 4476.923077 4227.692308 4276.923077 4347.179487 4361.538462 4177.435897
4439.487179 4423.076923 4282.564103 4051.282051 4211.282051 4300.000000 4368.205128 4313.333333 4476.923077 4224.102564 4282.564103 4349.230769 4372.820513 4172.307692
4440.000000 4412.820513 4285.128205 4060.512821 4215.384615 4295.897436 4368.717949 4311.794872 4483.076923 4217.948718 4283.589744 4358.974359 4381.025641 4174.358974
4447.692308 4425.641026 4289.230769 4057.435897 4210.769231 4298.461538 4375.897436 4308.205128 4477.435897 4216.410256 4284.615385 4363.076923 4377.435897 4172.307692
4462.051282 4449.230769 4294.871795 4060.512821 4208.717949 4294.871795 4371.794872 4306.666667 4481.538462 4218.974359 4291.282051 4356.410256 4381.538462 4174.871795
4453.333333 4442.051282 4286.153846 4066.666667 4210.769231 4284.615385 4362.564103 4304.102564 4489.230769 4223.589744 4291.794872 4349.743590 4390.256410 4173.333333
4437.948718 4427.692308 4278.974359 4066.666667 4210.769231 4283.076923 4363.589744 4304.102564 4473.333333 4224.102564 4285.641026 4352.307692 4384.102564 4171.794872
4449.230769 4431.282051 4289.743590 4070.769231 4213.333333 4294.358974 4370.256410 4307.179487 4469.230769 4217.948718 4285.641026 4360.000000 4380.512821 4183.076923
4460.000000 4436.923077 4296.410256 4073.846154 4211.282051 4305.641026 4374.871795 4306.666667 4487.179487 4214.358974 4294.358974 4370.256410 4396.410256 4181.538462
4450.769231 4431.794872 4291.794872 4076.410256 4211.282051 4309.743590 4378.974359 4307.179487 4491.282051 4221.025641 4293.846154 4374.358974 4398.461538 4177.435897
4452.307692 4430.769231 4293.333333 4080.000000 4213.333333 4312.307692 4387.179487 4323.589744 4492.307692 4227.179487 4296.923077 4375.384615 4395.384615 4180.512821
4463.076923 4442.051282 4300.512821 4081.538462 4212.820513 4314.358974 4392.307692 4336.923077 4503.589744 4224.102564 4310.769231 4382.051282 4404.615385 4185.128205
4463.076923 4451.282051 4306.666667 4089.230769 4217.948718 4318.974359 4394.358974 4338.461538 4512.307692 4219.487179 4313.333333 4389.743590 4405.641026 4191.282051
4462.051282 4451.282051 4307.179487 4092.820513 4214.358974 4323.589744 4403.589744 4348.717949 4521.538462 4216.923077 4307.692308 4393.333333 4402.564103 4189.743590
4461.538462 4446.666667 4304.102564 4093.333333 4210.256410 4325.641026 4404.102564 4343.589744 4513.846154 4218.461538 4301.025641 4382.564103 4398.461538 4193.846154
4455.897436 4450.256410 4298.461538 4100.512821 4217.435897 4327.179487 4391.282051 4317.948718 4486.153846 4222.564103 4294.871795 4365.128205 4388.717949 4197.948718
4458.974359 4463.589744 4297.435897 4105.128205 4216.410256 4321.538462 4388.717949 4321.025641 4490.769231 4223.589744 4298.461538 4367.692308 4394.871795 4194.871795
4462.051282 4465.641026 4305.128205 4105.128205 4211.794872 4308.205128 4394.358974 4341.025641 4517.948718 4219.487179 4304.615385 4380.512821 4405.641026 4198.461538
4450.256410 4452.307692 4303.076923 4101.025641 4211.794872 4306.666667 4397.948718 4337.435897 4498.461538 4215.897436 4304.102564 4377.435897 4402.564103 4191.282051
4443.076923 4450.256410 4296.923077 4104.615385 4214.871795 4328.205128 4405.128205 4331.794872 4481.538462 4216.923077 4309.743590 4373.846154 4408.205128 4187.179487
4450.769231 4461.025641 4299.487179 4113.846154 4216.923077 4331.794872 4405.128205 4341.538462 4505.641026 4223.076923 4313.333333 4379.487179 4414.871795 4191.794872
4447.692308 4451.282051 4296.923077 4111.282051 4212.307692 4311.282051 4392.820513 4342.051282 4493.846154 4228.205128 4298.461538 4370.769231 4396.923077 4186.153846
4435.897436 4426.666667 4292.307692 4110.769231 4213.333333 4301.538462 4389.230769 4332.307692 4461.025641 4222.051282 4291.794872 4363.589744 4387.179487 4189.230769
4433.846154 4427.179487 4285.641026 4113.846154 4213.333333 4311.282051 4396.410256 4330.769231 4469.230769 4213.846154 4296.923077 4369.230769 4391.794872 4191.282051
4429.230769 4432.307692 4276.923077 4114.358974 4211.282051 4316.410256 4395.384615 4329.743590 4476.410256 4217.948718 4286.153846 4361.538462 4382.051282 4189.743590
4414.358974 4420.000000 4275.897436 4115.384615 4216.923077 4313.333333 4392.307692 4328.205128 4462.564103 4219.487179 4278.974359 4349.743590 4372.820513 4189.743590
4410.769231 4417.435897 4281.538462 4117.948718 4214.871795 4313.333333 4399.487179 4336.410256 4471.282051 4216.410256 4298.461538 4360.512821 4388.717949 4182.051282
4420.512821 4423.589744 4288.717949 4124.102564 4214.871795 4307.179487 4401.025641 4341.025641 4482.051282 4216.410256 4313.846154 4375.384615 4397.948718 4181.538462
4427.179487 4428.717949 4293.846154 4126.666667 4216.923077 4309.743590 4405.128205 4347.692308 4477.948718 4216.410256 4311.282051 4382.564103 4392.307692 4188.205128
4436.410256 4437.435897 4302.051282 4131.794872 4215.384615 4328.205128 4417.948718 4357.948718 4491.282051 4217.435897 4315.897436 4397.435897 4397.435897 4203.589744
4440.512821 4433.333333 4305.641026 4136.923077 4215.897436 4334.358974 4416.923077 4356.923077 4503.076923 4217.435897 4322.564103 4403.589744 4403.589744 4206.666667
4434.358974 4420.512821 4298.461538 4130.769231 4211.282051 4326.153846 4406.153846 4354.871795 4494.358974 4216.923077 4322.051282 4395.897436 4401.025641 4192.307692
4436.923077 4425.128205 4298.974359 4133.846154 4213.846154 4323.076923 4409.743590 4363.076923 4484.102564 4217.435897 4324.102564 4401.025641 4398.974359 4198.461538
4444.615385 4439.487179 4305.641026 4140.000000 4218.461538 4317.948718 4416.410256 4369.230769 4494.871795 4217.435897 4331.282051 4413.333333 4407.179487 4205.641026
4445.641026 4431.282051 4306.153846 4141.025641 4213.846154 4313.333333 4410.256410 4363.076923 4540.512821 4217.435897 4335.897436 4408.205128 4412.307692 4201.025641
4443.076923 4414.871795 4303.076923 4145.128205 4216.410256 4320.512821 4402.051282 4356.923077 4586.153846 4217.435897 4334.358974 4396.410256 4403.589744 4204.615385
4442.564103 4425.641026 4301.538462 4145.641026 4216.410256 4335.897436 4410.769231 4361.025641 4593.846154 4217.435897 4335.384615 4396.923077 4401.025641 4209.743590
4447.692308 4437.435897 4307.692308 4152.820513 4215.897436 4332.820513 4422.051282 4368.717949 4585.128205 4217.435897 4340.512821 4401.025641 4409.230769 4216.923077
4454.871795 4432.820513 4311.282051 4161.025641 4217.948718 4313.333333 4420.512821 4374.358974 4586.153846 4217.435897 4343.589744 4400.000000 4414.358974 4211.282051
4452.820513 4430.256410 4308.205128 4161.538462 4216.923077 4317.948718 4415.384615 4372.307692 4590.769231 4217.435897 4344.615385 4397.948718 4413.333333 4203.589744
4447.692308 4430.256410 4307.179487 4166.666667 4217.948718 4328.717949 4412.820513 4363.076923 4588.717949 4217.435897 4347.692308 4397.948718 4411.794872 4212.307692
4447.692308 4430.769231 4307.692308 4171.794872 4213.846154 4319.487179 4413.846154 4362.564103 4581.025641 4217.435897 4352.307692 4393.846154 4413.846154 4211.794872
4452.307692 4425.641026 4309.230769 4175.897436 4214.871795 4320.000000 4415.897436 4370.256410 4586.666667 4217.435897 4345.128205 4390.256410 4410.769231 4211.794872
4456.923077 4426.153846 4310.769231 4180.000000 4218.461538 4333.333333 4418.974359 4369.743590 4598.461538 4217.435897 4341.025641 4392.820513 4411.282051 4214.871795
4457.435897 4440.512821 4312.307692 4181.025641 4213.333333 4326.153846 4418.461538 4367.179487 4587.692308 4217.435897 4353.846154 4396.410256 4418.974359 4214.358974
4455.897436 4444.102564 4320.000000 4182.051282 4214.871795 4315.897436 4416.923077 4370.769231 4584.615385 4217.435897 4361.025641 4401.538462 4415.384615 4221.538462
4457.948718 4439.487179 4322.564103 4181.538462 4215.897436 4330.256410 4421.538462 4372.307692 4606.666667 4216.923077 4362.564103 4412.307692 4414.871795 4220.512821
4461.025641 4445.128205 4323.589744 4189.743590 4216.410256 4340.512821 4421.025641 4368.717949 4607.692308 4216.923077 4365.641026 4414.871795 4426.153846 4216.410256
4460.000000 4448.205128 4331.282051 4198.461538 4218.974359 4329.230769 4416.923077 4374.871795 4592.307692 4218.974359 4369.230769 4411.282051 4431.794872 4216.410256
4460.000000 4446.666667 4335.897436 4197.948718 4216.410256 4320.000000 4418.974359 4387.692308 4596.923077 4215.897436 4375.384615 4415.384615 4430.256410 4214.871795
4457.435897 4453.846154 4340.000000 4202.564103 4217.948718 4333.333333 4425.128205 4387.692308 4615.384615 4216.923077 4376.923077 4417.948718 4429.743590 4218.974359
4461.538462 4464.615385 4342.564103 4204.615385 4217.435897 4343.589744 4430.256410 4383.076923 4626.666667 4225.641026 4371.794872 4415.384615 4436.410256 4215.384615
4463.076923 4455.384615 4340.512821 4204.102564 4217.435897 4327.179487 4424.102564 4381.538462 4624.615385 4224.102564 4371.794872 4414.871795 4439.487179 4214.871795
4448.717949 4442.051282 4335.384615 4207.692308 4220.512821 4314.358974 4414.871795 4376.923077 4608.205128 4216.923077 4372.307692 4410.256410 4431.282051 4215.384615
4439.487179 4444.615385 4333.846154 4208.205128 4216.923077 4321.538462 4418.974359 4381.538462 4607.179487 4217.435897 4372.307692 4405.641026 4427.692308 4206.153846
4444.102564 4447.179487 4341.538462 4213.846154 4217.435897 4335.897436 4426.666667 4390.769231 4636.410256 4221.025641 4378.974359 4409.743590 4432.820513 4209.743590
4445.128205 4447.692308 4345.641026 4218.974359 4217.948718 4335.384615 4425.641026 4390.769231 4642.051282 4217.948718 4380.512821 4412.307692 4435.384615 4215.384615
4441.025641 4455.897436 4348.205128 4223.076923 4215.384615 4329.743590 4428.205128 4388.205128 4630.769231 4215.384615 4373.333333 4417.948718 4434.358974 4220.000000
4445.641026 4464.102564 4355.384615 4229.230769 4216.410256 4342.564103 4439.487179 4395.897436 4650.256410 4223.076923 4377.948718 4425.641026 4437.435897 4225.128205
4447.692308 4461.538462 4353.333333 4225.641026 4213.333333 4350.769231 4439.487179 4400.512821 4655.897436 4227.179487 4385.641026 4422.051282 4436.923077 4218.974359
4439.487179 4448.717949 4348.717949 4221.025641 4216.410256 4337.948718 4432.307692 4390.256410 4641.025641 4220.512821 4376.410256 4410.769231 4430.256410 4217.435897
4429.743590 4436.923077 4348.205128 4218.461538 4219.487179 4336.410256 4434.871795 4385.641026 4642.564103 4215.384615 4367.692308 4404.615385 4425.128205 4212.307692
4424.102564 4432.820513 4347.179487 4217.948718 4217.948718 4339.487179 4431.794872 4388.717949 4630.769231 4219.487179 4365.641026 4401.025641 4421.538462 4209.230769
4425.641026 4431.282051 4344.615385 4218.974359 4220.512821 4318.461538 4415.897436 4383.589744 4608.205128 4219.487179 4358.974359 4396.410256 4416.410256 4212.820513
4424.615385 4431.282051 4341.025641 4217.435897 4216.410256 4312.307692 4408.717949 4371.794872 4608.717949 4216.410256 4356.410256 4394.871795 4415.897436 4208.205128
4422.051282 4433.333333 4344.102564 4224.102564 4217.435897 4322.051282 4410.256410 4369.230769 4610.769231 4219.487179 4358.974359 4397.948718 4415.897436 4211.794872
4425.641026 4436.923077 4348.717949 4225.641026 4221.538462 4316.923077 4411.794872 4375.384615 4605.128205 4218.974359 4366.153846 4408.205128 4419.487179 4217.948718
4430.769231 4435.384615 4350.256410 4222.051282 4218.461538 4314.358974 4413.333333 4373.333333 4606.153846 4217.435897 4373.333333 4414.358974 4425.641026 4223.076923
4438.461538 4433.333333 4352.307692 4228.205128 4218.974359 4322.564103 4413.333333 4368.205128 4607.179487 4218.974359 4370.256410 4410.769231 4428.205128 4232.820513
4442.564103 4440.000000 4352.307692 4230.769231 4215.384615 4324.102564 4421.025641 4382.051282 4606.666667 4218.974359 4375.897436 4414.358974 4444.102564 4232.820513
4428.717949 4428.717949 4345.641026 4230.256410 4216.923077 4304.615385 4420.000000 4392.307692 4596.923077 4218.974359 4374.871795 4409.743590 4440.000000 4230.256410
4411.794872 4414.358974 4335.384615 4228.205128 4220.512821 4299.487179 4408.205128 4383.589744 4581.025641 4220.000000 4357.435897 4390.769231 4414.871795 4227.179487
4430.256410 4431.794872 4346.666667 4232.820513 4216.410256 4325.128205 4416.410256 4392.307692 4597.948718 4220.000000 4363.076923 4400.512821 4425.641026 4229.230769
4446.153846 4438.461538 4356.923077 4240.512821 4217.948718 4332.820513 4425.641026 4404.102564 4608.717949 4217.948718 4374.871795 4419.487179 4435.897436 4231.794872
4428.717949 4420.000000 4337.948718 4232.307692 4216.410256 4311.282051 4413.846154 4386.666667 4568.205128 4218.461538 4356.923077 4398.974359 4404.615385 4216.410256
4434.871795 4424.615385 4336.410256 4235.384615 4216.923077 4307.692308 4412.820513 4383.589744 4548.717949 4220.000000 4348.205128 4387.692308 4396.923077 4216.923077
4475.897436 4460.000000 4369.743590 4250.769231 4221.025641 4344.615385 4444.102564 4420.000000 4593.846154 4220.512821 4377.435897 4424.102564 4443.589744 4228.717949
4495.897436 4489.743590 4392.307692 4253.333333 4218.461538 4365.128205 4469.743590 4447.692308 4645.641026 4218.974359 4410.769231 4461.025641 4481.538462 4230.769231
4496.410256 4493.846154 4392.820513 4257.435897 4222.564103 4357.948718 4469.743590 4447.179487 4651.282051 4220.000000 4420.000000 4463.076923 4485.641026 4235.897436
4497.948718 4485.641026 4388.205128 4262.051282 4224.102564 4366.666667 4470.256410 4448.205128 4633.333333 4218.974359 4417.435897 4456.410256 4489.743590 4231.794872
4461.538462 4483.589744 4385.128205 4263.076923 4220.512821 4376.923077 4471.794872 4444.615385 4625.641026 4217.948718 4408.717949 4453.846154 4484.102564 4229.743590
4394.871795 4483.589744 4389.743590 4262.564103 4221.538462 4362.051282 4467.179487 4436.923077 4625.641026 4223.589744 4410.769231 4456.410256 4480.512821 4233.333333
4365.128205 4474.358974 4397.435897 4260.000000 4221.025641 4347.179487 4467.692308 4442.051282 4629.230769 4224.102564 4426.666667 4464.615385 4494.871795 4231.282051
4368.205128 4472.307692 4398.461538 4263.076923 4221.025641 4353.846154 4469.230769 4441.025641 4625.641026 4217.435897 4421.025641 4461.538462 4488.717949 4237.435897
4363.589744 4488.717949 4391.282051 4266.666667 4216.923077 4366.153846 4467.692308 4432.307692 4605.128205 4216.410256 4397.948718 4454.358974 4468.205128 4236.410256
4356.923077 4486.666667 4390.769231 4268.717949 4217.948718 4358.974359 4466.153846 4436.923077 4589.230769 4221.025641 4394.871795 4455.897436 4468.717949 4232.307692
4360.512821 4471.282051 4396.923077 4268.717949 4224.615385 4340.000000 4466.153846 4445.128205 4612.820513 4219.487179 4413.846154 4460.000000 4486.153846 4233.846154
4360.512821 4477.435897 4396.410256 4267.692308 4218.461538 4346.666667 4466.666667 4444.102564 4639.487179 4216.410256 4421.538462 4463.589744 4491.794872 4230.769231
4356.923077 4480.000000 4390.769231 4272.307692 4218.974359 4361.538462 4462.564103 4435.897436 4602.564103 4218.461538 4403.076923 4453.846154 4472.307692 4229.743590
4354.871795 4478.461538 4387.179487 4268.717949 4222.564103 4351.282051 4459.487179 4433.846154 4561.538462 4218.974359 4395.384615 4441.538462 4464.615385 4224.102564
4358.461538 4470.256410 4392.307692 4267.179487 4220.000000 4344.102564 4459.487179 4437.435897 4593.846154 4217.948718 4418.974359 4451.794872 4483.076923 4227.692308
4362.051282 4462.564103 4395.897436 4274.871795 4222.564103 4354.871795 4456.923077 4436.410256 4614.358974 4217.435897 4427.692308 4460.512821 4477.948718 4235.384615
4360.000000 4491.794872 4388.717949 4275.897436 4221.538462 4354.358974 4452.820513 4436.410256 4582.051282 4216.923077 4411.282051 4450.769231 4453.846154 4230.256410
