4126.153846 4098.461538 4124.102564 4154.358974 4213.846154 4120.000000 4142.051282 4129.743590 4144.102564 4236.410256 4130.769231 3902.051282 4164.615385 4181.538462
4111.794872 4084.615385 4102.564103 4138.461538 4216.410256 4109.230769 4122.564103 4112.820513 4124.615385 4228.205128 4121.538462 3889.743590 4151.794872 4176.410256
4107.179487 4077.948718 4095.384615 4128.205128 4220.512821 4099.487179 4110.769231 4097.948718 4110.256410 4229.230769 4118.974359 3887.179487 4144.102564 4177.948718
4119.487179 4093.333333 4114.871795 4139.487179 4215.897436 4100.512821 4118.974359 4104.615385 4126.153846 4237.948718 4128.717949 3892.820513 4161.538462 4183.589744
4117.435897 4087.692308 4113.846154 4135.897436 4217.948718 4098.974359 4107.692308 4093.846154 4117.435897 4232.307692 4120.512821 3893.333333 4158.461538 4185.128205
4111.282051 4083.589744 4104.615385 4126.666667 4216.923077 4103.589744 4101.538462 4084.102564 4102.051282 4223.076923 4115.897436 3882.051282 4152.307692 4177.948718
4099.487179 4068.717949 4088.717949 4114.358974 4217.948718 4098.974359 4091.282051 4070.256410 4085.641026 4227.692308 4110.256410 3884.102564 4132.307692 4179.487179
4091.794872 4058.461538 4084.102564 4114.871795 4218.461538 4087.692308 4087.179487 4064.102564 4086.153846 4232.307692 4108.205128 3879.487179 4115.384615 4176.923077
4090.256410 4058.461538 4087.692308 4117.435897 4216.410256 4088.205128 4092.307692 4068.717949 4090.256410 4231.794872 4109.230769 3870.769231 4112.820513 4181.025641
4091.794872 4062.564103 4090.256410 4115.384615 4218.461538 4097.435897 4095.897436 4072.307692 4088.717949 4233.846154 4107.179487 3882.051282 4111.282051 4190.256410
4080.512821 4058.974359 4077.948718 4110.769231 4214.358974 4094.358974 4092.307692 4067.179487 4088.717949 4226.666667 4097.435897 3869.230769 4096.410256 4170.256410
4082.051282 4065.128205 4076.923077 4117.948718 4218.974359 4095.897436 4104.615385 4078.461538 4103.589744 4238.461538 4107.179487 3883.076923 4098.461538 4188.205128
4216.923077 4240.000000 4230.769231 4255.897436 4225.128205 4177.435897 4264.615385 4235.384615 4270.769231 4293.333333 4240.512821 3982.564103 4274.358974 4273.846154
4409.230769 4497.435897 4454.871795 4460.000000 4222.564103 4293.333333 4489.743590 4453.333333 4513.333333 4314.358974 4423.076923 4071.282051 4525.128205 4324.102564
4475.897436 4590.256410 4531.794872 4537.948718 4226.666667 4334.871795 4571.282051 4528.205128 4595.897436 4273.846154 4485.641026 4077.435897 4610.256410 4292.820513
4488.717949 4610.256410 4545.128205 4554.358974 4225.128205 4341.025641 4590.256410 4542.564103 4606.153846 4250.769231 4495.897436 4057.948718 4625.128205 4265.641026
4521.025641 4653.846154 4582.564103 4587.179487 4222.051282 4363.589744 4627.692308 4575.384615 4645.641026 4254.358974 4519.487179 4068.717949 4657.948718 4278.974359
4524.615385 4662.564103 4590.256410 4592.307692 4222.564103 4372.820513 4638.974359 4585.641026 4655.897436 4242.051282 4520.512821 4067.179487 4657.948718 4265.128205
4514.358974 4652.307692 4580.512821 4582.564103 4218.974359 4362.564103 4629.230769 4580.512821 4642.051282 4233.333333 4508.717949 4051.282051 4645.641026 4245.128205
4517.948718 4657.948718 4581.538462 4586.153846 4224.102564 4361.538462 4626.153846 4573.333333 4632.820513 4235.384615 4502.051282 4056.410256 4637.435897 4253.333333
4527.692308 4682.564103 4600.512821 4603.589744 4221.025641 4373.846154 4646.153846 4588.717949 4650.256410 4240.000000 4509.743590 4064.615385 4643.589744 4252.307692
4527.692308 4680.000000 4605.128205 4598.461538 4215.897436 4376.923077 4651.794872 4597.435897 4654.871795 4241.025641 4511.282051 4075.384615 4642.051282 4244.615385
4524.615385 4661.538462 4595.384615 4585.641026 4221.025641 4375.384615 4645.128205 4586.666667 4644.615385 4234.871795 4501.025641 4081.538462 4629.230769 4240.512821
4536.923077 4673.333333 4606.666667 4595.897436 4221.025641 4381.025641 4658.974359 4602.564103 4668.717949 4236.923077 4506.666667 4085.641026 4643.076923 4245.128205
4538.974359 4674.358974 4612.820513 4598.461538 4220.512821 4378.461538 4651.794872 4602.564103 4673.846154 4241.538462 4508.717949 4092.820513 4647.179487 4249.230769
4542.564103 4676.923077 4619.487179 4605.641026 4218.461538 4377.948718 4648.717949 4594.358974 4668.205128 4236.923077 4520.512821 4094.358974 4654.358974 4240.000000
4545.128205 4673.333333 4621.025641 4608.205128 4224.615385 4381.538462 4655.897436 4598.974359 4667.179487 4230.256410 4530.256410 4100.512821 4661.025641 4241.538462
4535.384615 4657.435897 4611.282051 4596.923077 4229.743590 4376.923077 4650.256410 4596.923077 4657.948718 4229.743590 4519.487179 4102.051282 4648.717949 4244.615385
4532.307692 4657.435897 4608.717949 4595.897436 4223.589744 4375.384615 4647.179487 4594.871795 4659.487179 4229.230769 4518.974359 4098.461538 4646.666667 4242.051282
4524.615385 4641.025641 4595.897436 4589.230769 4224.615385 4372.307692 4636.410256 4583.589744 4647.692308 4228.717949 4513.333333 4108.205128 4632.820513 4245.641026
4527.692308 4639.487179 4601.025641 4593.846154 4221.538462 4374.358974 4644.102564 4591.282051 4650.256410 4234.871795 4508.205128 4110.256410 4632.820513 4245.128205
4531.794872 4643.589744 4605.641026 4595.897436 4219.487179 4376.923077 4649.743590 4595.897436 4652.307692 4235.384615 4504.102564 4110.256410 4632.820513 4246.153846
4523.076923 4629.230769 4593.846154 4586.666667 4224.102564 4376.410256 4636.923077 4582.564103 4640.512821 4232.307692 4499.487179 4117.948718 4620.512821 4246.153846
4520.000000 4630.256410 4596.923077 4590.256410 4220.000000 4382.051282 4643.076923 4592.307692 4654.358974 4230.769231 4507.692308 4115.897436 4629.743590 4243.076923
4508.717949 4613.846154 4585.641026 4577.435897 4222.564103 4374.358974 4632.820513 4584.615385 4647.692308 4229.230769 4496.923077 4113.846154 4613.846154 4245.641026
4506.153846 4603.076923 4577.948718 4567.692308 4224.615385 4364.615385 4612.307692 4566.666667 4631.794872 4229.230769 4487.692308 4114.871795 4602.051282 4243.076923
4511.794872 4607.179487 4582.051282 4570.256410 4223.589744 4363.589744 4602.564103 4558.461538 4627.179487 4230.256410 4490.256410 4123.589744 4611.282051 4245.641026
4509.743590 4602.564103 4580.512821 4566.666667 4225.641026 4362.051282 4602.564103 4555.897436 4621.538462 4232.307692 4488.205128 4133.333333 4608.717949 4251.794872
4510.256410 4604.102564 4580.512821 4569.743590 4220.512821 4361.025641 4609.743590 4563.589744 4628.205128 4232.820513 4492.307692 4127.692308 4609.743590 4243.589744
4502.051282 4589.230769 4565.641026 4559.487179 4222.564103 4356.923077 4591.794872 4547.179487 4616.923077 4229.743590 4485.128205 4131.282051 4596.923077 4241.538462
4504.615385 4590.769231 4570.769231 4559.487179 4223.589744 4361.025641 4592.820513 4545.128205 4610.256410 4232.820513 4481.538462 4137.435897 4596.923077 4244.615385
4510.769231 4601.025641 4581.025641 4566.666667 4220.512821 4367.179487 4607.179487 4559.487179 4613.333333 4236.923077 4483.076923 4135.897436 4602.564103 4245.641026
4496.923077 4586.153846 4561.025641 4552.820513 4227.179487 4363.589744 4591.794872 4546.153846 4599.487179 4232.307692 4470.769231 4140.000000 4583.589744 4242.564103
4486.666667 4582.564103 4548.205128 4547.179487 4225.641026 4360.000000 4584.102564 4537.948718 4594.871795 4226.666667 4465.128205 4135.897436 4576.410256 4233.846154
4478.974359 4573.333333 4540.000000 4538.974359 4226.153846 4356.410256 4571.794872 4525.641026 4579.487179 4230.256410 4456.923077 4135.384615 4565.641026 4241.538462
4482.051282 4575.897436 4543.076923 4537.435897 4228.205128 4361.538462 4567.692308 4523.076923 4577.948718 4235.897436 4461.025641 4144.102564 4568.717949 4247.179487
4489.743590 4582.051282 4550.769231 4539.487179 4225.128205 4367.692308 4576.410256 4534.871795 4592.820513 4233.846154 4475.384615 4148.717949 4587.179487 4242.564103
4480.000000 4560.512821 4534.358974 4520.512821 4227.179487 4357.435897 4564.102564 4522.564103 4572.820513 4226.666667 4465.641026 4150.769231 4574.358974 4240.000000
4481.538462 4567.179487 4528.205128 4517.435897 4224.102564 4353.333333 4563.589744 4521.025641 4564.615385 4227.179487 4464.615385 4150.256410 4571.794872 4237.948718
4482.051282 4569.743590 4529.230769 4516.923077 4224.102564 4355.384615 4558.461538 4524.102564 4567.692308 4231.282051 4464.615385 4156.923077 4570.769231 4241.538462
4480.000000 4560.000000 4533.333333 4511.794872 4226.666667 4353.333333 4550.256410 4521.025641 4568.205128 4228.205128 4462.564103 4163.076923 4572.307692 4240.512821
4480.512821 4563.076923 4536.410256 4511.794872 4228.205128 4351.282051 4553.333333 4517.948718 4565.641026 4224.102564 4465.641026 4160.000000 4577.435897 4237.948718
4469.743590 4552.820513 4519.487179 4502.564103 4229.743590 4346.153846 4541.025641 4503.589744 4544.102564 4229.743590 4454.871795 4163.589744 4561.025641 4242.051282
4471.282051 4558.974359 4523.076923 4508.205128 4222.051282 4352.307692 4544.102564 4513.333333 4554.871795 4236.923077 4459.487179 4165.128205 4571.282051 4242.051282
4466.153846 4552.820513 4521.538462 4503.589744 4225.641026 4355.384615 4541.538462 4516.410256 4561.025641 4229.743590 4461.538462 4168.205128 4574.871795 4243.076923
4453.333333 4530.256410 4505.128205 4485.128205 4230.769231 4347.692308 4530.769231 4500.512821 4542.564103 4221.538462 4448.717949 4171.282051 4554.871795 4242.051282
4454.871795 4532.307692 4506.153846 4485.128205 4225.641026 4343.076923 4530.769231 4499.487179 4539.487179 4230.256410 4444.615385 4168.205128 4556.410256 4240.000000
4454.358974 4533.333333 4503.076923 4486.666667 4230.256410 4342.564103 4522.564103 4495.897436 4531.282051 4234.358974 4440.000000 4173.846154 4554.871795 4247.692308
4457.435897 4538.974359 4507.692308 4494.358974 4229.230769 4345.641026 4530.256410 4503.076923 4536.923077 4228.205128 4447.692308 4176.410256 4563.589744 4246.153846
4456.410256 4533.846154 4505.641026 4494.358974 4225.641026 4343.076923 4529.743590 4502.051282 4537.948718 4226.153846 4447.692308 4178.461538 4566.153846 4244.102564
4453.846154 4529.230769 4500.512821 4491.794872 4226.666667 4343.076923 4520.512821 4494.358974 4529.743590 4229.743590 4441.538462 4184.615385 4561.025641 4246.153846
4451.794872 4536.923077 4502.564103 4493.333333 4225.641026 4347.692308 4521.025641 4499.487179 4535.384615 4229.230769 4441.538462 4182.051282 4566.666667 4242.564103
4436.923077 4516.410256 4487.179487 4474.871795 4231.282051 4339.487179 4504.102564 4485.641026 4521.025641 4227.692308 4427.179487 4183.589744 4552.307692 4242.564103
4438.974359 4515.384615 4490.769231 4476.410256 4229.743590 4340.000000 4508.205128 4484.615385 4521.025641 4231.282051 4429.230769 4184.615385 4559.487179 4242.564103
4444.615385 4522.051282 4496.410256 4482.564103 4225.128205 4345.128205 4514.871795 4487.692308 4528.717949 4234.871795 4437.948718 4190.769231 4569.230769 4246.666667
4438.974359 4510.769231 4487.692308 4472.307692 4230.256410 4340.000000 4501.538462 4476.923077 4519.487179 4235.384615 4431.282051 4200.512821 4560.512821 4250.769231
4443.589744 4516.410256 4493.846154 4474.871795 4227.692308 4340.000000 4502.051282 4482.051282 4523.589744 4232.820513 4434.871795 4195.897436 4575.384615 4246.666667
4436.923077 4502.051282 4485.641026 4466.666667 4226.666667 4338.461538 4490.769231 4472.820513 4509.743590 4229.743590 4429.743590 4197.948718 4572.820513 4247.179487
4434.358974 4494.358974 4479.487179 4462.051282 4225.641026 4337.435897 4492.307692 4471.794872 4505.641026 4230.256410 4429.230769 4204.102564 4569.230769 4247.179487
4437.435897 4503.076923 4482.564103 4466.666667 4227.692308 4339.487179 4503.589744 4477.948718 4513.846154 4230.256410 4432.307692 4206.153846 4574.871795 4247.692308
4429.743590 4495.897436 4476.923077 4462.051282 4232.307692 4338.461538 4491.282051 4468.717949 4506.666667 4232.820513 4423.589744 4207.179487 4570.769231 4247.692308
4430.256410 4495.897436 4480.512821 4462.564103 4226.666667 4341.538462 4489.230769 4472.820513 4509.230769 4233.333333 4424.102564 4204.102564 4581.538462 4243.076923
4429.230769 4487.179487 4470.769231 4452.820513 4229.230769 4335.897436 4484.615385 4463.076923 4492.820513 4229.743590 4414.871795 4210.256410 4574.358974 4244.102564
4432.307692 4489.743590 4467.692308 4450.256410 4232.307692 4332.820513 4483.076923 4461.538462 4489.743590 4232.307692 4412.820513 4213.333333 4575.384615 4242.564103
4433.333333 4493.846154 4468.717949 4453.333333 4228.205128 4335.384615 4477.435897 4462.051282 4500.000000 4233.846154 4416.923077 4208.717949 4589.743590 4242.051282
4425.641026 4478.461538 4454.871795 4442.051282 4228.205128 4332.307692 4462.051282 4438.461538 4478.974359 4232.820513 4408.717949 4214.871795 4584.102564 4245.641026
4431.794872 4484.102564 4460.512821 4446.153846 4225.128205 4335.897436 4472.820513 4440.000000 4477.948718 4231.794872 4415.897436 4217.948718 4589.230769 4243.589744
4424.615385 4474.871795 4455.897436 4440.512821 4229.230769 4335.384615 4468.205128 4441.025641 4476.923077 4230.769231 4413.333333 4218.461538 4581.538462 4244.102564
4415.384615 4462.051282 4447.692308 4431.794872 4230.769231 4331.794872 4456.923077 4435.897436 4469.743590 4231.794872 4406.666667 4218.974359 4578.461538 4240.000000
4421.538462 4468.205128 4452.307692 4436.410256 4225.641026 4330.256410 4461.025641 4442.051282 4475.897436 4232.820513 4411.282051 4221.025641 4594.358974 4238.461538
4418.974359 4462.051282 4448.205128 4431.282051 4227.179487 4325.128205 4454.358974 4434.871795 4467.692308 4231.794872 4403.076923 4226.153846 4584.102564 4243.076923
4418.974359 4464.102564 4451.282051 4431.794872 4223.589744 4325.641026 4453.846154 4431.794872 4463.589744 4233.333333 4404.615385 4222.051282 4580.512821 4236.923077
4412.820513 4448.205128 4438.974359 4421.025641 4227.692308 4322.564103 4439.487179 4422.564103 4450.769231 4231.282051 4401.025641 4224.615385 4571.794872 4236.410256
4405.641026 4438.461538 4429.743590 4414.358974 4231.282051 4323.589744 4435.384615 4419.487179 4448.205128 4229.743590 4389.743590 4230.769231 4563.076923 4237.948718
4410.769231 4455.897436 4440.000000 4427.179487 4226.153846 4331.794872 4452.307692 4429.230769 4464.102564 4233.846154 4394.358974 4233.333333 4573.333333 4237.948718
4405.641026 4441.538462 4435.384615 4419.487179 4228.717949 4326.666667 4442.564103 4417.435897 4451.794872 4231.794872 4393.333333 4237.435897 4567.692308 4241.025641
4396.923077 4425.128205 4428.205128 4410.256410 4227.179487 4317.948718 4437.435897 4419.487179 4447.692308 4226.666667 4389.230769 4231.794872 4563.076923 4234.358974
4388.205128 4418.974359 4420.512821 4403.076923 4227.692308 4314.358974 4433.333333 4426.153846 4455.384615 4229.230769 4385.128205 4234.871795 4551.794872 4235.897436
4390.769231 4422.051282 4421.538462 4403.589744 4232.307692 4315.897436 4425.128205 4421.538462 4456.410256 4232.820513 4395.384615 4242.564103 4551.282051 4243.076923
4400.512821 4433.333333 4427.179487 4411.282051 4230.256410 4320.000000 4429.230769 4425.641026 4452.820513 4231.794872 4405.128205 4238.974359 4565.128205 4239.487179
4394.358974 4424.102564 4413.846154 4402.051282 4231.794872 4320.000000 4426.666667 4414.871795 4433.846154 4229.743590 4388.717949 4242.564103 4549.230769 4240.512821
4394.871795 4426.666667 4413.846154 4404.615385 4229.230769 4320.512821 4425.128205 4407.692308 4434.871795 4229.230769 4386.153846 4241.538462 4547.692308 4239.487179
4392.820513 4422.051282 4413.846154 4400.512821 4228.717949 4314.871795 4408.205128 4401.538462 4432.307692 4230.256410 4389.743590 4241.538462 4549.743590 4236.410256
4389.743590 4413.846154 4412.820513 4388.717949 4232.307692 4309.230769 4395.384615 4393.846154 4422.051282 4233.846154 4385.128205 4249.743590 4543.076923 4237.948718
4394.871795 4423.076923 4417.948718 4395.384615 4229.743590 4314.871795 4409.230769 4397.948718 4429.230769 4232.820513 4384.615385 4247.179487 4546.666667 4238.974359
4389.230769 4413.333333 4407.692308 4392.307692 4230.769231 4314.871795 4403.589744 4394.358974 4422.564103 4230.769231 4375.897436 4250.256410 4530.769231 4241.025641
4398.461538 4422.051282 4420.000000 4398.461538 4225.641026 4312.820513 4404.615385 4401.025641 4427.692308 4233.846154 4382.564103 4254.358974 4530.769231 4240.000000
4403.589744 4426.666667 4424.615385 4399.487179 4225.128205 4314.358974 4406.666667 4398.461538 4424.102564 4233.333333 4382.051282 4249.743590 4530.256410 4243.076923
4383.589744 4400.512821 4398.461538 4382.051282 4232.307692 4312.820513 4395.897436 4384.102564 4402.564103 4226.153846 4365.641026 4247.179487 4504.615385 4241.025641
4373.333333 4392.307692 4389.743590 4377.435897 4229.743590 4308.205128 4391.282051 4389.230769 4411.794872 4225.128205 4370.256410 4244.615385 4498.461538 4234.871795
4367.179487 4381.538462 4381.538462 4366.666667 4230.256410 4297.948718 4370.256410 4375.897436 4408.205128 4229.743590 4364.615385 4249.743590 4484.102564 4240.512821
4370.256410 4386.153846 4380.000000 4366.666667 4229.230769 4303.589744 4370.256410 4372.307692 4396.410256 4233.333333 4356.923077 4251.282051 4477.435897 4243.076923
4376.923077 4394.358974 4385.128205 4373.846154 4229.743590 4309.743590 4377.948718 4374.871795 4393.846154 4233.846154 4361.538462 4251.794872 4479.487179 4243.076923
4375.384615 4384.615385 4388.205128 4370.769231 4233.333333 4301.538462 4370.256410 4366.666667 4393.333333 4233.846154 4365.641026 4262.051282 4470.256410 4245.641026
4378.974359 4392.307692 4400.512821 4376.410256 4228.205128 4306.153846 4386.666667 4382.564103 4413.333333 4233.846154 4374.358974 4264.615385 4477.948718 4241.538462
4373.333333 4387.179487 4391.794872 4367.692308 4231.282051 4307.692308 4383.076923 4370.769231 4395.897436 4229.230769 4364.102564 4265.128205 4470.769231 4241.025641
4370.769231 4381.025641 4385.641026 4358.974359 4230.769231 4298.974359 4367.692308 4354.358974 4372.820513 4229.743590 4359.487179 4262.564103 4468.717949 4240.512821
4375.384615 4388.717949 4393.846154 4363.589744 4225.128205 4290.769231 4363.076923 4368.717949 4388.717949 4235.384615 4369.743590 4264.615385 4478.974359 4246.666667
4378.461538 4392.307692 4394.358974 4366.666667 4230.769231 4289.743590 4359.487179 4373.333333 4396.923077 4234.871795 4368.205128 4275.384615 4476.923077 4254.358974
4391.794872 4406.666667 4406.153846 4377.435897 4230.256410 4299.487179 4376.410256 4380.512821 4402.051282 4233.846154 4374.871795 4273.846154 4489.743590 4247.179487
4391.794872 4400.512821 4403.076923 4369.743590 4228.717949 4295.897436 4377.435897 4378.974359 4388.205128 4236.923077 4373.333333 4275.384615 4491.794872 4247.179487
4397.948718 4405.128205 4404.615385 4368.205128 4228.717949 4292.307692 4371.794872 4378.461538 4384.102564 4236.923077 4376.923077 4282.051282 4500.512821 4253.333333
4413.846154 4417.435897 4421.538462 4377.435897 4227.692308 4297.948718 4381.025641 4389.230769 4406.666667 4233.846154 4390.769231 4283.589744 4512.820513 4250.769231
4406.153846 4398.974359 4416.923077 4366.666667 4230.769231 4295.897436 4375.897436 4383.589744 4404.615385 4228.717949 4384.102564 4287.692308 4485.128205 4247.179487
4394.871795 4390.769231 4406.153846 4358.974359 4228.205128 4292.820513 4372.307692 4381.025641 4394.871795 4225.128205 4376.923077 4280.000000 4460.512821 4240.000000
4385.641026 4378.461538 4391.794872 4348.205128 4228.717949 4289.743590 4361.025641 4372.820513 4382.564103 4229.230769 4368.717949 4277.435897 4444.102564 4242.564103
4391.282051 4379.487179 4394.871795 4352.307692 4228.205128 4289.743590 4362.564103 4371.282051 4385.641026 4237.435897 4369.743590 4286.666667 4449.230769 4246.666667
4403.076923 4398.461538 4406.153846 4365.641026 4229.743590 4293.333333 4375.897436 4382.051282 4394.358974 4236.923077 4378.461538 4288.717949 4460.512821 4243.076923
4396.410256 4385.128205 4396.410256 4353.846154 4236.410256 4292.820513 4367.692308 4377.435897 4380.000000 4234.358974 4372.307692 4290.769231 4440.000000 4242.051282
4394.871795 4376.410256 4393.846154 4349.743590 4230.256410 4294.358974 4366.153846 4375.384615 4383.076923 4235.384615 4372.307692 4285.641026 4437.948718 4233.846154
4385.128205 4363.076923 4378.974359 4340.512821 4229.230769 4289.230769 4351.794872 4357.948718 4367.179487 4230.256410 4359.487179 4280.000000 4428.205128 4227.692308
4373.846154 4347.179487 4364.615385 4324.102564 4232.307692 4282.564103 4335.897436 4346.666667 4344.102564 4225.128205 4344.615385 4281.025641 4405.128205 4227.692308
4372.820513 4345.128205 4366.153846 4319.487179 4230.256410 4283.589744 4336.410256 4352.307692 4352.307692 4228.205128 4349.230769 4283.589744 4401.538462 4227.179487
4366.666667 4336.410256 4357.435897 4311.794872 4235.897436 4283.589744 4327.692308 4341.538462 4345.128205 4231.282051 4344.615385 4292.307692 4392.307692 4232.820513
4373.333333 4346.153846 4364.615385 4316.410256 4230.769231 4286.666667 4332.820513 4351.282051 4346.666667 4232.307692 4346.153846 4291.282051 4397.435897 4231.794872
4374.358974 4341.538462 4365.128205 4311.794872 4229.743590 4283.589744 4326.666667 4352.307692 4346.666667 4229.743590 4342.051282 4290.769231 4388.205128 4228.205128
4364.615385 4327.692308 4354.871795 4302.564103 4235.384615 4275.897436 4309.230769 4333.333333 4332.307692 4226.153846 4330.769231 4293.333333 4366.666667 4226.153846
4360.512821 4327.692308 4353.846154 4302.051282 4226.153846 4274.871795 4307.179487 4330.769231 4324.615385 4227.179487 4330.256410 4284.102564 4362.564103 4222.564103
4345.641026 4305.641026 4336.410256 4281.538462 4228.205128 4267.179487 4289.743590 4318.461538 4306.666667 4230.769231 4318.461538 4283.076923 4342.564103 4225.128205
4338.974359 4303.076923 4331.282051 4277.435897 4233.333333 4262.051282 4288.205128 4315.897436 4311.794872 4229.743590 4312.820513 4284.102564 4337.435897 4223.076923
4335.897436 4304.615385 4332.820513 4282.564103 4229.230769 4262.051282 4288.717949 4311.282051 4308.717949 4228.205128 4309.743590 4284.102564 4335.384615 4221.025641
4330.769231 4288.205128 4326.153846 4274.358974 4227.692308 4260.000000 4277.948718 4300.000000 4283.589744 4232.307692 4302.051282 4286.666667 4320.512821 4223.076923
4332.307692 4289.743590 4327.692308 4273.846154 4227.692308 4262.564103 4288.205128 4317.435897 4295.897436 4233.846154 4304.102564 4282.564103 4325.641026 4221.025641
4320.000000 4277.435897 4315.384615 4260.512821 4231.282051 4260.000000 4283.589744 4316.410256 4306.666667 4230.256410 4297.435897 4283.589744 4314.871795 4223.076923
4313.333333 4268.717949 4310.256410 4253.333333 4227.692308 4256.410256 4273.333333 4309.230769 4308.205128 4230.256410 4295.384615 4281.538462 4308.717949 4220.512821
4315.897436 4273.333333 4314.358974 4257.948718 4227.179487 4256.410256 4271.794872 4312.307692 4303.076923 4234.358974 4300.512821 4281.538462 4314.871795 4222.051282
4320.000000 4273.333333 4315.897436 4262.564103 4233.846154 4256.410256 4270.769231 4310.256410 4295.897436 4237.948718 4304.615385 4291.282051 4318.974359 4225.641026
4326.666667 4287.179487 4325.128205 4269.743590 4230.256410 4258.974359 4280.512821 4316.923077 4311.794872 4234.871795 4315.384615 4288.717949 4332.307692 4215.384615
4317.435897 4283.076923 4314.358974 4258.974359 4230.769231 4258.461538 4269.743590 4305.128205 4299.487179 4230.256410 4307.179487 4284.615385 4315.897436 4213.333333
4315.897436 4280.000000 4308.717949 4258.974359 4232.307692 4262.564103 4266.666667 4298.461538 4287.179487 4232.307692 4302.564103 4284.102564 4308.205128 4214.871795
4316.923077 4280.512821 4309.230769 4263.076923 4228.717949 4263.589744 4271.282051 4304.615385 4297.948718 4231.794872 4304.615385 4285.128205 4314.358974 4214.358974
4303.589744 4263.589744 4297.435897 4248.717949 4229.743590 4254.358974 4261.538462 4293.333333 4291.282051 4229.743590 4296.923077 4288.205128 4298.974359 4216.923077
4307.179487 4269.230769 4306.666667 4250.769231 4228.205128 4255.384615 4266.666667 4294.358974 4291.282051 4231.794872 4301.538462 4283.589744 4299.487179 4213.846154
4316.410256 4273.846154 4312.820513 4252.307692 4228.717949 4258.974359 4265.128205 4294.358974 4291.794872 4233.333333 4300.512821 4288.205128 4298.974359 4214.871795
4320.000000 4278.461538 4313.846154 4254.871795 4227.692308 4262.564103 4267.692308 4297.435897 4302.564103 4233.333333 4301.538462 4293.846154 4297.435897 4214.871795
4319.487179 4285.641026 4315.384615 4258.461538 4228.717949 4264.102564 4278.974359 4307.179487 4316.923077 4232.820513 4310.256410 4289.743590 4298.974359 4214.358974
4315.384615 4274.871795 4307.692308 4249.743590 4234.871795 4260.512821 4274.358974 4300.000000 4302.051282 4231.282051 4303.076923 4292.307692 4287.179487 4215.897436
4324.102564 4283.076923 4317.435897 4259.487179 4229.230769 4261.025641 4282.051282 4304.102564 4301.538462 4231.794872 4307.179487 4291.794872 4296.410256 4210.256410
4320.000000 4281.538462 4317.948718 4262.051282 4229.743590 4256.923077 4278.461538 4301.538462 4302.564103 4231.282051 4308.205128 4293.333333 4295.897436 4214.871795
4312.820513 4274.871795 4309.743590 4257.948718 4231.282051 4254.871795 4275.384615 4299.487179 4301.538462 4231.794872 4305.641026 4294.871795 4290.769231 4217.948718
4317.435897 4284.102564 4311.794872 4262.051282 4226.666667 4257.948718 4285.128205 4306.666667 4311.282051 4233.846154 4308.717949 4288.717949 4296.923077 4210.769231
4307.692308 4275.897436 4300.512821 4253.846154 4231.794872 4251.282051 4273.846154 4292.307692 4300.000000 4230.256410 4294.871795 4287.692308 4275.384615 4209.230769
4301.538462 4273.846154 4294.358974 4252.820513 4228.717949 4251.282051 4272.307692 4288.205128 4297.948718 4227.179487 4288.205128 4286.666667 4265.641026 4207.179487
4301.025641 4273.333333 4290.256410 4250.769231 4226.153846 4252.307692 4271.282051 4290.769231 4300.000000 4229.743590 4290.256410 4293.333333 4267.179487 4212.307692
4304.615385 4277.948718 4294.358974 4248.717949 4231.282051 4251.282051 4269.743590 4294.871795 4307.179487 4232.820513 4291.282051 4297.435897 4268.205128 4214.358974
4304.102564 4286.666667 4300.512821 4252.820513 4228.205128 4254.871795 4275.897436 4298.974359 4316.923077 4232.820513 4292.820513 4287.179487 4266.666667 4209.743590
4289.230769 4266.153846 4281.538462 4239.487179 4229.230769 4253.333333 4262.051282 4280.000000 4291.794872 4228.717949 4279.487179 4285.641026 4235.897436 4209.743590
4289.743590 4264.615385 4281.538462 4239.487179 4230.769231 4255.897436 4264.615385 4282.051282 4283.589744 4227.179487 4282.051282 4289.230769 4230.769231 4210.256410
4293.333333 4272.820513 4288.717949 4246.153846 4232.307692 4261.538462 4273.333333 4293.846154 4293.846154 4231.282051 4289.230769 4295.897436 4237.948718 4214.871795
4291.282051 4274.871795 4284.615385 4246.666667 4230.769231 4264.102564 4272.307692 4287.692308 4293.846154 4234.358974 4284.615385 4297.435897 4228.717949 4212.820513
4295.384615 4285.641026 4287.692308 4252.820513 4227.179487 4267.179487 4274.358974 4284.615385 4290.256410 4232.307692 4283.589744 4288.717949 4229.230769 4204.102564
4286.666667 4270.256410 4279.487179 4243.076923 4233.333333 4260.512821 4260.000000 4271.794872 4272.820513 4230.769231 4277.948718 4292.820513 4217.948718 4208.717949
4284.615385 4267.692308 4279.487179 4244.102564 4232.307692 4257.435897 4264.102564 4278.461538 4283.076923 4233.333333 4282.564103 4293.846154 4220.000000 4209.743590
4287.179487 4273.846154 4281.538462 4248.717949 4229.230769 4261.538462 4270.769231 4285.128205 4292.820513 4232.307692 4286.153846 4288.205128 4224.615385 4208.205128
4284.102564 4265.641026 4276.410256 4243.589744 4232.307692 4261.025641 4263.076923 4273.846154 4277.435897 4229.743590 4281.538462 4287.692308 4215.897436 4208.717949
4286.666667 4267.692308 4279.487179 4246.153846 4230.769231 4258.974359 4267.179487 4276.410256 4280.512821 4231.282051 4287.179487 4285.641026 4218.974359 4206.666667
4277.948718 4256.923077 4268.205128 4234.358974 4232.307692 4256.923077 4254.358974 4266.666667 4273.846154 4231.794872 4278.461538 4291.282051 4210.769231 4208.205128
4274.358974 4260.000000 4267.179487 4231.282051 4229.743590 4261.025641 4249.743590 4266.153846 4272.307692 4231.282051 4272.820513 4289.230769 4212.820513 4205.128205
4279.487179 4270.769231 4273.846154 4238.461538 4229.230769 4263.076923 4254.871795 4274.358974 4277.948718 4231.794872 4278.461538 4278.974359 4213.846154 4209.743590
4281.025641 4264.102564 4270.256410 4236.410256 4233.333333 4257.948718 4248.717949 4268.205128 4268.717949 4232.820513 4276.923077 4284.615385 4200.000000 4217.435897
4286.666667 4270.256410 4277.948718 4242.051282 4228.717949 4260.512821 4256.923077 4276.410256 4272.307692 4233.846154 4283.589744 4289.230769 4209.743590 4212.307692
4284.615385 4267.179487 4277.435897 4238.461538 4231.794872 4260.512821 4255.384615 4274.871795 4266.153846 4233.333333 4280.512821 4289.230769 4206.666667 4214.871795
4286.666667 4269.743590 4280.512821 4239.487179 4231.282051 4259.487179 4252.820513 4270.256410 4267.692308 4233.846154 4278.974359 4285.641026 4206.666667 4217.948718
4293.846154 4277.948718 4285.128205 4246.153846 4226.666667 4261.025641 4260.000000 4277.948718 4280.000000 4236.410256 4286.153846 4285.641026 4216.410256 4218.461538
4294.358974 4274.871795 4282.564103 4246.666667 4231.282051 4264.102564 4263.076923 4283.076923 4279.487179 4236.923077 4286.153846 4292.820513 4213.846154 4223.076923
4296.410256 4281.025641 4291.794872 4255.384615 4228.205128 4267.179487 4268.717949 4287.179487 4285.128205 4232.307692 4290.769231 4286.666667 4217.948718 4218.974359
4284.102564 4266.666667 4281.538462 4245.641026 4228.205128 4258.974359 4252.820513 4273.333333 4273.333333 4228.205128 4284.615385 4282.564103 4203.076923 4218.461538
4282.051282 4264.615385 4275.384615 4243.589744 4234.358974 4258.461538 4250.256410 4279.487179 4279.487179 4232.307692 4281.538462 4286.153846 4195.897436 4222.564103
4291.794872 4280.000000 4287.179487 4253.846154 4230.769231 4268.717949 4261.025641 4292.820513 4295.384615 4234.358974 4287.692308 4287.692308 4206.153846 4222.564103
4281.025641 4265.641026 4278.974359 4243.076923 4227.179487 4266.666667 4248.205128 4272.307692 4273.333333 4231.794872 4280.512821 4287.692308 4193.846154 4219.487179
4276.410256 4265.128205 4273.333333 4240.000000 4225.128205 4264.615385 4252.820513 4270.256410 4270.256410 4231.282051 4280.512821 4280.512821 4194.358974 4213.333333
4275.897436 4266.153846 4268.717949 4236.410256 4230.256410 4261.025641 4250.769231 4270.769231 4267.692308 4231.282051 4275.384615 4282.564103 4191.282051 4218.974359
4275.384615 4263.589744 4270.769231 4233.846154 4231.282051 4258.461538 4240.000000 4261.538462 4252.820513 4231.794872 4272.307692 4285.128205 4182.564103 4218.974359
4278.974359 4272.820513 4277.948718 4245.128205 4227.179487 4261.025641 4245.641026 4264.102564 4260.000000 4233.333333 4280.512821 4282.564103 4192.820513 4214.358974
4275.384615 4267.179487 4272.307692 4244.102564 4231.282051 4258.974359 4243.589744 4257.948718 4261.025641 4232.820513 4276.923077 4288.205128 4193.333333 4222.051282
4279.487179 4268.205128 4276.923077 4241.538462 4231.282051 4259.487179 4249.230769 4262.564103 4266.153846 4230.769231 4281.025641 4285.128205 4200.512821 4221.538462
4277.948718 4263.076923 4274.358974 4237.435897 4232.820513 4260.000000 4248.717949 4266.666667 4269.230769 4233.333333 4281.538462 4284.102564 4197.948718 4220.000000
4274.358974 4259.487179 4269.230769 4237.435897 4232.820513 4258.461538 4243.589744 4263.589744 4265.641026 4236.410256 4278.461538 4288.205128 4192.307692 4221.538462
4276.923077 4267.692308 4274.358974 4241.538462 4227.692308 4258.461538 4244.615385 4266.153846 4267.179487 4233.333333 4283.076923 4286.666667 4199.487179 4223.076923
4272.307692 4257.435897 4267.179487 4232.820513 4232.820513 4256.410256 4236.923077 4262.564103 4258.461538 4231.794872 4276.923077 4290.769231 4189.743590 4228.205128
4276.410256 4261.025641 4273.846154 4238.974359 4231.282051 4259.487179 4248.205128 4272.820513 4268.205128 4233.333333 4283.589744 4289.230769 4196.410256 4224.102564
4275.897436 4258.974359 4273.846154 4237.435897 4228.717949 4258.461538 4246.666667 4269.743590 4270.769231 4232.307692 4284.615385 4287.179487 4202.051282 4223.589744
4268.717949 4252.307692 4263.589744 4227.179487 4231.282051 4255.384615 4234.358974 4257.948718 4261.538462 4231.794872 4273.333333 4291.282051 4194.358974 4222.051282
4271.282051 4263.589744 4269.230769 4235.384615 4227.179487 4261.538462 4247.179487 4268.205128 4267.692308 4233.846154 4275.384615 4286.153846 4197.435897 4214.871795
4269.743590 4258.461538 4266.153846 4237.948718 4228.717949 4260.000000 4245.641026 4263.076923 4258.974359 4232.307692 4272.307692 4289.230769 4190.769231 4220.512821
4275.384615 4261.538462 4269.743590 4243.076923 4229.230769 4257.435897 4242.564103 4264.615385 4264.615385 4231.794872 4278.461538 4292.820513 4201.538462 4224.615385
4271.794872 4250.769231 4268.205128 4233.846154 4228.205128 4254.871795 4237.435897 4266.153846 4264.615385 4232.820513 4280.000000 4287.692308 4200.512821 4221.025641
4258.974359 4225.641026 4255.384615 4215.897436 4230.769231 4249.230769 4229.743590 4251.282051 4243.076923 4230.769231 4267.179487 4286.153846 4178.461538 4218.461538
4261.025641 4237.435897 4256.410256 4224.615385 4229.743590 4248.205128 4237.435897 4253.333333 4246.666667 4229.743590 4266.153846 4283.589744 4181.538462 4215.897436
4260.512821 4246.153846 4249.230769 4228.205128 4232.307692 4246.153846 4226.666667 4249.743590 4245.641026 4231.794872 4263.076923 4286.666667 4176.923077 4221.025641
4264.102564 4253.846154 4252.820513 4234.358974 4229.230769 4253.846154 4227.179487 4253.333333 4250.769231 4233.333333 4266.666667 4287.179487 4178.974359 4224.615385
4270.769231 4259.487179 4267.179487 4243.589744 4226.153846 4258.974359 4241.538462 4263.589744 4263.589744 4234.358974 4272.307692 4289.743590 4189.743590 4227.179487
4268.205128 4250.769231 4267.692308 4240.000000 4232.307692 4256.410256 4244.102564 4265.641026 4263.589744 4231.282051 4270.256410 4297.948718 4189.230769 4226.666667
4274.358974 4254.871795 4268.717949 4242.564103 4230.769231 4258.461538 4252.307692 4274.358974 4270.769231 4228.717949 4277.948718 4293.333333 4200.512821 4216.410256
4273.846154 4247.179487 4259.487179 4230.769231 4228.205128 4256.410256 4242.051282 4264.102564 4261.025641 4226.666667 4272.307692 4293.846154 4189.230769 4214.871795
4268.205128 4245.641026 4259.487179 4213.846154 4228.717949 4255.897436 4238.461538 4256.923077 4252.820513 4226.153846 4265.128205 4292.307692 4177.435897 4215.384615
4265.641026 4252.307692 4262.051282 4209.230769 4231.794872 4259.487179 4248.205128 4264.102564 4257.435897 4228.717949 4268.717949 4288.717949 4186.666667 4217.435897
4265.128205 4244.615385 4257.948718 4211.794872 4234.871795 4257.948718 4247.692308 4263.589744 4253.333333 4234.358974 4271.282051 4297.435897 4189.230769 4220.000000
4277.435897 4256.410256 4273.846154 4223.589744 4228.205128 4258.974359 4255.384615 4272.820513 4264.615385 4235.384615 4284.102564 4299.487179 4207.179487 4216.410256
4278.461538 4260.512821 4276.923077 4215.384615 4228.717949 4258.974359 4252.820513 4270.769231 4264.102564 4231.282051 4286.153846 4296.410256 4217.948718 4221.538462
4277.435897 4259.487179 4273.846154 4212.307692 4228.205128 4257.435897 4249.230769 4270.256410 4261.025641 4230.769231 4283.076923 4295.384615 4223.076923 4220.512821
4282.051282 4266.666667 4275.897436 4223.076923 4226.153846 4260.000000 4251.794872 4277.948718 4264.102564 4232.307692 4285.128205 4296.923077 4227.179487 4216.923077
4277.435897 4260.512821 4269.230769 4220.512821 4232.307692 4256.410256 4244.102564 4267.179487 4254.871795 4232.307692 4278.461538 4302.051282 4220.512821 4222.051282
4284.102564 4268.717949 4279.487179 4229.743590 4226.666667 4256.410256 4252.820513 4267.179487 4265.128205 4232.820513 4285.128205 4297.435897 4236.410256 4218.461538
4284.615385 4265.128205 4276.410256 4226.666667 4225.128205 4256.410256 4248.205128 4260.512821 4259.487179 4230.769231 4280.512821 4297.435897 4235.897436 4217.435897
4272.820513 4254.358974 4264.102564 4212.820513 4231.794872 4254.871795 4241.025641 4255.384615 4248.717949 4230.769231 4268.717949 4296.923077 4228.205128 4216.923077
4268.205128 4252.307692 4265.128205 4211.794872 4230.769231 4254.871795 4246.153846 4264.102564 4262.051282 4232.820513 4275.897436 4290.769231 4241.538462 4213.846154
4264.615385 4237.435897 4257.435897 4203.589744 4229.743590 4250.256410 4237.435897 4255.897436 4252.820513 4233.333333 4274.358974 4295.384615 4237.435897 4217.948718
4268.205128 4242.564103 4260.000000 4206.153846 4226.153846 4253.846154 4245.128205 4263.589744 4250.769231 4232.820513 4273.846154 4298.461538 4239.487179 4218.461538
4268.205128 4246.153846 4262.564103 4209.743590 4228.717949 4256.923077 4250.769231 4272.820513 4262.051282 4233.333333 4274.871795 4300.000000 4244.102564 4222.564103
4268.205128 4243.076923 4260.512821 4211.282051 4231.282051 4254.358974 4247.179487 4266.666667 4261.025641 4233.333333 4274.871795 4299.487179 4243.589744 4220.512821
4271.282051 4247.692308 4265.641026 4217.948718 4226.153846 4254.871795 4250.256410 4263.076923 4250.769231 4232.820513 4273.846154 4293.846154 4247.179487 4212.307692
4265.641026 4240.512821 4262.051282 4211.794872 4230.256410 4251.282051 4242.564103 4250.256410 4237.948718 4230.769231 4266.153846 4298.974359 4234.358974 4218.461538
4269.230769 4251.794872 4267.692308 4215.384615 4231.794872 4251.794872 4249.230769 4255.897436 4255.897436 4229.230769 4272.820513 4298.461538 4241.025641 4221.025641
4267.179487 4250.769231 4265.128205 4215.384615 4230.256410 4253.333333 4249.743590 4265.128205 4260.512821 4229.743590 4273.333333 4298.461538 4245.128205 4220.000000
4255.897436 4234.358974 4253.846154 4209.230769 4231.794872 4252.307692 4241.538462 4258.461538 4241.025641 4230.769231 4266.153846 4297.948718 4237.435897 4218.461538
4258.974359 4242.564103 4258.461538 4213.846154 4230.256410 4254.871795 4248.205128 4263.589744 4252.307692 4231.794872 4274.871795 4293.846154 4247.692308 4215.384615
4261.025641 4241.025641 4257.435897 4211.794872 4233.333333 4253.333333 4244.102564 4265.128205 4257.948718 4231.794872 4275.897436 4305.128205 4248.205128 4223.589744
4264.615385 4243.589744 4262.564103 4218.461538 4231.282051 4254.871795 4249.230769 4269.230769 4261.538462 4231.794872 4276.923077 4307.179487 4254.358974 4222.051282
4260.000000 4240.000000 4258.974359 4218.461538 4230.256410 4253.333333 4248.205128 4263.589744 4259.487179 4231.794872 4271.794872 4296.923077 4252.820513 4215.897436
4248.717949 4226.666667 4246.666667 4207.692308 4231.794872 4247.179487 4233.333333 4251.282051 4248.205128 4231.794872 4257.948718 4294.358974 4241.025641 4216.923077
4253.333333 4237.948718 4252.820513 4212.307692 4228.205128 4250.769231 4241.538462 4257.435897 4255.897436 4232.307692 4265.641026 4295.897436 4260.512821 4218.974359
4254.358974 4240.512821 4252.307692 4211.794872 4233.846154 4252.820513 4243.589744 4251.282051 4250.769231 4231.282051 4271.794872 4305.128205 4272.307692 4224.102564
4261.025641 4251.282051 4261.025641 4220.000000 4232.307692 4256.410256 4246.666667 4256.410256 4255.384615 4232.307692 4280.000000 4301.538462 4280.000000 4218.974359
4263.076923 4256.923077 4264.102564 4221.025641 4227.692308 4256.923077 4246.666667 4262.051282 4258.461538 4232.820513 4278.974359 4292.307692 4281.538462 4215.384615
4246.666667 4237.435897 4246.153846 4206.153846 4232.307692 4251.282051 4234.871795 4247.179487 4238.974359 4228.205128 4261.025641 4296.410256 4264.615385 4217.948718
4242.051282 4235.384615 4244.615385 4209.743590 4230.256410 4251.794872 4242.051282 4252.307692 4245.641026 4226.666667 4262.051282 4293.846154 4268.205128 4214.871795
4237.435897 4224.615385 4238.974359 4201.025641 4230.256410 4248.717949 4235.384615 4249.230769 4244.102564 4229.230769 4260.000000 4290.769231 4267.179487 4218.461538
4236.923077 4218.974359 4235.384615 4192.820513 4228.205128 4247.692308 4227.179487 4243.076923 4235.897436 4230.769231 4259.487179 4294.358974 4270.769231 4221.025641
4248.205128 4229.743590 4246.666667 4203.589744 4223.589744 4249.230769 4232.307692 4248.205128 4240.000000 4232.307692 4268.205128 4301.538462 4282.051282 4224.615385
4259.487179 4240.512821 4262.564103 4214.358974 4229.230769 4251.794872 4241.025641 4253.333333 4244.615385 4233.333333 4269.743590 4309.230769 4283.589744 4231.794872
4266.153846 4256.410256 4276.410256 4228.205128 4229.230769 4263.589744 4258.461538 4267.692308 4260.512821 4232.820513 4277.435897 4303.076923 4299.487179 4225.128205
4252.820513 4245.128205 4260.512821 4220.000000 4228.205128 4261.538462 4246.666667 4259.487179 4252.307692 4230.769231 4276.410256 4302.051282 4295.897436 4225.128205
4255.384615 4247.179487 4259.487179 4217.948718 4229.743590 4254.358974 4240.512821 4256.410256 4250.256410 4232.307692 4280.512821 4307.179487 4301.538462 4229.743590
4271.282051 4264.615385 4275.384615 4229.743590 4228.205128 4256.923077 4253.333333 4269.743590 4263.076923 4231.794872 4287.179487 4307.179487 4318.974359 4231.794872
4262.051282 4249.230769 4261.538462 4218.974359 4229.230769 4250.769231 4240.000000 4254.871795 4244.615385 4228.717949 4269.743590 4305.128205 4297.435897 4231.282051
4255.897436 4243.076923 4255.384615 4214.871795 4227.692308 4247.179487 4235.897436 4247.692308 4239.487179 4230.256410 4264.615385 4299.487179 4289.230769 4227.179487
4252.307692 4237.948718 4249.743590 4211.282051 4229.743590 4246.153846 4237.948718 4248.205128 4240.000000 4232.307692 4265.128205 4300.000000 4289.743590 4230.769231
4246.153846 4225.641026 4238.974359 4207.179487 4230.769231 4243.076923 4234.871795 4243.589744 4232.820513 4230.769231 4262.564103 4298.461538 4284.102564 4229.743590
4244.615385 4228.205128 4241.538462 4208.717949 4228.717949 4245.128205 4233.846154 4243.076923 4236.923077 4231.282051 4265.128205 4292.820513 4283.589744 4229.230769
4241.538462 4227.179487 4240.000000 4202.051282 4231.794872 4245.128205 4222.051282 4240.000000 4232.820513 4232.307692 4257.948718 4295.897436 4271.282051 4234.358974
4249.230769 4238.461538 4248.205128 4212.307692 4229.743590 4245.641026 4230.256410 4249.743590 4236.923077 4230.256410 4259.487179 4298.461538 4275.897436 4231.282051
4256.410256 4241.538462 4254.871795 4220.000000 4231.794872 4247.692308 4237.948718 4250.256410 4237.948718 4230.256410 4263.076923 4308.205128 4280.512821 4236.410256
4259.487179 4238.461538 4257.435897 4220.512821 4232.307692 4250.769231 4235.897436 4249.743590 4240.000000 4234.871795 4263.076923 4310.769231 4279.487179 4240.512821
4260.000000 4244.102564 4260.512821 4224.102564 4229.230769 4251.282051 4241.025641 4260.512821 4249.743590 4234.871795 4260.512821 4299.487179 4281.025641 4234.871795
4251.282051 4231.282051 4248.717949 4216.923077 4231.794872 4246.153846 4232.307692 4245.641026 4232.307692 4230.769231 4248.717949 4301.538462 4265.128205 4236.410256
4252.307692 4231.282051 4248.717949 4218.461538 4226.666667 4248.205128 4234.871795 4243.076923 4232.307692 4231.794872 4256.923077 4300.512821 4270.769231 4234.871795
4248.717949 4228.717949 4244.102564 4214.871795 4227.179487 4249.230769 4237.435897 4253.846154 4246.153846 4232.820513 4262.564103 4300.512821 4275.897436 4235.384615
4244.615385 4221.538462 4240.000000 4210.256410 4232.307692 4248.717949 4239.487179 4256.923077 4247.179487 4231.794872 4256.410256 4305.641026 4268.717949 4240.512821
4253.846154 4236.410256 4253.846154 4223.076923 4227.692308 4253.333333 4253.333333 4262.051282 4253.333333 4232.820513 4264.615385 4302.564103 4278.974359 4238.461538
4251.794872 4235.897436 4253.846154 4224.102564 4229.230769 4249.743590 4243.076923 4251.794872 4244.102564 4231.794872 4263.589744 4306.666667 4274.358974 4238.461538
4249.743590 4241.025641 4254.358974 4227.692308 4227.692308 4249.230769 4238.461538 4253.333333 4243.076923 4231.282051 4264.102564 4305.128205 4276.410256 4235.384615
4247.179487 4241.025641 4251.282051 4227.179487 4225.641026 4249.230769 4236.923077 4256.410256 4242.051282 4232.307692 4264.615385 4299.487179 4278.461538 4235.384615
4238.461538 4226.666667 4240.512821 4212.820513 4232.307692 4243.589744 4230.256410 4246.153846 4234.871795 4226.153846 4258.461538 4302.051282 4266.153846 4235.384615
4239.487179 4231.282051 4244.102564 4212.307692 4229.230769 4241.025641 4236.923077 4252.307692 4245.128205 4222.564103 4261.025641 4300.000000 4266.666667 4229.230769
4238.461538 4227.692308 4237.435897 4209.230769 4225.641026 4238.974359 4227.692308 4246.153846 4233.333333 4229.743590 4251.794872 4303.076923 4257.435897 4237.435897
4243.076923 4236.923077 4238.974359 4214.358974 4224.102564 4242.051282 4228.205128 4245.128205 4228.205128 4234.871795 4250.256410 4301.025641 4258.974359 4239.487179
4244.615385 4246.153846 4243.076923 4221.025641 4226.153846 4243.589744 4233.333333 4247.179487 4238.974359 4231.282051 4254.358974 4294.358974 4264.615385 4235.384615
4236.410256 4236.923077 4235.897436 4218.461538 4232.820513 4243.076923 4227.179487 4235.897436 4230.769231 4231.282051 4248.717949 4296.410256 4256.923077 4239.487179
4241.025641 4245.128205 4245.128205 4225.128205 4229.743590 4249.230769 4237.948718 4244.615385 4231.794872 4233.333333 4253.846154 4295.897436 4263.589744 4240.512821
4240.000000 4242.051282 4242.564103 4218.974359 4229.743590 4245.641026 4235.384615 4245.128205 4229.230769 4231.794872 4253.333333 4300.000000 4259.487179 4238.974359
4238.974359 4242.564103 4241.025641 4217.948718 4230.256410 4240.000000 4231.794872 4243.076923 4233.333333 4233.333333 4255.897436 4300.512821 4261.025641 4233.333333
4242.564103 4246.666667 4243.589744 4219.487179 4228.205128 4237.948718 4232.307692 4244.615385 4234.358974 4232.307692 4258.974359 4297.435897 4263.076923 4232.307692
4234.871795 4231.282051 4231.794872 4208.717949 4230.256410 4234.871795 4224.102564 4238.461538 4220.512821 4229.743590 4251.794872 4301.538462 4244.615385 4234.358974
4233.846154 4232.307692 4233.846154 4214.871795 4229.230769 4241.025641 4232.820513 4247.692308 4234.871795 4231.794872 4256.923077 4296.923077 4246.153846 4231.794872
4231.282051 4227.179487 4233.333333 4212.820513 4231.794872 4242.051282 4224.615385 4240.000000 4229.230769 4231.282051 4251.794872 4296.410256 4234.871795 4236.923077
4236.923077 4225.128205 4235.897436 4210.769231 4231.282051 4239.487179 4216.410256 4232.820513 4213.333333 4230.769231 4244.102564 4301.538462 4225.641026 4234.358974
4245.641026 4235.897436 4245.641026 4219.487179 4229.230769 4241.538462 4229.230769 4244.615385 4223.076923 4232.307692 4251.794872 4303.589744 4239.487179 4232.820513
4235.897436 4228.205128 4242.051282 4213.333333 4232.820513 4237.948718 4226.666667 4238.974359 4223.589744 4228.205128 4251.282051 4305.128205 4234.358974 4237.948718
4236.410256 4229.743590 4244.615385 4214.871795 4228.717949 4234.358974 4229.230769 4237.948718 4226.153846 4226.153846 4256.410256 4300.000000 4234.871795 4233.333333
4242.564103 4233.333333 4242.564103 4220.000000 4227.692308 4234.358974 4228.717949 4233.333333 4221.538462 4232.307692 4257.948718 4305.128205 4234.871795 4238.461538
4249.230769 4242.051282 4249.743590 4225.641026 4228.717949 4236.410256 4224.615385 4229.743590 4220.000000 4235.897436 4259.487179 4309.743590 4237.435897 4243.076923
4254.871795 4251.282051 4261.538462 4231.794872 4227.179487 4234.871795 4226.666667 4234.871795 4229.743590 4232.307692 4266.153846 4306.153846 4246.153846 4236.923077
4248.717949 4237.435897 4249.743590 4223.589744 4230.256410 4231.282051 4218.974359 4226.153846 4218.461538 4230.256410 4259.487179 4306.153846 4233.333333 4235.384615
4251.282051 4242.564103 4249.743590 4226.666667 4226.666667 4237.948718 4226.666667 4230.769231 4222.051282 4232.307692 4261.025641 4304.102564 4235.384615 4235.897436
4248.717949 4242.564103 4246.153846 4225.128205 4228.205128 4235.897436 4227.179487 4234.358974 4229.230769 4232.820513 4261.025641 4305.641026 4234.358974 4241.025641
4239.487179 4229.743590 4237.435897 4220.512821 4232.820513 4231.282051 4217.948718 4226.666667 4224.615385 4229.230769 4254.358974 4303.589744 4222.051282 4236.410256
4238.461538 4229.743590 4241.538462 4225.128205 4226.666667 4234.358974 4218.974359 4228.717949 4226.153846 4227.179487 4257.435897 4297.435897 4221.538462 4228.205128
4237.948718 4219.487179 4238.974359 4213.333333 4228.717949 4226.666667 4212.820513 4223.076923 4217.435897 4231.282051 4254.871795 4306.153846 4215.384615 4235.384615
4237.948718 4223.589744 4237.948718 4209.743590 4228.717949 4224.615385 4215.897436 4224.615385 4216.923077 4232.307692 4256.923077 4304.615385 4220.512821 4235.897436
4228.205128 4220.000000 4227.179487 4208.717949 4227.179487 4226.666667 4212.307692 4223.076923 4215.384615 4230.256410 4253.333333 4297.948718 4214.358974 4233.333333
4224.615385 4211.794872 4224.102564 4210.769231 4229.743590 4226.153846 4211.282051 4222.564103 4214.871795 4232.307692 4248.205128 4302.051282 4204.102564 4237.435897
4233.333333 4224.102564 4238.974359 4222.564103 4229.230769 4228.205128 4226.153846 4233.333333 4223.589744 4232.307692 4253.846154 4300.000000 4212.820513 4236.923077
4228.205128 4217.435897 4231.282051 4210.256410 4232.307692 4223.589744 4213.333333 4220.000000 4208.717949 4230.769231 4243.589744 4301.538462 4199.487179 4237.435897
4234.358974 4222.564103 4232.820513 4210.769231 4230.256410 4223.076923 4215.384615 4223.076923 4215.384615 4232.820513 4246.153846 4305.641026 4202.051282 4236.410256
4235.897436 4223.589744 4233.333333 4213.333333 4227.692308 4228.205128 4222.051282 4227.692308 4223.076923 4231.282051 4249.743590 4304.615385 4205.128205 4238.461538
4219.487179 4203.076923 4215.897436 4197.948718 4229.743590 4227.692308 4207.179487 4214.871795 4207.179487 4228.717949 4237.948718 4303.076923 4188.717949 4236.923077
4222.564103 4208.205128 4219.487179 4201.025641 4227.692308 4227.179487 4211.794872 4224.615385 4215.897436 4231.794872 4245.641026 4298.461538 4194.871795 4234.358974
4227.692308 4213.846154 4225.128205 4204.615385 4229.743590 4225.128205 4214.871795 4221.025641 4214.871795 4232.307692 4248.205128 4303.589744 4191.282051 4243.076923
4231.794872 4221.538462 4231.282051 4210.256410 4225.641026 4228.205128 4217.435897 4215.897436 4212.820513 4230.256410 4245.641026 4303.589744 4190.256410 4241.538462
4231.282051 4224.615385 4229.743590 4212.820513 4225.128205 4232.307692 4216.923077 4221.025641 4217.948718 4231.794872 4244.102564 4298.461538 4192.820513 4238.461538
4221.025641 4212.820513 4219.487179 4205.641026 4232.820513 4230.256410 4211.794872 4217.948718 4209.743590 4233.846154 4242.564103 4303.076923 4181.025641 4242.051282
4222.051282 4216.410256 4224.102564 4208.205128 4230.256410 4232.307692 4222.564103 4223.589744 4215.897436 4233.333333 4251.282051 4300.000000 4189.230769 4238.974359
4221.025641 4209.230769 4217.948718 4199.487179 4228.717949 4230.256410 4214.871795 4217.435897 4210.256410 4230.769231 4246.666667 4300.000000 4187.179487 4241.025641
4224.615385 4211.282051 4219.487179 4200.512821 4228.717949 4230.256410 4210.769231 4215.384615 4206.666667 4230.769231 4244.615385 4301.538462 4183.589744 4243.589744
4231.282051 4222.051282 4231.282051 4212.820513 4228.717949 4233.846154 4213.333333 4218.461538 4209.743590 4233.333333 4252.820513 4301.538462 4188.717949 4247.179487
4230.256410 4212.307692 4226.153846 4208.717949 4233.333333 4230.256410 4202.564103 4210.256410 4202.051282 4231.794872 4249.743590 4302.051282 4179.487179 4249.230769
4233.333333 4216.923077 4231.282051 4211.794872 4230.769231 4231.282051 4212.820513 4223.076923 4214.358974 4229.743590 4252.307692 4296.923077 4182.564103 4241.538462
4229.743590 4217.435897 4234.358974 4212.820513 4230.769231 4232.307692 4217.948718 4228.717949 4216.410256 4231.794872 4255.384615 4304.615385 4180.000000 4244.615385
4229.743590 4216.923077 4232.820513 4212.820513 4229.230769 4233.333333 4216.923077 4227.179487 4218.974359 4233.846154 4256.410256 4306.666667 4182.051282 4245.641026
4231.282051 4222.051282 4229.743590 4214.871795 4225.641026 4233.333333 4218.974359 4231.282051 4228.717949 4232.820513 4254.358974 4297.948718 4188.205128 4240.000000
4224.102564 4211.794872 4220.000000 4207.179487 4230.256410 4229.743590 4211.794872 4224.615385 4214.871795 4232.307692 4244.615385 4302.564103 4174.871795 4243.076923
4231.282051 4217.948718 4229.230769 4213.333333 4228.205128 4234.871795 4222.051282 4231.282051 4217.435897 4233.846154 4251.794872 4304.102564 4182.564103 4244.615385
4230.769231 4213.333333 4226.153846 4210.769231 4227.179487 4232.820513 4218.461538 4227.179487 4217.435897 4231.794872 4250.769231 4298.974359 4185.641026 4244.615385
4220.000000 4201.538462 4211.794872 4202.564103 4228.205128 4227.179487 4208.205128 4214.871795 4209.743590 4229.230769 4245.128205 4292.307692 4180.512821 4238.974359
4218.974359 4209.230769 4212.307692 4208.205128 4227.179487 4230.769231 4214.871795 4220.512821 4213.846154 4232.307692 4250.256410 4293.846154 4185.641026 4237.435897
4213.846154 4209.230769 4208.717949 4208.205128 4232.820513 4231.794872 4207.692308 4214.358974 4204.615385 4232.820513 4238.974359 4298.974359 4176.923077 4243.076923
4211.282051 4209.230769 4206.666667 4207.692308 4228.717949 4229.230769 4204.102564 4208.205128 4203.589744 4229.230769 4232.820513 4286.153846 4174.358974 4236.410256
4212.307692 4198.974359 4201.025641 4200.512821 4224.102564 4223.076923 4195.384615 4203.076923 4199.487179 4229.230769 4232.307692 4287.179487 4167.692308 4237.948718
4221.538462 4204.102564 4210.256410 4206.666667 4225.641026 4223.076923 4196.410256 4209.230769 4200.000000 4234.358974 4237.948718 4301.538462 4175.384615 4245.128205
4233.846154 4225.128205 4228.717949 4223.076923 4225.128205 4230.769231 4208.717949 4223.589744 4214.358974 4236.410256 4250.256410 4297.435897 4197.948718 4243.589744
4230.256410 4214.358974 4219.487179 4210.769231 4230.769231 4230.769231 4197.948718 4206.666667 4201.538462 4230.256410 4242.564103 4295.384615 4185.641026 4242.564103
4233.333333 4213.846154 4222.564103 4209.743590 4228.717949 4229.230769 4201.538462 4206.153846 4197.948718 4230.256410 4242.051282 4296.923077 4185.641026 4237.435897
4231.794872 4215.384615 4226.666667 4214.871795 4226.153846 4223.589744 4205.641026 4215.384615 4201.538462 4232.307692 4244.102564 4296.923077 4192.820513 4240.512821
4223.589744 4208.205128 4216.923077 4207.692308 4227.179487 4222.051282 4201.025641 4210.256410 4195.897436 4227.692308 4234.358974 4294.358974 4180.000000 4242.564103
4228.205128 4212.820513 4215.897436 4206.666667 4225.128205 4230.256410 4207.179487 4212.307692 4202.051282 4228.205128 4233.846154 4288.717949 4176.410256 4236.410256
4223.589744 4203.076923 4210.769231 4202.051282 4228.717949 4229.743590 4202.051282 4211.794872 4200.000000 4234.871795 4236.923077 4296.410256 4177.435897 4242.051282
4224.102564 4206.153846 4217.435897 4208.717949 4226.666667 4231.282051 4209.230769 4224.102564 4210.769231 4234.871795 4246.153846 4296.923077 4193.333333 4242.564103
4225.641026 4206.666667 4216.410256 4207.692308 4227.692308 4234.871795 4208.717949 4223.076923 4210.769231 4231.282051 4242.051282 4291.282051 4193.846154 4236.923077
4216.923077 4191.794872 4201.538462 4194.358974 4231.794872 4229.230769 4188.717949 4205.128205 4190.769231 4231.794872 4228.205128 4292.820513 4176.923077 4234.358974
4217.948718 4201.025641 4206.153846 4202.564103 4224.615385 4229.230769 4197.435897 4217.435897 4202.564103 4231.794872 4233.846154 4290.256410 4189.743590 4234.871795
4219.487179 4204.615385 4210.256410 4206.666667 4226.153846 4232.820513 4205.641026 4223.589744 4210.769231 4231.282051 4237.435897 4295.384615 4192.307692 4241.538462
4224.615385 4211.282051 4217.435897 4210.769231 4228.205128 4235.897436 4206.153846 4223.589744 4212.307692 4233.333333 4243.076923 4296.410256 4192.307692 4236.410256
4223.589744 4213.846154 4217.948718 4209.743590 4226.153846 4234.871795 4204.615385 4222.051282 4212.820513 4231.794872 4243.076923 4291.794872 4191.794872 4232.820513
4212.307692 4197.435897 4203.076923 4195.384615 4230.769231 4230.769231 4197.948718 4208.205128 4202.564103 4231.282051 4229.230769 4290.769231 4173.846154 4235.384615
4211.282051 4196.410256 4201.538462 4195.384615 4231.282051 4231.282051 4200.512821 4207.179487 4203.589744 4230.769231 4226.666667 4283.076923 4168.717949 4229.230769
4211.282051 4193.333333 4199.487179 4196.410256 4230.256410 4230.256410 4194.358974 4208.205128 4200.000000 4230.256410 4223.589744 4285.641026 4163.589744 4234.871795
4220.512821 4202.564103 4209.743590 4205.128205 4228.205128 4234.871795 4200.512821 4223.589744 4211.794872 4234.358974 4232.307692 4290.256410 4172.820513 4242.051282
4222.564103 4205.641026 4213.846154 4205.128205 4225.128205 4235.897436 4205.641026 4226.666667 4217.948718 4233.846154 4240.512821 4287.179487 4177.435897 4240.000000
4208.717949 4183.589744 4200.512821 4188.717949 4226.666667 4226.153846 4194.871795 4209.743590 4203.076923 4230.769231 4229.743590 4288.205128 4161.538462 4237.948718
4213.333333 4188.717949 4205.641026 4192.307692 4225.641026 4227.179487 4203.076923 4220.512821 4214.358974 4232.820513 4235.897436 4287.179487 4172.307692 4236.410256
4215.384615 4191.794872 4202.564103 4193.846154 4229.743590 4230.769231 4201.025641 4219.487179 4213.846154 4233.333333 4237.435897 4289.743590 4168.205128 4241.538462
4217.435897 4197.948718 4207.179487 4198.974359 4229.743590 4236.923077 4205.641026 4217.948718 4211.794872 4232.307692 4236.410256 4290.769231 4163.589744 4242.051282
4220.512821 4210.256410 4218.974359 4205.128205 4225.641026 4242.051282 4215.384615 4227.179487 4221.025641 4232.307692 4243.076923 4289.230769 4172.820513 4238.461538
4208.205128 4194.358974 4204.102564 4193.333333 4230.769231 4233.846154 4200.000000 4213.846154 4206.666667 4230.769231 4233.846154 4288.717949 4156.923077 4238.974359
4207.179487 4192.820513 4202.564103 4199.487179 4228.717949 4229.743590 4202.564103 4215.384615 4209.230769 4232.820513 4233.333333 4283.589744 4152.307692 4235.384615
4213.846154 4198.461538 4211.794872 4206.153846 4228.717949 4235.897436 4213.846154 4223.589744 4217.948718 4234.871795 4238.461538 4292.307692 4156.923077 4239.487179
4217.948718 4196.923077 4217.435897 4205.128205 4228.205128 4243.589744 4221.025641 4226.153846 4218.461538 4232.820513 4238.461538 4295.384615 4156.923077 4239.487179
4216.923077 4190.256410 4214.358974 4204.615385 4223.076923 4240.000000 4223.589744 4228.205128 4218.974359 4233.333333 4232.307692 4281.538462 4149.230769 4230.256410
4201.538462 4169.743590 4191.282051 4191.282051 4227.692308 4228.205128 4207.692308 4213.333333 4198.974359 4229.743590 4215.897436 4277.948718 4123.589744 4226.666667
4194.358974 4170.769231 4186.666667 4189.743590 4227.692308 4225.641026 4206.666667 4209.230769 4194.871795 4227.179487 4216.923077 4275.384615 4121.538462 4224.102564
4187.179487 4162.564103 4178.461538 4179.487179 4224.102564 4216.410256 4189.230769 4195.384615 4184.102564 4228.717949 4211.794872 4268.717949 4115.384615 4225.641026
4169.743590 4134.358974 4151.794872 4153.333333 4225.128205 4200.000000 4153.846154 4164.615385 4153.846154 4223.589744 4189.230769 4258.974359 4090.769231 4215.897436
4155.897436 4120.000000 4131.794872 4140.000000 4225.128205 4194.358974 4140.512821 4152.307692 4138.974359 4222.564103 4176.923077 4249.230769 4074.358974 4206.666667
4146.153846 4099.487179 4119.487179 4127.179487 4229.743590 4189.230769 4126.666667 4141.025641 4120.512821 4228.205128 4169.743590 4254.871795 4049.230769 4214.871795
4149.230769 4097.948718 4127.179487 4124.615385 4230.256410 4187.692308 4123.076923 4138.974359 4119.487179 4228.205128 4172.307692 4254.358974 4048.205128 4214.358974
4145.641026 4102.051282 4126.153846 4124.615385 4233.333333 4189.230769 4121.538462 4134.358974 4120.512821 4228.205128 4168.205128 4255.384615 4052.307692 4214.358974
4138.974359 4100.000000 4119.487179 4124.102564 4234.871795 4191.794872 4121.025641 4128.717949 4113.333333 4234.871795 4160.512821 4261.025641 4038.974359 4217.435897
4147.692308 4111.282051 4130.769231 4134.358974 4229.230769 4197.948718 4134.358974 4144.615385 4126.153846 4233.846154 4170.769231 4256.923077 4040.512821 4213.846154
4143.076923 4105.128205 4127.179487 4128.205128 4231.794872 4197.948718 4127.179487 4136.923077 4122.564103 4228.717949 4168.717949 4255.384615 4034.358974 4215.384615
4141.538462 4111.794872 4128.717949 4131.794872 4229.743590 4198.974359 4128.717949 4130.769231 4124.615385 4232.307692 4167.179487 4251.794872 4037.435897 4214.358974
4144.615385 4114.358974 4131.794872 4132.820513 4227.692308 4197.948718 4132.307692 4135.384615 4127.692308 4232.307692 4164.102564 4251.282051 4037.948718 4216.410256
4136.923077 4100.000000 4122.564103 4122.051282 4233.333333 4192.820513 4122.051282 4132.307692 4119.487179 4230.256410 4153.846154 4254.358974 4022.051282 4214.871795
4138.461538 4108.205128 4124.102564 4130.256410 4228.205128 4195.897436 4125.128205 4134.871795 4124.102564 4231.794872 4158.461538 4245.641026 4018.974359 4207.692308
4129.230769 4098.461538 4114.871795 4123.589744 4230.256410 4193.333333 4115.384615 4123.589744 4111.794872 4230.769231 4150.769231 4241.538462 4003.076923 4212.307692
4128.205128 4100.512821 4116.923077 4125.128205 4232.820513 4193.333333 4121.025641 4132.307692 4119.487179 4231.282051 4150.256410 4247.179487 4009.743590 4215.897436
4144.615385 4121.538462 4131.794872 4142.564103 4226.666667 4213.333333 4143.076923 4153.333333 4145.641026 4235.897436 4161.025641 4253.846154 4028.717949 4217.948718
4148.205128 4118.974359 4132.307692 4144.102564 4226.153846 4240.512821 4147.692308 4151.794872 4143.076923 4237.435897 4157.435897 4254.358974 4022.051282 4218.974359
4147.692308 4123.076923 4140.512821 4149.230769 4226.666667 4259.487179 4156.923077 4158.461538 4149.230769 4235.384615 4162.051282 4249.743590 4030.256410 4216.923077
4144.615385 4126.153846 4142.051282 4149.743590 4230.769231 4260.000000 4155.384615 4156.923077 4154.358974 4234.358974 4158.974359 4254.358974 4025.641026 4220.512821
4150.256410 4135.897436 4145.641026 4150.256410 4231.282051 4262.564103 4155.897436 4154.358974 4154.358974 4233.333333 4151.794872 4248.205128 4015.897436 4216.923077
4148.717949 4141.538462 4146.666667 4145.641026 4228.717949 4263.589744 4158.974359 4156.923077 4153.333333 4231.282051 4153.846154 4242.051282 4017.948718 4214.358974
4135.897436 4127.692308 4135.897436 4134.358974 4231.794872 4254.358974 4145.128205 4146.153846 4138.974359 4231.794872 4150.769231 4249.230769 4005.641026 4216.410256
4141.538462 4137.435897 4146.666667 4145.128205 4226.153846 4256.923077 4152.820513 4152.820513 4147.179487 4233.333333 4154.871795 4247.179487 4008.717949 4212.307692
4147.692308 4141.538462 4151.794872 4149.743590 4226.153846 4260.512821 4158.461538 4161.025641 4152.307692 4232.820513 4157.948718 4249.230769 4011.794872 4216.923077
4148.205128 4144.102564 4153.846154 4150.769231 4227.692308 4258.461538 4157.435897 4163.589744 4151.282051 4231.282051 4163.076923 4249.230769 4013.333333 4218.461538
4152.307692 4155.897436 4163.076923 4165.128205 4222.564103 4263.076923 4167.179487 4169.743590 4160.512821 4231.794872 4171.794872 4244.615385 4020.000000 4216.923077
4158.461538 4157.948718 4165.641026 4173.846154 4220.512821 4268.717949 4174.871795 4173.333333 4168.717949 4233.846154 4177.435897 4252.307692 4023.589744 4221.538462
4168.205128 4172.307692 4174.358974 4181.025641 4214.358974 4272.307692 4189.743590 4191.794872 4186.666667 4232.307692 4192.820513 4248.717949 4041.538462 4217.948718
4164.102564 4169.230769 4171.794872 4174.358974 4214.871795 4271.282051 4191.282051 4192.307692 4186.153846 4230.256410 4192.820513 4242.564103 4035.897436 4216.410256
4168.205128 4172.307692 4180.000000 4182.564103 4213.846154 4278.461538 4200.512821 4195.384615 4193.333333 4231.794872 4194.871795 4249.743590 4036.923077 4218.974359
4185.128205 4200.000000 4198.461538 4205.128205 4205.641026 4289.230769 4222.051282 4220.512821 4218.461538 4233.846154 4212.820513 4255.384615 4066.153846 4224.615385
4191.282051 4214.358974 4205.128205 4208.717949 4201.025641 4290.769231 4229.230769 4230.256410 4226.153846 4234.871795 4223.076923 4256.923077 4080.512821 4232.820513
4210.769231 4242.051282 4231.282051 4226.666667 4191.282051 4296.923077 4255.384615 4252.820513 4260.512821 4233.846154 4244.615385 4252.820513 4107.179487 4231.794872
4225.128205 4257.435897 4244.102564 4240.000000 4189.743590 4300.000000 4263.589744 4262.051282 4277.948718 4231.794872 4252.820513 4256.410256 4121.025641 4235.897436
4226.666667 4257.435897 4240.000000 4240.512821 4196.923077 4299.487179 4254.871795 4253.333333 4261.538462 4233.333333 4246.153846 4262.051282 4120.512821 4241.538462
4235.384615 4266.153846 4250.256410 4250.769231 4198.974359 4301.538462 4262.051282 4258.974359 4265.128205 4236.923077 4254.871795 4261.025641 4130.769231 4240.512821
4229.743590 4253.846154 4245.128205 4245.641026 4204.102564 4295.384615 4252.820513 4248.717949 4261.025641 4228.717949 4251.794872 4260.512821 4113.333333 4238.974359
4216.923077 4241.538462 4232.820513 4233.846154 4207.692308 4292.820513 4243.589744 4236.923077 4249.743590 4225.128205 4242.564103 4251.794872 4094.871795 4228.717949
4198.974359 4215.384615 4211.794872 4214.358974 4214.358974 4289.743590 4228.205128 4218.974359 4229.743590 4230.256410 4225.128205 4247.692308 4073.846154 4224.615385
4182.051282 4189.230769 4190.769231 4197.435897 4221.025641 4283.076923 4209.230769 4201.025641 4209.743590 4226.153846 4205.641026 4247.179487 4055.384615 4227.179487
4177.948718 4191.282051 4188.205128 4196.923077 4216.410256 4284.102564 4210.769231 4203.076923 4210.769231 4224.102564 4207.692308 4241.025641 4061.025641 4224.102564
4171.282051 4185.128205 4182.564103 4192.820513 4218.974359 4284.102564 4204.102564 4193.846154 4202.051282 4229.743590 4204.102564 4245.641026 4056.410256 4223.076923
4181.538462 4197.948718 4194.871795 4205.128205 4217.948718 4286.666667 4209.743590 4197.948718 4210.769231 4230.256410 4207.692308 4247.692308 4069.230769 4224.102564
4191.794872 4205.641026 4202.051282 4210.256410 4215.897436 4285.128205 4208.717949 4200.000000 4212.820513 4228.205128 4211.282051 4245.128205 4083.589744 4229.743590
4188.717949 4191.794872 4194.871795 4200.000000 4222.564103 4281.025641 4195.897436 4188.205128 4193.846154 4232.820513 4206.666667 4248.205128 4083.076923 4230.769231
4193.333333 4197.948718 4203.589744 4206.666667 4221.025641 4285.128205 4207.692308 4199.487179 4198.461538 4232.820513 4211.794872 4246.153846 4100.000000 4225.128205
4191.794872 4199.487179 4202.051282 4205.641026 4221.025641 4280.512821 4205.641026 4200.512821 4198.461538 4230.256410 4211.794872 4248.717949 4101.538462 4231.794872
4200.000000 4207.179487 4206.666667 4210.769231 4222.564103 4277.948718 4206.153846 4202.051282 4206.153846 4234.358974 4219.487179 4249.230769 4110.256410 4236.410256
4202.051282 4208.717949 4208.717949 4212.820513 4223.589744 4276.410256 4208.205128 4206.153846 4212.307692 4232.307692 4223.076923 4247.692308 4118.461538 4233.333333
4190.769231 4194.871795 4196.923077 4203.589744 4225.641026 4271.282051 4198.461538 4198.974359 4197.948718 4229.743590 4212.820513 4250.256410 4108.717949 4230.256410
4198.461538 4204.615385 4203.076923 4213.333333 4221.025641 4276.923077 4208.205128 4208.205128 4207.692308 4232.820513 4217.948718 4244.615385 4120.000000 4230.256410
4201.538462 4207.179487 4205.128205 4215.384615 4223.076923 4280.512821 4212.307692 4211.794872 4215.384615 4232.820513 4218.461538 4246.153846 4127.692308 4235.384615
4196.923077 4204.102564 4202.051282 4211.794872 4222.051282 4276.923077 4212.820513 4212.820513 4216.410256 4231.282051 4216.923077 4247.179487 4134.358974 4228.205128
4194.871795 4197.948718 4200.000000 4209.743590 4220.512821 4276.410256 4208.717949 4208.717949 4210.769231 4232.820513 4216.923077 4241.538462 4139.487179 4225.128205
4191.282051 4184.102564 4194.358974 4198.461538 4225.128205 4274.871795 4197.435897 4193.846154 4194.871795 4233.333333 4205.641026 4238.974359 4130.256410 4231.794872
4194.358974 4193.846154 4199.487179 4201.025641 4224.102564 4273.846154 4203.589744 4200.000000 4199.487179 4231.282051 4204.102564 4235.384615 4134.871795 4225.128205
4192.820513 4190.256410 4194.358974 4200.000000 4229.230769 4272.307692 4198.974359 4197.948718 4194.871795 4231.794872 4202.051282 4242.051282 4134.358974 4221.538462
4192.820513 4180.512821 4192.820513 4197.435897 4230.256410 4270.769231 4193.846154 4191.282051 4191.794872 4233.333333 4203.589744 4242.564103 4143.589744 4224.102564
4190.769231 4180.000000 4191.794872 4193.846154 4226.153846 4263.589744 4189.743590 4190.256410 4196.410256 4231.794872 4205.128205 4235.897436 4155.897436 4227.179487
4181.025641 4171.794872 4178.461538 4185.128205 4229.230769 4259.487179 4177.435897 4181.025641 4188.717949 4230.769231 4198.974359 4238.974359 4148.205128 4227.179487
4185.128205 4182.051282 4186.153846 4195.897436 4226.666667 4267.692308 4189.743590 4193.333333 4202.051282 4231.794872 4209.230769 4237.948718 4157.948718 4217.948718
4186.666667 4180.000000 4191.282051 4196.923077 4230.256410 4268.717949 4192.820513 4195.384615 4204.102564 4231.794872 4207.692308 4240.512821 4161.538462 4224.615385
4192.820513 4183.589744 4196.923077 4198.974359 4232.307692 4270.256410 4194.871795 4193.846154 4202.051282 4233.333333 4209.230769 4245.641026 4172.307692 4235.384615
4201.538462 4199.487179 4203.589744 4208.205128 4226.153846 4275.384615 4205.641026 4202.564103 4209.743590 4235.384615 4220.000000 4239.487179 4192.307692 4229.743590
4191.282051 4185.641026 4190.769231 4196.410256 4229.230769 4268.717949 4191.794872 4191.794872 4192.820513 4232.307692 4204.615385 4234.871795 4177.435897 4223.076923
4189.230769 4185.641026 4189.743590 4197.435897 4228.717949 4270.256410 4192.307692 4193.846154 4193.846154 4231.794872 4202.051282 4233.846154 4176.410256 4221.025641
4194.871795 4190.256410 4193.333333 4201.025641 4228.717949 4274.358974 4200.512821 4203.589744 4206.153846 4234.871795 4214.871795 4241.025641 4191.794872 4229.743590
4195.897436 4188.717949 4194.871795 4198.974359 4228.205128 4272.307692 4200.000000 4204.615385 4206.666667 4231.282051 4220.512821 4244.102564 4201.025641 4226.666667
4190.256410 4185.641026 4191.282051 4198.974359 4224.615385 4271.282051 4196.923077 4201.025641 4203.589744 4226.666667 4214.358974 4231.794872 4204.102564 4213.846154
4177.948718 4168.717949 4174.358974 4189.743590 4229.743590 4268.717949 4186.666667 4190.769231 4191.794872 4229.743590 4201.025641 4232.820513 4189.743590 4216.410256
4183.589744 4178.461538 4185.128205 4195.384615 4229.743590 4270.769231 4195.384615 4200.512821 4200.512821 4233.846154 4208.205128 4236.410256 4198.461538 4218.974359
4185.128205 4178.974359 4190.769231 4195.384615 4230.256410 4270.256410 4192.307692 4200.512821 4201.025641 4230.769231 4210.769231 4235.384615 4203.589744 4218.974359
4180.512821 4164.102564 4180.000000 4189.230769 4234.358974 4268.205128 4182.564103 4193.846154 4193.846154 4230.256410 4201.538462 4237.435897 4195.384615 4221.025641
4182.564103 4168.717949 4181.025641 4193.846154 4232.820513 4266.666667 4189.743590 4197.435897 4200.000000 4232.307692 4201.025641 4230.769231 4198.461538 4218.974359
4167.179487 4158.461538 4171.282051 4182.051282 4233.846154 4258.461538 4176.923077 4177.435897 4182.564103 4230.256410 4190.256410 4226.153846 4183.076923 4219.487179
4169.743590 4158.461538 4174.358974 4182.564103 4230.769231 4260.512821 4173.846154 4177.948718 4184.102564 4231.282051 4194.871795 4225.641026 4189.230769 4217.948718
4183.076923 4164.615385 4180.512821 4184.615385 4230.769231 4263.076923 4174.358974 4189.230769 4196.410256 4232.307692 4205.641026 4228.205128 4200.512821 4219.487179
4179.487179 4161.025641 4178.461538 4178.974359 4231.794872 4256.410256 4170.769231 4178.974359 4186.666667 4230.769231 4202.051282 4228.717949 4190.769231 4220.000000
4178.461538 4163.589744 4189.230769 4185.641026 4227.179487 4257.948718 4180.512821 4181.025641 4189.743590 4230.769231 4203.589744 4225.128205 4194.871795 4218.974359
4181.025641 4158.974359 4189.230769 4184.102564 4234.358974 4256.923077 4176.410256 4186.153846 4195.897436 4232.820513 4206.666667 4233.846154 4196.923077 4229.230769
4190.256410 4173.333333 4191.282051 4188.205128 4236.923077 4247.692308 4181.538462 4196.410256 4208.717949 4233.846154 4218.461538 4234.871795 4207.179487 4228.205128
4189.743590 4177.948718 4190.256410 4189.230769 4231.794872 4240.000000 4184.615385 4194.358974 4209.230769 4232.820513 4214.358974 4226.666667 4202.051282 4220.000000
4181.538462 4160.512821 4180.000000 4182.051282 4231.282051 4238.974359 4172.820513 4179.487179 4194.871795 4231.282051 4194.358974 4226.666667 4179.487179 4221.538462
4182.564103 4164.102564 4180.512821 4186.666667 4232.307692 4243.589744 4176.410256 4182.564103 4198.974359 4230.256410 4197.948718 4222.051282 4184.615385 4222.051282
4174.358974 4155.384615 4172.820513 4179.487179 4239.487179 4238.974359 4169.743590 4175.384615 4186.666667 4230.256410 4198.461538 4223.589744 4177.435897 4222.051282
4168.717949 4145.128205 4173.333333 4172.820513 4240.000000 4237.948718 4164.615385 4169.230769 4177.435897 4232.307692 4191.282051 4223.076923 4162.564103 4215.384615
4162.051282 4133.846154 4167.179487 4166.666667 4241.025641 4238.461538 4157.435897 4158.461538 4168.205128 4230.256410 4182.564103 4215.897436 4145.128205 4212.820513
4145.128205 4108.205128 4140.512821 4144.615385 4250.769231 4228.205128 4134.871795 4132.820513 4135.897436 4228.205128 4163.589744 4212.820513 4112.820513 4215.897436
4148.717949 4115.897436 4145.641026 4144.615385 4248.205128 4227.692308 4138.974359 4140.000000 4142.051282 4232.307692 4161.538462 4213.846154 4112.820513 4213.846154
4172.307692 4147.692308 4175.384615 4171.282051 4236.410256 4240.000000 4165.641026 4170.256410 4182.564103 4236.410256 4183.589744 4228.717949 4143.589744 4225.128205
4178.461538 4153.846154 4178.974359 4178.461538 4240.000000 4244.102564 4167.179487 4171.282051 4183.076923 4231.282051 4188.717949 4226.153846 4152.820513 4222.051282
4170.256410 4147.179487 4170.256410 4171.282051 4243.076923 4241.025641 4156.923077 4162.051282 4169.230769 4233.846154 4184.615385 4218.974359 4147.179487 4215.384615
4225.641026 4238.974359 4244.102564 4237.948718 4200.000000 4267.179487 4239.487179 4247.179487 4266.666667 4249.743590 4255.384615 4254.871795 4237.948718 4240.000000
4298.461538 4351.282051 4331.282051 4323.589744 4161.538462 4303.589744 4337.435897 4343.076923 4375.897436 4249.230769 4335.897436 4267.179487 4346.153846 4248.717949
4264.615385 4294.871795 4286.153846 4285.641026 4195.897436 4290.769231 4281.538462 4284.102564 4304.615385 4230.769231 4288.205128 4235.897436 4280.512821 4228.205128
4204.615385 4197.948718 4212.820513 4218.974359 4234.871795 4263.589744 4198.974359 4201.025641 4211.282051 4220.000000 4219.487179 4216.923077 4180.000000 4210.769231
4194.871795 4183.076923 4198.974359 4206.666667 4232.307692 4258.461538 4195.384615 4201.025641 4214.871795 4222.564103 4213.846154 4216.923077 4167.179487 4210.769231
4193.333333 4185.128205 4196.410256 4201.538462 4224.615385 4255.897436 4198.974359 4204.102564 4214.871795 4230.256410 4211.282051 4224.102564 4165.128205 4222.051282
4210.769231 4216.923077 4223.589744 4226.666667 4212.820513 4265.641026 4225.641026 4224.615385 4236.923077 4235.384615 4232.307692 4226.666667 4191.794872 4225.128205
4225.128205 4242.051282 4237.948718 4245.128205 4208.717949 4278.461538 4240.512821 4241.025641 4263.589744 4230.769231 4249.230769 4229.230769 4208.717949 4225.128205
4215.384615 4228.717949 4221.025641 4231.794872 4214.358974 4281.538462 4223.589744 4230.256410 4255.897436 4230.769231 4237.435897 4226.153846 4190.256410 4223.076923
4210.256410 4219.487179 4216.410256 4227.692308 4217.948718 4283.589744 4217.435897 4223.076923 4245.641026 4235.384615 4230.256410 4222.564103 4184.102564 4218.974359
4181.538462 4167.692308 4177.948718 4195.384615 4243.589744 4268.717949 4171.282051 4170.256410 4188.717949 4222.051282 4191.282051 4215.384615 4128.205128 4211.794872
4138.461538 4098.461538 4122.564103 4144.102564 4267.692308 4245.128205 4109.743590 4108.205128 4121.025641 4212.820513 4137.948718 4196.923077 4049.230769 4200.000000
4120.512821 4070.769231 4100.000000 4120.000000 4271.794872 4234.871795 4089.743590 4093.846154 4101.025641 4224.102564 4116.923077 4197.435897 4022.051282 4208.717949
4130.256410 4085.128205 4109.743590 4129.743590 4268.717949 4240.512821 4103.589744 4109.743590 4121.025641 4234.871795 4129.230769 4209.230769 4039.487179 4220.000000
4143.589744 4112.307692 4130.769231 4148.717949 4256.410256 4248.205128 4124.615385 4129.743590 4145.641026 4232.307692 4151.282051 4206.666667 4060.512821 4216.410256
4141.025641 4112.820513 4131.282051 4146.153846 4247.692308 4246.153846 4121.538462 4125.641026 4131.794872 4231.282051 4150.256410 4207.179487 4055.384615 4214.358974
4151.282051 4127.179487 4141.538462 4157.948718 4242.564103 4251.794872 4130.769231 4132.820513 4133.846154 4234.871795 4153.333333 4208.205128 4068.205128 4215.384615
4159.487179 4137.948718 4154.358974 4170.256410 4244.102564 4259.487179 4147.692308 4149.743590 4157.948718 4234.358974 4161.025641 4211.282051 4078.974359 4221.538462
4153.333333 4131.282051 4151.794872 4165.641026 4246.153846 4260.000000 4150.769231 4152.307692 4165.128205 4233.333333 4159.487179 4214.358974 4067.179487 4218.974359
4157.435897 4145.128205 4155.897436 4171.794872 4239.487179 4259.487179 4153.333333 4161.538462 4179.487179 4233.333333 4166.666667 4207.179487 4076.410256 4213.333333
4167.179487 4157.948718 4166.153846 4180.512821 4237.435897 4258.974359 4154.871795 4172.307692 4194.358974 4234.358974 4176.923077 4212.820513 4090.769231 4223.076923
4180.512821 4172.307692 4185.128205 4194.871795 4234.358974 4265.641026 4172.820513 4181.025641 4203.589744 4234.358974 4187.179487 4219.487179 4100.000000 4221.025641
4182.564103 4174.358974 4184.615385 4196.923077 4231.282051 4266.666667 4177.948718 4175.897436 4197.435897 4233.333333 4190.769231 4214.358974 4096.923077 4215.897436
4185.128205 4176.410256 4182.051282 4194.871795 4228.205128 4264.615385 4177.435897 4180.000000 4200.512821 4235.384615 4201.538462 4218.461538 4107.692308 4227.179487
4208.205128 4209.743590 4209.743590 4221.025641 4220.512821 4275.384615 4203.589744 4212.820513 4232.820513 4235.897436 4225.641026 4222.051282 4149.230769 4233.333333
4218.461538 4222.564103 4222.564103 4231.794872 4220.000000 4281.538462 4208.717949 4216.410256 4234.358974 4232.307692 4226.666667 4224.102564 4160.512821 4230.769231
4222.564103 4224.615385 4224.615385 4230.769231 4221.025641 4279.487179 4207.179487 4210.256410 4228.205128 4232.820513 4228.717949 4223.076923 4165.128205 4228.205128
4233.333333 4230.256410 4230.256410 4233.846154 4220.512821 4277.948718 4214.871795 4214.871795 4233.846154 4233.846154 4236.410256 4222.564103 4178.974359 4231.794872
4235.384615 4228.717949 4231.794872 4231.794872 4222.564103 4279.487179 4214.358974 4213.846154 4230.769231 4231.794872 4229.230769 4227.692308 4175.897436 4233.846154
4238.461538 4234.871795 4238.461538 4236.923077 4222.051282 4281.538462 4218.974359 4224.102564 4241.538462 4231.794872 4232.307692 4227.179487 4183.589744 4229.743590
4236.923077 4229.230769 4233.846154 4234.871795 4225.641026 4276.923077 4214.871795 4220.512821 4236.923077 4232.307692 4235.384615 4230.769231 4185.641026 4236.923077
4242.564103 4233.333333 4236.410256 4237.435897 4224.102564 4280.512821 4220.000000 4221.538462 4233.333333 4232.307692 4242.051282 4232.307692 4191.282051 4236.923077
4247.179487 4244.102564 4245.641026 4242.051282 4223.076923 4286.666667 4227.179487 4233.333333 4241.538462 4232.820513 4249.743590 4230.769231 4199.487179 4232.307692
4237.948718 4234.358974 4237.948718 4233.846154 4230.256410 4278.461538 4214.871795 4224.615385 4232.307692 4231.282051 4242.051282 4234.358974 4187.179487 4234.871795
4239.487179 4236.410256 4238.461538 4234.358974 4226.153846 4271.794872 4213.846154 4220.512821 4230.769231 4229.743590 4239.487179 4230.256410 4184.615385 4227.179487
4245.128205 4241.538462 4243.076923 4236.923077 4224.615385 4273.846154 4213.846154 4217.948718 4227.692308 4233.846154 4239.487179 4235.384615 4183.589744 4230.769231
4253.333333 4250.256410 4252.307692 4244.102564 4230.256410 4277.435897 4220.000000 4222.051282 4226.666667 4235.384615 4245.128205 4238.974359 4190.256410 4235.384615
4253.846154 4253.846154 4254.358974 4244.102564 4229.230769 4275.897436 4226.153846 4231.282051 4230.256410 4231.282051 4246.153846 4227.692308 4191.794872 4225.641026
4238.974359 4234.871795 4237.435897 4226.666667 4228.717949 4268.205128 4212.307692 4219.487179 4218.461538 4230.256410 4233.846154 4226.153846 4170.256410 4228.205128
4242.564103 4237.435897 4238.461538 4229.230769 4226.666667 4272.820513 4212.307692 4215.897436 4217.948718 4233.846154 4234.358974 4223.589744 4170.256410 4233.333333
4248.717949 4247.179487 4243.589744 4236.410256 4227.692308 4278.461538 4218.461538 4220.000000 4220.512821 4234.871795 4236.923077 4228.717949 4177.435897 4237.435897
4250.769231 4255.384615 4250.769231 4242.051282 4228.717949 4278.974359 4223.589744 4225.641026 4229.743590 4233.333333 4242.051282 4240.000000 4186.666667 4239.487179
4256.923077 4265.128205 4258.461538 4247.692308 4227.179487 4281.538462 4226.666667 4232.307692 4241.538462 4232.820513 4248.717949 4236.923077 4199.487179 4235.897436
4252.307692 4252.820513 4246.666667 4240.000000 4231.282051 4277.948718 4217.948718 4228.205128 4231.282051 4232.307692 4243.589744 4237.948718 4192.820513 4238.461538
4251.794872 4251.282051 4247.179487 4243.076923 4230.256410 4271.282051 4218.974359 4229.230769 4232.820513 4231.794872 4245.128205 4236.923077 4191.794872 4235.384615
4249.743590 4250.769231 4250.256410 4240.000000 4228.205128 4266.666667 4214.871795 4220.512821 4228.205128 4231.794872 4239.487179 4233.333333 4181.538462 4235.384615
4243.076923 4244.102564 4245.128205 4230.769231 4227.179487 4268.205128 4212.307692 4213.333333 4215.897436 4232.820513 4233.333333 4231.282051 4171.282051 4238.461538
4243.589744 4248.205128 4245.641026 4237.435897 4225.128205 4271.794872 4223.589744 4225.641026 4226.153846 4233.846154 4242.564103 4228.205128 4183.076923 4237.948718
4241.025641 4241.025641 4236.410256 4235.384615 4230.769231 4267.692308 4213.846154 4219.487179 4228.205128 4233.333333 4238.461538 4232.820513 4177.948718 4240.000000
4239.487179 4245.128205 4234.358974 4231.794872 4228.717949 4265.641026 4211.282051 4216.410256 4230.256410 4231.794872 4237.435897 4227.692308 4177.948718 4233.333333
4237.948718 4247.179487 4235.897436 4230.256410 4225.641026 4268.205128 4213.333333 4217.948718 4225.641026 4231.794872 4243.076923 4225.641026 4182.051282 4236.410256
4243.589744 4246.666667 4240.000000 4235.384615 4229.230769 4265.641026 4211.282051 4212.820513 4214.358974 4232.307692 4240.512821 4234.871795 4177.435897 4242.564103
4253.333333 4257.948718 4250.256410 4246.666667 4226.666667 4253.333333 4224.615385 4225.128205 4227.179487 4231.794872 4242.564103 4232.820513 4185.128205 4234.871795
4241.538462 4243.589744 4240.000000 4232.820513 4226.666667 4247.179487 4224.102564 4226.666667 4226.666667 4231.282051 4237.948718 4232.820513 4173.333333 4233.846154
4231.282051 4235.897436 4231.794872 4224.102564 4225.128205 4261.538462 4218.974359 4217.948718 4212.820513 4231.282051 4234.871795 4229.230769 4163.076923 4231.282051
4228.205128 4238.461538 4227.179487 4225.128205 4223.589744 4265.641026 4213.333333 4214.871795 4210.256410 4231.794872 4233.333333 4224.102564 4167.179487 4231.282051
4223.076923 4229.230769 4221.025641 4218.974359 4225.641026 4254.358974 4202.564103 4214.358974 4216.923077 4232.307692 4228.717949 4226.666667 4166.666667 4236.410256
4230.256410 4236.410256 4228.205128 4223.076923 4223.076923 4255.897436 4205.128205 4220.000000 4229.743590 4232.820513 4234.358974 4226.153846 4178.974359 4232.307692
4230.769231 4236.923077 4224.102564 4223.076923 4225.641026 4260.000000 4204.102564 4214.871795 4221.025641 4232.307692 4235.897436 4230.256410 4182.051282 4230.769231
4225.128205 4237.435897 4220.000000 4224.102564 4226.153846 4263.076923 4213.846154 4225.128205 4227.179487 4231.794872 4234.871795 4228.717949 4181.538462 4227.692308
4224.615385 4238.974359 4218.461538 4223.076923 4221.538462 4266.153846 4220.512821 4234.871795 4239.487179 4231.794872 4233.333333 4224.615385 4181.025641 4229.230769
4229.230769 4237.435897 4216.410256 4220.512821 4224.615385 4263.076923 4215.384615 4227.692308 4233.846154 4232.820513 4232.307692 4229.743590 4182.564103 4238.461538
4239.487179 4253.846154 4230.256410 4234.871795 4223.076923 4268.717949 4233.846154 4245.641026 4247.692308 4234.358974 4244.615385 4228.717949 4203.076923 4237.435897
4234.358974 4249.230769 4227.179487 4234.358974 4221.538462 4270.769231 4237.948718 4246.153846 4245.641026 4233.333333 4241.538462 4229.230769 4200.000000 4230.769231
4231.282051 4238.974359 4217.435897 4228.717949 4221.538462 4266.153846 4230.769231 4234.871795 4234.358974 4232.307692 4235.384615 4227.692308 4193.333333 4225.641026
4235.897436 4243.589744 4221.538462 4230.769231 4222.564103 4268.205128 4233.333333 4241.538462 4241.025641 4232.307692 4241.538462 4225.641026 4204.615385 4231.282051
4231.794872 4235.384615 4220.000000 4224.102564 4225.128205 4267.692308 4230.256410 4237.948718 4234.871795 4230.769231 4240.000000 4231.282051 4206.153846 4237.948718
4235.384615 4235.897436 4224.615385 4227.692308 4222.051282 4265.641026 4229.743590 4231.282051 4229.230769 4231.282051 4238.974359 4227.692308 4210.769231 4231.282051
4239.487179 4242.051282 4225.641026 4233.846154 4222.051282 4265.128205 4225.128205 4231.282051 4230.769231 4233.333333 4240.512821 4229.230769 4209.743590 4234.871795
