4237.948718 4245.128205 4244.615385 4248.717949 4228.205128 4269.743590 4228.717949 4226.666667 4234.871795 4231.282051 4239.487179 4227.179487 4264.102564 4212.307692
4241.538462 4251.794872 4248.717949 4251.282051 4227.179487 4272.307692 4241.538462 4237.948718 4245.641026 4233.333333 4245.128205 4228.205128 4265.641026 4211.794872
4243.076923 4261.025641 4255.897436 4258.974359 4225.641026 4278.974359 4250.256410 4247.179487 4263.589744 4232.307692 4248.205128 4225.641026 4270.256410 4215.384615
4237.435897 4250.769231 4247.692308 4252.307692 4227.179487 4279.487179 4240.512821 4234.358974 4250.256410 4229.743590 4239.487179 4223.589744 4255.384615 4214.358974
4244.102564 4258.974359 4253.846154 4260.512821 4222.051282 4285.128205 4246.153846 4244.102564 4255.897436 4231.794872 4246.153846 4224.102564 4259.487179 4210.769231
4244.615385 4259.487179 4255.384615 4260.000000 4224.615385 4287.179487 4247.179487 4253.846154 4266.153846 4232.307692 4248.205128 4232.307692 4264.102564 4217.435897
4247.692308 4262.564103 4258.461538 4257.948718 4224.102564 4290.256410 4250.256410 4256.923077 4268.717949 4234.358974 4250.256410 4231.282051 4271.282051 4217.948718
4245.128205 4257.435897 4255.897436 4254.871795 4226.153846 4286.153846 4242.564103 4249.230769 4257.435897 4233.846154 4248.717949 4227.179487 4261.538462 4214.358974
4229.743590 4237.948718 4238.974359 4241.025641 4231.794872 4273.846154 4222.051282 4229.230769 4235.897436 4224.615385 4234.358974 4225.641026 4232.820513 4208.205128
4222.051282 4234.358974 4234.358974 4236.410256 4225.641026 4272.307692 4220.512821 4224.102564 4232.307692 4222.564103 4228.205128 4214.871795 4227.692308 4200.000000
4215.384615 4220.512821 4226.153846 4228.205128 4226.666667 4271.282051 4214.871795 4221.025641 4226.153846 4232.307692 4221.538462 4218.461538 4217.948718 4209.743590
4221.538462 4224.615385 4230.256410 4233.333333 4227.179487 4268.205128 4216.410256 4225.641026 4233.333333 4235.384615 4228.205128 4224.102564 4224.615385 4215.384615
4226.666667 4235.897436 4235.897436 4235.897436 4224.615385 4265.128205 4216.410256 4220.512821 4235.897436 4229.743590 4234.358974 4218.974359 4233.846154 4212.820513
4213.846154 4221.025641 4223.589744 4220.512821 4228.717949 4262.564103 4203.589744 4200.512821 4217.948718 4230.256410 4220.512821 4218.461538 4216.410256 4213.846154
4217.435897 4223.076923 4226.153846 4227.692308 4225.641026 4267.692308 4210.256410 4211.282051 4228.205128 4233.846154 4222.051282 4220.000000 4222.564103 4213.333333
4227.179487 4229.743590 4232.820513 4237.948718 4225.128205 4269.743590 4214.358974 4223.589744 4232.307692 4231.282051 4227.692308 4227.692308 4233.846154 4218.974359
4235.384615 4239.487179 4247.179487 4244.102564 4226.666667 4273.333333 4222.051282 4230.256410 4232.820513 4231.794872 4233.333333 4228.205128 4238.974359 4218.974359
4234.871795 4243.589744 4248.205128 4244.615385 4227.179487 4270.256410 4223.589744 4226.153846 4236.410256 4232.307692 4232.820513 4220.000000 4235.897436 4214.358974
4224.102564 4225.128205 4227.179487 4236.923077 4228.717949 4263.589744 4207.179487 4208.205128 4223.076923 4231.282051 4224.102564 4222.051282 4225.128205 4218.461538
4225.641026 4229.230769 4234.358974 4247.179487 4223.589744 4273.846154 4215.897436 4221.538462 4231.282051 4232.307692 4235.897436 4222.051282 4243.589744 4218.974359
4222.051282 4226.153846 4236.410256 4246.666667 4225.128205 4273.333333 4213.333333 4221.538462 4227.692308 4231.794872 4234.358974 4220.512821 4243.589744 4216.923077
4217.435897 4222.051282 4226.666667 4244.102564 4226.153846 4265.128205 4203.076923 4207.179487 4216.410256 4231.794872 4224.615385 4219.487179 4234.358974 4215.897436
4222.564103 4233.846154 4229.743590 4252.820513 4224.615385 4272.820513 4214.358974 4221.538462 4232.820513 4234.358974 4230.769231 4220.512821 4248.717949 4221.025641
4221.538462 4228.205128 4231.282051 4250.769231 4229.743590 4275.384615 4217.948718 4226.666667 4235.384615 4236.410256 4230.769231 4226.153846 4251.282051 4225.128205
4224.615385 4231.794872 4238.461538 4253.846154 4225.641026 4271.794872 4224.102564 4229.230769 4236.410256 4234.358974 4234.871795 4223.076923 4260.000000 4220.000000
4225.128205 4231.794872 4236.410256 4251.794872 4224.615385 4270.256410 4219.487179 4227.179487 4236.923077 4231.282051 4233.846154 4224.615385 4265.128205 4225.641026
4226.666667 4230.769231 4237.948718 4250.769231 4227.179487 4273.333333 4218.461538 4230.256410 4240.000000 4231.794872 4234.358974 4227.692308 4266.666667 4230.256410
4229.230769 4232.820513 4242.051282 4252.307692 4224.615385 4270.256410 4227.692308 4238.974359 4247.692308 4233.333333 4240.000000 4220.512821 4270.769231 4225.128205
4222.051282 4220.512821 4227.179487 4240.512821 4226.666667 4255.897436 4214.358974 4224.102564 4238.461538 4230.256410 4233.333333 4222.051282 4258.461538 4227.692308
4225.641026 4230.256410 4229.230769 4247.692308 4225.128205 4260.000000 4213.333333 4222.051282 4238.461538 4227.179487 4236.410256 4220.000000 4265.128205 4225.641026
4218.974359 4222.564103 4224.102564 4247.692308 4226.666667 4265.128205 4213.333333 4223.076923 4225.641026 4228.717949 4231.794872 4214.871795 4260.512821 4223.589744
4211.282051 4204.615385 4215.384615 4233.846154 4228.717949 4260.512821 4211.282051 4219.487179 4220.000000 4232.307692 4222.051282 4221.025641 4246.666667 4230.256410
4226.153846 4220.512821 4229.743590 4241.538462 4221.025641 4265.128205 4220.000000 4228.205128 4242.564103 4233.333333 4233.333333 4227.692308 4262.564103 4231.282051
4227.179487 4220.512821 4227.692308 4242.051282 4224.615385 4264.615385 4205.128205 4212.820513 4226.666667 4230.769231 4231.282051 4227.692308 4261.538462 4228.717949
4221.538462 4218.974359 4224.102564 4241.538462 4227.179487 4261.538462 4201.025641 4204.615385 4217.948718 4230.256410 4225.641026 4217.948718 4256.410256 4224.102564
4223.589744 4222.051282 4224.615385 4244.102564 4226.666667 4262.051282 4210.256410 4214.871795 4229.743590 4232.307692 4225.641026 4216.923077 4257.435897 4230.769231
4218.974359 4212.820513 4216.923077 4237.435897 4227.692308 4262.051282 4206.666667 4225.128205 4224.615385 4232.820513 4222.051282 4223.589744 4248.717949 4234.871795
4215.897436 4212.307692 4216.410256 4234.871795 4223.589744 4266.153846 4212.307692 4240.000000 4229.230769 4232.307692 4226.666667 4219.487179 4253.333333 4230.769231
4216.923077 4211.794872 4218.461538 4232.820513 4227.692308 4268.205128 4215.897436 4235.897436 4227.692308 4232.820513 4228.205128 4225.128205 4257.435897 4236.410256
4230.256410 4228.717949 4229.230769 4246.666667 4227.179487 4271.282051 4225.128205 4239.487179 4231.282051 4232.307692 4233.333333 4224.102564 4266.666667 4236.410256
4229.743590 4231.282051 4227.692308 4246.153846 4225.128205 4267.179487 4222.051282 4245.641026 4238.461538 4230.769231 4231.794872 4217.948718 4261.538462 4234.358974
4218.974359 4216.923077 4217.435897 4230.769231 4229.230769 4258.974359 4210.256410 4240.512821 4238.974359 4231.794872 4227.692308 4225.128205 4250.769231 4237.948718
4232.307692 4233.333333 4235.384615 4247.179487 4226.666667 4267.692308 4228.205128 4252.307692 4253.846154 4232.820513 4238.974359 4227.692308 4271.794872 4238.974359
4233.333333 4236.410256 4236.923077 4251.282051 4226.153846 4271.794872 4227.692308 4247.179487 4247.692308 4231.282051 4234.358974 4225.128205 4269.230769 4240.512821
4226.153846 4231.282051 4228.717949 4241.025641 4223.589744 4268.205128 4220.512821 4238.461538 4241.025641 4230.256410 4228.205128 4222.051282 4259.487179 4234.871795
4229.230769 4232.820513 4230.769231 4240.000000 4222.564103 4268.205128 4226.153846 4243.589744 4245.641026 4231.794872 4232.307692 4222.564103 4260.512821 4237.435897
4230.769231 4226.153846 4230.256410 4240.000000 4225.641026 4268.205128 4227.179487 4246.153846 4244.102564 4232.820513 4229.743590 4229.743590 4252.820513 4245.641026
4236.923077 4234.871795 4239.487179 4247.692308 4222.564103 4271.282051 4235.897436 4254.358974 4248.717949 4231.794872 4235.897436 4225.128205 4264.102564 4239.487179
4231.282051 4226.153846 4233.846154 4238.461538 4225.128205 4267.692308 4227.692308 4246.666667 4237.948718 4229.230769 4229.743590 4223.076923 4255.897436 4238.461538
4226.666667 4217.948718 4230.256410 4237.435897 4225.641026 4266.666667 4226.153846 4247.179487 4243.076923 4231.794872 4225.641026 4226.666667 4247.692308 4238.461538
4226.666667 4219.487179 4230.769231 4244.615385 4224.615385 4267.692308 4230.256410 4253.846154 4251.794872 4233.846154 4232.307692 4224.615385 4253.846154 4231.794872
4221.538462 4208.717949 4219.487179 4231.794872 4229.230769 4260.512821 4215.384615 4238.461538 4231.282051 4231.282051 4224.102564 4223.076923 4242.051282 4233.846154
4228.205128 4218.461538 4225.641026 4236.410256 4223.589744 4260.000000 4217.435897 4238.974359 4235.384615 4231.794872 4226.666667 4221.025641 4249.230769 4238.461538
4227.179487 4220.512821 4224.615385 4238.974359 4223.076923 4258.974359 4213.333333 4235.384615 4233.846154 4232.820513 4222.564103 4224.615385 4245.128205 4241.538462
4222.051282 4216.410256 4222.051282 4233.846154 4227.179487 4257.948718 4205.641026 4228.717949 4221.025641 4229.230769 4215.384615 4223.589744 4232.307692 4236.923077
4224.102564 4222.051282 4224.615385 4234.871795 4224.102564 4256.923077 4207.692308 4233.333333 4226.666667 4229.743590 4218.461538 4217.435897 4233.846154 4231.282051
4221.025641 4210.769231 4217.948718 4226.666667 4224.615385 4251.282051 4199.487179 4225.128205 4220.512821 4231.794872 4214.358974 4222.564103 4226.153846 4233.846154
4225.641026 4215.384615 4226.666667 4232.307692 4223.589744 4253.846154 4208.205128 4232.820513 4226.666667 4231.794872 4220.512821 4222.564103 4232.820513 4234.871795
4225.128205 4216.410256 4227.692308 4237.948718 4227.179487 4254.358974 4212.307692 4236.923077 4225.641026 4231.282051 4219.487179 4224.102564 4230.256410 4233.846154
4223.589744 4211.282051 4220.512821 4237.435897 4229.230769 4251.282051 4209.743590 4234.871795 4219.487179 4232.820513 4212.820513 4226.153846 4223.076923 4229.230769
4229.230769 4222.564103 4225.128205 4240.000000 4222.051282 4254.358974 4218.974359 4243.589744 4233.846154 4233.333333 4221.538462 4221.025641 4232.307692 4229.230769
4223.076923 4218.461538 4220.000000 4232.820513 4225.641026 4254.358974 4212.307692 4230.769231 4225.641026 4231.794872 4221.025641 4223.076923 4224.102564 4230.769231
4222.051282 4217.948718 4220.000000 4233.333333 4227.692308 4254.358974 4208.205128 4224.102564 4218.974359 4230.256410 4218.974359 4217.435897 4220.000000 4220.512821
4221.025641 4216.410256 4220.000000 4230.256410 4226.153846 4250.769231 4203.589744 4227.179487 4223.076923 4230.256410 4214.871795 4214.871795 4218.461538 4224.102564
4222.051282 4216.923077 4223.589744 4231.794872 4227.692308 4251.794872 4204.102564 4230.256410 4225.641026 4232.820513 4215.897436 4222.051282 4217.948718 4232.307692
4227.179487 4224.615385 4230.769231 4240.512821 4226.153846 4254.871795 4213.333333 4238.461538 4234.871795 4235.384615 4224.102564 4217.948718 4227.179487 4224.102564
4215.384615 4207.179487 4212.820513 4224.615385 4227.179487 4246.666667 4198.461538 4223.589744 4223.589744 4230.256410 4213.333333 4214.358974 4211.794872 4220.000000
4210.256410 4207.692308 4207.692308 4221.538462 4224.615385 4248.205128 4199.487179 4218.461538 4214.871795 4227.179487 4210.769231 4214.871795 4204.615385 4221.538462
4212.307692 4213.333333 4211.282051 4225.641026 4224.102564 4252.307692 4206.666667 4224.615385 4214.358974 4232.820513 4212.820513 4216.410256 4205.128205 4226.153846
4211.794872 4210.769231 4209.230769 4222.051282 4226.153846 4248.205128 4207.179487 4230.256410 4220.000000 4236.410256 4210.769231 4218.461538 4199.487179 4228.205128
4213.846154 4216.923077 4214.358974 4227.179487 4224.102564 4250.256410 4216.923077 4235.897436 4227.179487 4232.820513 4216.410256 4213.333333 4204.102564 4221.025641
4206.666667 4200.512821 4206.666667 4218.461538 4228.205128 4247.692308 4207.179487 4216.923077 4204.615385 4230.769231 4206.666667 4212.307692 4192.820513 4222.564103
4217.435897 4208.205128 4217.948718 4222.564103 4225.641026 4238.461538 4212.307692 4224.102564 4213.333333 4233.846154 4211.282051 4216.923077 4203.589744 4227.179487
4233.846154 4231.282051 4235.897436 4237.435897 4222.051282 4230.256410 4227.179487 4246.666667 4236.923077 4233.846154 4229.230769 4225.641026 4222.051282 4229.743590
4234.358974 4226.153846 4231.794872 4236.410256 4227.179487 4226.666667 4222.564103 4238.974359 4226.666667 4232.307692 4229.230769 4227.179487 4212.820513 4229.743590
4240.512821 4233.333333 4242.051282 4242.564103 4224.615385 4232.307692 4233.333333 4249.743590 4241.025641 4234.358974 4234.358974 4219.487179 4221.025641 4229.743590
4239.487179 4232.307692 4243.589744 4240.512821 4225.641026 4227.692308 4230.256410 4254.871795 4246.153846 4232.820513 4233.333333 4224.615385 4221.538462 4232.820513
4233.333333 4226.666667 4233.846154 4235.897436 4226.153846 4221.025641 4217.435897 4243.076923 4233.333333 4231.282051 4229.230769 4223.076923 4214.358974 4225.128205
4230.769231 4227.179487 4231.794872 4237.435897 4224.615385 4224.615385 4213.333333 4240.000000 4229.743590 4232.820513 4230.256410 4213.846154 4214.871795 4223.589744
4229.230769 4225.128205 4232.820513 4235.897436 4228.205128 4229.230769 4212.307692 4238.974359 4223.589744 4234.358974 4228.205128 4221.538462 4210.769231 4234.358974
4238.461538 4240.512821 4241.025641 4244.615385 4223.076923 4234.358974 4225.128205 4245.128205 4228.205128 4232.820513 4234.358974 4225.641026 4219.487179 4233.846154
4237.435897 4237.948718 4235.897436 4242.564103 4225.641026 4234.358974 4220.512821 4237.948718 4223.076923 4231.282051 4231.282051 4225.128205 4212.820513 4231.794872
4235.384615 4232.820513 4236.410256 4240.000000 4229.230769 4245.128205 4217.948718 4235.384615 4222.051282 4231.282051 4229.743590 4222.564103 4209.230769 4229.743590
4239.487179 4237.435897 4243.076923 4240.512821 4226.153846 4258.974359 4227.692308 4242.051282 4229.743590 4232.307692 4235.897436 4218.974359 4216.410256 4228.717949
4231.282051 4228.205128 4235.384615 4233.333333 4228.205128 4256.410256 4225.128205 4237.948718 4225.641026 4233.333333 4229.230769 4221.538462 4203.076923 4231.794872
4226.666667 4229.743590 4235.897436 4237.948718 4226.666667 4260.000000 4230.769231 4245.128205 4231.282051 4231.794872 4224.615385 4214.871795 4199.487179 4224.615385
4221.025641 4225.128205 4228.205128 4231.282051 4225.641026 4260.000000 4224.102564 4240.000000 4223.589744 4230.256410 4217.948718 4215.384615 4191.282051 4224.615385
4221.538462 4225.641026 4229.230769 4228.205128 4225.128205 4253.846154 4216.410256 4232.307692 4218.461538 4231.282051 4220.000000 4221.025641 4190.256410 4227.692308
4230.769231 4237.435897 4241.538462 4242.051282 4223.076923 4253.846154 4217.948718 4234.358974 4223.589744 4232.307692 4228.205128 4214.871795 4202.051282 4225.641026
4233.846154 4234.871795 4240.000000 4241.538462 4226.666667 4255.384615 4212.307692 4230.769231 4215.384615 4231.282051 4222.564103 4217.435897 4198.974359 4229.230769
4240.000000 4242.564103 4244.615385 4242.051282 4222.564103 4258.974359 4224.615385 4245.641026 4227.692308 4232.820513 4229.230769 4221.025641 4213.333333 4229.230769
4234.358974 4234.871795 4237.948718 4235.384615 4223.589744 4256.410256 4224.102564 4245.641026 4234.871795 4232.820513 4232.307692 4219.487179 4217.435897 4229.743590
4227.692308 4227.179487 4232.307692 4235.384615 4228.205128 4258.461538 4222.564103 4241.538462 4229.230769 4229.743590 4229.230769 4218.461538 4211.282051 4228.205128
4229.743590 4235.384615 4237.435897 4243.076923 4225.641026 4263.076923 4236.410256 4250.769231 4226.666667 4229.230769 4227.692308 4215.897436 4212.820513 4221.538462
4220.000000 4221.025641 4223.589744 4230.769231 4229.743590 4254.358974 4224.102564 4233.333333 4204.615385 4229.743590 4210.769231 4217.948718 4197.948718 4224.615385
4224.102564 4225.128205 4229.230769 4235.897436 4227.179487 4254.358974 4220.512821 4228.717949 4212.307692 4230.769231 4214.358974 4215.897436 4208.717949 4228.205128
4233.333333 4232.820513 4241.025641 4244.615385 4224.615385 4259.487179 4224.102564 4235.897436 4226.666667 4232.820513 4226.153846 4220.512821 4222.564103 4231.282051
4232.307692 4228.205128 4236.923077 4237.948718 4227.692308 4254.871795 4221.538462 4236.410256 4221.025641 4233.333333 4224.615385 4226.153846 4215.897436 4229.230769
4232.307692 4238.974359 4240.000000 4241.025641 4224.615385 4255.384615 4226.666667 4247.179487 4226.153846 4233.333333 4227.179487 4216.923077 4222.564103 4226.153846
4224.615385 4226.666667 4233.846154 4236.410256 4226.153846 4254.871795 4211.794872 4237.948718 4217.948718 4231.282051 4219.487179 4216.410256 4214.871795 4230.256410
4225.641026 4223.589744 4234.358974 4237.435897 4223.589744 4252.820513 4212.307692 4233.846154 4221.025641 4232.820513 4218.974359 4218.461538 4212.820513 4225.641026
4227.179487 4232.820513 4239.487179 4241.538462 4222.051282 4249.230769 4226.153846 4241.538462 4231.794872 4235.897436 4225.641026 4219.487179 4222.051282 4227.692308
4225.641026 4230.769231 4238.974359 4241.538462 4229.230769 4248.205128 4225.641026 4241.538462 4226.153846 4234.358974 4226.153846 4221.538462 4226.666667 4231.794872
4233.333333 4235.384615 4245.641026 4249.743590 4228.205128 4255.384615 4230.256410 4248.205128 4230.256410 4231.282051 4231.794872 4217.435897 4234.871795 4227.692308
4231.794872 4231.282051 4241.025641 4244.615385 4228.717949 4250.256410 4227.692308 4242.564103 4228.717949 4230.256410 4226.153846 4222.051282 4222.564103 4232.820513
4234.871795 4241.025641 4246.153846 4247.692308 4227.692308 4247.179487 4227.179487 4237.435897 4232.307692 4230.256410 4230.256410 4223.589744 4229.230769 4234.358974
4236.923077 4246.666667 4245.641026 4250.256410 4226.153846 4250.256410 4224.615385 4234.871795 4230.769231 4230.256410 4238.974359 4220.000000 4242.051282 4228.717949
4226.153846 4231.282051 4229.743590 4234.871795 4228.205128 4246.666667 4216.410256 4227.692308 4218.974359 4230.256410 4228.205128 4223.076923 4227.692308 4228.717949
4229.230769 4242.051282 4238.461538 4239.487179 4223.076923 4246.666667 4222.564103 4232.820513 4229.230769 4231.282051 4229.230769 4221.025641 4234.358974 4228.205128
4228.205128 4242.564103 4238.974359 4238.974359 4225.128205 4246.153846 4214.871795 4223.589744 4221.025641 4231.282051 4229.743590 4223.076923 4237.435897 4229.743590
4222.564103 4232.820513 4228.717949 4230.769231 4226.666667 4244.615385 4212.820513 4220.000000 4209.230769 4231.282051 4229.230769 4221.538462 4230.769231 4227.179487
4222.564103 4238.461538 4229.743590 4230.769231 4224.615385 4243.076923 4214.871795 4226.153846 4214.871795 4230.256410 4229.743590 4215.897436 4230.769231 4227.692308
4223.589744 4245.641026 4237.435897 4231.282051 4226.153846 4241.025641 4206.153846 4215.897436 4208.717949 4231.282051 4227.692308 4220.512821 4232.307692 4232.820513
4231.282051 4254.358974 4247.692308 4238.974359 4223.076923 4245.128205 4214.358974 4222.051282 4220.512821 4232.307692 4237.948718 4222.051282 4245.641026 4229.230769
4229.743590 4247.179487 4236.410256 4232.820513 4226.153846 4243.589744 4214.358974 4226.153846 4228.717949 4231.282051 4234.358974 4225.128205 4244.102564 4227.179487
4235.384615 4254.871795 4237.435897 4236.923077 4228.205128 4249.743590 4224.615385 4232.307692 4230.256410 4233.846154 4237.435897 4229.230769 4254.871795 4225.128205
4241.025641 4264.615385 4249.743590 4246.153846 4224.615385 4256.923077 4238.974359 4238.461538 4229.743590 4234.358974 4247.692308 4227.692308 4267.692308 4225.128205
4230.256410 4245.128205 4236.923077 4234.358974 4225.641026 4249.743590 4222.051282 4226.153846 4217.435897 4231.282051 4235.897436 4228.717949 4246.153846 4227.692308
4239.487179 4255.897436 4244.615385 4242.564103 4223.076923 4252.307692 4225.128205 4241.025641 4239.487179 4232.307692 4242.051282 4230.769231 4261.025641 4224.615385
4249.743590 4270.256410 4262.051282 4253.333333 4226.153846 4257.435897 4237.948718 4248.205128 4249.743590 4234.358974 4253.333333 4236.923077 4286.153846 4229.743590
4243.076923 4264.615385 4260.512821 4250.256410 4226.666667 4253.333333 4243.076923 4242.564103 4238.974359 4232.307692 4249.743590 4233.333333 4280.512821 4229.230769
4239.487179 4261.025641 4252.307692 4245.641026 4223.076923 4250.256410 4242.564103 4251.794872 4247.179487 4232.307692 4247.179487 4224.615385 4274.871795 4222.564103
4238.974359 4253.333333 4246.666667 4240.512821 4228.205128 4246.153846 4225.128205 4238.461538 4243.076923 4232.307692 4247.179487 4231.794872 4276.923077 4224.615385
4240.512821 4258.974359 4256.410256 4248.205128 4226.666667 4248.717949 4229.230769 4231.794872 4240.512821 4228.205128 4254.871795 4230.256410 4289.230769 4223.076923
4225.128205 4241.538462 4239.487179 4235.384615 4225.641026 4240.512821 4226.153846 4230.769231 4226.153846 4226.153846 4243.076923 4222.051282 4268.717949 4219.487179
4214.871795 4226.153846 4219.487179 4221.538462 4226.666667 4228.717949 4207.179487 4215.384615 4212.307692 4229.743590 4229.230769 4221.025641 4254.358974 4217.435897
4219.487179 4243.076923 4230.256410 4231.794872 4222.564103 4233.846154 4207.179487 4211.794872 4218.461538 4235.384615 4235.384615 4220.000000 4271.282051 4215.897436
4207.692308 4229.230769 4222.564103 4218.974359 4226.666667 4233.333333 4198.461538 4207.179487 4202.051282 4229.743590 4225.641026 4219.487179 4255.897436 4216.923077
4200.512821 4214.358974 4208.717949 4207.179487 4226.153846 4221.538462 4187.692308 4196.923077 4188.717949 4222.564103 4215.897436 4210.769231 4245.128205 4209.743590
4198.974359 4215.897436 4208.205128 4211.794872 4223.589744 4214.871795 4181.025641 4181.538462 4183.589744 4228.205128 4214.871795 4210.769231 4242.564103 4213.333333
4205.128205 4222.564103 4222.051282 4221.025641 4226.153846 4225.128205 4191.282051 4195.897436 4194.871795 4236.410256 4222.564103 4222.564103 4242.051282 4223.589744
4222.051282 4235.897436 4235.897436 4229.743590 4225.128205 4237.435897 4212.307692 4227.692308 4222.564103 4233.846154 4236.410256 4224.102564 4263.076923 4221.538462
4228.205128 4233.846154 4229.743590 4223.589744 4228.717949 4233.333333 4204.615385 4216.923077 4215.897436 4231.794872 4232.820513 4226.666667 4263.589744 4224.615385
4235.897436 4244.102564 4238.974359 4227.692308 4227.179487 4234.871795 4206.666667 4213.333333 4209.743590 4234.871795 4237.435897 4227.692308 4277.435897 4226.153846
4239.487179 4248.205128 4243.589744 4228.717949 4225.641026 4236.410256 4211.282051 4216.410256 4208.717949 4232.820513 4245.128205 4228.717949 4296.923077 4224.102564
4244.102564 4246.666667 4240.000000 4226.666667 4227.692308 4230.769231 4203.076923 4210.769231 4209.743590 4232.307692 4243.589744 4232.307692 4289.230769 4224.102564
4261.538462 4265.128205 4258.461538 4242.564103 4225.641026 4234.871795 4213.846154 4228.205128 4230.256410 4234.358974 4251.794872 4231.282051 4288.717949 4223.589744
4265.641026 4264.615385 4264.102564 4244.102564 4230.769231 4240.000000 4222.564103 4234.871795 4230.769231 4233.846154 4255.384615 4238.461538 4297.948718 4233.846154
4271.794872 4270.769231 4266.666667 4245.128205 4229.743590 4242.051282 4231.282051 4241.025641 4236.923077 4235.384615 4266.666667 4241.025641 4319.487179 4235.897436
4274.871795 4272.820513 4270.769231 4248.205128 4225.128205 4237.948718 4228.205128 4244.615385 4246.666667 4233.333333 4268.717949 4236.923077 4323.589744 4231.282051
4264.102564 4249.743590 4262.564103 4237.948718 4227.692308 4233.333333 4215.384615 4228.717949 4227.692308 4224.102564 4249.743590 4235.897436 4301.025641 4228.717949
4262.051282 4244.102564 4257.948718 4230.769231 4225.641026 4232.307692 4214.358974 4224.102564 4214.871795 4222.564103 4243.589744 4229.230769 4293.333333 4223.076923
4259.487179 4237.948718 4247.179487 4223.076923 4227.692308 4225.641026 4200.512821 4213.846154 4206.666667 4230.256410 4235.897436 4233.333333 4284.615385 4226.153846
4255.384615 4235.384615 4246.666667 4226.666667 4225.128205 4226.153846 4199.487179 4213.846154 4213.846154 4232.820513 4232.820513 4236.923077 4276.923077 4225.641026
4248.717949 4232.307692 4246.666667 4227.692308 4221.025641 4225.641026 4200.000000 4217.435897 4221.025641 4230.769231 4233.333333 4228.717949 4260.512821 4220.000000
4243.076923 4222.051282 4237.948718 4221.025641 4225.128205 4220.000000 4187.692308 4205.641026 4202.564103 4229.230769 4224.102564 4228.205128 4241.538462 4223.589744
4250.769231 4230.256410 4245.641026 4228.717949 4225.641026 4225.128205 4196.410256 4207.692308 4201.025641 4228.205128 4226.666667 4227.692308 4253.846154 4226.153846
4238.974359 4216.923077 4233.846154 4216.923077 4224.615385 4220.512821 4188.717949 4202.051282 4197.948718 4229.230769 4220.512821 4228.205128 4240.512821 4225.128205
4225.128205 4203.589744 4218.974359 4211.282051 4222.051282 4216.923077 4180.000000 4203.076923 4197.435897 4232.307692 4213.846154 4225.641026 4220.000000 4220.000000
4229.743590 4207.179487 4222.051282 4219.487179 4223.589744 4226.666667 4188.205128 4212.307692 4203.589744 4231.282051 4212.307692 4224.102564 4220.512821 4220.512821
4229.230769 4196.923077 4220.000000 4210.256410 4232.307692 4228.205128 4183.589744 4204.102564 4194.871795 4229.230769 4203.076923 4234.358974 4210.256410 4227.692308
4230.256410 4206.666667 4229.230769 4214.871795 4227.179487 4226.666667 4188.717949 4206.666667 4202.051282 4230.256410 4208.205128 4232.820513 4213.846154 4223.076923
4225.641026 4205.128205 4225.128205 4215.384615 4223.076923 4225.641026 4188.717949 4207.692308 4199.487179 4229.743590 4205.641026 4228.717949 4207.179487 4220.000000
4214.871795 4190.769231 4210.769231 4199.487179 4225.128205 4224.615385 4183.076923 4205.128205 4196.410256 4230.256410 4196.410256 4227.179487 4195.897436 4222.051282
4210.256410 4190.256410 4208.205128 4190.256410 4226.153846 4224.615385 4186.666667 4205.641026 4201.538462 4231.794872 4200.000000 4223.076923 4198.461538 4223.589744
4214.358974 4188.717949 4209.743590 4186.153846 4230.256410 4222.564103 4186.153846 4196.923077 4185.641026 4233.333333 4198.974359 4226.666667 4187.179487 4226.666667
4223.589744 4196.410256 4215.897436 4192.307692 4227.179487 4221.025641 4188.205128 4201.538462 4188.717949 4232.820513 4204.615385 4225.128205 4187.692308 4224.615385
4215.384615 4190.769231 4209.230769 4188.205128 4228.717949 4217.435897 4179.487179 4202.051282 4196.923077 4231.282051 4205.641026 4225.128205 4188.205128 4229.230769
4215.897436 4192.307692 4212.820513 4187.692308 4231.282051 4222.051282 4189.230769 4209.230769 4198.974359 4233.333333 4209.230769 4231.282051 4189.743590 4233.846154
4230.769231 4210.256410 4229.230769 4201.538462 4222.564103 4232.820513 4213.846154 4234.871795 4210.769231 4235.384615 4226.153846 4232.307692 4202.564103 4230.769231
4227.692308 4202.051282 4221.025641 4195.897436 4224.615385 4229.230769 4207.692308 4234.871795 4213.846154 4232.307692 4227.179487 4236.923077 4198.461538 4233.846154
4232.307692 4206.666667 4226.666667 4194.358974 4227.692308 4227.692308 4211.282051 4236.410256 4225.128205 4230.769231 4229.230769 4234.871795 4207.692308 4231.282051
4244.102564 4217.435897 4238.461538 4196.410256 4227.179487 4231.794872 4216.410256 4235.384615 4220.000000 4232.820513 4231.282051 4233.846154 4212.820513 4233.333333
4243.589744 4219.487179 4238.974359 4196.923077 4226.666667 4230.769231 4214.871795 4231.794872 4210.256410 4233.846154 4228.205128 4238.461538 4204.615385 4240.000000
4247.692308 4231.282051 4246.153846 4209.230769 4224.102564 4234.358974 4231.794872 4250.769231 4233.846154 4232.820513 4236.923077 4238.974359 4213.846154 4236.410256
4246.153846 4226.153846 4241.538462 4207.179487 4228.717949 4233.846154 4227.179487 4245.641026 4232.307692 4231.794872 4238.461538 4242.051282 4210.769231 4234.358974
4244.615385 4226.153846 4240.000000 4205.128205 4226.153846 4231.794872 4220.512821 4233.333333 4220.000000 4232.307692 4235.897436 4236.410256 4209.743590 4228.717949
4242.564103 4226.666667 4236.923077 4200.512821 4226.153846 4228.717949 4216.923077 4231.282051 4216.923077 4232.307692 4228.205128 4232.307692 4206.153846 4226.666667
4233.846154 4211.282051 4224.615385 4189.743590 4231.794872 4222.564103 4206.666667 4224.615385 4208.205128 4230.256410 4216.410256 4234.358974 4190.256410 4224.615385
4231.794872 4210.256410 4227.692308 4195.384615 4225.641026 4225.128205 4208.717949 4231.794872 4219.487179 4230.769231 4217.948718 4228.717949 4192.820513 4222.051282
4229.743590 4207.692308 4226.666667 4193.846154 4225.128205 4225.128205 4206.666667 4235.384615 4221.025641 4231.794872 4213.846154 4230.769231 4185.641026 4231.282051
4233.846154 4211.282051 4225.641026 4194.358974 4228.205128 4225.641026 4207.692308 4230.769231 4206.666667 4231.794872 4210.256410 4228.205128 4176.923077 4227.692308
4230.769231 4210.256410 4220.512821 4192.820513 4227.179487 4223.076923 4206.666667 4223.076923 4197.948718 4232.820513 4206.153846 4224.102564 4172.820513 4222.051282
4221.538462 4196.923077 4215.384615 4183.589744 4226.153846 4221.025641 4205.641026 4225.641026 4206.153846 4232.307692 4204.615385 4233.333333 4169.230769 4231.794872
4227.179487 4202.564103 4222.564103 4187.179487 4221.538462 4227.179487 4220.512821 4241.025641 4223.076923 4229.230769 4217.948718 4229.230769 4177.948718 4232.820513
4217.435897 4186.153846 4206.666667 4171.282051 4223.589744 4218.461538 4200.512821 4218.461538 4198.461538 4227.692308 4203.589744 4220.000000 4155.897436 4227.179487
4209.230769 4176.410256 4196.923077 4163.589744 4224.615385 4211.282051 4180.000000 4200.000000 4179.487179 4231.282051 4187.692308 4220.512821 4138.461538 4224.615385
4217.435897 4190.256410 4207.692308 4178.974359 4224.102564 4217.435897 4194.358974 4216.923077 4192.307692 4233.333333 4198.461538 4226.153846 4144.102564 4230.769231
4218.461538 4186.153846 4207.692308 4181.538462 4227.692308 4217.948718 4198.974359 4217.948718 4192.307692 4230.256410 4201.538462 4228.205128 4133.846154 4231.282051
4214.871795 4184.102564 4207.179487 4178.461538 4226.153846 4216.923077 4197.435897 4211.794872 4193.333333 4230.256410 4198.974359 4219.487179 4135.897436 4222.564103
4204.102564 4169.230769 4195.384615 4162.564103 4227.692308 4214.871795 4189.230769 4202.564103 4186.153846 4230.769231 4193.333333 4222.564103 4136.410256 4228.717949
4204.102564 4159.487179 4193.333333 4161.025641 4226.153846 4213.333333 4193.333333 4209.230769 4190.256410 4230.769231 4198.461538 4226.666667 4140.000000 4231.282051
4220.512821 4174.358974 4209.230769 4175.897436 4223.589744 4215.897436 4205.641026 4223.589744 4203.589744 4234.358974 4212.820513 4226.153846 4156.410256 4230.256410
4231.282051 4190.256410 4218.461538 4182.051282 4229.230769 4220.512821 4204.102564 4222.564103 4202.564103 4237.435897 4215.897436 4235.384615 4159.487179 4241.538462
4240.512821 4211.794872 4230.769231 4201.538462 4226.666667 4229.230769 4218.461538 4236.410256 4221.538462 4235.897436 4225.128205 4233.846154 4167.692308 4239.487179
4239.487179 4209.230769 4228.205128 4209.230769 4226.666667 4228.205128 4218.974359 4236.410256 4226.153846 4230.769231 4224.102564 4231.794872 4166.153846 4232.820513
4240.512821 4204.615385 4226.666667 4204.615385 4229.230769 4227.692308 4211.794872 4231.794872 4222.051282 4231.282051 4224.102564 4235.384615 4166.666667 4234.358974
4247.692308 4213.333333 4242.051282 4204.615385 4225.641026 4232.307692 4223.076923 4248.717949 4240.512821 4233.846154 4236.923077 4234.358974 4181.025641 4236.410256
4245.641026 4204.102564 4243.076923 4197.948718 4228.205128 4227.179487 4221.025641 4247.692308 4242.564103 4233.333333 4232.307692 4234.871795 4176.923077 4237.948718
4247.692308 4212.307692 4241.025641 4206.153846 4227.692308 4223.589744 4224.615385 4243.589744 4241.025641 4231.794872 4230.256410 4228.717949 4177.948718 4233.333333
4243.076923 4221.538462 4231.794872 4211.282051 4226.153846 4223.076923 4226.666667 4239.487179 4230.256410 4230.769231 4227.692308 4227.692308 4167.179487 4235.384615
4235.384615 4220.000000 4228.717949 4212.820513 4227.179487 4225.641026 4226.153846 4236.410256 4221.538462 4231.282051 4223.076923 4230.256410 4154.358974 4236.923077
4237.435897 4220.512821 4237.948718 4220.512821 4225.128205 4230.769231 4234.358974 4244.102564 4234.871795 4231.794872 4227.692308 4224.615385 4160.512821 4232.820513
4231.794872 4202.564103 4225.641026 4210.769231 4227.179487 4226.153846 4230.256410 4241.538462 4233.846154 4232.307692 4224.102564 4227.692308 4149.230769 4235.897436
4236.410256 4205.128205 4226.666667 4211.794872 4225.641026 4228.717949 4236.923077 4252.820513 4243.589744 4232.307692 4234.358974 4229.230769 4153.846154 4237.948718
4245.128205 4215.897436 4238.974359 4219.487179 4227.692308 4232.307692 4241.538462 4260.512821 4255.897436 4233.333333 4244.615385 4229.230769 4168.717949 4240.512821
4246.153846 4217.435897 4244.615385 4218.461538 4230.256410 4229.230769 4238.461538 4253.333333 4250.769231 4235.897436 4244.615385 4233.333333 4172.307692 4240.000000
4252.820513 4230.769231 4253.846154 4225.641026 4226.153846 4231.282051 4243.589744 4254.871795 4253.333333 4234.358974 4252.307692 4233.333333 4184.102564 4234.871795
4249.230769 4221.538462 4247.179487 4225.641026 4227.692308 4230.256410 4230.769231 4244.615385 4243.076923 4231.282051 4245.128205 4234.871795 4174.871795 4236.923077
4250.769231 4220.512821 4251.282051 4232.820513 4226.153846 4233.333333 4235.384615 4252.820513 4249.743590 4232.307692 4244.102564 4233.846154 4174.871795 4235.897436
4257.948718 4232.307692 4259.487179 4241.025641 4224.615385 4240.000000 4252.307692 4263.589744 4262.564103 4234.358974 4254.871795 4236.923077 4182.051282 4240.000000
4257.948718 4230.769231 4250.769231 4234.871795 4227.692308 4240.000000 4246.666667 4247.692308 4248.205128 4232.307692 4251.794872 4237.948718 4172.307692 4242.051282
4258.461538 4237.948718 4249.743590 4235.897436 4225.128205 4238.461538 4243.589744 4248.205128 4246.153846 4230.256410 4249.230769 4227.179487 4175.384615 4234.871795
4251.282051 4230.769231 4244.615385 4232.307692 4227.179487 4234.358974 4238.461538 4249.743590 4245.128205 4230.769231 4245.128205 4230.769231 4170.256410 4239.487179
4250.769231 4228.717949 4248.205128 4237.435897 4227.179487 4237.435897 4245.128205 4248.205128 4247.179487 4232.820513 4246.153846 4236.923077 4169.230769 4238.461538
4251.794872 4232.820513 4253.333333 4240.000000 4224.615385 4240.000000 4249.743590 4250.769231 4251.282051 4234.871795 4245.641026 4233.846154 4173.846154 4232.820513
4248.205128 4229.230769 4250.256410 4232.307692 4227.179487 4238.461538 4244.615385 4250.256410 4246.666667 4234.871795 4237.435897 4234.358974 4165.128205 4237.948718
4254.871795 4234.871795 4254.358974 4241.025641 4224.102564 4244.102564 4252.820513 4254.871795 4252.307692 4232.820513 4241.025641 4229.230769 4165.641026 4236.923077
4248.717949 4224.102564 4245.641026 4233.333333 4225.641026 4241.025641 4242.051282 4241.025641 4239.487179 4228.717949 4234.871795 4228.717949 4154.358974 4233.846154
4238.974359 4221.538462 4240.000000 4222.051282 4228.205128 4235.384615 4235.897436 4232.307692 4236.410256 4229.230769 4231.282051 4227.179487 4150.769231 4231.794872
4233.846154 4225.641026 4234.871795 4220.000000 4226.153846 4235.897436 4239.487179 4236.923077 4247.179487 4232.307692 4233.846154 4224.615385 4157.948718 4234.871795
4227.692308 4210.769231 4223.589744 4210.769231 4230.769231 4233.333333 4227.692308 4231.794872 4240.512821 4229.230769 4228.205128 4229.743590 4149.743590 4237.948718
4231.794872 4216.410256 4230.769231 4216.410256 4227.692308 4233.846154 4229.230769 4235.897436 4244.615385 4226.153846 4227.692308 4225.128205 4151.282051 4230.769231
4232.307692 4220.000000 4229.743590 4220.512821 4224.615385 4232.820513 4228.205128 4233.846154 4239.487179 4229.743590 4220.512821 4225.128205 4140.000000 4232.820513
4232.307692 4218.974359 4228.205128 4222.564103 4224.102564 4232.820513 4229.743590 4231.282051 4235.897436 4233.333333 4222.051282 4226.666667 4134.358974 4233.333333
4230.256410 4217.435897 4232.307692 4225.128205 4223.589744 4229.743590 4234.871795 4234.871795 4241.538462 4231.794872 4229.743590 4222.564103 4138.974359 4228.205128
4224.102564 4209.743590 4227.692308 4220.512821 4229.743590 4225.641026 4230.769231 4232.820513 4232.307692 4232.307692 4225.641026 4228.205128 4131.282051 4233.846154
4230.256410 4227.179487 4236.923077 4226.153846 4226.153846 4234.358974 4244.102564 4241.025641 4233.846154 4233.846154 4232.307692 4229.743590 4144.102564 4235.384615
4224.615385 4220.000000 4228.717949 4214.871795 4224.615385 4231.282051 4234.358974 4225.128205 4223.589744 4230.256410 4230.256410 4225.641026 4142.564103 4233.333333
4212.820513 4202.051282 4214.871795 4203.076923 4227.692308 4222.564103 4213.846154 4210.256410 4211.282051 4228.717949 4220.512821 4221.538462 4125.641026 4229.230769
4221.025641 4218.974359 4226.153846 4213.333333 4224.615385 4229.743590 4221.538462 4228.717949 4223.589744 4231.282051 4225.128205 4221.025641 4128.205128 4229.230769
4229.230769 4227.692308 4228.205128 4216.410256 4226.153846 4232.307692 4221.538462 4230.256410 4228.717949 4231.794872 4224.615385 4228.717949 4129.743590 4238.461538
4232.307692 4230.256410 4228.717949 4220.512821 4225.128205 4228.205128 4225.128205 4223.589744 4231.282051 4231.794872 4229.743590 4223.076923 4140.000000 4235.384615
4223.076923 4222.051282 4222.564103 4215.897436 4228.717949 4224.102564 4225.641026 4216.923077 4221.025641 4231.794872 4230.256410 4218.974359 4135.384615 4230.769231
4215.384615 4220.000000 4216.923077 4216.410256 4229.743590 4225.641026 4226.153846 4223.076923 4218.974359 4231.282051 4232.307692 4229.743590 4131.794872 4231.794872
4223.076923 4232.820513 4226.153846 4226.666667 4223.589744 4227.692308 4236.410256 4237.948718 4236.923077 4231.282051 4246.153846 4231.794872 4150.256410 4234.871795
4220.512821 4217.948718 4222.051282 4212.820513 4227.179487 4218.974359 4223.076923 4221.025641 4222.051282 4230.769231 4237.948718 4229.743590 4140.512821 4236.923077
4226.153846 4222.051282 4225.641026 4213.333333 4225.641026 4221.538462 4222.051282 4223.076923 4223.076923 4233.333333 4235.384615 4226.666667 4136.410256 4232.307692
4234.358974 4235.384615 4231.794872 4224.102564 4223.076923 4223.589744 4229.230769 4240.000000 4241.025641 4233.333333 4242.051282 4227.692308 4140.512821 4235.384615
4229.230769 4230.256410 4228.717949 4222.051282 4227.692308 4214.358974 4223.076923 4233.846154 4231.282051 4227.179487 4234.871795 4227.179487 4132.820513 4233.846154
4226.153846 4230.769231 4225.128205 4223.589744 4227.179487 4215.897436 4222.051282 4226.666667 4222.051282 4226.153846 4228.205128 4220.000000 4131.794872 4224.102564
4217.435897 4221.538462 4211.794872 4217.435897 4227.179487 4219.487179 4215.384615 4212.820513 4211.282051 4232.307692 4221.025641 4225.128205 4118.974359 4228.205128
4218.974359 4229.230769 4218.461538 4222.051282 4225.128205 4220.512821 4223.076923 4220.512821 4224.615385 4234.358974 4230.256410 4228.205128 4127.692308 4231.282051
4223.589744 4237.948718 4224.102564 4225.641026 4224.615385 4220.000000 4228.717949 4237.435897 4245.128205 4231.282051 4241.538462 4228.205128 4147.179487 4231.794872
4218.461538 4223.076923 4215.897436 4214.871795 4231.282051 4216.410256 4217.435897 4224.615385 4231.282051 4232.307692 4240.512821 4230.769231 4142.051282 4232.307692
4226.153846 4227.692308 4228.205128 4222.564103 4229.230769 4217.948718 4222.564103 4222.051282 4226.666667 4235.384615 4246.153846 4225.641026 4142.564103 4227.692308
4231.794872 4239.487179 4236.410256 4230.769231 4226.666667 4217.948718 4223.076923 4230.769231 4233.333333 4233.333333 4241.538462 4231.282051 4138.461538 4233.333333
4233.333333 4248.205128 4237.948718 4230.256410 4224.615385 4221.025641 4225.128205 4237.435897 4242.564103 4230.769231 4238.974359 4229.743590 4141.025641 4231.794872
4225.128205 4234.358974 4230.769231 4220.000000 4224.615385 4216.923077 4220.000000 4227.692308 4231.794872 4230.256410 4235.897436 4218.974359 4134.871795 4224.615385
4216.923077 4215.897436 4221.538462 4211.282051 4227.179487 4207.692308 4208.205128 4212.820513 4211.282051 4232.307692 4227.179487 4223.076923 4119.487179 4229.743590
4227.179487 4229.230769 4234.871795 4223.589744 4224.615385 4215.384615 4220.000000 4226.666667 4223.076923 4233.333333 4235.384615 4224.615385 4130.769231 4231.282051
4227.179487 4226.666667 4234.358974 4222.564103 4228.205128 4217.948718 4218.461538 4227.692308 4225.128205 4233.333333 4235.897436 4225.641026 4131.282051 4232.820513
4226.666667 4225.128205 4230.769231 4220.512821 4228.205128 4215.384615 4215.897436 4223.076923 4224.615385 4233.333333 4241.538462 4227.179487 4135.897436 4233.333333
4228.205128 4229.230769 4231.282051 4218.461538 4225.641026 4214.358974 4218.461538 4222.051282 4225.641026 4231.794872 4251.282051 4225.641026 4146.666667 4233.846154
4218.461538 4212.307692 4218.461538 4208.205128 4229.230769 4210.769231 4207.179487 4208.205128 4207.179487 4231.794872 4241.025641 4225.641026 4134.871795 4233.333333
4222.564103 4217.948718 4224.102564 4220.000000 4225.641026 4217.435897 4215.897436 4220.512821 4220.512821 4234.358974 4244.615385 4224.102564 4143.076923 4228.205128
4223.589744 4225.128205 4228.205128 4221.025641 4225.641026 4223.076923 4222.051282 4232.820513 4235.384615 4233.333333 4248.717949 4228.205128 4144.615385 4233.333333
4220.000000 4223.076923 4224.615385 4214.358974 4225.641026 4225.641026 4223.076923 4230.769231 4231.282051 4230.256410 4240.000000 4224.615385 4133.333333 4229.743590
4224.615385 4226.666667 4231.282051 4224.102564 4221.538462 4228.717949 4232.307692 4232.820513 4232.820513 4232.307692 4239.487179 4219.487179 4136.923077 4224.615385
4224.615385 4222.564103 4231.794872 4224.102564 4226.666667 4226.153846 4228.717949 4229.230769 4229.230769 4233.333333 4242.051282 4225.641026 4142.564103 4232.307692
4224.615385 4226.666667 4230.256410 4220.512821 4225.641026 4226.666667 4229.230769 4237.948718 4237.435897 4231.794872 4247.692308 4221.538462 4149.230769 4229.743590
4222.564103 4219.487179 4223.589744 4213.333333 4223.589744 4226.666667 4226.666667 4237.435897 4237.948718 4229.743590 4244.102564 4222.051282 4142.051282 4228.717949
4224.102564 4215.384615 4224.615385 4211.282051 4226.153846 4226.666667 4227.179487 4230.256410 4230.769231 4230.256410 4244.102564 4225.641026 4140.512821 4227.179487
4226.153846 4222.564103 4230.769231 4215.384615 4225.128205 4224.102564 4231.794872 4234.358974 4235.897436 4233.846154 4248.205128 4220.000000 4148.205128 4225.641026
4221.538462 4213.846154 4224.615385 4213.333333 4228.717949 4221.025641 4222.051282 4227.179487 4234.871795 4230.256410 4239.487179 4224.102564 4134.358974 4231.282051
4221.025641 4215.384615 4227.179487 4221.025641 4226.666667 4229.743590 4228.205128 4221.538462 4235.897436 4226.153846 4241.025641 4220.512821 4136.923077 4225.128205
4210.256410 4207.692308 4215.897436 4213.333333 4225.128205 4228.205128 4222.051282 4205.128205 4218.461538 4228.717949 4237.435897 4214.358974 4132.820513 4221.025641
4206.153846 4197.948718 4209.743590 4201.025641 4226.153846 4221.025641 4209.230769 4197.948718 4206.153846 4232.820513 4233.333333 4220.512821 4122.051282 4224.615385
4217.948718 4210.769231 4224.615385 4211.282051 4223.589744 4226.666667 4221.025641 4217.948718 4224.102564 4231.794872 4244.102564 4221.538462 4134.871795 4224.615385
4216.923077 4206.153846 4222.564103 4212.820513 4227.692308 4228.717949 4223.589744 4220.000000 4222.564103 4232.820513 4240.512821 4224.102564 4130.256410 4226.666667
4220.512821 4214.358974 4228.205128 4222.051282 4225.641026 4230.256410 4230.256410 4222.051282 4227.179487 4234.871795 4243.589744 4223.076923 4136.410256 4226.153846
4221.025641 4222.564103 4229.743590 4225.128205 4222.564103 4229.230769 4233.333333 4220.000000 4228.717949 4231.282051 4248.717949 4220.512821 4144.102564 4228.205128
4216.410256 4211.794872 4218.974359 4216.923077 4225.128205 4222.564103 4228.205128 4215.897436 4221.538462 4231.794872 4242.051282 4222.051282 4136.923077 4227.692308
4227.179487 4218.974359 4227.692308 4226.153846 4220.000000 4221.538462 4233.846154 4228.205128 4236.410256 4234.358974 4245.641026 4221.025641 4144.102564 4223.589744
4229.743590 4219.487179 4231.282051 4229.230769 4223.076923 4218.461538 4226.153846 4221.538462 4234.871795 4232.307692 4242.051282 4225.641026 4139.487179 4227.692308
4232.307692 4228.205128 4235.897436 4235.384615 4226.153846 4218.461538 4230.769231 4223.589744 4235.384615 4230.769231 4246.153846 4223.076923 4142.564103 4227.692308
4234.871795 4231.282051 4234.871795 4232.820513 4225.128205 4219.487179 4236.923077 4233.333333 4235.897436 4232.820513 4254.358974 4219.487179 4148.717949 4227.179487
4224.102564 4213.333333 4220.000000 4218.461538 4226.666667 4213.333333 4222.051282 4220.512821 4223.589744 4233.333333 4245.641026 4223.589744 4139.487179 4225.641026
4223.076923 4217.948718 4224.615385 4223.076923 4225.641026 4211.794872 4222.051282 4218.974359 4234.358974 4232.307692 4245.128205 4218.974359 4144.615385 4221.538462
4226.153846 4221.538462 4227.179487 4222.564103 4228.717949 4209.743590 4219.487179 4221.538462 4231.794872 4229.743590 4244.102564 4219.487179 4142.564103 4227.179487
4229.743590 4226.153846 4227.179487 4222.051282 4225.641026 4212.307692 4221.025641 4227.179487 4226.666667 4230.256410 4242.051282 4220.000000 4142.051282 4225.128205
4228.205128 4226.153846 4225.128205 4226.153846 4222.564103 4215.384615 4224.615385 4229.743590 4235.384615 4234.871795 4240.512821 4220.000000 4143.076923 4222.051282
4225.641026 4217.948718 4225.128205 4227.692308 4227.179487 4216.410256 4223.589744 4230.769231 4237.948718 4235.384615 4241.025641 4226.153846 4143.589744 4229.743590
4236.410256 4234.358974 4240.512821 4238.974359 4225.641026 4222.564103 4238.461538 4248.717949 4252.307692 4232.307692 4255.384615 4224.615385 4163.589744 4228.717949
4233.846154 4232.820513 4237.435897 4235.384615 4227.179487 4221.025641 4234.358974 4240.000000 4248.205128 4230.769231 4251.282051 4224.102564 4154.358974 4225.128205
4228.205128 4223.076923 4232.307692 4229.743590 4227.179487 4222.564103 4228.717949 4227.692308 4240.512821 4232.307692 4242.051282 4222.051282 4142.564103 4221.538462
4231.794872 4229.743590 4236.923077 4232.307692 4224.615385 4225.641026 4230.769231 4236.923077 4246.666667 4232.820513 4246.666667 4220.512821 4154.358974 4224.102564
4231.794872 4230.256410 4231.794872 4229.230769 4229.230769 4220.000000 4218.974359 4229.230769 4236.923077 4231.794872 4244.102564 4225.128205 4149.743590 4228.205128
4231.282051 4228.717949 4232.820513 4230.256410 4226.666667 4222.051282 4222.051282 4225.641026 4234.358974 4231.282051 4245.128205 4217.948718 4148.205128 4222.564103
4220.000000 4210.769231 4222.564103 4218.974359 4225.128205 4222.051282 4220.000000 4226.153846 4234.871795 4231.282051 4241.538462 4215.897436 4145.128205 4224.102564
4217.948718 4208.205128 4218.461538 4214.358974 4225.128205 4220.000000 4215.897436 4225.641026 4241.538462 4231.794872 4238.974359 4220.000000 4144.102564 4224.615385
4222.051282 4216.923077 4223.076923 4220.000000 4223.076923 4223.076923 4219.487179 4225.641026 4240.512821 4231.794872 4242.051282 4217.435897 4147.179487 4219.487179
4212.307692 4203.589744 4212.820513 4211.282051 4227.179487 4222.051282 4212.307692 4217.948718 4220.512821 4231.794872 4233.333333 4217.948718 4137.948718 4219.487179
4214.358974 4211.282051 4214.358974 4216.923077 4225.128205 4221.538462 4215.384615 4228.717949 4228.205128 4231.794872 4234.358974 4214.358974 4143.076923 4218.461538
4220.000000 4216.410256 4215.384615 4223.076923 4224.102564 4220.000000 4212.820513 4227.692308 4231.282051 4231.282051 4235.384615 4215.384615 4138.461538 4224.615385
4219.487179 4213.846154 4217.435897 4218.461538 4227.179487 4220.512821 4214.358974 4223.589744 4229.743590 4231.794872 4238.974359 4218.461538 4134.871795 4226.666667
4218.461538 4220.512821 4222.564103 4217.948718 4227.179487 4224.102564 4227.179487 4236.410256 4246.666667 4232.307692 4243.589744 4214.358974 4147.692308 4221.538462
4212.307692 4209.743590 4209.230769 4212.820513 4229.230769 4219.487179 4220.000000 4233.333333 4243.076923 4230.256410 4233.333333 4218.461538 4140.000000 4224.102564
4218.461538 4211.794872 4210.769231 4218.974359 4224.615385 4219.487179 4224.615385 4241.025641 4245.128205 4230.256410 4238.461538 4216.410256 4142.051282 4221.025641
4221.025641 4216.410256 4214.871795 4220.512821 4225.128205 4221.025641 4227.692308 4242.051282 4247.179487 4230.769231 4240.000000 4212.820513 4141.538462 4220.512821
4216.923077 4214.358974 4212.307692 4216.410256 4227.692308 4216.923077 4219.487179 4229.743590 4234.871795 4227.179487 4230.769231 4213.333333 4129.743590 4220.512821
4220.512821 4220.512821 4220.512821 4222.564103 4223.076923 4217.435897 4224.615385 4230.769231 4235.384615 4228.717949 4233.846154 4213.333333 4136.923077 4214.871795
4217.435897 4209.230769 4218.461538 4216.410256 4226.666667 4217.948718 4218.461538 4218.974359 4226.153846 4233.846154 4231.794872 4220.000000 4138.461538 4220.000000
4220.512821 4211.794872 4221.538462 4220.000000 4226.153846 4218.974359 4220.512821 4221.025641 4229.230769 4233.846154 4241.025641 4218.461538 4150.769231 4223.076923
4222.564103 4211.794872 4224.102564 4221.538462 4224.615385 4217.435897 4220.000000 4230.256410 4236.410256 4231.794872 4248.717949 4217.435897 4156.923077 4222.564103
4214.871795 4197.948718 4212.820513 4210.256410 4227.179487 4213.333333 4209.743590 4224.102564 4232.307692 4233.846154 4242.051282 4216.410256 4142.564103 4219.487179
4218.461538 4207.692308 4213.846154 4217.435897 4222.564103 4215.897436 4218.974359 4228.717949 4244.102564 4233.846154 4245.128205 4209.743590 4144.615385 4220.000000
4220.512821 4209.743590 4216.410256 4223.589744 4222.564103 4217.948718 4225.128205 4229.743590 4245.128205 4231.794872 4244.615385 4216.410256 4145.128205 4231.794872
4224.102564 4216.923077 4224.615385 4231.282051 4226.153846 4223.589744 4232.820513 4234.358974 4246.666667 4232.820513 4245.641026 4218.461538 4153.333333 4227.179487
4225.641026 4221.025641 4224.615385 4230.256410 4227.692308 4223.589744 4232.307692 4237.948718 4247.179487 4232.820513 4245.641026 4215.897436 4152.307692 4220.512821
4225.128205 4210.769231 4221.025641 4221.538462 4226.666667 4220.512821 4227.179487 4232.820513 4240.000000 4231.794872 4242.564103 4223.589744 4140.000000 4224.102564
4230.256410 4220.000000 4232.307692 4231.794872 4222.051282 4228.205128 4241.025641 4235.384615 4247.692308 4231.794872 4245.128205 4223.589744 4148.717949 4222.564103
4224.102564 4219.487179 4227.179487 4230.769231 4226.153846 4228.205128 4237.435897 4230.256410 4241.025641 4230.256410 4235.384615 4222.564103 4140.512821 4226.153846
4224.615385 4218.461538 4226.666667 4229.743590 4225.641026 4228.205128 4235.384615 4233.846154 4236.410256 4230.256410 4233.846154 4216.923077 4136.410256 4223.589744
4222.564103 4212.307692 4224.102564 4227.692308 4222.051282 4228.717949 4233.846154 4227.692308 4226.153846 4230.256410 4232.307692 4208.717949 4131.282051 4215.384615
4213.333333 4196.923077 4211.282051 4215.897436 4227.692308 4222.564103 4224.102564 4214.358974 4215.897436 4230.769231 4225.128205 4215.897436 4117.435897 4218.461538
4226.666667 4215.384615 4227.692308 4230.256410 4224.102564 4228.717949 4237.435897 4242.564103 4251.282051 4234.358974 4243.076923 4222.051282 4146.153846 4224.102564
4236.410256 4227.179487 4235.384615 4241.538462 4223.076923 4233.846154 4239.487179 4253.846154 4264.615385 4232.820513 4255.384615 4224.615385 4165.641026 4226.153846
4237.948718 4232.307692 4236.923077 4246.666667 4227.179487 4232.820513 4243.076923 4247.179487 4255.897436 4231.794872 4257.435897 4225.128205 4165.641026 4222.564103
4240.000000 4236.923077 4242.051282 4250.256410 4225.641026 4232.820513 4250.256410 4248.205128 4255.897436 4232.820513 4259.487179 4223.589744 4168.205128 4223.076923
4234.871795 4225.128205 4231.282051 4239.487179 4224.102564 4231.282051 4232.820513 4232.307692 4241.025641 4227.692308 4247.692308 4223.076923 4158.461538 4226.153846
4238.461538 4231.794872 4229.743590 4239.487179 4221.538462 4234.871795 4232.307692 4233.846154 4244.102564 4225.128205 4246.153846 4216.923077 4165.641026 4219.487179
4233.846154 4225.128205 4225.128205 4233.846154 4227.692308 4232.307692 4231.794872 4235.384615 4246.153846 4229.743590 4242.564103 4217.948718 4161.025641 4219.487179
4223.589744 4208.717949 4220.512821 4226.666667 4228.717949 4226.666667 4227.692308 4229.230769 4238.974359 4232.820513 4235.897436 4217.435897 4144.102564 4220.000000
4225.128205 4212.307692 4226.153846 4228.205128 4223.076923 4231.282051 4233.846154 4233.846154 4243.589744 4231.282051 4243.076923 4215.384615 4149.230769 4217.948718
4228.717949 4213.846154 4227.179487 4228.717949 4226.153846 4234.871795 4231.794872 4233.846154 4243.589744 4232.307692 4246.153846 4222.564103 4156.410256 4223.589744
4233.333333 4221.025641 4232.307692 4237.948718 4225.128205 4236.923077 4238.974359 4240.512821 4252.820513 4233.846154 4248.717949 4217.435897 4168.205128 4221.538462
4230.769231 4216.410256 4226.153846 4233.846154 4227.179487 4231.794872 4236.410256 4237.435897 4247.692308 4232.307692 4243.589744 4216.923077 4166.666667 4223.589744
4231.794872 4217.435897 4226.666667 4229.230769 4229.743590 4229.230769 4230.256410 4235.384615 4236.923077 4231.794872 4242.051282 4223.589744 4166.666667 4224.102564
4237.435897 4227.692308 4236.923077 4235.384615 4225.128205 4233.333333 4234.871795 4248.205128 4250.769231 4232.307692 4249.230769 4220.512821 4174.871795 4221.538462
4231.282051 4218.974359 4229.230769 4231.282051 4228.205128 4229.743590 4227.692308 4242.051282 4247.692308 4231.282051 4240.512821 4221.025641 4160.000000 4225.641026
4233.333333 4225.641026 4229.230769 4237.948718 4225.128205 4231.794872 4230.256410 4231.794872 4237.948718 4231.282051 4240.512821 4217.435897 4161.025641 4222.564103
4233.846154 4226.153846 4228.205128 4237.435897 4221.538462 4233.333333 4230.256410 4225.641026 4228.717949 4231.794872 4245.128205 4217.435897 4165.128205 4224.102564
4231.794872 4218.461538 4226.666667 4230.769231 4226.153846 4231.282051 4229.743590 4233.846154 4230.769231 4233.333333 4244.615385 4222.564103 4161.538462 4227.692308
4236.410256 4229.743590 4235.384615 4239.487179 4225.128205 4237.948718 4240.512821 4248.717949 4244.102564 4232.820513 4245.641026 4216.923077 4166.153846 4226.153846
4228.205128 4226.666667 4226.666667 4237.435897 4224.615385 4236.410256 4233.333333 4235.384615 4232.820513 4230.769231 4233.333333 4216.410256 4149.743590 4228.205128
4229.230769 4231.794872 4225.641026 4239.487179 4223.589744 4233.846154 4238.461538 4237.948718 4241.538462 4231.282051 4236.410256 4217.435897 4151.794872 4225.128205
4235.384615 4238.974359 4230.256410 4238.461538 4225.128205 4233.333333 4241.538462 4243.589744 4245.641026 4232.307692 4242.564103 4218.461538 4163.076923 4225.641026
4227.179487 4233.333333 4225.128205 4227.179487 4227.179487 4230.256410 4226.153846 4229.743590 4221.538462 4230.769231 4234.871795 4218.461538 4153.846154 4227.179487
4226.153846 4237.435897 4228.717949 4229.230769 4224.102564 4228.717949 4227.179487 4233.846154 4225.128205 4229.743590 4237.948718 4211.282051 4155.897436 4222.564103
4227.179487 4228.205128 4226.153846 4227.692308 4227.692308 4225.641026 4228.717949 4237.435897 4234.871795 4230.769231 4240.000000 4218.461538 4154.358974 4227.692308
4231.282051 4232.820513 4229.743590 4235.384615 4226.666667 4230.256410 4234.871795 4238.461538 4243.076923 4232.820513 4246.666667 4221.538462 4161.538462 4227.179487
4227.692308 4237.948718 4227.692308 4235.384615 4224.615385 4230.256410 4232.820513 4233.846154 4241.538462 4231.282051 4245.641026 4213.846154 4161.538462 4220.000000
4222.051282 4225.128205 4216.410256 4221.025641 4226.666667 4224.102564 4225.641026 4231.794872 4234.358974 4231.282051 4236.410256 4216.410256 4153.333333 4223.589744
4232.307692 4233.846154 4226.666667 4228.205128 4225.128205 4227.179487 4232.820513 4243.076923 4246.666667 4235.384615 4248.205128 4221.538462 4167.692308 4226.153846
4230.256410 4236.923077 4229.743590 4232.307692 4227.179487 4224.615385 4223.589744 4227.179487 4235.384615 4232.820513 4249.230769 4223.589744 4166.153846 4227.179487
4227.692308 4241.538462 4231.794872 4235.384615 4224.102564 4227.692308 4230.769231 4223.076923 4228.717949 4231.282051 4245.128205 4217.948718 4163.589744 4225.128205
4228.717949 4242.564103 4228.717949 4235.897436 4223.589744 4234.871795 4243.076923 4241.025641 4235.897436 4233.333333 4242.564103 4212.307692 4159.487179 4226.153846
4219.487179 4225.128205 4216.410256 4224.102564 4230.256410 4230.769231 4226.666667 4229.743590 4221.025641 4228.717949 4230.769231 4212.307692 4138.974359 4224.102564
4222.051282 4233.846154 4226.153846 4227.692308 4223.589744 4229.743590 4228.717949 4222.564103 4220.512821 4226.153846 4234.358974 4208.717949 4149.743590 4220.512821
4226.666667 4237.435897 4230.769231 4226.153846 4222.564103 4229.743590 4229.743590 4223.589744 4223.589744 4230.769231 4233.846154 4214.871795 4155.384615 4230.256410
4232.820513 4238.974359 4230.256410 4224.615385 4225.641026 4228.205128 4223.076923 4226.666667 4226.153846 4231.794872 4230.769231 4217.948718 4154.871795 4231.282051
4233.846154 4241.538462 4230.769231 4229.743590 4222.564103 4227.179487 4227.692308 4232.820513 4233.846154 4229.743590 4240.512821 4215.897436 4166.666667 4227.179487
4227.692308 4229.230769 4228.717949 4224.102564 4226.153846 4225.128205 4229.230769 4230.769231 4232.820513 4232.307692 4244.615385 4222.564103 4166.153846 4232.307692
4235.384615 4241.025641 4241.025641 4229.230769 4227.179487 4232.820513 4235.384615 4238.974359 4241.025641 4232.820513 4249.230769 4221.538462 4173.333333 4230.256410
4237.948718 4252.307692 4236.923077 4235.384615 4226.153846 4232.820513 4231.282051 4232.307692 4230.769231 4230.256410 4244.615385 4220.000000 4171.794872 4229.230769
4231.794872 4249.743590 4226.666667 4235.384615 4223.589744 4229.743590 4229.743590 4225.641026 4222.564103 4231.794872 4237.435897 4216.923077 4162.051282 4225.641026
4227.179487 4246.666667 4227.692308 4229.743590 4223.076923 4233.846154 4231.794872 4231.282051 4233.846154 4232.820513 4234.358974 4214.358974 4156.923077 4223.589744
4225.641026 4242.051282 4226.666667 4226.153846 4227.179487 4214.358974 4223.589744 4226.666667 4228.717949 4231.794872 4230.256410 4222.051282 4154.871795 4232.307692
4237.948718 4254.358974 4238.461538 4245.641026 4222.564103 4169.743590 4234.871795 4235.384615 4235.897436 4232.307692 4242.051282 4219.487179 4179.487179 4231.282051
4238.461538 4246.153846 4239.487179 4244.615385 4223.589744 4129.743590 4230.256410 4228.717949 4234.358974 4232.307692 4241.538462 4216.410256 4181.538462 4228.205128
4234.358974 4235.897436 4233.333333 4232.820513 4227.179487 4122.051282 4214.358974 4211.794872 4218.974359 4231.282051 4237.435897 4218.461538 4171.282051 4230.256410
4244.615385 4251.794872 4244.102564 4242.051282 4222.564103 4129.230769 4224.615385 4224.102564 4230.256410 4231.282051 4249.230769 4218.461538 4186.666667 4233.333333
4245.128205 4251.282051 4245.641026 4242.051282 4225.128205 4126.666667 4230.256410 4232.820513 4240.512821 4232.307692 4250.256410 4225.128205 4187.692308 4237.435897
4242.051282 4252.820513 4246.666667 4243.076923 4225.641026 4128.205128 4235.384615 4236.410256 4242.564103 4232.820513 4250.769231 4222.051282 4184.615385 4230.769231
4237.948718 4249.230769 4240.512821 4241.538462 4224.615385 4128.717949 4228.717949 4229.743590 4232.307692 4230.769231 4243.589744 4218.461538 4174.358974 4230.256410
4236.410256 4243.076923 4233.846154 4241.025641 4224.102564 4126.666667 4219.487179 4224.102564 4225.128205 4230.769231 4232.820513 4220.000000 4166.153846 4230.769231
4236.410256 4247.692308 4236.923077 4248.717949 4222.051282 4128.717949 4227.692308 4234.358974 4229.230769 4232.820513 4234.358974 4212.307692 4171.794872 4225.128205
4227.692308 4236.410256 4228.205128 4239.487179 4228.205128 4127.692308 4221.538462 4225.641026 4213.846154 4231.794872 4226.666667 4213.333333 4160.000000 4231.794872
4239.487179 4244.615385 4238.974359 4246.666667 4228.717949 4131.794872 4226.153846 4230.256410 4224.102564 4230.769231 4233.333333 4220.000000 4171.794872 4236.923077
4251.794872 4255.384615 4251.794872 4255.897436 4225.128205 4133.846154 4235.384615 4245.641026 4243.076923 4232.820513 4248.205128 4228.205128 4187.692308 4237.948718
4247.179487 4247.692308 4248.205128 4249.743590 4224.615385 4136.923077 4234.871795 4245.128205 4236.410256 4233.333333 4247.692308 4229.743590 4178.461538 4238.461538
4250.256410 4253.333333 4250.769231 4254.358974 4220.000000 4147.179487 4243.076923 4246.666667 4241.025641 4231.794872 4250.769231 4218.974359 4186.153846 4232.307692
4247.179487 4245.641026 4243.076923 4248.717949 4226.153846 4143.076923 4234.358974 4232.307692 4235.384615 4230.769231 4247.692308 4221.538462 4184.102564 4232.820513
4245.128205 4242.051282 4243.589744 4245.128205 4227.692308 4141.025641 4232.307692 4230.769231 4236.923077 4232.820513 4247.692308 4225.641026 4185.641026 4233.333333
4244.102564 4240.000000 4244.615385 4244.102564 4221.538462 4147.179487 4237.435897 4239.487179 4244.102564 4232.820513 4249.230769 4223.076923 4192.307692 4233.333333
4235.897436 4233.333333 4233.846154 4239.487179 4225.128205 4145.128205 4231.794872 4233.333333 4235.897436 4230.769231 4244.615385 4220.512821 4183.589744 4234.871795
4237.948718 4245.128205 4239.487179 4248.205128 4227.179487 4142.564103 4235.897436 4236.410256 4236.410256 4230.769231 4247.179487 4215.384615 4183.589744 4233.333333
4241.025641 4244.615385 4241.538462 4249.743590 4227.179487 4143.076923 4232.820513 4230.769231 4231.282051 4231.794872 4242.564103 4222.051282 4182.564103 4237.435897
4252.820513 4254.358974 4251.794872 4260.512821 4225.641026 4149.230769 4235.384615 4232.820513 4238.974359 4233.333333 4249.230769 4226.666667 4195.384615 4235.897436
4262.051282 4270.256410 4262.564103 4273.333333 4225.641026 4151.282051 4239.487179 4237.948718 4244.102564 4233.846154 4258.974359 4226.153846 4205.128205 4235.384615
4258.974359 4261.538462 4256.410256 4270.769231 4226.666667 4147.692308 4235.384615 4233.333333 4233.333333 4233.846154 4255.897436 4232.820513 4198.974359 4240.512821
4266.666667 4262.051282 4263.076923 4273.333333 4220.512821 4152.307692 4246.153846 4245.128205 4250.256410 4233.333333 4265.128205 4230.769231 4213.846154 4234.871795
4265.641026 4255.897436 4262.051282 4264.102564 4225.641026 4151.282051 4237.948718 4243.589744 4249.230769 4230.769231 4261.025641 4230.256410 4210.256410 4233.846154
4262.051282 4253.333333 4258.461538 4261.025641 4229.230769 4149.230769 4232.820513 4238.974359 4237.948718 4230.256410 4254.871795 4231.794872 4201.025641 4234.871795
4264.615385 4261.538462 4262.051282 4270.769231 4224.102564 4153.333333 4242.564103 4245.128205 4249.743590 4232.820513 4261.538462 4229.230769 4210.769231 4236.923077
4260.512821 4258.974359 4256.410256 4267.692308 4226.666667 4154.871795 4236.923077 4243.076923 4249.743590 4232.307692 4261.025641 4228.717949 4207.692308 4239.487179
4258.974359 4261.538462 4255.897436 4267.692308 4225.128205 4159.487179 4238.974359 4246.666667 4251.282051 4231.282051 4260.512821 4221.538462 4208.717949 4230.769231
4251.282051 4245.128205 4246.153846 4258.461538 4225.641026 4157.948718 4234.871795 4238.461538 4243.076923 4231.282051 4251.282051 4222.564103 4201.025641 4227.692308
4245.641026 4234.871795 4240.512821 4251.282051 4225.641026 4157.435897 4236.923077 4236.410256 4237.948718 4231.282051 4246.153846 4224.615385 4198.461538 4230.256410
4244.102564 4243.076923 4243.076923 4255.897436 4223.076923 4160.512821 4244.615385 4247.179487 4244.615385 4231.794872 4248.717949 4218.974359 4203.076923 4230.256410
4237.435897 4236.410256 4235.384615 4252.307692 4226.666667 4159.487179 4237.435897 4242.051282 4238.461538 4232.820513 4242.564103 4224.102564 4190.256410 4232.307692
4246.153846 4246.153846 4244.615385 4258.974359 4224.102564 4166.153846 4249.743590 4251.282051 4251.282051 4232.820513 4249.230769 4225.641026 4199.487179 4229.743590
4243.589744 4242.564103 4237.948718 4256.410256 4226.153846 4163.589744 4249.743590 4251.282051 4248.717949 4230.256410 4245.128205 4223.076923 4196.410256 4229.230769
4232.820513 4227.692308 4222.564103 4248.205128 4229.743590 4155.384615 4235.897436 4238.974359 4233.333333 4230.769231 4233.333333 4220.000000 4182.051282 4227.179487
4241.538462 4235.897436 4233.333333 4253.846154 4225.641026 4165.128205 4247.179487 4249.743590 4249.230769 4235.384615 4245.128205 4221.025641 4195.384615 4228.205128
4242.051282 4229.230769 4234.871795 4246.666667 4228.205128 4172.307692 4249.743590 4253.846154 4256.410256 4233.333333 4245.641026 4229.230769 4194.358974 4233.333333
4231.794872 4224.615385 4228.205128 4243.076923 4228.717949 4168.205128 4244.102564 4248.205128 4250.256410 4231.794872 4235.897436 4220.000000 4188.205128 4224.615385
4227.692308 4225.128205 4222.564103 4242.564103 4226.666667 4162.564103 4236.410256 4240.512821 4241.025641 4233.333333 4233.333333 4215.897436 4189.230769 4226.153846
4236.410256 4227.179487 4226.153846 4244.102564 4225.641026 4163.076923 4235.897436 4238.461538 4242.051282 4228.717949 4235.384615 4222.051282 4196.923077 4232.307692
4234.871795 4227.692308 4226.153846 4242.051282 4224.102564 4160.512821 4233.333333 4234.871795 4240.512821 4226.666667 4226.153846 4208.717949 4198.461538 4220.000000
4204.615385 4197.948718 4196.410256 4212.820513 4229.743590 4146.666667 4200.000000 4203.076923 4203.076923 4227.179487 4194.358974 4194.871795 4162.051282 4215.384615
4189.230769 4182.051282 4180.512821 4199.487179 4226.666667 4141.538462 4182.051282 4189.230769 4188.717949 4222.564103 4184.102564 4190.256410 4147.692308 4216.410256
4175.384615 4164.615385 4160.512821 4185.128205 4222.051282 4134.871795 4165.641026 4175.897436 4180.512821 4217.435897 4174.871795 4185.641026 4133.846154 4208.717949
4144.102564 4124.102564 4122.051282 4147.692308 4225.641026 4117.948718 4133.333333 4139.487179 4139.487179 4218.974359 4140.000000 4175.897436 4089.743590 4195.897436
4132.820513 4112.820513 4116.410256 4138.974359 4222.051282 4115.384615 4131.282051 4132.307692 4128.205128 4226.666667 4128.717949 4169.230769 4076.410256 4198.461538
4136.923077 4112.307692 4117.948718 4142.051282 4224.102564 4118.461538 4128.717949 4133.333333 4130.769231 4229.743590 4132.820513 4175.384615 4071.794872 4212.820513
4145.128205 4117.948718 4118.974359 4146.153846 4224.615385 4121.025641 4126.666667 4137.948718 4132.820513 4228.205128 4135.897436 4175.384615 4067.692308 4207.692308
4144.102564 4119.487179 4122.564103 4149.743590 4223.076923 4122.564103 4129.743590 4140.512821 4133.846154 4229.230769 4132.820513 4173.846154 4068.205128 4205.641026
4134.871795 4114.871795 4122.051282 4151.282051 4226.153846 4123.076923 4130.256410 4136.410256 4131.794872 4233.846154 4131.282051 4177.435897 4068.205128 4213.333333
4149.230769 4138.974359 4136.923077 4170.256410 4222.564103 4135.384615 4150.256410 4158.974359 4156.923077 4236.410256 4153.846154 4178.461538 4091.282051 4215.897436
4151.794872 4142.051282 4136.410256 4170.769231 4224.615385 4138.461538 4144.615385 4155.897436 4154.871795 4229.230769 4157.435897 4178.461538 4094.358974 4214.871795
4135.897436 4131.282051 4123.589744 4160.512821 4225.641026 4128.717949 4127.692308 4135.897436 4133.846154 4226.153846 4143.589744 4168.717949 4087.179487 4204.102564
4130.256410 4128.717949 4118.461538 4156.923077 4221.538462 4123.589744 4127.179487 4134.358974 4130.256410 4229.743590 4140.512821 4165.128205 4090.769231 4203.076923
4130.256410 4121.538462 4115.897436 4150.769231 4226.666667 4126.666667 4123.589744 4126.666667 4122.051282 4231.282051 4138.461538 4172.820513 4088.205128 4212.307692
4136.923077 4135.897436 4128.717949 4161.538462 4226.153846 4135.384615 4134.358974 4132.820513 4130.256410 4232.820513 4150.769231 4171.282051 4103.589744 4213.333333
4145.641026 4144.102564 4138.974359 4170.256410 4224.615385 4138.974359 4144.102564 4146.153846 4145.641026 4237.948718 4161.025641 4180.512821 4114.871795 4222.051282
4156.923077 4146.666667 4146.153846 4176.410256 4225.641026 4144.102564 4155.384615 4157.948718 4162.051282 4237.435897 4168.205128 4185.128205 4121.538462 4223.589744
4154.871795 4144.615385 4143.589744 4176.923077 4225.128205 4145.641026 4157.948718 4156.410256 4158.974359 4230.256410 4174.871795 4174.358974 4124.102564 4214.358974
4143.589744 4130.256410 4133.846154 4167.179487 4229.230769 4140.000000 4145.641026 4148.717949 4144.102564 4231.282051 4175.384615 4176.410256 4116.923077 4217.948718
4157.435897 4146.153846 4154.358974 4184.102564 4225.641026 4153.846154 4166.153846 4168.205128 4168.717949 4235.384615 4190.769231 4181.538462 4141.025641 4225.128205
4163.076923 4148.717949 4158.461538 4191.282051 4226.153846 4163.589744 4178.461538 4171.282051 4177.948718 4230.769231 4191.794872 4184.102564 4150.256410 4226.666667
4160.512821 4143.076923 4154.871795 4187.179487 4228.205128 4159.487179 4175.384615 4168.205128 4173.846154 4230.769231 4188.205128 4183.589744 4150.769231 4220.512821
4173.333333 4160.512821 4169.230769 4199.487179 4223.589744 4160.000000 4181.538462 4180.512821 4188.205128 4236.410256 4200.000000 4178.461538 4175.384615 4221.538462
4176.410256 4159.487179 4166.153846 4199.487179 4226.666667 4158.974359 4172.820513 4167.692308 4172.820513 4235.897436 4194.871795 4181.025641 4176.410256 4226.153846
4175.897436 4156.410256 4163.076923 4195.384615 4226.153846 4157.948718 4176.410256 4171.794872 4177.435897 4231.282051 4194.871795 4180.000000 4178.974359 4217.948718
4172.820513 4152.820513 4162.051282 4190.256410 4225.128205 4159.487179 4182.051282 4186.153846 4198.974359 4230.256410 4200.000000 4180.512821 4190.769231 4220.512821
4170.256410 4153.846154 4163.589744 4194.358974 4224.102564 4165.641026 4181.025641 4178.461538 4188.717949 4233.333333 4199.487179 4178.461538 4203.589744 4223.076923
4168.205128 4157.948718 4165.641026 4199.487179 4222.051282 4169.230769 4180.000000 4169.230769 4173.333333 4234.871795 4196.410256 4170.769231 4214.358974 4215.384615
4157.435897 4136.410256 4152.307692 4182.564103 4226.153846 4162.051282 4167.179487 4164.102564 4169.743590 4230.256410 4182.564103 4172.307692 4204.102564 4215.897436
4160.512821 4133.846154 4154.358974 4181.538462 4221.025641 4166.666667 4170.256410 4173.333333 4185.641026 4226.153846 4183.589744 4168.717949 4211.794872 4217.435897
4156.410256 4134.358974 4153.846154 4181.025641 4220.512821 4169.743590 4165.641026 4167.179487 4183.589744 4228.205128 4183.076923 4166.666667 4220.000000 4220.000000
4155.384615 4137.435897 4152.820513 4184.615385 4227.692308 4169.230769 4165.128205 4166.153846 4184.615385 4235.384615 4181.538462 4172.820513 4229.743590 4224.615385
4177.435897 4168.205128 4173.846154 4210.769231 4224.102564 4178.974359 4195.384615 4191.282051 4215.897436 4237.948718 4200.000000 4176.923077 4260.512821 4226.666667
4176.410256 4162.564103 4172.307692 4206.666667 4226.153846 4177.435897 4193.333333 4185.128205 4207.179487 4230.769231 4195.897436 4176.923077 4256.410256 4224.615385
4167.692308 4151.794872 4168.205128 4197.948718 4225.128205 4171.794872 4181.538462 4172.307692 4192.820513 4229.230769 4188.717949 4168.205128 4256.410256 4216.923077
4171.282051 4155.384615 4175.384615 4204.615385 4224.615385 4172.307692 4184.102564 4169.230769 4190.256410 4233.846154 4193.846154 4171.282051 4269.743590 4220.512821
4173.333333 4148.717949 4173.333333 4203.589744 4228.205128 4171.282051 4182.564103 4163.076923 4179.487179 4228.205128 4191.794872 4180.000000 4266.153846 4224.102564
4178.461538 4153.333333 4181.025641 4204.102564 4224.615385 4171.794872 4183.589744 4174.871795 4188.717949 4225.641026 4195.897436 4172.307692 4275.384615 4216.923077
4177.435897 4151.282051 4180.000000 4200.512821 4225.128205 4169.743590 4173.846154 4173.846154 4185.128205 4234.358974 4190.256410 4169.743590 4277.948718 4217.435897
4183.076923 4158.974359 4183.076923 4208.717949 4225.128205 4174.358974 4182.564103 4175.897436 4185.128205 4237.435897 4190.256410 4170.769231 4280.512821 4218.461538
4185.641026 4159.487179 4186.153846 4212.307692 4223.589744 4180.000000 4195.384615 4189.743590 4194.358974 4232.820513 4195.384615 4170.256410 4280.512821 4221.538462
4178.974359 4145.641026 4183.589744 4204.615385 4226.666667 4177.435897 4187.692308 4186.153846 4187.692308 4233.333333 4187.692308 4172.307692 4272.820513 4223.589744
4186.153846 4158.974359 4195.384615 4211.794872 4224.615385 4181.538462 4189.743590 4181.538462 4187.692308 4232.307692 4189.230769 4168.717949 4288.205128 4219.487179
4184.615385 4161.538462 4189.230769 4206.153846 4226.666667 4183.589744 4183.076923 4169.230769 4178.461538 4229.230769 4187.179487 4174.358974 4290.256410 4223.076923
4181.025641 4160.512821 4182.051282 4205.128205 4225.641026 4181.538462 4186.153846 4172.820513 4180.512821 4231.282051 4187.179487 4175.897436 4296.410256 4222.051282
4184.102564 4165.641026 4186.153846 4210.769231 4223.076923 4180.512821 4191.282051 4185.641026 4189.743590 4232.307692 4188.205128 4169.230769 4307.179487 4218.461538
4184.102564 4160.000000 4189.743590 4205.128205 4227.179487 4181.538462 4183.076923 4181.538462 4184.102564 4232.820513 4186.153846 4173.846154 4303.589744 4224.102564
4190.256410 4165.128205 4204.102564 4210.256410 4224.102564 4188.205128 4193.333333 4184.102564 4190.256410 4233.333333 4199.487179 4173.846154 4320.512821 4225.128205
4186.153846 4158.974359 4195.897436 4206.153846 4225.641026 4185.128205 4192.307692 4181.538462 4184.615385 4231.794872 4198.461538 4171.794872 4323.589744 4225.128205
4187.692308 4167.179487 4193.846154 4206.666667 4227.179487 4185.641026 4190.769231 4190.256410 4193.846154 4233.333333 4201.025641 4172.820513 4326.153846 4222.051282
4193.846154 4183.076923 4204.102564 4211.794872 4224.102564 4192.307692 4197.435897 4196.410256 4207.179487 4232.820513 4208.205128 4174.358974 4335.384615 4222.564103
4186.153846 4173.333333 4195.897436 4203.076923 4226.153846 4191.794872 4190.256410 4183.589744 4195.897436 4230.256410 4199.487179 4177.948718 4322.564103 4229.230769
4189.743590 4183.589744 4200.512821 4209.743590 4222.051282 4192.307692 4200.512821 4203.076923 4213.846154 4234.358974 4206.666667 4174.358974 4328.205128 4227.179487
4194.358974 4192.307692 4206.666667 4214.358974 4224.102564 4191.282051 4207.179487 4213.846154 4220.000000 4233.333333 4208.205128 4176.923077 4326.153846 4228.205128
4195.384615 4199.487179 4209.743590 4220.000000 4226.153846 4195.897436 4209.230769 4203.076923 4206.153846 4225.641026 4201.538462 4177.948718 4314.871795 4229.230769
4195.897436 4203.589744 4211.282051 4227.179487 4222.564103 4200.512821 4212.307692 4201.025641 4209.743590 4229.230769 4205.128205 4171.282051 4311.282051 4224.102564
4186.666667 4180.512821 4196.923077 4210.769231 4228.205128 4193.333333 4200.000000 4195.384615 4204.102564 4232.307692 4197.435897 4171.794872 4292.307692 4223.076923
4186.666667 4185.128205 4197.435897 4210.769231 4225.128205 4196.923077 4209.743590 4205.641026 4207.179487 4230.256410 4196.410256 4169.230769 4287.179487 4224.102564
4185.641026 4191.794872 4195.384615 4215.384615 4222.564103 4202.051282 4210.769231 4206.666667 4204.102564 4229.743590 4194.358974 4169.743590 4278.974359 4231.282051
4185.641026 4183.589744 4190.769231 4210.256410 4226.153846 4198.974359 4200.000000 4200.512821 4204.615385 4229.743590 4194.358974 4171.794872 4274.358974 4232.820513
4193.846154 4190.256410 4198.974359 4209.230769 4225.128205 4199.487179 4205.128205 4214.358974 4224.102564 4229.743590 4202.564103 4168.717949 4291.794872 4229.743590
4188.205128 4192.307692 4193.846154 4203.589744 4227.179487 4195.897436 4198.974359 4204.102564 4212.820513 4231.282051 4196.410256 4172.307692 4286.666667 4230.256410
4189.743590 4204.615385 4197.435897 4211.282051 4224.615385 4199.487179 4204.615385 4195.897436 4207.692308 4231.282051 4203.076923 4170.769231 4288.205128 4228.205128
4190.769231 4204.102564 4198.461538 4210.769231 4225.128205 4201.025641 4204.615385 4197.948718 4213.333333 4227.692308 4205.641026 4168.717949 4289.743590 4232.307692
4189.230769 4191.794872 4191.794872 4202.564103 4229.230769 4195.384615 4195.897436 4193.333333 4206.666667 4231.794872 4195.897436 4170.769231 4281.025641 4233.846154
4201.025641 4200.512821 4202.051282 4214.358974 4224.615385 4199.487179 4206.666667 4197.435897 4210.769231 4234.871795 4204.102564 4170.256410 4286.666667 4228.717949
4203.076923 4201.538462 4207.179487 4218.461538 4224.102564 4201.025641 4206.666667 4196.923077 4211.794872 4231.794872 4207.692308 4176.410256 4283.076923 4234.871795
4207.692308 4210.769231 4217.948718 4225.128205 4222.564103 4201.538462 4210.256410 4203.589744 4222.051282 4232.820513 4209.230769 4174.871795 4293.846154 4236.923077
4209.230769 4214.871795 4219.487179 4225.641026 4223.589744 4202.051282 4209.743590 4200.512821 4216.923077 4232.307692 4211.282051 4169.230769 4297.435897 4230.769231
4205.128205 4208.205128 4211.794872 4222.051282 4227.692308 4198.461538 4200.512821 4193.333333 4204.615385 4232.307692 4213.333333 4174.871795 4285.128205 4230.256410
4212.307692 4224.615385 4225.641026 4237.435897 4225.128205 4202.051282 4208.717949 4210.769231 4225.641026 4235.384615 4224.615385 4178.461538 4298.974359 4233.333333
4210.769231 4222.051282 4225.641026 4233.846154 4226.153846 4202.051282 4207.692308 4211.794872 4225.641026 4231.794872 4218.974359 4177.948718 4294.871795 4236.410256
4208.205128 4215.897436 4220.000000 4226.666667 4223.076923 4201.538462 4207.692308 4207.692308 4216.923077 4226.153846 4214.358974 4170.769231 4283.589744 4230.256410
4203.076923 4215.384615 4213.846154 4224.615385 4222.051282 4198.974359 4201.025641 4198.461538 4211.794872 4228.205128 4212.820513 4166.666667 4272.820513 4226.666667
4196.410256 4206.666667 4208.205128 4220.000000 4226.153846 4196.923077 4191.794872 4186.153846 4202.564103 4231.794872 4204.102564 4171.794872 4258.974359 4227.692308
4207.179487 4214.358974 4218.461538 4228.205128 4221.025641 4208.717949 4208.205128 4205.128205 4215.897436 4232.820513 4212.307692 4169.230769 4272.820513 4226.153846
4206.666667 4210.769231 4212.307692 4225.641026 4224.615385 4226.666667 4205.641026 4209.743590 4218.461538 4232.307692 4215.897436 4169.230769 4269.230769 4234.358974
4206.153846 4210.769231 4211.794872 4226.666667 4225.641026 4249.743590 4200.000000 4203.076923 4218.461538 4233.333333 4216.923077 4169.230769 4261.538462 4236.410256
4209.230769 4209.230769 4217.948718 4229.743590 4219.487179 4263.076923 4201.538462 4202.051282 4216.410256 4234.871795 4215.897436 4167.692308 4259.487179 4232.307692
4202.051282 4194.871795 4207.692308 4220.000000 4225.128205 4264.102564 4190.769231 4192.307692 4201.538462 4231.794872 4207.692308 4170.256410 4241.025641 4232.820513
4206.666667 4207.179487 4213.333333 4225.641026 4226.666667 4276.410256 4194.358974 4202.564103 4215.384615 4231.282051 4216.410256 4169.230769 4244.615385 4230.256410
4212.307692 4208.205128 4219.487179 4229.230769 4226.153846 4283.589744 4194.358974 4204.615385 4219.487179 4234.358974 4218.974359 4174.871795 4248.717949 4234.358974
4214.871795 4206.666667 4224.102564 4232.820513 4225.641026 4290.256410 4203.076923 4205.128205 4213.846154 4233.846154 4218.974359 4176.410256 4243.589744 4235.384615
4212.820513 4213.846154 4224.615385 4234.871795 4224.615385 4300.512821 4214.871795 4215.384615 4221.538462 4231.794872 4217.948718 4168.717949 4233.846154 4232.307692
4205.641026 4204.102564 4213.333333 4224.615385 4227.179487 4299.487179 4205.641026 4206.666667 4217.948718 4233.846154 4205.128205 4171.282051 4221.025641 4234.871795
4212.820513 4211.794872 4219.487179 4232.820513 4221.538462 4311.282051 4212.820513 4214.358974 4231.282051 4236.410256 4212.307692 4172.307692 4232.820513 4236.410256
4209.230769 4210.769231 4215.384615 4231.282051 4222.051282 4329.230769 4214.358974 4212.307692 4227.692308 4230.256410 4215.384615 4172.307692 4226.666667 4237.435897
4201.538462 4206.153846 4208.717949 4226.153846 4224.615385 4330.256410 4205.641026 4191.794872 4209.230769 4225.641026 4206.153846 4170.256410 4214.871795 4232.307692
4206.666667 4214.358974 4216.410256 4234.871795 4222.051282 4320.000000 4209.230769 4192.820513 4218.974359 4229.743590 4209.230769 4168.205128 4220.512821 4233.846154
4205.128205 4204.615385 4212.307692 4231.282051 4225.128205 4315.897436 4209.743590 4198.461538 4223.076923 4235.384615 4206.153846 4174.358974 4208.717949 4242.564103
4208.205128 4208.717949 4215.384615 4233.333333 4223.589744 4323.076923 4217.948718 4206.153846 4225.641026 4233.846154 4207.692308 4168.717949 4208.205128 4235.897436
4207.692308 4208.717949 4214.358974 4233.333333 4222.564103 4322.051282 4211.794872 4199.487179 4217.435897 4229.230769 4205.128205 4167.179487 4203.076923 4237.435897
4209.743590 4206.153846 4217.435897 4234.871795 4220.512821 4323.076923 4209.743590 4200.000000 4215.384615 4232.307692 4205.128205 4175.897436 4195.384615 4245.641026
4216.923077 4218.461538 4227.692308 4242.564103 4216.410256 4331.282051 4223.589744 4211.794872 4228.717949 4235.897436 4213.846154 4171.794872 4206.666667 4242.051282
4209.743590 4210.256410 4222.051282 4236.410256 4224.615385 4330.769231 4217.435897 4207.179487 4226.666667 4233.333333 4210.256410 4172.820513 4197.435897 4242.051282
4216.410256 4215.384615 4230.769231 4244.102564 4226.153846 4336.410256 4226.666667 4220.000000 4241.538462 4231.282051 4217.435897 4176.410256 4197.948718 4241.538462
4220.512821 4215.897436 4228.205128 4245.641026 4226.153846 4340.512821 4229.743590 4220.512821 4243.076923 4230.256410 4220.000000 4175.897436 4197.948718 4241.025641
4211.282051 4208.717949 4215.897436 4236.923077 4227.692308 4341.025641 4222.051282 4212.307692 4233.333333 4231.794872 4214.358974 4174.871795 4190.256410 4242.564103
4217.435897 4223.076923 4225.128205 4245.128205 4221.025641 4345.641026 4237.435897 4229.743590 4251.794872 4232.820513 4221.025641 4173.846154 4201.538462 4240.000000
4220.512821 4222.564103 4223.589744 4247.179487 4223.589744 4341.538462 4237.948718 4225.641026 4248.717949 4231.282051 4220.000000 4181.538462 4198.461538 4243.076923
4225.128205 4229.230769 4233.333333 4255.897436 4224.102564 4343.076923 4241.538462 4227.179487 4250.256410 4233.333333 4230.256410 4181.538462 4206.666667 4244.102564
4234.358974 4235.897436 4249.230769 4266.153846 4221.025641 4348.717949 4247.179487 4237.948718 4260.000000 4234.358974 4240.000000 4182.051282 4215.897436 4244.615385
4233.846154 4228.717949 4246.666667 4265.128205 4223.589744 4344.102564 4238.974359 4231.282051 4248.205128 4230.256410 4233.846154 4185.128205 4203.589744 4242.564103
4229.743590 4229.743590 4243.076923 4263.076923 4223.589744 4337.948718 4238.974359 4229.743590 4243.076923 4227.692308 4230.256410 4177.948718 4197.948718 4237.435897
4225.128205 4218.974359 4235.897436 4249.230769 4227.692308 4332.820513 4231.794872 4220.512821 4235.897436 4230.769231 4223.076923 4178.974359 4185.128205 4241.025641
4237.948718 4229.230769 4245.641026 4256.923077 4224.615385 4341.025641 4238.461538 4223.589744 4244.102564 4234.358974 4229.230769 4181.538462 4192.820513 4241.025641
4241.538462 4240.512821 4253.846154 4265.128205 4220.512821 4344.102564 4245.128205 4230.769231 4250.256410 4232.307692 4235.384615 4180.000000 4201.538462 4243.076923
4228.717949 4225.128205 4243.076923 4252.307692 4226.153846 4340.000000 4236.410256 4222.564103 4232.307692 4230.769231 4225.128205 4182.051282 4189.230769 4246.666667
4236.923077 4228.205128 4245.641026 4260.000000 4225.128205 4349.743590 4245.641026 4231.794872 4240.000000 4232.820513 4231.794872 4181.025641 4194.358974 4242.564103
4238.974359 4223.076923 4244.102564 4259.487179 4225.641026 4349.230769 4242.564103 4233.333333 4246.153846 4232.307692 4231.794872 4184.102564 4187.179487 4244.102564
4233.846154 4220.512821 4244.615385 4254.358974 4225.128205 4340.000000 4244.102564 4233.333333 4241.538462 4231.794872 4224.615385 4181.538462 4182.564103 4242.051282
4231.282051 4223.076923 4241.538462 4255.897436 4223.589744 4337.948718 4250.769231 4237.948718 4241.025641 4231.794872 4224.615385 4177.435897 4184.102564 4242.564103
4227.179487 4213.846154 4233.846154 4253.333333 4227.692308 4340.000000 4241.025641 4232.820513 4242.564103 4230.769231 4223.076923 4181.538462 4174.358974 4248.717949
4236.410256 4228.717949 4250.769231 4268.205128 4225.128205 4346.666667 4245.128205 4238.974359 4257.948718 4231.794872 4234.358974 4181.538462 4188.717949 4246.153846
4238.461538 4233.333333 4250.769231 4268.717949 4226.666667 4343.076923 4246.153846 4236.923077 4248.717949 4231.282051 4234.871795 4185.128205 4191.282051 4244.615385
4243.076923 4231.794872 4249.743590 4266.666667 4227.179487 4336.923077 4249.743590 4240.000000 4250.256410 4232.820513 4238.461538 4189.743590 4191.794872 4245.641026
4253.333333 4244.615385 4263.589744 4280.512821 4226.153846 4338.461538 4258.974359 4251.794872 4266.666667 4236.410256 4250.769231 4189.230769 4206.153846 4248.717949
4250.256410 4246.153846 4263.589744 4279.487179 4228.717949 4335.897436 4256.410256 4246.666667 4252.307692 4234.358974 4247.692308 4191.282051 4200.000000 4251.282051
4254.871795 4255.384615 4268.717949 4281.025641 4223.589744 4336.923077 4267.692308 4256.410256 4263.589744 4233.333333 4253.333333 4191.282051 4204.102564 4245.641026
4254.871795 4251.282051 4265.641026 4278.461538 4225.128205 4342.051282 4260.512821 4255.384615 4273.846154 4232.820513 4252.820513 4195.897436 4202.051282 4246.153846
4247.179487 4242.564103 4255.897436 4273.333333 4227.692308 4349.230769 4247.179487 4244.615385 4260.000000 4226.153846 4246.666667 4191.794872 4196.410256 4244.102564
