4273.846154 4278.461538 4285.128205 4289.230769 4222.051282 4232.820513 4237.435897 4251.794872 4262.564103 4224.102564 4226.153846 3882.564103 4258.461538 4322.051282
4281.025641 4282.051282 4290.769231 4286.666667 4222.564103 4239.487179 4245.128205 4260.000000 4275.897436 4226.666667 4258.461538 3916.923077 4286.666667 4334.871795
4279.487179 4278.461538 4290.256410 4285.128205 4223.076923 4243.076923 4251.794872 4263.589744 4277.948718 4226.153846 4270.769231 3956.410256 4288.205128 4345.128205
4273.333333 4268.205128 4285.128205 4289.743590 4219.487179 4240.000000 4249.230769 4253.333333 4264.102564 4222.051282 4246.666667 3987.179487 4261.538462 4341.538462
4276.410256 4274.358974 4290.769231 4296.923077 4226.153846 4241.025641 4255.897436 4255.384615 4265.128205 4222.564103 4220.000000 3975.897436 4257.435897 4347.692308
4277.435897 4280.512821 4291.794872 4296.410256 4220.512821 4244.102564 4258.974359 4259.487179 4269.743590 4225.641026 4214.871795 3938.461538 4267.179487 4354.358974
4267.692308 4263.589744 4287.692308 4287.179487 4222.051282 4241.538462 4251.794872 4250.769231 4259.487179 4225.641026 4214.871795 3940.000000 4265.128205 4365.641026
4255.384615 4248.205128 4281.025641 4277.435897 4226.666667 4238.461538 4252.307692 4247.179487 4249.230769 4222.564103 4215.897436 3949.743590 4260.000000 4366.666667
4253.333333 4248.205128 4277.948718 4276.410256 4221.538462 4240.000000 4256.923077 4255.384615 4252.820513 4220.512821 4228.717949 3942.564103 4260.000000 4360.000000
4253.846154 4247.692308 4279.487179 4278.461538 4222.051282 4240.000000 4253.333333 4260.000000 4261.025641 4222.051282 4234.358974 3921.025641 4265.641026 4365.641026
4245.641026 4247.692308 4270.769231 4275.384615 4216.410256 4231.282051 4246.666667 4255.384615 4255.897436 4223.589744 4220.000000 3918.974359 4268.717949 4366.666667
4236.923077 4246.666667 4265.128205 4268.205128 4218.461538 4226.153846 4242.051282 4249.230769 4249.230769 4225.641026 4207.179487 3997.948718 4256.410256 4366.153846
4237.435897 4242.051282 4262.564103 4258.974359 4226.153846 4227.692308 4237.948718 4242.051282 4249.743590 4221.538462 4205.128205 4062.051282 4245.641026 4356.410256
4247.692308 4247.179487 4262.564103 4258.461538 4222.051282 4226.666667 4235.897436 4239.487179 4247.179487 4218.974359 4195.897436 4027.692308 4254.871795 4350.769231
4257.435897 4253.333333 4271.794872 4266.153846 4223.076923 4223.076923 4229.230769 4237.435897 4239.487179 4225.128205 4177.948718 4013.846154 4257.435897 4359.487179
4251.282051 4244.615385 4264.102564 4258.974359 4222.051282 4219.487179 4223.589744 4225.641026 4229.230769 4228.205128 4158.461538 4028.205128 4237.948718 4346.153846
4237.435897 4235.897436 4254.871795 4248.717949 4225.128205 4220.512821 4231.794872 4220.000000 4223.076923 4225.641026 4146.666667 4022.564103 4226.153846 4336.923077
4234.871795 4242.051282 4261.025641 4259.487179 4225.641026 4222.564103 4232.820513 4221.025641 4219.487179 4226.153846 4145.128205 4077.948718 4230.769231 4338.974359
4252.307692 4254.871795 4272.307692 4276.410256 4216.923077 4225.128205 4226.666667 4216.410256 4220.512821 4229.743590 4151.282051 4129.743590 4232.307692 4334.871795
4258.974359 4250.256410 4278.974359 4270.769231 4224.102564 4225.128205 4228.205128 4215.897436 4220.000000 4223.076923 4158.974359 4014.871795 4224.615385 4338.461538
4231.794872 4230.769231 4262.051282 4252.820513 4224.102564 4219.487179 4228.205128 4217.948718 4215.384615 4211.794872 4166.666667 3909.743590 4224.102564 4328.205128
4212.820513 4225.641026 4249.743590 4253.846154 4220.512821 4224.615385 4232.820513 4224.615385 4229.230769 4217.948718 4174.871795 4071.794872 4236.923077 4320.512821
4226.153846 4234.871795 4258.461538 4263.076923 4223.076923 4231.282051 4240.000000 4234.358974 4246.153846 4227.692308 4185.641026 4341.538462 4244.615385 4326.153846
4234.871795 4233.846154 4258.974359 4259.487179 4220.000000 4225.641026 4234.871795 4234.871795 4242.051282 4223.589744 4214.358974 4484.615385 4231.794872 4320.512821
4224.615385 4220.512821 4249.743590 4251.282051 4225.128205 4223.076923 4231.282051 4231.282051 4238.461538 4222.051282 4242.051282 4562.564103 4216.923077 4311.794872
4206.153846 4211.794872 4232.307692 4241.538462 4223.589744 4220.512821 4231.282051 4226.153846 4236.923077 4227.179487 4223.589744 4561.538462 4221.538462 4302.051282
4197.948718 4214.358974 4229.230769 4235.384615 4219.487179 4215.897436 4220.000000 4216.923077 4227.179487 4226.153846 4185.128205 4441.538462 4229.743590 4298.974359
4214.871795 4218.461538 4240.000000 4234.358974 4223.076923 4218.974359 4220.000000 4215.384615 4222.564103 4224.615385 4165.128205 4395.897436 4225.641026 4297.435897
4226.153846 4214.871795 4237.948718 4230.256410 4219.487179 4217.435897 4230.769231 4220.512821 4225.128205 4224.615385 4161.538462 4451.794872 4224.615385 4290.769231
4222.564103 4213.846154 4242.051282 4225.641026 4222.051282 4210.769231 4207.692308 4223.589744 4228.205128 4223.589744 4184.102564 4452.820513 4232.307692 4296.410256
4224.615385 4223.076923 4248.205128 4229.230769 4222.564103 4210.256410 4163.589744 4217.948718 4224.615385 4222.051282 4195.384615 4396.923077 4226.153846 4290.256410
4230.256410 4230.256410 4250.769231 4235.384615 4223.076923 4214.871795 4152.820513 4213.333333 4219.487179 4222.051282 4161.025641 4365.128205 4209.230769 4284.615385
4232.307692 4228.717949 4260.000000 4240.000000 4226.666667 4216.923077 4164.102564 4218.974359 4221.538462 4224.615385 4150.769231 4388.717949 4217.435897 4294.358974
4239.487179 4228.205128 4264.615385 4247.692308 4219.487179 4219.487179 4166.666667 4221.538462 4225.641026 4224.615385 4181.538462 4452.307692 4241.538462 4298.461538
4246.666667 4233.333333 4268.205128 4252.820513 4222.564103 4220.000000 4168.717949 4214.871795 4225.128205 4223.076923 4193.333333 4501.025641 4243.076923 4307.179487
4234.358974 4228.717949 4260.512821 4243.589744 4224.102564 4211.794872 4168.205128 4205.641026 4216.410256 4221.538462 4199.487179 4394.358974 4218.974359 4307.692308
4217.948718 4214.358974 4247.692308 4231.282051 4219.487179 4212.307692 4162.564103 4204.615385 4209.743590 4224.615385 4228.205128 4350.256410 4208.717949 4307.179487
4224.102564 4217.948718 4249.230769 4232.820513 4223.589744 4221.025641 4163.589744 4208.205128 4219.487179 4227.179487 4250.256410 4488.717949 4226.153846 4322.051282
4238.461538 4238.461538 4252.820513 4245.128205 4218.461538 4216.923077 4161.025641 4210.256410 4228.205128 4223.589744 4253.333333 4492.820513 4237.948718 4329.743590
4242.051282 4241.538462 4257.435897 4249.230769 4222.051282 4209.230769 4150.769231 4208.205128 4224.615385 4222.564103 4236.410256 4420.000000 4232.820513 4338.974359
4236.923077 4230.769231 4251.282051 4238.461538 4225.641026 4208.205128 4147.179487 4197.948718 4220.000000 4224.102564 4218.461538 4510.256410 4229.743590 4341.025641
4235.897436 4234.358974 4242.051282 4231.794872 4219.487179 4205.128205 4149.230769 4192.307692 4218.461538 4224.102564 4228.205128 4534.358974 4236.410256 4335.897436
4235.897436 4234.871795 4246.153846 4233.846154 4222.564103 4204.102564 4146.666667 4196.410256 4214.871795 4223.589744 4227.179487 4473.846154 4236.410256 4337.948718
4223.076923 4218.974359 4237.435897 4227.692308 4219.487179 4207.179487 4147.692308 4199.487179 4214.358974 4224.102564 4206.153846 4644.102564 4224.615385 4328.717949
4213.333333 4214.871795 4229.743590 4215.384615 4218.974359 4209.230769 4153.333333 4203.589744 4220.000000 4226.666667 4216.410256 4777.435897 4216.410256 4324.102564
4222.051282 4228.717949 4241.538462 4225.641026 4221.025641 4213.333333 4152.307692 4210.769231 4223.076923 4224.102564 4217.435897 4630.769231 4222.051282 4327.179487
4241.025641 4237.435897 4252.820513 4244.615385 4216.923077 4215.384615 4150.256410 4211.794872 4223.589744 4221.025641 4170.256410 4551.794872 4228.717949 4330.256410
4252.820513 4231.282051 4260.000000 4241.025641 4224.102564 4210.769231 4159.487179 4210.769231 4225.128205 4225.641026 4163.076923 4475.384615 4230.256410 4338.461538
4250.769231 4232.307692 4259.487179 4236.923077 4225.641026 4207.179487 4166.153846 4212.307692 4225.128205 4225.641026 4206.666667 4190.256410 4237.435897 4333.846154
4255.897436 4243.589744 4266.153846 4252.307692 4223.589744 4215.384615 4162.051282 4215.384615 4226.153846 4223.076923 4217.435897 4021.025641 4250.769231 4341.538462
4261.025641 4244.615385 4270.256410 4249.230769 4223.589744 4215.384615 4159.487179 4212.307692 4219.487179 4223.589744 4208.205128 4057.435897 4254.358974 4358.461538
4246.153846 4231.794872 4257.948718 4230.769231 4220.512821 4209.230769 4161.025641 4209.743590 4209.230769 4223.589744 4219.487179 4085.641026 4244.615385 4354.871795
4225.128205 4218.461538 4247.692308 4229.230769 4224.615385 4212.307692 4164.615385 4216.923077 4207.692308 4223.589744 4212.307692 4127.692308 4231.282051 4354.358974
4210.256410 4205.128205 4231.282051 4220.512821 4220.512821 4208.717949 4164.102564 4214.358974 4201.538462 4224.102564 4171.794872 4119.487179 4216.410256 4351.794872
4206.153846 4195.897436 4226.153846 4200.512821 4221.025641 4201.538462 4158.974359 4206.666667 4197.435897 4224.615385 4150.256410 4035.897436 4204.102564 4354.358974
4214.358974 4202.564103 4239.487179 4210.256410 4227.179487 4206.666667 4160.000000 4214.358974 4205.128205 4223.589744 4156.410256 4048.717949 4205.128205 4364.615385
4224.615385 4217.948718 4244.615385 4230.769231 4221.025641 4213.846154 4164.615385 4218.974359 4213.846154 4223.589744 4166.153846 4154.358974 4225.128205 4368.717949
4228.205128 4222.564103 4245.128205 4226.153846 4225.641026 4209.230769 4162.564103 4210.769231 4216.410256 4224.102564 4190.769231 4214.358974 4235.384615 4372.820513
4224.102564 4218.461538 4240.000000 4214.358974 4225.128205 4199.487179 4156.923077 4204.102564 4211.794872 4222.564103 4214.358974 4353.846154 4222.051282 4362.564103
4229.743590 4222.564103 4241.538462 4218.461538 4219.487179 4203.076923 4165.128205 4206.666667 4212.820513 4224.102564 4207.692308 4644.615385 4219.487179 4357.435897
4238.974359 4235.897436 4249.743590 4230.769231 4224.102564 4216.410256 4178.461538 4214.358974 4228.717949 4223.076923 4183.076923 4679.487179 4235.897436 4363.076923
4229.230769 4233.333333 4244.102564 4228.717949 4220.512821 4215.384615 4174.358974 4214.871795 4229.743590 4221.025641 4176.923077 4329.230769 4240.512821 4353.846154
4222.564103 4215.384615 4238.974359 4216.923077 4222.051282 4208.717949 4162.051282 4210.769231 4213.846154 4225.128205 4197.435897 3972.307692 4230.256410 4347.692308
4232.307692 4212.307692 4234.871795 4210.256410 4222.564103 4204.615385 4156.410256 4203.589744 4204.102564 4226.153846 4217.435897 3813.333333 4228.717949 4344.615385
4229.743590 4217.435897 4231.794872 4206.153846 4221.025641 4197.435897 4151.282051 4198.461538 4197.948718 4223.076923 4206.666667 3747.179487 4225.128205 4342.051282
4210.769231 4209.230769 4230.769231 4206.153846 4224.615385 4194.358974 4146.666667 4200.000000 4192.307692 4222.564103 4179.487179 3756.410256 4208.717949 4333.333333
4204.615385 4206.153846 4224.102564 4214.358974 4218.974359 4196.923077 4154.871795 4205.128205 4197.435897 4222.051282 4172.307692 3820.512821 4206.666667 4316.410256
4210.769231 4214.871795 4229.230769 4218.461538 4222.564103 4198.974359 4169.743590 4210.256410 4205.641026 4221.538462 4176.410256 3876.923077 4216.923077 4321.025641
4211.282051 4211.794872 4231.282051 4213.333333 4225.641026 4194.871795 4168.717949 4206.666667 4201.025641 4223.076923 4167.179487 4113.333333 4218.461538 4321.025641
4209.743590 4205.641026 4224.615385 4213.333333 4221.025641 4193.333333 4163.076923 4201.025641 4197.435897 4224.102564 4159.487179 4391.794872 4212.820513 4314.871795
4212.307692 4212.307692 4227.692308 4214.871795 4224.102564 4197.948718 4168.205128 4205.128205 4207.692308 4225.128205 4177.435897 4399.487179 4214.871795 4331.282051
4218.974359 4218.461538 4234.871795 4220.512821 4220.000000 4203.076923 4177.948718 4214.358974 4217.948718 4224.615385 4209.230769 4334.871795 4228.717949 4348.205128
4234.871795 4219.487179 4249.230769 4232.820513 4221.538462 4212.307692 4190.769231 4228.205128 4230.769231 4223.589744 4225.641026 4425.641026 4243.589744 4362.051282
4244.102564 4229.230769 4252.820513 4234.358974 4224.615385 4216.923077 4200.000000 4236.410256 4245.128205 4221.538462 4224.615385 4527.692308 4245.641026 4365.128205
4234.871795 4233.846154 4245.641026 4229.743590 4222.051282 4212.307692 4198.974359 4236.410256 4248.205128 4222.051282 4224.615385 4549.743590 4239.487179 4366.153846
4225.641026 4223.076923 4243.589744 4234.358974 4224.102564 4213.846154 4199.487179 4243.076923 4246.153846 4225.128205 4230.256410 4463.589744 4244.615385 4379.487179
4224.615385 4215.384615 4234.871795 4231.794872 4217.435897 4218.974359 4201.025641 4243.589744 4246.666667 4224.615385 4246.153846 4379.487179 4247.692308 4380.512821
4218.461538 4214.358974 4227.692308 4219.487179 4220.512821 4214.871795 4194.871795 4231.282051 4244.102564 4221.538462 4259.487179 4552.820513 4235.384615 4377.948718
4213.333333 4213.333333 4229.743590 4222.564103 4226.666667 4207.179487 4189.743590 4226.153846 4240.000000 4222.564103 4253.333333 4662.051282 4234.358974 4381.538462
4225.128205 4215.384615 4239.487179 4237.435897 4218.974359 4211.794872 4190.769231 4230.769231 4241.538462 4224.102564 4249.230769 4525.128205 4250.769231 4391.282051
4238.974359 4221.025641 4255.384615 4244.102564 4222.564103 4218.461538 4192.820513 4229.230769 4244.615385 4222.564103 4252.820513 4561.538462 4250.769231 4402.564103
4234.358974 4217.435897 4251.282051 4240.512821 4224.102564 4212.307692 4191.282051 4224.102564 4240.512821 4221.025641 4253.333333 4678.461538 4234.871795 4388.205128
4232.820513 4214.871795 4244.102564 4240.000000 4223.076923 4208.205128 4189.230769 4225.128205 4235.897436 4223.076923 4253.333333 4674.871795 4231.282051 4380.512821
4240.512821 4228.205128 4248.717949 4244.102564 4224.102564 4212.820513 4190.256410 4223.076923 4236.410256 4222.564103 4242.564103 4758.461538 4231.794872 4384.102564
4237.435897 4230.769231 4251.794872 4248.205128 4220.512821 4214.871795 4194.358974 4223.076923 4237.435897 4220.512821 4241.025641 4802.564103 4226.666667 4371.282051
4236.923077 4216.923077 4254.871795 4247.692308 4224.615385 4212.307692 4195.384615 4227.692308 4241.025641 4223.589744 4270.256410 4772.820513 4231.282051 4363.589744
4246.666667 4217.435897 4252.307692 4244.615385 4221.025641 4211.794872 4193.846154 4223.589744 4242.051282 4224.615385 4282.564103 4790.256410 4252.307692 4357.948718
4250.769231 4232.820513 4256.923077 4248.205128 4217.435897 4220.000000 4202.051282 4226.666667 4239.487179 4222.564103 4263.076923 4472.820513 4264.102564 4361.538462
4246.153846 4230.769231 4264.102564 4253.846154 4223.076923 4223.076923 4205.641026 4239.487179 4238.461538 4224.615385 4270.256410 4058.461538 4256.410256 4362.051282
4243.076923 4218.461538 4253.846154 4247.692308 4220.512821 4218.461538 4200.000000 4237.435897 4237.948718 4226.153846 4309.743590 4248.205128 4248.205128 4348.717949
4241.538462 4219.487179 4252.307692 4237.435897 4225.128205 4220.000000 4203.076923 4232.307692 4242.564103 4226.153846 4334.871795 4614.358974 4247.692308 4346.666667
4229.743590 4220.000000 4249.230769 4234.871795 4221.025641 4215.384615 4203.589744 4229.743590 4238.974359 4225.128205 4320.512821 4539.487179 4243.589744 4337.435897
4219.487179 4210.769231 4236.410256 4228.717949 4215.897436 4204.615385 4190.256410 4218.461538 4223.076923 4224.615385 4273.846154 4411.282051 4229.230769 4320.000000
4219.487179 4204.102564 4232.307692 4220.512821 4223.076923 4205.128205 4185.128205 4207.179487 4211.282051 4224.615385 4233.846154 4453.846154 4212.307692 4310.769231
4225.128205 4209.230769 4236.923077 4227.692308 4218.974359 4207.179487 4192.820513 4211.794872 4211.794872 4222.051282 4229.230769 4433.333333 4213.846154 4306.153846
4236.923077 4215.384615 4249.230769 4240.512821 4220.000000 4205.128205 4193.333333 4223.589744 4228.205128 4221.538462 4240.000000 4481.538462 4235.384615 4314.871795
4233.333333 4211.282051 4246.666667 4232.307692 4222.051282 4203.076923 4186.153846 4224.102564 4237.948718 4222.051282 4256.923077 4582.564103 4245.641026 4309.230769
4212.307692 4203.589744 4231.794872 4216.923077 4220.512821 4198.974359 4185.641026 4218.461538 4228.205128 4221.538462 4268.205128 4543.076923 4231.794872 4293.333333
4206.153846 4197.948718 4230.256410 4215.384615 4224.615385 4194.358974 4186.153846 4217.948718 4222.051282 4223.589744 4250.769231 4487.692308 4223.076923 4288.205128
4211.282051 4191.794872 4229.230769 4214.871795 4221.538462 4193.846154 4185.641026 4213.333333 4220.000000 4224.102564 4221.025641 4505.128205 4220.000000 4282.564103
4202.564103 4184.615385 4226.153846 4206.153846 4228.205128 4193.846154 4187.179487 4209.230769 4210.769231 4223.076923 4206.666667 4463.076923 4201.025641 4283.589744
4194.358974 4183.076923 4217.948718 4197.948718 4229.230769 4192.820513 4186.153846 4209.743590 4201.025641 4223.589744 4198.974359 4384.102564 4187.179487 4275.384615
4197.435897 4186.666667 4217.435897 4202.051282 4218.461538 4196.923077 4181.538462 4211.794872 4207.692308 4225.641026 4193.333333 4457.435897 4197.435897 4267.179487
4200.000000 4187.179487 4225.641026 4207.179487 4221.025641 4197.948718 4174.871795 4211.794872 4215.897436 4222.564103 4202.051282 4527.179487 4204.615385 4270.769231
4202.564103 4191.794872 4222.051282 4207.692308 4222.564103 4188.205128 4159.487179 4207.692308 4205.641026 4220.512821 4217.435897 4410.256410 4199.487179 4260.512821
4214.871795 4200.512821 4227.179487 4214.871795 4225.128205 4188.205128 4148.717949 4205.641026 4204.102564 4227.692308 4224.102564 4317.948718 4206.153846 4256.410256
4213.333333 4205.641026 4229.743590 4217.948718 4221.025641 4194.871795 4151.282051 4207.692308 4212.307692 4229.743590 4212.307692 4381.538462 4212.820513 4254.358974
4197.948718 4203.589744 4221.538462 4208.205128 4216.923077 4193.333333 4150.769231 4211.282051 4207.692308 4223.589744 4211.282051 4414.358974 4205.641026 4245.128205
4195.897436 4196.410256 4222.564103 4202.051282 4225.128205 4188.717949 4141.025641 4209.230769 4202.564103 4223.589744 4232.307692 4379.487179 4201.538462 4241.025641
4194.358974 4191.282051 4218.974359 4202.564103 4220.512821 4187.179487 4135.897436 4203.589744 4204.102564 4226.153846 4225.128205 4397.435897 4204.102564 4230.769231
4182.564103 4187.179487 4211.282051 4194.358974 4220.512821 4189.230769 4138.974359 4205.128205 4199.487179 4224.615385 4203.076923 4417.435897 4197.948718 4229.230769
4179.487179 4180.512821 4203.076923 4184.615385 4224.615385 4189.230769 4142.564103 4207.692308 4191.794872 4221.025641 4218.974359 4397.948718 4194.358974 4229.743590
4186.666667 4181.538462 4202.051282 4187.692308 4220.512821 4186.666667 4145.641026 4202.051282 4195.897436 4222.051282 4240.000000 4369.743590 4201.538462 4222.564103
4185.641026 4186.153846 4210.769231 4190.256410 4224.102564 4189.230769 4147.692308 4199.487179 4198.974359 4222.564103 4217.435897 4347.692308 4194.358974 4218.461538
4174.358974 4176.923077 4202.564103 4185.641026 4221.025641 4188.205128 4140.000000 4196.923077 4185.641026 4222.564103 4188.205128 4305.641026 4176.410256 4207.179487
4172.820513 4165.641026 4195.384615 4182.051282 4219.487179 4181.538462 4134.358974 4190.256410 4175.897436 4223.589744 4182.051282 4287.179487 4170.769231 4204.615385
4179.487179 4176.410256 4201.538462 4183.589744 4223.589744 4177.435897 4136.410256 4186.666667 4178.461538 4216.923077 4182.564103 4333.846154 4173.333333 4202.051282
4177.948718 4183.076923 4199.487179 4186.666667 4220.512821 4173.846154 4134.358974 4185.641026 4178.461538 4216.410256 4185.128205 4325.128205 4171.794872 4188.717949
4177.948718 4172.307692 4197.435897 4185.641026 4225.641026 4171.282051 4130.769231 4180.000000 4176.410256 4221.025641 4183.076923 4307.692308 4174.358974 4187.179487
4184.615385 4175.384615 4198.461538 4182.564103 4221.025641 4171.282051 4132.307692 4175.897436 4170.769231 4217.948718 4188.205128 4415.897436 4187.179487 4184.615385
4187.692308 4182.564103 4203.076923 4182.564103 4217.435897 4172.820513 4135.897436 4184.615385 4166.666667 4217.948718 4212.307692 4563.076923 4189.743590 4185.128205
4182.564103 4174.358974 4205.128205 4185.641026 4223.589744 4174.871795 4135.384615 4193.333333 4172.820513 4221.538462 4218.461538 4641.538462 4175.897436 4184.615385
4175.897436 4168.205128 4198.461538 4180.000000 4218.974359 4176.410256 4135.897436 4189.230769 4186.153846 4218.461538 4197.435897 4773.333333 4168.717949 4173.333333
4173.846154 4170.256410 4200.512821 4169.743590 4222.564103 4177.948718 4142.051282 4186.153846 4191.794872 4221.538462 4207.179487 4989.743590 4176.410256 4177.948718
4175.384615 4167.692308 4202.564103 4168.205128 4223.589744 4178.461538 4145.641026 4190.769231 4189.743590 4228.205128 4246.153846 4956.410256 4183.589744 4180.000000
4183.589744 4169.230769 4202.564103 4175.384615 4220.000000 4182.051282 4149.230769 4191.282051 4195.384615 4223.076923 4248.717949 4642.564103 4190.256410 4177.435897
4191.794872 4173.846154 4203.076923 4175.897436 4225.128205 4182.051282 4150.769231 4183.589744 4194.871795 4222.051282 4221.538462 4440.512821 4198.974359 4181.538462
4185.128205 4165.128205 4197.948718 4169.230769 4220.512821 4173.846154 4139.487179 4177.435897 4172.820513 4226.153846 4204.615385 4471.794872 4191.282051 4177.435897
4178.974359 4159.487179 4198.974359 4169.230769 4220.000000 4168.205128 4129.230769 4177.435897 4163.589744 4223.589744 4202.564103 4534.871795 4173.333333 4173.333333
4177.435897 4170.256410 4195.384615 4170.769231 4222.051282 4165.128205 4130.256410 4169.743590 4170.256410 4221.025641 4217.948718 4548.205128 4168.205128 4163.076923
4170.256410 4174.358974 4189.230769 4167.179487 4222.051282 4161.025641 4132.307692 4163.589744 4165.128205 4221.025641 4235.897436 4576.410256 4166.153846 4156.410256
4165.128205 4163.076923 4191.794872 4167.179487 4221.538462 4162.564103 4131.794872 4167.179487 4156.410256 4226.666667 4220.000000 4567.179487 4157.948718 4157.435897
4161.025641 4161.538462 4183.076923 4166.666667 4216.410256 4161.538462 4133.846154 4164.102564 4156.923077 4228.205128 4183.076923 4513.846154 4155.897436 4150.769231
4158.974359 4167.179487 4183.076923 4161.538462 4224.102564 4161.025641 4135.384615 4162.564103 4157.948718 4225.128205 4166.666667 4482.051282 4151.794872 4154.871795
4162.051282 4164.615385 4187.692308 4161.538462 4224.615385 4161.025641 4132.820513 4169.230769 4153.333333 4224.615385 4165.641026 4442.564103 4148.205128 4156.410256
4164.102564 4161.025641 4185.128205 4167.179487 4216.410256 4162.051282 4134.871795 4167.692308 4153.333333 4225.641026 4166.153846 4435.384615 4156.923077 4153.846154
4165.128205 4166.666667 4192.307692 4168.205128 4223.589744 4167.179487 4145.641026 4168.717949 4164.102564 4225.128205 4186.153846 4470.256410 4164.615385 4165.128205
4168.717949 4172.307692 4196.923077 4167.692308 4223.589744 4172.307692 4150.769231 4179.487179 4170.256410 4222.564103 4211.282051 4488.205128 4162.564103 4166.666667
4172.307692 4170.256410 4194.871795 4173.846154 4223.589744 4175.897436 4151.794872 4183.076923 4169.230769 4224.615385 4221.025641 4523.076923 4166.153846 4168.717949
4165.128205 4168.717949 4189.230769 4172.820513 4222.564103 4174.871795 4157.948718 4176.923077 4168.205128 4224.102564 4238.974359 4557.948718 4171.282051 4172.820513
4163.589744 4174.871795 4193.333333 4168.205128 4217.948718 4176.410256 4164.615385 4183.076923 4180.512821 4221.538462 4264.615385 4545.641026 4172.307692 4172.820513
4180.512821 4185.641026 4209.743590 4180.000000 4224.102564 4184.102564 4164.615385 4193.846154 4200.000000 4224.615385 4271.794872 4542.564103 4182.051282 4181.025641
4190.769231 4187.179487 4205.641026 4184.102564 4220.000000 4181.025641 4159.487179 4183.076923 4198.461538 4226.666667 4271.794872 4556.923077 4191.282051 4181.538462
4187.692308 4183.589744 4202.564103 4172.307692 4217.435897 4176.410256 4157.435897 4173.333333 4187.179487 4225.641026 4278.974359 4534.358974 4188.205128 4184.102564
4191.794872 4187.179487 4212.820513 4176.923077 4222.564103 4182.564103 4159.487179 4182.564103 4187.692308 4224.102564 4277.948718 4503.076923 4189.743590 4185.128205
4197.435897 4189.743590 4212.307692 4190.769231 4222.051282 4191.282051 4167.692308 4188.717949 4197.435897 4224.102564 4272.307692 4507.179487 4199.487179 4178.461538
4191.794872 4185.128205 4208.717949 4185.128205 4225.128205 4192.820513 4174.358974 4188.205128 4203.076923 4223.076923 4274.358974 4511.282051 4204.102564 4181.538462
4184.102564 4184.615385 4206.153846 4180.000000 4219.487179 4185.641026 4167.179487 4188.205128 4196.923077 4220.512821 4266.666667 4507.692308 4196.923077 4181.025641
4184.615385 4188.717949 4207.692308 4184.615385 4218.974359 4181.025641 4157.948718 4183.076923 4187.179487 4221.025641 4252.820513 4509.230769 4190.769231 4185.128205
4182.051282 4182.564103 4202.564103 4177.948718 4222.564103 4184.102564 4161.025641 4176.923077 4180.512821 4223.589744 4246.153846 4457.948718 4185.641026 4186.666667
4165.128205 4168.717949 4186.666667 4158.461538 4218.461538 4181.025641 4163.076923 4174.871795 4169.743590 4225.128205 4235.384615 4399.487179 4165.641026 4180.000000
4154.358974 4158.974359 4183.589744 4147.692308 4223.589744 4175.897436 4162.564103 4177.948718 4161.025641 4224.102564 4215.897436 4421.025641 4143.589744 4185.641026
4169.743590 4166.153846 4190.256410 4160.000000 4220.512821 4180.512821 4168.205128 4183.076923 4171.794872 4220.512821 4216.923077 4438.461538 4159.487179 4192.820513
4185.641026 4177.948718 4198.461538 4170.769231 4217.948718 4183.076923 4168.717949 4183.076923 4186.153846 4222.051282 4238.461538 4421.538462 4187.179487 4205.128205
4170.769231 4172.820513 4192.307692 4157.948718 4225.641026 4168.717949 4158.461538 4173.846154 4176.923077 4224.615385 4231.794872 4444.102564 4175.897436 4208.205128
4161.025641 4169.743590 4184.615385 4154.358974 4219.487179 4156.923077 4157.948718 4168.717949 4171.794872 4220.000000 4207.692308 4428.717949 4167.179487 4195.384615
4187.179487 4191.794872 4204.102564 4178.461538 4217.435897 4166.153846 4170.769231 4178.974359 4188.205128 4220.512821 4214.358974 4353.333333 4186.666667 4209.743590
4196.410256 4207.692308 4212.820513 4190.769231 4218.461538 4174.358974 4177.435897 4185.641026 4194.358974 4226.153846 4246.153846 4343.589744 4194.871795 4221.538462
4185.128205 4201.538462 4208.717949 4189.743590 4219.487179 4174.871795 4177.435897 4186.153846 4195.897436 4226.153846 4264.102564 4363.076923 4190.769231 4212.307692
4199.487179 4205.128205 4218.974359 4198.461538 4223.076923 4181.025641 4180.000000 4190.769231 4208.717949 4224.615385 4262.051282 4340.512821 4202.564103 4214.871795
4216.410256 4218.461538 4224.615385 4203.589744 4216.410256 4189.230769 4184.102564 4193.846154 4209.230769 4224.615385 4262.564103 4401.538462 4215.384615 4223.589744
4212.820513 4219.487179 4226.153846 4205.641026 4221.538462 4191.794872 4187.179487 4197.435897 4207.692308 4226.666667 4265.641026 4560.000000 4215.897436 4226.666667
4205.641026 4216.923077 4226.666667 4209.743590 4224.102564 4187.692308 4190.769231 4201.538462 4214.358974 4222.051282 4252.820513 4566.666667 4214.871795 4217.948718
4205.128205 4215.897436 4226.153846 4205.128205 4220.512821 4189.230769 4195.384615 4203.589744 4213.846154 4221.025641 4236.410256 4436.410256 4212.307692 4221.025641
4213.846154 4217.948718 4232.820513 4204.102564 4224.102564 4194.871795 4198.974359 4208.717949 4213.333333 4224.615385 4240.512821 4433.846154 4218.461538 4233.846154
4223.076923 4225.641026 4236.410256 4214.358974 4218.974359 4191.794872 4198.974359 4211.282051 4218.461538 4221.025641 4238.974359 4532.820513 4230.256410 4229.743590
4224.102564 4233.333333 4243.076923 4219.487179 4221.025641 4193.846154 4202.051282 4211.794872 4223.076923 4218.974359 4220.000000 4588.205128 4233.333333 4235.897436
4227.692308 4243.076923 4248.717949 4222.051282 4222.051282 4204.615385 4214.358974 4217.948718 4230.769231 4224.615385 4219.487179 4572.307692 4235.384615 4240.000000
4245.641026 4252.820513 4255.384615 4236.410256 4217.435897 4213.333333 4238.461538 4230.256410 4242.564103 4226.666667 4234.871795 4504.615385 4247.692308 4235.897436
4256.923077 4254.358974 4263.076923 4244.102564 4223.076923 4218.974359 4263.076923 4241.538462 4255.897436 4223.589744 4232.820513 4438.461538 4262.051282 4243.076923
4248.717949 4255.897436 4256.410256 4235.384615 4221.538462 4221.538462 4266.153846 4244.102564 4262.564103 4223.076923 4225.641026 4448.205128 4266.666667 4242.051282
4245.641026 4261.538462 4259.487179 4234.358974 4222.564103 4224.102564 4255.384615 4245.641026 4261.025641 4223.589744 4237.435897 4532.820513 4263.589744 4241.025641
4257.435897 4264.102564 4265.641026 4244.615385 4224.102564 4223.076923 4246.666667 4243.589744 4256.923077 4224.615385 4249.743590 4548.205128 4263.076923 4235.897436
4262.051282 4262.051282 4260.000000 4250.256410 4220.000000 4222.564103 4242.564103 4242.051282 4261.538462 4224.102564 4250.769231 4475.384615 4265.641026 4226.153846
4258.461538 4259.487179 4262.564103 4245.641026 4225.641026 4227.179487 4242.051282 4246.153846 4269.743590 4222.564103 4246.666667 4488.205128 4267.692308 4230.256410
4263.076923 4257.948718 4265.641026 4244.102564 4222.051282 4227.179487 4244.615385 4248.717949 4265.128205 4224.615385 4240.512821 4553.333333 4272.820513 4230.769231
4275.384615 4261.538462 4274.871795 4248.717949 4220.512821 4226.153846 4246.153846 4249.230769 4261.025641 4225.641026 4251.282051 4520.512821 4280.000000 4238.461538
4279.487179 4264.615385 4281.025641 4249.230769 4225.128205 4229.230769 4244.615385 4251.794872 4264.615385 4222.051282 4275.897436 4429.743590 4280.512821 4242.051282
4270.769231 4260.000000 4272.307692 4246.666667 4222.051282 4229.230769 4240.512821 4251.794872 4263.076923 4219.487179 4268.205128 4398.461538 4275.384615 4230.769231
4272.307692 4260.000000 4275.897436 4248.717949 4224.615385 4231.794872 4242.564103 4251.794872 4264.102564 4222.564103 4242.564103 4440.000000 4275.384615 4235.384615
4279.487179 4265.128205 4285.128205 4252.820513 4221.025641 4237.435897 4247.179487 4254.358974 4269.743590 4223.589744 4253.333333 4463.589744 4281.538462 4241.538462
4273.333333 4260.000000 4283.589744 4247.692308 4222.564103 4236.923077 4244.615385 4257.435897 4267.179487 4223.076923 4276.923077 4420.512821 4284.102564 4242.564103
4257.435897 4244.102564 4270.256410 4237.948718 4227.179487 4229.230769 4240.512821 4256.410256 4260.512821 4222.564103 4276.410256 4383.076923 4277.435897 4237.435897
4250.256410 4242.564103 4262.564103 4237.435897 4219.487179 4228.717949 4241.025641 4249.230769 4262.051282 4221.025641 4269.230769 4414.358974 4264.615385 4225.641026
4262.051282 4258.974359 4276.923077 4248.717949 4223.589744 4234.871795 4244.615385 4249.230769 4262.564103 4222.051282 4261.025641 4425.641026 4260.512821 4229.743590
4265.641026 4262.051282 4277.435897 4250.769231 4226.153846 4230.256410 4240.000000 4248.717949 4251.794872 4222.564103 4246.153846 4368.205128 4266.153846 4229.743590
4253.333333 4247.179487 4264.615385 4234.358974 4223.589744 4221.538462 4231.794872 4239.487179 4246.666667 4223.589744 4235.384615 4337.435897 4264.615385 4225.128205
4252.307692 4245.128205 4267.692308 4226.666667 4223.076923 4222.051282 4234.871795 4241.025641 4255.384615 4222.051282 4240.000000 4322.051282 4263.076923 4223.076923
4263.589744 4257.948718 4274.358974 4234.358974 4216.923077 4226.666667 4243.076923 4249.743590 4259.487179 4221.538462 4245.641026 4286.153846 4273.846154 4221.025641
4264.615385 4255.384615 4272.820513 4236.410256 4223.076923 4227.179487 4242.564103 4247.179487 4258.461538 4221.025641 4235.897436 4289.230769 4271.282051 4227.692308
4253.333333 4245.128205 4266.666667 4233.846154 4224.102564 4216.923077 4237.435897 4240.512821 4258.461538 4215.384615 4245.641026 4340.000000 4264.102564 4222.564103
4254.871795 4249.743590 4275.384615 4241.025641 4221.025641 4213.333333 4238.974359 4245.128205 4262.051282 4218.461538 4286.666667 4395.384615 4274.871795 4218.461538
4258.461538 4251.794872 4280.000000 4241.538462 4223.076923 4223.076923 4238.461538 4247.179487 4263.076923 4220.000000 4288.717949 4391.794872 4276.410256 4220.512821
4240.000000 4235.384615 4253.333333 4219.487179 4216.923077 4220.512821 4227.179487 4237.948718 4253.846154 4215.384615 4235.897436 4340.000000 4256.410256 4211.282051
4222.051282 4226.666667 4240.512821 4208.717949 4223.589744 4211.282051 4222.564103 4235.384615 4242.564103 4222.051282 4216.410256 4333.333333 4241.025641 4208.717949
4224.615385 4229.230769 4246.666667 4213.333333 4226.153846 4210.256410 4224.102564 4235.384615 4233.333333 4229.230769 4230.256410 4332.820513 4236.410256 4200.000000
4224.615385 4218.974359 4242.564103 4205.641026 4220.000000 4211.282051 4222.564103 4226.666667 4225.641026 4222.564103 4218.974359 4307.692308 4231.282051 4194.358974
4212.307692 4213.333333 4235.384615 4195.384615 4224.615385 4209.230769 4223.076923 4224.615385 4225.128205 4218.974359 4221.025641 4331.282051 4229.230769 4203.076923
4209.230769 4227.692308 4233.333333 4206.666667 4222.051282 4209.230769 4225.128205 4228.205128 4226.153846 4224.615385 4259.487179 4372.307692 4234.871795 4199.487179
4225.641026 4236.923077 4245.641026 4220.512821 4220.000000 4212.307692 4223.589744 4228.205128 4227.692308 4222.564103 4272.307692 4351.282051 4246.666667 4201.538462
4235.897436 4232.307692 4250.769231 4215.897436 4221.538462 4207.692308 4214.871795 4222.051282 4227.179487 4215.897436 4240.000000 4342.564103 4249.230769 4204.102564
4226.153846 4230.769231 4246.666667 4212.820513 4221.025641 4205.641026 4212.820513 4219.487179 4223.589744 4216.410256 4211.794872 4441.025641 4235.897436 4195.384615
4225.128205 4230.769231 4250.256410 4218.461538 4224.615385 4210.256410 4217.948718 4223.589744 4226.666667 4225.641026 4220.000000 4501.025641 4231.282051 4190.769231
4242.564103 4233.333333 4252.820513 4218.461538 4218.974359 4210.769231 4215.897436 4223.589744 4236.923077 4228.205128 4240.000000 4451.282051 4243.589744 4183.589744
4249.743590 4232.307692 4259.487179 4214.358974 4217.948718 4212.820513 4218.974359 4230.256410 4241.025641 4224.102564 4243.076923 4427.692308 4252.307692 4188.205128
4235.897436 4221.538462 4254.871795 4210.769231 4220.512821 4214.358974 4225.641026 4237.948718 4236.410256 4222.564103 4234.871795 4400.512821 4249.743590 4191.282051
4227.179487 4220.000000 4243.076923 4211.282051 4220.512821 4211.282051 4225.128205 4232.307692 4234.871795 4221.025641 4230.256410 4335.384615 4247.179487 4186.666667
4237.948718 4234.358974 4253.333333 4218.461538 4225.641026 4212.820513 4226.153846 4226.153846 4238.974359 4224.102564 4227.179487 4344.615385 4246.666667 4198.461538
4241.538462 4238.461538 4257.435897 4217.948718 4217.435897 4214.871795 4223.589744 4224.102564 4231.794872 4225.641026 4221.538462 4371.282051 4242.564103 4208.205128
4237.948718 4229.743590 4250.256410 4208.205128 4218.461538 4212.307692 4217.948718 4224.615385 4227.692308 4222.564103 4223.076923 4343.076923 4243.076923 4221.025641
4235.384615 4228.205128 4246.153846 4208.717949 4225.641026 4207.179487 4220.000000 4225.641026 4237.435897 4223.589744 4220.000000 4332.307692 4245.641026 4230.769231
4232.820513 4236.410256 4246.153846 4213.333333 4218.974359 4210.769231 4223.589744 4225.641026 4241.538462 4224.615385 4213.846154 4343.076923 4241.025641 4227.179487
4238.461538 4245.641026 4257.435897 4221.538462 4222.051282 4223.076923 4228.205128 4231.794872 4240.000000 4224.615385 4227.179487 4347.692308 4242.051282 4230.769231
4241.025641 4248.205128 4252.307692 4227.179487 4218.974359 4227.692308 4234.871795 4236.923077 4238.461538 4224.615385 4234.871795 4355.897436 4247.179487 4230.769231
4236.923077 4242.051282 4246.153846 4221.538462 4216.923077 4226.153846 4238.461538 4233.846154 4239.487179 4224.102564 4224.102564 4374.358974 4238.461538 4232.820513
4238.461538 4235.897436 4253.846154 4216.923077 4223.589744 4227.692308 4233.333333 4229.743590 4236.923077 4222.051282 4221.025641 4357.948718 4228.205128 4236.923077
4232.820513 4230.769231 4250.256410 4214.871795 4221.025641 4223.589744 4226.666667 4227.179487 4227.179487 4224.615385 4227.692308 4307.179487 4233.333333 4237.435897
4216.923077 4227.692308 4238.974359 4204.615385 4224.102564 4217.948718 4228.717949 4227.179487 4229.230769 4223.076923 4222.051282 4314.871795 4234.871795 4250.256410
4210.256410 4228.205128 4233.846154 4200.512821 4224.102564 4218.461538 4235.897436 4231.794872 4240.000000 4214.358974 4211.282051 4374.358974 4232.307692 4254.358974
4224.615385 4230.769231 4246.666667 4213.846154 4222.564103 4225.128205 4242.564103 4235.384615 4242.564103 4217.948718 4215.897436 4395.384615 4243.589744 4256.923077
4236.410256 4232.820513 4255.897436 4219.487179 4225.641026 4227.692308 4239.487179 4228.717949 4238.461538 4227.179487 4217.948718 4330.256410 4250.769231 4269.230769
4230.769231 4234.358974 4247.692308 4210.769231 4220.000000 4219.487179 4233.333333 4223.076923 4230.256410 4223.076923 4214.358974 4225.641026 4242.564103 4274.358974
4226.666667 4232.820513 4250.256410 4210.256410 4224.615385 4215.384615 4233.846154 4226.666667 4225.641026 4220.512821 4220.000000 4177.435897 4241.025641 4283.589744
4227.179487 4229.743590 4249.230769 4210.769231 4223.589744 4217.948718 4239.487179 4224.102564 4226.153846 4224.102564 4239.487179 4165.128205 4247.179487 4286.666667
4220.512821 4225.641026 4239.487179 4203.076923 4221.025641 4219.487179 4238.974359 4220.000000 4227.692308 4224.615385 4265.128205 4162.051282 4241.538462 4289.230769
4216.410256 4217.948718 4236.923077 4197.435897 4225.641026 4214.871795 4235.897436 4223.589744 4225.641026 4222.051282 4273.846154 4183.589744 4229.230769 4295.384615
4221.538462 4215.384615 4234.358974 4199.487179 4219.487179 4212.820513 4236.923077 4224.102564 4223.076923 4224.102564 4252.307692 4190.256410 4227.179487 4290.256410
4227.179487 4222.564103 4237.435897 4202.564103 4223.076923 4217.948718 4241.025641 4221.025641 4225.641026 4224.102564 4228.205128 4188.717949 4229.230769 4293.333333
4224.102564 4226.666667 4240.000000 4205.128205 4226.666667 4213.846154 4241.538462 4221.538462 4224.615385 4216.410256 4225.641026 4192.820513 4228.717949 4293.846154
4225.128205 4222.564103 4241.025641 4206.666667 4222.564103 4208.717949 4238.461538 4222.564103 4223.076923 4215.897436 4224.615385 4163.076923 4229.743590 4294.358974
4231.794872 4218.974359 4243.076923 4203.589744 4225.128205 4210.769231 4238.461538 4217.435897 4228.205128 4222.051282 4231.282051 4166.153846 4235.384615 4304.615385
4227.692308 4218.461538 4235.384615 4200.000000 4220.512821 4209.230769 4237.948718 4213.333333 4226.153846 4224.615385 4247.692308 4283.076923 4235.897436 4305.641026
4225.128205 4216.923077 4235.897436 4206.666667 4220.512821 4206.153846 4230.769231 4214.871795 4214.358974 4221.538462 4238.974359 4353.333333 4229.230769 4311.282051
4228.205128 4216.923077 4236.923077 4210.769231 4220.000000 4207.179487 4224.102564 4212.307692 4210.769231 4216.410256 4215.897436 4344.102564 4228.717949 4314.358974
4222.051282 4215.897436 4232.820513 4205.641026 4218.461538 4209.230769 4227.179487 4207.692308 4221.538462 4215.897436 4214.358974 4470.769231 4228.717949 4309.743590
4215.897436 4214.871795 4237.435897 4208.717949 4227.179487 4211.282051 4232.820513 4211.282051 4227.692308 4223.589744 4222.051282 4620.000000 4222.051282 4312.307692
4223.076923 4216.410256 4238.461538 4216.923077 4222.051282 4209.230769 4226.666667 4209.743590 4221.025641 4229.743590 4216.923077 4565.128205 4220.512821 4307.179487
4236.923077 4217.948718 4243.589744 4218.461538 4221.538462 4207.692308 4223.589744 4205.128205 4217.948718 4224.615385 4213.846154 4432.307692 4229.230769 4312.820513
4244.615385 4223.589744 4250.256410 4220.512821 4227.692308 4211.282051 4231.282051 4209.743590 4222.564103 4217.435897 4219.487179 4413.333333 4233.333333 4317.435897
4238.974359 4230.256410 4246.666667 4226.666667 4221.538462 4217.435897 4233.333333 4212.820513 4226.666667 4216.923077 4227.692308 4458.461538 4232.820513 4307.692308
4231.282051 4229.743590 4241.538462 4223.076923 4220.512821 4220.512821 4231.282051 4209.743590 4226.153846 4224.102564 4231.282051 4440.512821 4235.897436 4305.641026
4223.589744 4226.153846 4233.846154 4215.897436 4220.000000 4216.923077 4235.897436 4207.692308 4213.333333 4228.205128 4228.205128 4362.051282 4230.256410 4297.435897
4217.435897 4223.589744 4233.846154 4219.487179 4222.564103 4213.333333 4239.487179 4213.333333 4208.205128 4223.076923 4226.153846 4375.897436 4219.487179 4287.692308
4208.717949 4212.307692 4230.256410 4218.974359 4223.076923 4211.282051 4231.794872 4214.358974 4212.820513 4220.512821 4213.846154 4469.743590 4213.333333 4274.358974
4197.948718 4196.410256 4214.358974 4204.102564 4217.948718 4206.153846 4227.692308 4202.051282 4206.153846 4221.538462 4195.897436 4485.641026 4205.641026 4260.000000
4189.743590 4186.666667 4209.743590 4189.743590 4223.076923 4200.512821 4231.282051 4197.435897 4195.897436 4224.102564 4188.717949 4420.000000 4195.384615 4261.025641
4183.076923 4177.435897 4203.076923 4185.641026 4221.025641 4201.025641 4226.153846 4200.000000 4189.743590 4224.615385 4181.538462 4347.179487 4183.589744 4249.230769
4176.923077 4167.692308 4194.871795 4185.128205 4221.025641 4206.666667 4221.025641 4198.974359 4181.538462 4224.615385 4173.846154 4327.692308 4164.615385 4234.871795
4172.307692 4165.128205 4193.846154 4181.538462 4225.128205 4201.025641 4225.128205 4193.333333 4173.846154 4223.589744 4191.282051 4342.051282 4150.256410 4227.692308
4182.051282 4178.974359 4199.487179 4191.794872 4217.948718 4193.333333 4224.102564 4194.358974 4181.538462 4220.000000 4228.717949 4326.153846 4166.153846 4220.512821
4206.666667 4197.435897 4221.025641 4214.358974 4222.564103 4202.564103 4222.564103 4205.128205 4203.589744 4221.538462 4236.923077 4290.256410 4198.974359 4227.179487
4216.923077 4204.615385 4227.179487 4221.025641 4223.589744 4206.666667 4229.743590 4208.205128 4210.769231 4224.102564 4216.923077 4272.820513 4216.410256 4222.051282
4209.743590 4201.025641 4218.461538 4215.384615 4220.512821 4201.025641 4231.282051 4205.641026 4202.051282 4224.102564 4214.358974 4286.153846 4216.923077 4208.205128
4199.487179 4198.461538 4211.794872 4216.923077 4224.102564 4200.000000 4223.589744 4209.743590 4203.076923 4222.051282 4224.615385 4280.512821 4215.897436 4202.564103
4195.897436 4203.589744 4206.666667 4216.410256 4217.435897 4203.076923 4220.000000 4212.307692 4211.282051 4221.538462 4231.282051 4273.333333 4218.974359 4196.410256
4203.589744 4203.589744 4213.846154 4210.256410 4221.538462 4205.641026 4221.025641 4212.307692 4213.333333 4221.538462 4249.230769 4338.461538 4221.025641 4192.307692
4205.641026 4200.512821 4214.871795 4212.307692 4224.102564 4204.615385 4222.564103 4209.230769 4210.256410 4221.538462 4264.615385 4418.461538 4214.358974 4178.974359
4198.974359 4207.692308 4208.717949 4217.948718 4218.974359 4205.128205 4228.717949 4206.153846 4210.769231 4223.589744 4261.025641 4426.666667 4202.564103 4168.717949
4197.435897 4211.282051 4208.717949 4214.358974 4223.589744 4208.717949 4230.256410 4208.205128 4209.230769 4218.461538 4274.358974 4397.948718 4198.974359 4168.717949
4197.435897 4202.051282 4204.615385 4212.820513 4224.615385 4205.641026 4223.076923 4209.230769 4204.102564 4213.846154 4284.615385 4383.589744 4200.000000 4157.435897
4200.000000 4197.948718 4207.179487 4218.974359 4224.102564 4206.153846 4228.205128 4211.282051 4206.666667 4219.487179 4252.820513 4400.512821 4199.487179 4153.846154
4204.615385 4201.538462 4207.179487 4216.923077 4218.974359 4212.820513 4236.410256 4215.384615 4210.769231 4225.641026 4226.666667 4417.435897 4204.102564 4152.820513
4213.846154 4205.128205 4210.256410 4215.897436 4218.974359 4216.410256 4235.384615 4218.461538 4215.384615 4225.128205 4248.205128 4403.076923 4217.435897 4151.282051
4229.743590 4212.820513 4222.564103 4231.794872 4226.153846 4220.512821 4238.461538 4226.666667 4224.615385 4225.128205 4270.256410 4409.743590 4227.692308 4152.820513
4234.358974 4222.051282 4217.435897 4242.051282 4218.974359 4222.051282 4244.102564 4229.230769 4227.179487 4224.615385 4263.076923 4447.179487 4231.282051 4140.512821
4233.333333 4230.256410 4214.358974 4241.025641 4221.538462 4224.102564 4248.205128 4226.666667 4227.179487 4222.564103 4269.230769 4465.641026 4232.820513 4140.000000
4236.410256 4232.820513 4222.564103 4242.564103 4223.076923 4227.179487 4247.179487 4231.794872 4233.333333 4222.564103 4266.153846 4450.769231 4232.820513 4141.025641
4232.307692 4221.025641 4224.102564 4242.051282 4218.461538 4229.230769 4244.102564 4237.948718 4238.461538 4222.564103 4218.974359 4443.076923 4234.871795 4133.846154
4227.692308 4219.487179 4222.564103 4241.025641 4224.102564 4233.333333 4245.641026 4234.871795 4238.461538 4222.051282 4183.589744 4453.333333 4230.256410 4132.307692
4231.794872 4232.307692 4221.025641 4246.153846 4216.923077 4230.256410 4244.102564 4226.153846 4228.717949 4222.051282 4193.333333 4457.435897 4217.948718 4119.487179
4238.461538 4234.358974 4229.230769 4252.307692 4215.384615 4227.692308 4238.461538 4224.102564 4225.128205 4224.102564 4204.102564 4471.794872 4218.461538 4113.333333
4244.615385 4238.461538 4236.410256 4258.974359 4224.102564 4237.435897 4243.589744 4230.769231 4238.974359 4222.051282 4195.384615 4463.076923 4231.282051 4114.871795
4244.615385 4248.717949 4231.282051 4265.641026 4221.538462 4244.102564 4253.333333 4238.974359 4247.692308 4218.461538 4196.923077 4430.769231 4232.307692 4111.282051
4240.000000 4246.153846 4228.717949 4262.564103 4224.102564 4237.948718 4251.794872 4238.461538 4238.974359 4224.102564 4203.589744 4433.333333 4229.743590 4116.923077
4238.974359 4241.538462 4225.641026 4256.923077 4222.051282 4234.358974 4248.205128 4232.307692 4235.897436 4227.692308 4207.692308 4439.487179 4241.538462 4117.948718
4243.076923 4248.717949 4227.692308 4261.538462 4223.076923 4240.000000 4252.820513 4236.923077 4245.641026 4222.564103 4212.307692 4437.435897 4250.769231 4127.179487
4243.589744 4250.769231 4230.769231 4266.153846 4226.153846 4242.051282 4254.871795 4244.615385 4247.692308 4221.025641 4214.358974 4441.025641 4249.230769 4137.948718
4239.487179 4244.615385 4228.205128 4265.128205 4218.461538 4240.000000 4251.282051 4237.948718 4239.487179 4224.102564 4215.384615 4430.256410 4248.717949 4143.076923
4243.589744 4245.128205 4234.871795 4263.589744 4221.538462 4240.000000 4253.333333 4233.333333 4240.000000 4225.128205 4216.410256 4414.871795 4251.282051 4160.512821
4248.717949 4251.794872 4234.358974 4266.666667 4222.051282 4238.974359 4253.333333 4237.948718 4244.615385 4224.102564 4214.871795 4416.410256 4253.846154 4169.743590
4244.615385 4243.589744 4228.717949 4267.692308 4218.974359 4234.871795 4245.641026 4238.974359 4242.051282 4224.615385 4211.794872 4423.076923 4251.282051 4177.435897
4237.948718 4229.743590 4227.692308 4261.025641 4220.512821 4232.307692 4241.538462 4234.871795 4236.923077 4225.128205 4215.384615 4413.333333 4248.717949 4190.256410
4237.948718 4237.948718 4226.666667 4259.487179 4215.897436 4234.871795 4241.538462 4235.897436 4237.948718 4225.128205 4219.487179 4410.769231 4250.256410 4193.846154
4243.589744 4247.692308 4232.307692 4263.076923 4222.564103 4238.974359 4245.128205 4240.512821 4243.076923 4222.051282 4216.923077 4423.076923 4251.794872 4201.538462
4238.974359 4236.410256 4225.128205 4260.000000 4223.589744 4232.820513 4242.051282 4232.820513 4237.948718 4215.897436 4214.871795 4414.871795 4244.102564 4201.025641
4231.282051 4235.897436 4223.589744 4258.461538 4220.000000 4225.641026 4236.410256 4225.128205 4231.282051 4217.435897 4212.820513 4403.076923 4236.923077 4205.641026
4235.384615 4253.333333 4236.410256 4267.692308 4223.589744 4230.256410 4238.461538 4228.205128 4233.846154 4225.641026 4203.589744 4406.153846 4236.923077 4214.871795
4236.923077 4248.717949 4229.230769 4263.589744 4221.538462 4230.769231 4240.512821 4226.153846 4230.769231 4226.153846 4194.358974 4406.666667 4237.948718 4209.743590
4232.820513 4233.333333 4224.102564 4250.769231 4225.128205 4229.743590 4243.076923 4227.692308 4232.820513 4224.102564 4202.051282 4406.153846 4243.589744 4219.487179
4232.820513 4235.897436 4230.256410 4252.820513 4220.000000 4235.897436 4246.153846 4233.846154 4238.461538 4226.666667 4213.846154 4396.410256 4249.743590 4231.794872
4231.794872 4240.512821 4228.717949 4255.384615 4216.923077 4239.487179 4237.435897 4228.717949 4227.692308 4226.666667 4218.974359 4383.589744 4237.435897 4234.871795
4225.128205 4228.717949 4216.923077 4247.692308 4225.641026 4229.743590 4224.102564 4218.974359 4212.820513 4223.076923 4226.153846 4377.948718 4217.435897 4238.461538
4214.871795 4216.923077 4207.179487 4243.589744 4221.025641 4220.000000 4223.589744 4218.974359 4212.820513 4222.051282 4236.923077 4377.435897 4218.461538 4239.487179
4215.897436 4221.538462 4215.384615 4246.153846 4219.487179 4225.128205 4229.230769 4224.615385 4221.025641 4228.205128 4238.974359 4406.153846 4228.717949 4251.282051
4221.025641 4228.717949 4218.461538 4248.205128 4222.564103 4228.205128 4226.666667 4222.564103 4221.538462 4227.692308 4223.076923 4426.153846 4228.717949 4255.384615
4223.076923 4230.769231 4215.897436 4246.153846 4221.025641 4225.641026 4228.717949 4218.974359 4220.512821 4223.076923 4207.179487 4409.743590 4227.692308 4254.358974
4224.102564 4230.256410 4222.051282 4243.589744 4223.589744 4226.153846 4234.871795 4224.102564 4224.615385 4224.102564 4194.871795 4403.076923 4225.641026 4260.512821
4227.692308 4232.307692 4220.512821 4246.666667 4218.461538 4225.641026 4235.384615 4224.615385 4226.153846 4224.615385 4196.410256 4389.743590 4227.179487 4259.487179
4234.358974 4231.282051 4223.076923 4249.743590 4219.487179 4228.717949 4236.923077 4223.589744 4227.179487 4222.564103 4225.128205 4328.717949 4232.307692 4268.717949
4221.538462 4222.051282 4220.000000 4237.948718 4222.051282 4229.230769 4235.897436 4224.615385 4223.589744 4218.974359 4232.820513 4253.333333 4224.102564 4268.717949
4204.102564 4216.410256 4208.205128 4230.256410 4220.000000 4221.025641 4231.794872 4218.974359 4213.333333 4221.025641 4204.102564 4246.666667 4209.230769 4258.461538
4207.692308 4215.897436 4210.769231 4233.846154 4222.564103 4218.461538 4235.384615 4211.794872 4207.179487 4224.615385 4191.794872 4282.051282 4214.358974 4263.589744
4211.282051 4216.410256 4212.820513 4232.307692 4216.923077 4220.512821 4238.461538 4207.179487 4208.205128 4221.538462 4204.102564 4283.076923 4219.487179 4259.487179
4207.692308 4217.948718 4211.282051 4232.307692 4222.564103 4223.076923 4236.923077 4207.692308 4209.743590 4220.512821 4196.410256 4303.076923 4207.179487 4249.230769
4204.615385 4212.307692 4208.205128 4233.333333 4228.717949 4222.051282 4235.384615 4208.205128 4204.615385 4222.051282 4182.564103 4346.666667 4197.435897 4238.974359
4198.461538 4200.512821 4201.025641 4217.948718 4217.948718 4217.435897 4236.410256 4202.051282 4197.435897 4222.051282 4186.666667 4332.820513 4198.974359 4231.794872
4194.871795 4194.871795 4201.025641 4204.615385 4221.538462 4215.384615 4234.871795 4201.025641 4192.820513 4223.589744 4182.564103 4286.153846 4197.948718 4233.333333
4198.461538 4198.974359 4200.000000 4211.794872 4222.051282 4214.358974 4228.717949 4206.666667 4191.282051 4225.128205 4182.051282 4268.717949 4196.923077 4224.102564
4204.102564 4206.153846 4203.076923 4219.487179 4221.025641 4215.384615 4231.794872 4210.256410 4200.512821 4223.589744 4227.179487 4273.333333 4205.128205 4221.025641
4209.743590 4216.410256 4211.794872 4220.000000 4225.128205 4217.948718 4241.538462 4208.205128 4211.794872 4223.589744 4286.153846 4287.179487 4215.897436 4222.051282
4218.974359 4222.564103 4216.410256 4223.589744 4222.051282 4216.923077 4238.461538 4209.230769 4211.282051 4224.615385 4292.820513 4317.435897 4217.435897 4213.333333
4225.128205 4216.410256 4218.974359 4222.564103 4225.128205 4217.435897 4229.230769 4210.256410 4209.230769 4224.615385 4274.871795 4318.974359 4215.897436 4210.256410
4218.461538 4214.358974 4210.256410 4215.384615 4222.564103 4219.487179 4229.743590 4207.179487 4208.205128 4224.615385 4282.564103 4263.589744 4220.512821 4200.512821
4207.692308 4214.358974 4208.205128 4213.333333 4220.512821 4217.435897 4229.743590 4206.666667 4200.512821 4226.153846 4278.461538 4229.230769 4215.897436 4194.871795
4206.666667 4204.102564 4213.333333 4214.871795 4224.615385 4212.820513 4224.102564 4208.205128 4193.333333 4223.076923 4261.538462 4246.153846 4201.025641 4195.897436
4213.333333 4204.102564 4211.282051 4216.923077 4222.051282 4218.461538 4224.102564 4209.230769 4198.974359 4221.025641 4271.282051 4262.051282 4205.641026 4191.794872
4214.358974 4216.410256 4213.846154 4218.461538 4224.615385 4226.666667 4229.743590 4212.307692 4210.769231 4221.538462 4276.923077 4271.794872 4213.846154 4193.846154
4205.641026 4216.410256 4207.692308 4216.410256 4218.461538 4219.487179 4226.666667 4208.717949 4202.564103 4220.512821 4250.256410 4269.230769 4201.025641 4186.153846
4205.641026 4210.769231 4205.641026 4215.897436 4217.948718 4219.487179 4222.051282 4205.641026 4190.256410 4223.589744 4237.948718 4264.102564 4196.410256 4182.051282
4217.435897 4218.461538 4217.435897 4219.487179 4227.692308 4229.230769 4227.179487 4211.282051 4204.615385 4220.512821 4259.487179 4268.205128 4212.820513 4189.230769
4216.923077 4217.948718 4213.846154 4218.974359 4222.564103 4224.102564 4227.692308 4209.743590 4209.230769 4216.923077 4255.897436 4258.974359 4212.307692 4180.512821
4208.717949 4203.589744 4206.666667 4214.358974 4221.538462 4220.512821 4221.538462 4203.589744 4194.871795 4222.051282 4231.794872 4269.743590 4199.487179 4175.384615
4204.615385 4201.538462 4200.512821 4209.743590 4221.538462 4225.128205 4222.564103 4205.128205 4197.435897 4219.487179 4245.641026 4292.820513 4199.487179 4177.435897
4196.923077 4200.512821 4195.384615 4200.512821 4221.025641 4221.025641 4223.589744 4211.282051 4204.615385 4214.871795 4254.358974 4271.794872 4200.512821 4173.333333
4190.769231 4187.692308 4194.358974 4191.282051 4227.179487 4214.358974 4215.897436 4211.794872 4194.358974 4223.589744 4217.948718 4260.000000 4195.897436 4166.153846
4191.282051 4188.717949 4193.846154 4194.871795 4220.512821 4218.461538 4215.897436 4206.666667 4192.307692 4228.205128 4200.512821 4308.717949 4197.948718 4163.589744
4194.358974 4202.051282 4200.512821 4201.025641 4221.025641 4225.128205 4222.564103 4206.666667 4202.051282 4223.076923 4218.461538 4353.846154 4200.000000 4177.948718
4193.333333 4202.564103 4200.000000 4198.974359 4222.564103 4220.000000 4216.410256 4208.717949 4196.923077 4223.589744 4218.974359 4337.948718 4199.487179 4177.435897
4204.102564 4205.641026 4200.000000 4202.051282 4218.461538 4215.384615 4214.358974 4209.230769 4195.897436 4223.589744 4224.102564 4286.666667 4208.205128 4176.410256
4211.282051 4210.256410 4204.102564 4203.076923 4222.564103 4217.948718 4220.000000 4208.205128 4204.102564 4224.102564 4247.692308 4233.333333 4209.743590 4190.256410
4190.256410 4194.871795 4191.282051 4188.717949 4222.564103 4214.871795 4216.410256 4202.051282 4193.333333 4225.641026 4239.487179 4195.384615 4198.461538 4185.128205
4181.538462 4177.948718 4187.692308 4179.487179 4224.102564 4214.358974 4213.333333 4203.076923 4187.179487 4223.076923 4217.435897 4178.974359 4197.435897 4184.615385
4192.307692 4184.615385 4192.307692 4184.102564 4221.538462 4220.000000 4216.410256 4207.179487 4198.461538 4222.564103 4235.384615 4173.333333 4203.076923 4189.230769
4187.692308 4196.923077 4189.230769 4187.692308 4216.923077 4222.564103 4216.410256 4206.153846 4206.666667 4223.589744 4270.769231 4203.076923 4200.512821 4184.615385
4182.051282 4197.435897 4193.333333 4188.205128 4225.641026 4224.615385 4213.846154 4205.641026 4203.589744 4224.615385 4263.076923 4228.205128 4196.923077 4189.743590
4187.692308 4192.820513 4191.282051 4187.179487 4221.538462 4221.025641 4209.230769 4203.076923 4194.358974 4224.102564 4228.717949 4196.410256 4196.410256 4185.641026
4184.615385 4189.230769 4187.179487 4184.615385 4221.538462 4216.410256 4205.641026 4200.512821 4191.794872 4225.128205 4226.153846 4186.666667 4190.769231 4180.000000
4176.923077 4193.846154 4189.743590 4186.666667 4227.179487 4216.923077 4209.230769 4203.076923 4197.948718 4224.102564 4235.897436 4203.589744 4189.743590 4176.923077
4180.512821 4201.538462 4191.794872 4190.769231 4220.512821 4221.025641 4211.282051 4203.589744 4200.000000 4221.538462 4224.615385 4208.205128 4198.461538 4176.923077
4185.128205 4200.000000 4193.333333 4187.179487 4221.538462 4218.974359 4210.769231 4199.487179 4193.333333 4223.076923 4212.307692 4189.743590 4198.974359 4191.282051
4187.179487 4191.282051 4192.307692 4183.589744 4220.512821 4209.743590 4210.256410 4194.871795 4180.512821 4224.102564 4216.410256 4131.794872 4187.692308 4196.923077
4191.794872 4185.128205 4197.435897 4184.102564 4221.538462 4208.205128 4208.205128 4194.871795 4170.256410 4225.641026 4221.538462 4110.256410 4184.102564 4202.051282
4178.974359 4173.333333 4188.717949 4173.846154 4224.102564 4210.769231 4206.666667 4194.358974 4164.615385 4224.615385 4205.128205 4121.025641 4180.000000 4203.589744
4145.128205 4146.153846 4160.000000 4150.256410 4219.487179 4208.205128 4208.205128 4190.769231 4156.923077 4220.000000 4174.358974 4106.153846 4153.333333 4191.794872
4134.358974 4134.871795 4155.897436 4145.641026 4224.615385 4207.692308 4213.333333 4197.435897 4157.435897 4221.538462 4164.615385 4116.410256 4133.333333 4190.769231
4155.897436 4157.948718 4171.282051 4161.025641 4220.512821 4211.794872 4216.923077 4204.102564 4171.282051 4225.128205 4191.794872 4126.666667 4152.820513 4193.846154
4175.897436 4182.051282 4183.589744 4172.820513 4217.948718 4213.333333 4218.974359 4205.128205 4187.179487 4225.128205 4228.205128 4092.307692 4180.512821 4206.666667
4177.948718 4185.641026 4184.615385 4176.410256 4225.128205 4212.307692 4217.948718 4207.179487 4191.794872 4221.538462 4242.564103 4134.871795 4187.179487 4214.871795
4171.794872 4181.025641 4177.435897 4181.538462 4222.051282 4213.846154 4210.769231 4207.692308 4188.205128 4220.000000 4230.256410 4236.410256 4185.641026 4205.128205
4176.410256 4186.666667 4182.051282 4184.615385 4223.589744 4217.948718 4208.717949 4204.615385 4189.230769 4223.076923 4214.358974 4201.538462 4186.153846 4209.230769
4188.205128 4196.923077 4186.666667 4184.615385 4221.538462 4220.000000 4212.820513 4203.589744 4191.794872 4224.102564 4212.820513 4104.102564 4185.641026 4215.897436
4195.897436 4201.025641 4193.333333 4191.282051 4217.435897 4222.564103 4217.435897 4214.871795 4199.487179 4223.589744 4213.846154 4135.897436 4191.794872 4219.487179
4199.487179 4201.025641 4204.615385 4201.025641 4221.538462 4227.692308 4221.025641 4226.666667 4213.333333 4223.589744 4214.871795 4238.461538 4205.128205 4224.615385
4204.102564 4201.538462 4202.564103 4202.564103 4218.974359 4229.230769 4226.153846 4224.615385 4215.897436 4223.076923 4221.025641 4235.384615 4211.282051 4222.051282
4207.179487 4201.025641 4206.153846 4202.564103 4221.538462 4229.230769 4226.666667 4215.384615 4207.692308 4224.615385 4221.538462 4140.512821 4209.743590 4230.769231
4204.102564 4200.512821 4210.769231 4202.564103 4222.564103 4226.153846 4215.897436 4205.128205 4200.000000 4223.589744 4216.410256 4077.435897 4208.717949 4229.230769
4200.000000 4201.025641 4204.615385 4200.512821 4221.025641 4216.923077 4204.102564 4195.897436 4195.384615 4224.615385 4232.820513 4091.282051 4202.051282 4222.051282
4194.358974 4196.410256 4196.923077 4193.333333 4224.615385 4213.333333 4203.076923 4196.923077 4193.333333 4226.666667 4256.923077 4116.410256 4189.743590 4227.179487
4191.282051 4189.230769 4189.743590 4187.179487 4220.000000 4216.923077 4208.717949 4202.564103 4192.307692 4223.589744 4257.948718 4109.743590 4186.153846 4224.102564
4201.025641 4194.358974 4198.461538 4190.256410 4222.564103 4223.076923 4218.974359 4208.717949 4202.564103 4220.000000 4275.384615 4113.846154 4195.384615 4227.692308
4211.794872 4210.769231 4210.769231 4205.641026 4221.025641 4227.692308 4225.641026 4220.000000 4216.923077 4222.564103 4312.820513 4110.256410 4209.230769 4231.794872
4213.333333 4220.000000 4213.846154 4218.974359 4216.410256 4234.358974 4231.794872 4230.256410 4224.102564 4229.230769 4306.153846 4095.384615 4217.435897 4233.846154
4211.282051 4216.410256 4211.794872 4215.897436 4223.076923 4241.538462 4241.538462 4232.820513 4224.615385 4221.025641 4269.743590 4084.102564 4214.871795 4240.000000
4204.102564 4210.256410 4201.538462 4208.205128 4219.487179 4238.461538 4245.641026 4231.794872 4221.025641 4211.282051 4257.435897 4057.948718 4209.230769 4233.333333
4207.692308 4213.846154 4208.717949 4214.871795 4220.512821 4240.512821 4248.205128 4241.025641 4226.153846 4222.564103 4265.641026 4026.666667 4212.820513 4231.282051
4222.564103 4226.153846 4218.461538 4225.128205 4222.051282 4247.692308 4252.307692 4241.025641 4227.692308 4229.743590 4274.871795 3995.384615 4218.461538 4232.307692
4220.512821 4229.230769 4212.820513 4223.589744 4215.384615 4245.128205 4254.871795 4228.717949 4220.512821 4221.025641 4278.461538 4036.410256 4216.410256 4228.717949
4206.666667 4221.025641 4210.769231 4218.974359 4224.102564 4242.564103 4251.282051 4227.179487 4223.589744 4218.974359 4265.641026 4086.153846 4212.820513 4223.589744
4207.179487 4215.384615 4206.153846 4216.923077 4223.589744 4242.051282 4244.615385 4232.307692 4224.102564 4227.692308 4250.769231 4017.435897 4214.871795 4208.205128
4217.948718 4216.923077 4208.205128 4217.948718 4219.487179 4242.051282 4243.076923 4235.384615 4220.000000 4225.641026 4249.230769 4013.333333 4217.948718 4209.743590
4218.461538 4217.435897 4214.358974 4227.179487 4222.051282 4245.641026 4249.230769 4237.435897 4226.153846 4217.435897 4251.282051 4126.153846 4213.333333 4213.846154
4209.230769 4216.410256 4208.717949 4233.333333 4221.025641 4252.307692 4255.897436 4240.000000 4233.846154 4216.410256 4243.589744 4114.358974 4207.692308 4202.051282
4203.589744 4215.384615 4205.128205 4225.128205 4224.615385 4256.923077 4259.487179 4246.153846 4238.974359 4220.512821 4229.230769 4058.974359 4212.307692 4201.025641
4208.205128 4213.846154 4206.153846 4221.025641 4220.512821 4253.333333 4259.487179 4249.743590 4241.538462 4223.076923 4217.948718 4129.743590 4216.410256 4203.076923
4220.000000 4212.307692 4213.846154 4228.717949 4220.512821 4248.205128 4252.307692 4245.128205 4237.948718 4225.128205 4220.000000 4186.666667 4212.820513 4205.641026
4220.512821 4213.333333 4216.410256 4229.743590 4225.128205 4244.102564 4243.076923 4235.384615 4232.307692 4227.692308 4223.076923 4165.128205 4213.333333 4204.102564
4214.871795 4216.410256 4213.333333 4224.615385 4219.487179 4243.589744 4246.666667 4236.923077 4238.461538 4223.589744 4228.717949 4169.743590 4227.179487 4200.000000
4222.051282 4215.384615 4225.641026 4227.179487 4222.564103 4247.179487 4252.307692 4247.692308 4248.205128 4223.589744 4247.692308 4193.846154 4241.025641 4208.205128
4226.153846 4211.794872 4224.615385 4229.743590 4222.564103 4248.205128 4245.641026 4243.589744 4244.102564 4225.641026 4262.051282 4178.974359 4239.487179 4200.512821
4215.897436 4211.794872 4216.410256 4229.743590 4222.051282 4251.282051 4245.128205 4236.923077 4235.897436 4223.589744 4252.820513 4161.025641 4228.717949 4190.769231
4213.846154 4217.948718 4223.589744 4233.846154 4222.051282 4256.410256 4253.846154 4248.205128 4239.487179 4223.589744 4240.512821 4166.666667 4228.717949 4192.820513
4224.102564 4228.717949 4228.717949 4238.974359 4214.871795 4255.897436 4255.897436 4252.820513 4249.230769 4223.076923 4252.307692 4168.205128 4244.102564 4189.230769
4228.717949 4231.794872 4227.179487 4238.461538 4222.564103 4250.769231 4251.794872 4242.051282 4249.230769 4224.615385 4254.871795 4187.692308 4242.564103 4187.692308
4216.923077 4223.076923 4216.410256 4233.333333 4224.102564 4245.128205 4247.179487 4233.846154 4234.358974 4225.641026 4230.256410 4191.794872 4223.076923 4171.282051
4212.820513 4216.923077 4212.820513 4233.846154 4220.512821 4244.102564 4244.102564 4236.410256 4230.256410 4224.102564 4232.820513 4145.641026 4217.948718 4156.410256
4232.307692 4222.051282 4223.589744 4239.487179 4224.102564 4249.743590 4249.230769 4246.153846 4245.641026 4223.589744 4262.564103 4170.769231 4234.871795 4158.461538
4240.512821 4225.128205 4227.692308 4238.974359 4218.461538 4251.282051 4253.333333 4249.743590 4248.205128 4224.102564 4253.846154 4269.230769 4244.102564 4154.358974
4233.846154 4220.512821 4230.769231 4234.871795 4223.076923 4251.282051 4252.820513 4246.666667 4238.974359 4223.589744 4229.230769 4241.025641 4235.384615 4150.256410
4224.615385 4218.461538 4224.102564 4232.820513 4224.102564 4250.256410 4250.769231 4242.051282 4235.384615 4223.589744 4245.128205 4091.282051 4227.692308 4138.974359
4216.410256 4214.871795 4216.410256 4229.743590 4219.487179 4245.128205 4245.641026 4241.025641 4234.871795 4226.153846 4260.512821 4007.179487 4229.230769 4133.333333
4218.974359 4211.282051 4222.564103 4228.205128 4225.128205 4241.538462 4241.025641 4243.589744 4230.769231 4219.487179 4245.128205 4013.846154 4231.282051 4138.461538
4219.487179 4211.282051 4218.461538 4226.666667 4222.051282 4238.974359 4233.846154 4237.435897 4224.615385 4212.307692 4245.641026 4091.282051 4221.025641 4126.666667
4212.307692 4214.358974 4215.384615 4226.666667 4222.051282 4242.051282 4233.333333 4230.256410 4225.128205 4220.512821 4269.743590 4182.051282 4210.256410 4121.538462
4211.282051 4217.435897 4219.487179 4230.769231 4222.051282 4242.051282 4239.487179 4233.846154 4229.743590 4226.153846 4276.410256 4122.051282 4214.871795 4120.512821
4222.051282 4216.410256 4225.641026 4234.871795 4218.974359 4240.000000 4240.000000 4233.333333 4225.641026 4224.102564 4260.512821 4022.051282 4225.641026 4114.871795
4228.205128 4220.000000 4232.307692 4231.794872 4226.153846 4245.641026 4240.512821 4226.153846 4221.538462 4222.051282 4253.846154 4041.538462 4231.794872 4113.846154
4224.102564 4226.666667 4230.256410 4232.820513 4223.589744 4247.692308 4241.538462 4225.128205 4224.102564 4221.538462 4242.564103 4067.692308 4225.641026 4102.564103
4224.615385 4225.128205 4231.794872 4238.974359 4222.564103 4241.538462 4236.410256 4227.692308 4224.615385 4221.025641 4236.410256 4053.846154 4217.948718 4097.435897
4223.589744 4213.333333 4224.615385 4226.153846 4223.076923 4231.794872 4230.256410 4223.076923 4218.974359 4217.948718 4260.000000 4039.487179 4222.051282 4094.871795
4214.871795 4205.128205 4211.282051 4212.820513 4221.025641 4229.743590 4235.897436 4221.025641 4216.923077 4216.410256 4272.307692 4056.410256 4225.128205 4086.666667
4203.076923 4201.538462 4209.230769 4217.435897 4228.205128 4230.769231 4235.897436 4221.025641 4215.384615 4224.615385 4250.256410 4108.717949 4209.743590 4078.461538
4198.461538 4197.435897 4200.512821 4214.871795 4222.564103 4226.666667 4224.615385 4211.282051 4207.179487 4227.179487 4236.923077 4139.487179 4189.743590 4064.102564
4204.615385 4198.974359 4197.948718 4206.153846 4218.974359 4231.282051 4225.641026 4207.179487 4200.512821 4222.564103 4237.435897 4142.564103 4187.692308 4064.615385
4208.205128 4202.564103 4205.641026 4213.333333 4224.102564 4236.923077 4233.333333 4213.846154 4205.641026 4224.615385 4227.692308 4126.666667 4203.076923 4064.102564
4209.743590 4204.615385 4210.256410 4229.230769 4222.051282 4236.410256 4232.307692 4225.128205 4222.051282 4224.615385 4227.692308 4109.230769 4219.487179 4051.282051
4215.897436 4217.435897 4218.461538 4233.333333 4223.589744 4238.461538 4232.307692 4227.692308 4226.153846 4221.025641 4235.384615 4114.358974 4221.538462 4054.358974
4221.538462 4231.282051 4223.076923 4233.846154 4220.000000 4241.538462 4236.923077 4224.102564 4218.974359 4224.615385 4235.384615 4131.794872 4217.435897 4052.820513
4224.615385 4223.589744 4224.615385 4235.384615 4222.051282 4243.076923 4241.025641 4235.384615 4233.333333 4226.153846 4238.461538 4136.410256 4221.025641 4044.615385
4221.025641 4209.743590 4218.974359 4229.743590 4225.128205 4241.025641 4238.974359 4238.974359 4241.025641 4216.923077 4235.897436 4092.820513 4217.435897 4039.487179
4215.897436 4218.974359 4213.846154 4228.205128 4218.974359 4238.461538 4233.846154 4225.128205 4221.025641 4213.846154 4230.769231 4081.025641 4211.794872 4035.384615
4226.153846 4229.230769 4225.128205 4238.461538 4223.589744 4244.615385 4235.897436 4226.666667 4219.487179 4222.051282 4236.410256 4194.358974 4217.435897 4039.487179
4226.153846 4216.923077 4216.923077 4233.333333 4220.512821 4245.641026 4240.000000 4232.307692 4229.743590 4225.641026 4236.923077 4245.128205 4217.435897 4035.384615
4206.153846 4204.615385 4203.076923 4216.923077 4218.461538 4241.538462 4238.461538 4224.615385 4218.974359 4223.589744 4224.102564 4124.102564 4202.051282 4031.282051
4206.153846 4210.769231 4211.282051 4225.128205 4224.102564 4245.128205 4240.512821 4225.128205 4209.230769 4223.076923 4215.384615 4033.846154 4192.820513 4030.769231
4220.000000 4217.435897 4213.333333 4238.461538 4219.487179 4248.205128 4246.153846 4229.743590 4215.384615 4222.564103 4219.487179 4047.692308 4203.589744 4030.256410
4215.384615 4215.897436 4209.743590 4229.743590 4222.051282 4245.641026 4248.205128 4229.230769 4224.102564 4223.589744 4230.256410 4097.435897 4214.871795 4042.051282
4206.666667 4210.769231 4207.692308 4226.153846 4222.051282 4244.615385 4243.076923 4231.794872 4227.692308 4225.641026 4241.538462 4203.589744 4214.358974 4038.461538
4213.846154 4203.589744 4206.666667 4230.256410 4219.487179 4244.615385 4238.461538 4228.717949 4226.153846 4224.615385 4240.000000 4256.923077 4215.897436 4032.307692
4212.307692 4200.000000 4205.641026 4220.512821 4222.051282 4237.435897 4234.358974 4221.538462 4219.487179 4218.461538 4223.076923 4142.051282 4209.743590 4037.948718
4191.282051 4202.051282 4196.410256 4208.717949 4214.871795 4227.692308 4225.128205 4216.923077 4205.641026 4214.871795 4207.692308 4104.102564 4188.717949 4031.282051
4188.717949 4201.538462 4196.923077 4214.358974 4218.974359 4229.743590 4219.487179 4217.435897 4202.564103 4220.000000 4208.717949 4204.102564 4184.615385 4029.230769
4209.743590 4205.641026 4208.205128 4224.102564 4222.564103 4236.410256 4226.153846 4218.974359 4214.871795 4225.128205 4216.923077 4181.538462 4202.051282 4029.743590
4224.615385 4217.948718 4226.153846 4230.256410 4220.000000 4240.000000 4235.897436 4224.615385 4225.128205 4225.128205 4216.410256 4098.461538 4206.666667 4031.794872
4223.076923 4221.538462 4240.000000 4239.487179 4224.102564 4244.102564 4237.948718 4231.794872 4229.230769 4218.974359 4216.410256 4134.871795 4200.512821 4037.435897
4215.384615 4218.461538 4233.846154 4242.564103 4218.461538 4241.025641 4233.333333 4223.076923 4224.102564 4213.846154 4228.717949 4163.589744 4200.512821 4032.307692
4213.333333 4217.948718 4234.871795 4235.897436 4220.512821 4232.820513 4227.179487 4210.769231 4217.435897 4221.538462 4244.615385 4110.769231 4201.025641 4036.923077
4213.846154 4213.846154 4235.384615 4229.743590 4224.102564 4229.230769 4223.076923 4208.205128 4212.820513 4227.692308 4251.794872 4102.051282 4202.564103 4044.102564
4208.717949 4211.282051 4228.717949 4232.307692 4218.461538 4229.743590 4218.974359 4207.179487 4204.102564 4223.076923 4245.128205 4145.128205 4203.076923 4047.692308
4210.256410 4219.487179 4234.358974 4235.384615 4221.025641 4231.794872 4222.564103 4210.256410 4210.769231 4223.076923 4227.179487 4168.717949 4202.051282 4060.512821
4216.410256 4213.333333 4239.487179 4229.230769 4220.000000 4232.820513 4229.743590 4218.974359 4225.128205 4223.589744 4237.435897 4184.102564 4207.179487 4065.128205
4213.333333 4197.948718 4235.384615 4222.051282 4222.564103 4228.717949 4222.564103 4214.871795 4214.358974 4222.051282 4265.128205 4204.102564 4202.564103 4069.230769
4195.384615 4198.974359 4222.051282 4213.333333 4222.564103 4223.589744 4215.384615 4201.538462 4194.871795 4224.102564 4251.794872 4199.487179 4187.692308 4067.692308
4175.897436 4196.410256 4208.205128 4200.512821 4218.461538 4223.589744 4223.076923 4207.692308 4196.923077 4224.102564 4212.820513 4180.000000 4176.410256 4060.512821
4173.333333 4173.846154 4202.564103 4189.743590 4224.615385 4225.128205 4228.205128 4219.487179 4200.512821 4224.102564 4193.333333 4143.076923 4165.641026 4059.487179
4184.102564 4170.256410 4203.589744 4192.820513 4219.487179 4225.128205 4229.743590 4218.974359 4200.512821 4226.666667 4195.384615 4074.871795 4169.743590 4058.461538
4195.897436 4193.846154 4220.512821 4208.717949 4219.487179 4233.846154 4238.974359 4223.076923 4215.384615 4226.666667 4203.589744 4071.282051 4189.743590 4071.794872
4203.589744 4212.820513 4233.333333 4224.615385 4227.692308 4241.025641 4243.076923 4230.769231 4229.230769 4224.615385 4210.256410 4117.948718 4203.076923 4080.000000
4214.358974 4220.512821 4233.846154 4232.820513 4222.051282 4237.948718 4241.538462 4227.179487 4224.615385 4225.641026 4223.076923 4113.333333 4209.743590 4071.282051
4220.000000 4216.410256 4240.512821 4224.615385 4220.000000 4232.307692 4239.487179 4220.000000 4218.974359 4227.179487 4252.307692 4096.410256 4209.743590 4075.897436
4208.205128 4206.666667 4234.358974 4214.871795 4217.435897 4224.102564 4225.128205 4214.871795 4216.410256 4223.076923 4272.307692 4121.025641 4202.051282 4078.461538
4205.128205 4211.282051 4228.205128 4219.487179 4222.564103 4223.589744 4216.410256 4213.333333 4214.358974 4221.538462 4268.717949 4129.743590 4200.512821 4081.025641
4213.333333 4217.435897 4233.333333 4222.564103 4225.128205 4227.179487 4223.589744 4212.307692 4216.410256 4225.641026 4267.179487 4125.128205 4205.641026 4083.076923
4205.128205 4205.128205 4226.666667 4212.307692 4216.410256 4225.641026 4225.128205 4210.769231 4215.897436 4227.179487 4264.615385 4185.641026 4201.538462 4077.948718
4194.871795 4191.282051 4225.128205 4204.615385 4221.538462 4225.641026 4218.974359 4215.384615 4209.230769 4225.128205 4261.025641 4209.743590 4194.871795 4083.076923
4196.410256 4194.871795 4223.589744 4205.128205 4219.487179 4225.641026 4215.897436 4213.333333 4202.564103 4223.589744 4263.589744 4117.435897 4190.256410 4075.897436
4201.538462 4208.205128 4224.615385 4211.794872 4215.384615 4224.615385 4218.461538 4210.256410 4207.179487 4225.128205 4264.102564 4061.538462 4192.307692 4069.230769
4211.282051 4216.410256 4235.897436 4223.589744 4224.615385 4224.615385 4217.948718 4214.871795 4212.307692 4222.564103 4269.230769 4103.076923 4201.025641 4081.025641
4224.615385 4216.410256 4242.564103 4228.717949 4221.025641 4224.615385 4213.846154 4211.794872 4207.179487 4220.000000 4277.948718 4124.102564 4210.256410 4085.128205
4227.692308 4223.076923 4246.153846 4230.256410 4218.974359 4226.666667 4216.923077 4207.692308 4211.794872 4224.615385 4277.948718 4138.974359 4214.358974 4090.769231
4218.461538 4233.846154 4238.974359 4231.282051 4222.051282 4230.256410 4220.512821 4214.358974 4218.461538 4226.666667 4276.923077 4157.948718 4206.153846 4089.230769
4219.487179 4230.256410 4240.000000 4232.307692 4224.102564 4235.384615 4225.641026 4221.538462 4217.948718 4223.589744 4287.179487 4145.128205 4203.076923 4087.179487
4234.358974 4229.743590 4258.974359 4243.076923 4223.076923 4244.615385 4240.512821 4228.717949 4232.307692 4224.615385 4307.692308 4164.615385 4221.025641 4094.358974
4240.000000 4244.102564 4263.589744 4253.333333 4216.410256 4251.282051 4253.846154 4239.487179 4251.794872 4226.153846 4316.923077 4193.846154 4234.871795 4089.743590
4237.948718 4245.128205 4262.564103 4253.846154 4222.564103 4256.923077 4254.358974 4250.256410 4258.461538 4223.589744 4311.282051 4187.179487 4236.923077 4088.717949
4236.923077 4238.461538 4258.974359 4254.358974 4223.589744 4257.948718 4255.384615 4251.282051 4258.461538 4223.589744 4308.205128 4182.051282 4245.128205 4088.205128
4236.410256 4243.589744 4254.871795 4256.410256 4217.435897 4256.410256 4264.102564 4248.205128 4259.487179 4226.153846 4309.230769 4188.717949 4251.282051 4087.179487
4240.000000 4248.205128 4261.538462 4257.948718 4225.641026 4261.025641 4269.743590 4254.358974 4258.974359 4223.589744 4308.205128 4174.871795 4246.666667 4085.641026
4246.153846 4250.256410 4264.102564 4264.102564 4222.564103 4263.589744 4265.641026 4253.846154 4257.948718 4218.974359 4313.846154 4154.871795 4244.615385 4071.794872
4248.205128 4255.384615 4264.615385 4268.205128 4220.512821 4261.025641 4268.205128 4250.256410 4264.102564 4221.538462 4333.846154 4168.717949 4248.717949 4074.358974
4243.076923 4253.333333 4257.948718 4262.051282 4221.538462 4258.461538 4272.820513 4253.333333 4264.615385 4225.128205 4334.358974 4177.435897 4251.282051 4077.435897
4242.051282 4242.564103 4252.307692 4258.974359 4221.025641 4257.948718 4262.051282 4250.769231 4251.794872 4225.641026 4303.076923 4155.897436 4249.743590 4069.230769
4245.641026 4243.076923 4255.897436 4262.051282 4224.102564 4260.000000 4255.384615 4243.076923 4247.179487 4222.564103 4294.871795 4133.846154 4243.589744 4069.743590
4231.794872 4247.692308 4247.179487 4256.410256 4215.897436 4257.948718 4264.615385 4242.564103 4250.256410 4221.025641 4314.871795 4122.564103 4236.410256 4059.487179
4221.025641 4242.051282 4241.538462 4247.179487 4218.974359 4258.461538 4272.307692 4246.153846 4249.230769 4223.589744 4304.102564 4111.282051 4228.205128 4055.384615
4234.358974 4240.512821 4246.666667 4250.769231 4225.641026 4260.512821 4272.820513 4247.692308 4247.179487 4217.948718 4270.769231 4115.897436 4226.666667 4058.461538
4252.307692 4249.743590 4257.435897 4264.615385 4217.948718 4260.512821 4275.384615 4251.794872 4256.923077 4215.384615 4276.923077 4180.000000 4241.025641 4058.974359
4254.871795 4250.769231 4267.179487 4271.794872 4221.538462 4259.487179 4278.461538 4256.923077 4266.153846 4226.153846 4300.512821 4240.512821 4247.692308 4062.564103
4249.743590 4246.666667 4255.897436 4273.333333 4222.051282 4255.897436 4273.846154 4249.743590 4257.948718 4229.230769 4289.230769 4229.743590 4236.923077 4052.307692
4250.256410 4248.205128 4247.692308 4271.282051 4223.076923 4256.410256 4268.205128 4242.051282 4253.333333 4223.589744 4277.948718 4225.128205 4231.794872 4046.666667
4245.128205 4245.128205 4245.128205 4256.923077 4223.589744 4253.846154 4263.589744 4240.512821 4251.282051 4223.076923 4290.256410 4210.256410 4231.282051 4044.102564
4229.230769 4229.230769 4234.871795 4242.564103 4218.974359 4247.692308 4258.974359 4242.051282 4239.487179 4223.589744 4289.230769 4135.897436 4221.025641 4038.461538
4227.692308 4225.641026 4236.923077 4246.153846 4225.128205 4249.743590 4260.000000 4242.564103 4238.461538 4223.076923 4268.205128 4106.153846 4214.358974 4041.025641
4239.487179 4242.564103 4244.102564 4254.358974 4222.051282 4249.230769 4256.923077 4234.358974 4241.025641 4223.076923 4255.384615 4120.512821 4217.948718 4037.948718
4247.692308 4249.743590 4250.769231 4255.384615 4221.025641 4243.076923 4249.230769 4229.230769 4235.897436 4224.615385 4262.564103 4124.102564 4219.487179 4041.025641
4247.692308 4236.923077 4251.794872 4252.307692 4225.128205 4240.512821 4250.256410 4232.820513 4234.871795 4224.615385 4262.051282 4139.487179 4219.487179 4042.051282
4235.897436 4227.692308 4237.435897 4244.102564 4218.461538 4239.487179 4256.410256 4228.205128 4231.282051 4221.025641 4248.205128 4137.948718 4216.923077 4031.794872
4223.076923 4230.256410 4230.769231 4235.384615 4222.564103 4242.051282 4260.000000 4225.128205 4227.179487 4223.589744 4261.538462 4139.487179 4211.794872 4035.897436
4219.487179 4229.230769 4225.128205 4233.333333 4223.589744 4242.051282 4255.384615 4229.743590 4229.743590 4228.205128 4292.307692 4171.282051 4214.358974 4038.974359
4220.512821 4223.076923 4223.589744 4231.282051 4220.512821 4241.025641 4252.307692 4232.820513 4233.846154 4225.128205 4291.282051 4185.641026 4218.461538 4042.564103
4218.974359 4218.461538 4230.256410 4224.615385 4224.102564 4241.538462 4253.846154 4230.769231 4236.923077 4223.076923 4274.358974 4156.923077 4217.948718 4052.820513
4217.435897 4215.897436 4227.179487 4224.615385 4221.025641 4239.487179 4249.230769 4228.205128 4232.820513 4227.179487 4275.384615 4132.820513 4214.358974 4050.769231
4229.230769 4223.076923 4232.307692 4233.333333 4222.564103 4237.948718 4243.076923 4230.769231 4230.256410 4224.615385 4272.307692 4174.358974 4216.410256 4053.846154
4241.025641 4230.769231 4237.435897 4236.923077 4220.512821 4235.897436 4242.051282 4228.717949 4232.307692 4218.461538 4266.666667 4204.102564 4227.692308 4056.410256
4232.820513 4222.564103 4232.820513 4231.282051 4218.461538 4234.358974 4240.000000 4224.615385 4229.743590 4223.076923 4279.487179 4154.871795 4225.128205 4060.512821
4227.692308 4215.384615 4231.794872 4227.179487 4223.076923 4232.820513 4233.333333 4221.538462 4222.051282 4220.000000 4284.102564 4092.820513 4213.846154 4066.666667
4246.153846 4228.717949 4239.487179 4235.384615 4218.974359 4233.846154 4230.256410 4218.461538 4219.487179 4213.333333 4270.769231 4088.717949 4221.025641 4064.102564
4263.076923 4247.692308 4255.897436 4249.230769 4221.025641 4240.512821 4235.897436 4222.051282 4227.179487 4223.076923 4272.307692 4111.794872 4233.333333 4073.333333
4255.897436 4250.769231 4255.897436 4251.794872 4221.538462 4241.538462 4242.051282 4225.641026 4229.743590 4228.205128 4290.769231 4119.487179 4230.256410 4080.512821
4249.230769 4243.589744 4248.205128 4244.615385 4220.000000 4241.025641 4244.102564 4225.128205 4228.205128 4221.538462 4288.205128 4136.923077 4228.205128 4083.076923
4249.743590 4236.410256 4246.153846 4237.435897 4225.641026 4242.051282 4244.102564 4223.589744 4226.666667 4222.051282 4277.948718 4128.205128 4230.769231 4091.282051
4241.025641 4232.307692 4236.923077 4231.794872 4219.487179 4239.487179 4241.538462 4224.102564 4231.282051 4227.692308 4298.461538 4106.153846 4229.230769 4089.230769
4232.307692 4228.717949 4234.871795 4230.256410 4220.512821 4240.000000 4242.051282 4228.205128 4239.487179 4223.589744 4306.153846 4116.923077 4229.743590 4093.846154
4227.179487 4227.692308 4232.820513 4227.692308 4223.589744 4242.564103 4241.538462 4226.666667 4234.358974 4214.871795 4273.846154 4104.102564 4232.820513 4095.897436
4222.564103 4225.641026 4224.102564 4217.435897 4220.512821 4236.923077 4233.846154 4221.025641 4226.153846 4218.461538 4255.897436 4086.666667 4232.820513 4093.333333
4218.974359 4216.410256 4222.564103 4208.205128 4225.641026 4230.769231 4226.153846 4223.589744 4229.743590 4221.538462 4257.435897 4112.820513 4230.256410 4099.487179
4213.846154 4213.333333 4218.974359 4208.717949 4219.487179 4230.256410 4224.102564 4227.179487 4229.743590 4215.384615 4242.564103 4146.153846 4232.820513 4096.410256
4223.076923 4226.153846 4222.564103 4213.333333 4219.487179 4230.769231 4227.179487 4226.666667 4226.666667 4218.461538 4244.615385 4166.666667 4236.410256 4106.153846
4238.461538 4233.333333 4230.769231 4215.897436 4227.179487 4227.692308 4226.666667 4226.153846 4227.179487 4226.666667 4277.435897 4197.948718 4234.871795 4118.461538
4236.410256 4222.051282 4226.153846 4216.923077 4222.564103 4224.615385 4222.564103 4222.051282 4224.102564 4223.076923 4282.051282 4209.230769 4231.794872 4114.871795
4222.564103 4215.897436 4221.025641 4216.923077 4223.589744 4227.692308 4222.051282 4217.435897 4223.076923 4221.538462 4248.205128 4180.000000 4227.179487 4119.487179
4214.358974 4218.974359 4218.461538 4213.846154 4220.512821 4226.153846 4222.564103 4217.435897 4216.923077 4228.205128 4217.948718 4211.794872 4215.897436 4123.076923
4223.076923 4218.974359 4227.692308 4216.923077 4221.025641 4225.641026 4220.512821 4216.923077 4209.230769 4226.666667 4213.846154 4307.692308 4207.692308 4127.179487
4234.871795 4220.000000 4234.871795 4225.641026 4223.076923 4232.820513 4214.358974 4210.769231 4211.282051 4221.538462 4229.230769 4294.871795 4214.358974 4129.230769
4230.769231 4230.769231 4228.205128 4230.256410 4216.923077 4235.897436 4214.871795 4208.717949 4215.384615 4224.102564 4247.179487 4200.000000 4221.025641 4131.794872
4220.000000 4232.820513 4227.179487 4225.128205 4223.589744 4234.358974 4225.128205 4217.435897 4217.948718 4222.564103 4248.205128 4196.923077 4217.948718 4141.538462
4217.435897 4224.102564 4221.538462 4216.410256 4225.128205 4233.333333 4227.179487 4220.512821 4221.025641 4214.358974 4234.358974 4230.256410 4218.461538 4134.358974
4223.589744 4226.666667 4219.487179 4217.948718 4223.589744 4238.974359 4222.051282 4219.487179 4224.102564 4218.461538 4229.743590 4183.076923 4229.743590 4138.461538
4228.717949 4236.923077 4226.666667 4219.487179 4224.615385 4238.974359 4223.076923 4222.051282 4221.538462 4228.205128 4235.897436 4104.615385 4235.384615 4155.897436
4233.333333 4235.384615 4223.076923 4215.384615 4218.974359 4233.846154 4227.692308 4222.564103 4220.512821 4225.641026 4231.282051 4054.871795 4229.743590 4152.307692
4241.025641 4229.743590 4221.538462 4213.333333 4224.102564 4237.435897 4227.692308 4222.051282 4226.666667 4221.538462 4218.461538 4053.846154 4230.256410 4149.230769
4238.461538 4231.282051 4217.948718 4207.179487 4225.128205 4234.871795 4221.538462 4218.461538 4225.128205 4222.051282 4215.384615 4105.641026 4236.923077 4149.743590
4223.076923 4230.256410 4212.820513 4201.025641 4222.051282 4227.692308 4216.410256 4218.461538 4217.948718 4221.025641 4227.692308 4121.025641 4230.769231 4150.769231
