4194.358974 4211.282051 4207.692308 4194.358974 4217.435897 4211.282051 4285.128205 4216.923077 4218.461538 4226.666667 4217.435897 5333.846154 4198.974359 4296.923077
4204.615385 4208.205128 4211.794872 4203.076923 4223.589744 4208.717949 4291.282051 4217.435897 4215.897436 4221.538462 4225.641026 5421.538462 4209.230769 4301.538462
4223.589744 4218.461538 4220.000000 4218.461538 4221.025641 4214.871795 4305.641026 4221.538462 4220.512821 4210.256410 4225.641026 5260.512821 4221.538462 4295.384615
4216.923077 4216.923077 4220.000000 4211.282051 4219.487179 4217.948718 4306.666667 4223.076923 4224.615385 4215.897436 4232.307692 5264.102564 4216.923077 4293.846154
4201.025641 4201.538462 4209.743590 4196.923077 4220.000000 4208.717949 4294.871795 4222.051282 4217.948718 4228.717949 4232.820513 5321.025641 4213.333333 4294.871795
4206.666667 4204.102564 4208.717949 4198.974359 4219.487179 4206.666667 4293.846154 4220.512821 4215.897436 4226.153846 4227.692308 5264.615385 4218.974359 4292.820513
4219.487179 4209.230769 4219.487179 4205.128205 4224.615385 4215.384615 4306.666667 4222.564103 4222.051282 4217.948718 4226.666667 5250.769231 4219.487179 4294.358974
4211.282051 4198.461538 4209.743590 4198.461538 4217.948718 4213.846154 4306.666667 4218.974359 4213.333333 4213.846154 4226.666667 5160.512821 4214.358974 4282.564103
4200.000000 4192.307692 4206.666667 4196.410256 4219.487179 4207.179487 4295.384615 4214.871795 4204.102564 4220.512821 4225.641026 5225.128205 4210.769231 4276.923077
4204.615385 4200.000000 4221.538462 4206.666667 4224.102564 4207.692308 4291.282051 4213.333333 4209.743590 4226.153846 4222.051282 5218.974359 4210.769231 4274.871795
4214.358974 4209.230769 4225.641026 4209.743590 4222.051282 4212.820513 4293.333333 4211.282051 4207.179487 4222.051282 4215.897436 4774.871795 4206.666667 4263.589744
4216.410256 4211.282051 4221.025641 4208.717949 4227.179487 4215.384615 4295.384615 4212.820513 4205.641026 4223.076923 4209.230769 4944.615385 4198.461538 4254.358974
4208.205128 4205.641026 4213.333333 4212.820513 4222.051282 4210.256410 4295.897436 4215.384615 4214.871795 4227.179487 4210.256410 5653.333333 4202.051282 4245.128205
4203.589744 4196.410256 4213.846154 4209.230769 4221.538462 4207.692308 4294.358974 4216.923077 4216.410256 4223.076923 4217.948718 5565.641026 4204.615385 4250.769231
4207.692308 4195.384615 4212.820513 4198.461538 4223.589744 4209.230769 4287.692308 4216.923077 4210.769231 4215.897436 4219.487179 5404.102564 4197.948718 4249.743590
4210.769231 4206.666667 4210.256410 4205.128205 4217.948718 4210.256410 4283.076923 4211.794872 4217.435897 4216.410256 4227.692308 6087.692308 4201.538462 4238.974359
4215.897436 4219.487179 4219.487179 4221.025641 4224.615385 4214.871795 4285.128205 4210.256410 4224.615385 4223.589744 4250.769231 6241.538462 4214.871795 4249.743590
4221.538462 4214.358974 4220.000000 4213.846154 4222.051282 4218.974359 4281.025641 4211.794872 4220.000000 4224.102564 4263.589744 5627.179487 4221.025641 4251.282051
4227.179487 4204.102564 4219.487179 4203.076923 4218.974359 4215.384615 4269.743590 4213.333333 4217.435897 4221.538462 4266.666667 5755.897436 4218.461538 4243.076923
4228.205128 4208.717949 4223.589744 4211.282051 4224.615385 4209.230769 4262.564103 4212.307692 4215.384615 4223.589744 4284.102564 6136.410256 4216.410256 4239.487179
4216.923077 4208.205128 4217.435897 4212.820513 4220.000000 4208.717949 4258.974359 4212.307692 4209.230769 4223.076923 4305.128205 5923.076923 4215.897436 4240.512821
4213.846154 4202.051282 4217.435897 4203.076923 4222.051282 4213.846154 4258.461538 4214.871795 4213.333333 4221.538462 4308.717949 5775.384615 4214.358974 4250.769231
4222.564103 4200.512821 4218.461538 4201.025641 4221.538462 4211.282051 4254.358974 4210.256410 4208.205128 4223.589744 4290.769231 5362.564103 4213.333333 4245.641026
4219.487179 4190.256410 4217.435897 4198.461538 4218.461538 4207.179487 4249.230769 4202.564103 4186.153846 4224.102564 4260.000000 4592.307692 4205.128205 4238.974359
4196.410256 4171.794872 4208.717949 4184.615385 4220.512821 4207.179487 4249.743590 4197.948718 4169.743590 4222.051282 4245.641026 4502.051282 4183.589744 4238.974359
4173.333333 4162.051282 4188.205128 4174.871795 4214.871795 4205.641026 4251.282051 4196.410256 4160.000000 4223.589744 4245.641026 4647.179487 4161.538462 4232.307692
4180.512821 4165.641026 4191.794872 4180.000000 4217.948718 4207.179487 4252.820513 4203.076923 4156.410256 4221.538462 4245.128205 3975.897436 4164.102564 4237.435897
4202.051282 4177.435897 4204.615385 4190.769231 4218.974359 4209.743590 4256.410256 4207.179487 4158.461538 4213.846154 4247.179487 3276.923077 4182.564103 4241.538462
4211.794872 4189.743590 4205.128205 4200.512821 4218.461538 4207.692308 4254.871795 4205.641026 4156.923077 4215.384615 4250.256410 3117.948718 4191.282051 4245.641026
4212.820513 4195.384615 4206.153846 4211.794872 4222.051282 4203.589744 4252.307692 4207.692308 4153.333333 4225.128205 4251.282051 2791.794872 4202.051282 4250.769231
4216.410256 4202.564103 4209.743590 4219.487179 4217.435897 4202.564103 4251.794872 4209.743590 4151.282051 4228.205128 4266.666667 2537.435897 4216.923077 4245.128205
4222.564103 4204.615385 4220.000000 4214.871795 4224.615385 4209.230769 4253.333333 4211.794872 4154.871795 4223.589744 4270.256410 2759.487179 4220.000000 4247.692308
4227.179487 4205.128205 4225.128205 4211.794872 4221.538462 4215.384615 4257.948718 4214.358974 4157.948718 4222.564103 4246.153846 2990.256410 4214.871795 4242.564103
4231.282051 4208.205128 4227.692308 4219.487179 4215.384615 4214.358974 4260.512821 4213.846154 4162.564103 4225.641026 4246.153846 3142.051282 4214.871795 4240.000000
4229.743590 4204.102564 4227.692308 4217.948718 4225.128205 4212.820513 4251.794872 4212.307692 4170.256410 4221.538462 4274.358974 3253.846154 4224.102564 4252.820513
4227.692308 4209.230769 4216.923077 4210.769231 4221.025641 4212.307692 4242.051282 4213.846154 4172.820513 4214.871795 4281.538462 3228.717949 4233.846154 4253.846154
4241.025641 4232.307692 4232.307692 4222.051282 4221.025641 4214.871795 4250.256410 4221.538462 4177.948718 4218.974359 4274.871795 3125.128205 4235.384615 4257.435897
4249.743590 4236.410256 4251.794872 4237.948718 4224.102564 4216.410256 4256.410256 4226.666667 4183.589744 4225.128205 4290.256410 3106.153846 4233.846154 4264.615385
4245.128205 4213.333333 4239.487179 4237.948718 4218.461538 4214.871795 4245.641026 4222.051282 4183.589744 4224.615385 4299.487179 3037.435897 4238.461538 4267.179487
4240.000000 4206.153846 4249.230769 4230.769231 4222.051282 4217.948718 4238.461538 4218.461538 4177.435897 4218.974359 4274.358974 2821.538462 4231.794872 4268.717949
4222.564103 4222.564103 4300.000000 4229.230769 4218.461538 4223.076923 4241.538462 4218.461538 4175.897436 4215.897436 4267.692308 2814.871795 4216.410256 4261.538462
4202.564103 4232.820513 4343.589744 4231.282051 4218.461538 4228.205128 4248.717949 4223.589744 4188.205128 4220.000000 4292.820513 3055.384615 4222.564103 4266.153846
4216.923077 4247.692308 4350.769231 4240.000000 4222.564103 4233.333333 4263.589744 4232.820513 4204.615385 4218.461538 4295.897436 3222.564103 4247.692308 4275.384615
4258.974359 4280.000000 4361.538462 4263.589744 4220.000000 4243.076923 4285.641026 4240.512821 4220.000000 4217.948718 4280.512821 3246.153846 4271.794872 4286.153846
4284.102564 4304.615385 4384.615385 4285.641026 4223.589744 4251.282051 4300.512821 4246.666667 4227.692308 4221.025641 4288.717949 2992.820513 4287.692308 4301.025641
4276.410256 4308.717949 4374.871795 4287.179487 4219.487179 4251.794872 4307.179487 4249.743590 4223.589744 4216.410256 4298.974359 2692.307692 4287.179487 4294.358974
4263.076923 4310.769231 4362.564103 4284.102564 4221.025641 4254.871795 4314.358974 4248.717949 4229.743590 4217.948718 4284.615385 3268.717949 4268.717949 4287.692308
4256.923077 4311.794872 4358.974359 4278.974359 4223.076923 4253.333333 4314.871795 4245.128205 4237.948718 4228.205128 4275.384615 4039.487179 4257.435897 4287.179487
4257.948718 4312.820513 4351.282051 4276.410256 4217.435897 4246.666667 4307.179487 4243.589744 4232.307692 4226.153846 4286.666667 3638.974359 4266.153846 4282.564103
4270.256410 4323.589744 4359.487179 4287.179487 4223.076923 4248.717949 4304.102564 4248.717949 4226.666667 4223.076923 4291.282051 2841.025641 4275.897436 4290.769231
4275.384615 4328.717949 4361.025641 4292.307692 4221.538462 4250.769231 4297.435897 4249.743590 4222.564103 4224.615385 4281.538462 2888.717949 4273.333333 4291.794872
4271.794872 4323.076923 4351.794872 4288.717949 4221.025641 4249.743590 4288.717949 4253.846154 4228.205128 4220.512821 4302.564103 3373.846154 4271.794872 4291.282051
4273.846154 4328.717949 4352.307692 4295.384615 4225.128205 4254.358974 4295.897436 4261.025641 4245.641026 4221.025641 4349.743590 3377.948718 4278.461538 4294.358974
4271.794872 4328.717949 4347.179487 4295.897436 4220.000000 4253.333333 4295.897436 4253.846154 4241.538462 4226.666667 4336.923077 3037.948718 4275.897436 4286.153846
4265.128205 4312.307692 4337.435897 4287.179487 4224.615385 4247.692308 4283.589744 4245.128205 4222.564103 4223.589744 4279.487179 2869.230769 4261.025641 4280.512821
4266.153846 4312.820513 4334.358974 4293.333333 4223.076923 4248.205128 4282.564103 4252.307692 4228.205128 4215.897436 4268.205128 3008.717949 4255.897436 4273.846154
4272.307692 4325.641026 4344.102564 4302.051282 4220.000000 4255.384615 4287.179487 4263.076923 4242.564103 4217.948718 4284.615385 3108.717949 4264.102564 4277.948718
4273.846154 4321.538462 4346.153846 4297.435897 4224.102564 4255.897436 4287.179487 4261.538462 4239.487179 4225.641026 4280.512821 2951.282051 4269.743590 4283.076923
4266.153846 4311.282051 4330.769231 4289.743590 4218.974359 4249.230769 4285.128205 4253.846154 4235.897436 4225.641026 4292.307692 2918.461538 4264.102564 4270.256410
4261.025641 4311.794872 4328.205128 4289.230769 4222.564103 4249.230769 4287.179487 4256.410256 4244.102564 4220.512821 4335.384615 3034.871795 4262.051282 4266.153846
4260.512821 4312.307692 4326.153846 4292.820513 4223.589744 4251.794872 4288.205128 4257.435897 4242.051282 4223.076923 4342.051282 2874.871795 4272.820513 4261.025641
4264.615385 4307.692308 4325.128205 4295.897436 4220.000000 4253.846154 4289.743590 4255.384615 4236.410256 4227.692308 4304.615385 2732.307692 4280.000000 4258.461538
4274.871795 4309.230769 4331.794872 4293.846154 4223.589744 4254.871795 4287.692308 4257.948718 4246.153846 4219.487179 4287.179487 3226.153846 4281.538462 4264.102564
4279.487179 4311.794872 4325.641026 4288.717949 4220.000000 4253.846154 4284.615385 4260.512821 4257.948718 4212.307692 4295.384615 3697.435897 4295.384615 4254.871795
4274.358974 4311.282051 4318.974359 4288.205128 4222.564103 4251.794872 4285.641026 4262.051282 4260.000000 4221.538462 4294.871795 3471.282051 4305.128205 4250.769231
4273.333333 4309.743590 4317.435897 4287.179487 4222.051282 4244.615385 4278.461538 4257.948718 4252.307692 4228.205128 4290.256410 3172.820513 4303.589744 4247.692308
4280.000000 4305.641026 4322.564103 4283.076923 4219.487179 4236.923077 4266.153846 4255.384615 4247.179487 4223.589744 4287.179487 3365.641026 4300.000000 4241.538462
4278.461538 4293.846154 4327.179487 4278.461538 4226.153846 4233.333333 4261.025641 4253.846154 4246.666667 4224.102564 4274.871795 3603.076923 4282.051282 4240.000000
4263.076923 4283.589744 4313.333333 4275.897436 4219.487179 4227.692308 4253.846154 4240.000000 4230.769231 4226.666667 4261.025641 3420.512821 4256.923077 4230.769231
4248.205128 4275.897436 4301.025641 4271.794872 4217.435897 4225.128205 4244.102564 4227.179487 4209.743590 4222.564103 4251.794872 3114.871795 4245.641026 4228.205128
4234.358974 4262.051282 4292.820513 4263.076923 4221.025641 4224.615385 4235.897436 4226.666667 4204.102564 4218.974359 4247.179487 3065.641026 4237.948718 4227.179487
4230.769231 4253.846154 4289.230769 4258.461538 4222.564103 4223.076923 4234.358974 4231.794872 4206.666667 4221.538462 4254.358974 3170.256410 4231.282051 4229.743590
4240.000000 4266.153846 4298.461538 4264.615385 4227.692308 4225.641026 4241.025641 4237.948718 4212.820513 4218.974359 4266.153846 2932.820513 4242.564103 4242.564103
4248.717949 4275.897436 4301.025641 4271.794872 4221.538462 4230.256410 4248.205128 4240.000000 4215.384615 4215.384615 4262.564103 2645.128205 4253.846154 4242.051282
4254.871795 4269.230769 4301.538462 4269.743590 4224.102564 4231.282051 4255.897436 4240.000000 4213.846154 4220.512821 4244.615385 2926.666667 4247.692308 4241.538462
4250.769231 4257.948718 4294.358974 4257.948718 4227.692308 4227.179487 4260.000000 4237.435897 4207.692308 4219.487179 4237.435897 3200.512821 4244.615385 4242.051282
4236.410256 4248.717949 4277.435897 4247.692308 4220.000000 4225.641026 4254.871795 4233.846154 4204.102564 4217.948718 4245.641026 2940.512821 4249.743590 4237.435897
4233.333333 4248.717949 4278.974359 4248.205128 4224.102564 4229.230769 4251.282051 4230.769231 4205.128205 4218.974359 4244.102564 2770.256410 4249.743590 4241.538462
4235.897436 4252.307692 4281.025641 4247.692308 4223.589744 4225.128205 4246.666667 4221.538462 4202.564103 4217.435897 4227.692308 3019.487179 4244.615385 4241.025641
4240.512821 4246.153846 4278.461538 4240.000000 4223.589744 4220.000000 4240.512821 4218.461538 4205.128205 4220.000000 4225.641026 3167.692308 4246.153846 4242.051282
4241.538462 4241.025641 4274.871795 4237.435897 4225.128205 4221.538462 4240.512821 4220.000000 4205.641026 4220.512821 4236.923077 3083.076923 4250.256410 4243.589744
4229.743590 4246.153846 4265.128205 4238.461538 4218.461538 4222.051282 4244.102564 4218.974359 4197.948718 4215.897436 4229.230769 3108.205128 4246.666667 4235.384615
4222.051282 4250.256410 4265.128205 4234.871795 4223.589744 4223.589744 4248.205128 4224.102564 4211.794872 4222.051282 4223.076923 3612.307692 4242.564103 4237.435897
4226.666667 4248.205128 4266.666667 4232.307692 4222.564103 4226.153846 4250.769231 4227.692308 4234.358974 4230.256410 4252.820513 4193.846154 4246.153846 4239.487179
4227.179487 4242.051282 4267.179487 4232.820513 4220.000000 4227.692308 4253.333333 4224.102564 4227.692308 4222.051282 4275.897436 3830.769231 4249.230769 4244.615385
4218.461538 4233.846154 4266.666667 4228.717949 4224.615385 4226.666667 4255.384615 4222.051282 4204.615385 4220.512821 4266.666667 3024.615385 4240.000000 4245.128205
4222.564103 4239.487179 4267.692308 4230.769231 4220.512821 4225.128205 4255.384615 4226.153846 4203.589744 4224.615385 4283.076923 2964.102564 4231.794872 4241.025641
4242.051282 4252.820513 4283.589744 4239.487179 4224.615385 4226.666667 4255.897436 4235.384615 4218.974359 4223.076923 4323.589744 3215.384615 4241.538462 4255.384615
4245.641026 4250.769231 4283.076923 4234.871795 4225.128205 4227.179487 4254.871795 4238.461538 4221.538462 4223.589744 4307.692308 3138.461538 4251.282051 4256.923077
4238.461538 4243.589744 4274.358974 4229.743590 4222.051282 4230.256410 4250.769231 4229.743590 4215.897436 4224.102564 4257.435897 3100.000000 4240.000000 4251.282051
4243.589744 4248.205128 4284.102564 4238.461538 4224.102564 4231.282051 4247.179487 4219.487179 4210.256410 4219.487179 4251.282051 3181.538462 4228.205128 4252.820513
4248.717949 4247.179487 4286.666667 4242.564103 4221.025641 4226.153846 4244.102564 4219.487179 4205.128205 4219.487179 4262.051282 3202.564103 4231.794872 4249.743590
4243.076923 4231.282051 4279.487179 4231.282051 4225.641026 4227.179487 4241.025641 4226.153846 4207.179487 4222.051282 4260.512821 3224.615385 4232.307692 4260.000000
4238.974359 4227.692308 4272.307692 4223.589744 4220.000000 4230.256410 4241.025641 4226.666667 4215.897436 4217.948718 4269.230769 3256.923077 4233.846154 4267.692308
4241.025641 4241.538462 4272.307692 4226.153846 4215.384615 4229.743590 4248.205128 4228.717949 4226.153846 4218.461538 4277.435897 3266.666667 4246.666667 4269.743590
4235.384615 4243.589744 4265.641026 4227.179487 4226.666667 4228.717949 4249.743590 4236.410256 4227.179487 4219.487179 4257.435897 3207.692308 4255.384615 4272.307692
4224.102564 4232.307692 4248.717949 4223.589744 4221.025641 4226.666667 4248.205128 4235.384615 4216.410256 4217.948718 4226.666667 3170.769231 4247.179487 4264.102564
4215.897436 4227.692308 4249.230769 4220.000000 4221.025641 4225.641026 4249.230769 4225.128205 4207.692308 4219.487179 4217.948718 3231.282051 4233.846154 4264.615385
4214.871795 4229.230769 4252.307692 4214.358974 4225.641026 4226.153846 4246.153846 4218.461538 4204.102564 4217.948718 4223.589744 3255.384615 4233.846154 4266.666667
4226.666667 4228.717949 4253.846154 4215.897436 4221.025641 4228.205128 4246.666667 4222.051282 4213.333333 4217.948718 4230.256410 3253.846154 4246.153846 4264.615385
4244.102564 4230.769231 4264.615385 4225.641026 4222.051282 4233.333333 4254.871795 4230.769231 4225.641026 4220.512821 4229.743590 3335.897436 4250.256410 4265.128205
4246.666667 4234.358974 4267.692308 4232.307692 4219.487179 4236.410256 4258.974359 4235.384615 4225.128205 4217.948718 4227.692308 3350.256410 4248.717949 4257.435897
4246.153846 4234.358974 4272.307692 4234.358974 4223.076923 4235.384615 4260.512821 4239.487179 4225.128205 4218.461538 4231.282051 3216.410256 4253.333333 4256.410256
4249.743590 4235.384615 4277.435897 4231.794872 4225.128205 4229.743590 4262.051282 4237.435897 4227.692308 4224.615385 4230.769231 3136.923077 4254.358974 4253.333333
4251.794872 4231.794872 4273.846154 4230.256410 4220.512821 4227.692308 4265.641026 4230.769231 4222.564103 4222.564103 4224.615385 3138.974359 4248.717949 4248.717949
4253.333333 4231.282051 4272.307692 4234.871795 4222.564103 4232.820513 4274.358974 4229.743590 4221.025641 4223.589744 4216.410256 3107.179487 4248.717949 4248.205128
4246.153846 4240.000000 4260.512821 4237.948718 4218.461538 4227.692308 4276.410256 4225.641026 4222.051282 4225.641026 4224.615385 3075.897436 4250.769231 4232.307692
4236.410256 4246.153846 4251.794872 4232.820513 4223.076923 4222.564103 4275.384615 4221.025641 4218.461538 4220.512821 4249.743590 3069.230769 4250.256410 4231.794872
4238.461538 4248.205128 4253.333333 4231.794872 4226.666667 4230.256410 4285.128205 4225.128205 4219.487179 4222.564103 4246.666667 3037.948718 4252.307692 4240.000000
4240.512821 4249.230769 4247.692308 4235.384615 4220.000000 4233.846154 4282.564103 4226.153846 4218.461538 4224.102564 4209.230769 3026.666667 4251.794872 4234.358974
4243.589744 4247.179487 4246.666667 4231.794872 4224.102564 4230.256410 4268.717949 4222.564103 4216.923077 4223.589744 4193.846154 3025.641026 4247.179487 4234.871795
4250.769231 4246.666667 4249.743590 4227.692308 4220.512821 4231.794872 4269.743590 4224.102564 4216.410256 4225.128205 4209.230769 2948.717949 4248.205128 4232.820513
4252.307692 4252.820513 4262.051282 4234.871795 4220.000000 4233.333333 4271.794872 4226.153846 4211.282051 4226.153846 4215.897436 2965.641026 4249.743590 4233.846154
4243.589744 4250.256410 4268.717949 4233.846154 4222.051282 4226.666667 4264.102564 4221.538462 4206.153846 4222.564103 4216.923077 3087.179487 4245.641026 4235.384615
4228.717949 4229.230769 4251.794872 4215.384615 4215.897436 4221.538462 4256.410256 4214.871795 4201.538462 4220.000000 4213.333333 3083.589744 4232.820513 4229.230769
4215.384615 4205.128205 4235.897436 4198.974359 4224.102564 4222.564103 4248.717949 4210.256410 4188.205128 4221.538462 4196.923077 3142.564103 4213.333333 4227.692308
4208.717949 4200.000000 4230.256410 4195.384615 4223.076923 4220.000000 4247.692308 4209.230769 4178.974359 4225.128205 4202.564103 3405.641026 4206.153846 4217.948718
4218.974359 4213.333333 4243.076923 4203.589744 4220.000000 4221.538462 4263.589744 4214.358974 4196.410256 4225.641026 4224.102564 3524.102564 4217.948718 4218.461538
4238.461538 4227.179487 4256.923077 4215.897436 4225.641026 4226.666667 4280.000000 4215.384615 4213.333333 4218.461538 4221.025641 3377.948718 4232.820513 4226.666667
4243.076923 4234.358974 4249.230769 4218.974359 4218.974359 4226.153846 4279.487179 4209.230769 4209.743590 4214.358974 4209.230769 3258.461538 4243.076923 4216.923077
4234.358974 4234.358974 4242.051282 4213.846154 4220.000000 4223.076923 4272.820513 4207.692308 4211.282051 4221.538462 4213.846154 3350.769231 4248.717949 4210.256410
4223.589744 4230.769231 4235.897436 4213.846154 4222.051282 4215.384615 4267.692308 4207.179487 4213.333333 4227.692308 4224.102564 3478.974359 4242.051282 4202.051282
4215.897436 4230.769231 4232.307692 4212.820513 4222.051282 4210.769231 4268.205128 4206.153846 4207.692308 4226.153846 4235.897436 3449.230769 4223.076923 4190.769231
4214.871795 4232.820513 4233.846154 4206.666667 4224.615385 4215.897436 4271.282051 4206.153846 4202.051282 4219.487179 4227.692308 3339.487179 4212.307692 4181.025641
4223.589744 4232.307692 4231.282051 4211.282051 4220.000000 4222.051282 4273.333333 4203.076923 4200.512821 4215.384615 4190.256410 3324.615385 4223.589744 4172.820513
4235.384615 4233.333333 4240.512821 4220.000000 4223.076923 4227.179487 4280.000000 4211.282051 4211.794872 4220.000000 4194.871795 3396.410256 4235.897436 4179.487179
4231.282051 4230.256410 4240.512821 4214.871795 4222.564103 4228.717949 4280.512821 4225.128205 4222.564103 4227.179487 4250.256410 3394.358974 4232.820513 4175.384615
4218.461538 4219.487179 4227.692308 4203.589744 4222.051282 4223.589744 4271.282051 4225.641026 4216.410256 4225.641026 4288.205128 3305.641026 4227.692308 4163.589744
4215.897436 4214.871795 4225.128205 4200.000000 4225.128205 4221.538462 4270.256410 4222.564103 4215.897436 4224.102564 4283.076923 3372.307692 4225.641026 4157.435897
4219.487179 4215.384615 4222.564103 4195.384615 4216.410256 4223.076923 4273.333333 4218.461538 4221.025641 4223.589744 4250.769231 3469.230769 4219.487179 4146.153846
4225.641026 4213.846154 4226.666667 4195.384615 4222.564103 4221.538462 4275.897436 4217.435897 4220.000000 4222.564103 4235.384615 3464.615385 4221.538462 4145.641026
4229.230769 4221.025641 4233.333333 4205.128205 4226.153846 4221.025641 4274.871795 4227.179487 4232.307692 4223.076923 4253.846154 3959.487179 4233.846154 4139.487179
4227.692308 4231.282051 4236.410256 4212.307692 4217.435897 4232.820513 4262.564103 4234.871795 4255.384615 4225.641026 4264.102564 4902.051282 4234.871795 4127.692308
4228.205128 4232.820513 4238.461538 4209.743590 4223.076923 4245.128205 4252.820513 4228.717949 4260.512821 4223.589744 4259.487179 5227.179487 4232.820513 4123.076923
4230.256410 4237.435897 4233.846154 4211.794872 4221.025641 4246.666667 4267.179487 4224.615385 4258.461538 4221.025641 4285.641026 5035.897436 4241.538462 4108.717949
4237.435897 4250.769231 4242.051282 4227.179487 4218.461538 4254.358974 4285.128205 4236.410256 4277.435897 4222.051282 4320.000000 5258.461538 4250.769231 4102.051282
4247.692308 4260.512821 4250.256410 4236.923077 4220.512821 4260.000000 4280.512821 4242.564103 4282.051282 4217.435897 4307.692308 5088.717949 4252.820513 4097.948718
4256.923077 4262.051282 4252.820513 4238.461538 4220.000000 4254.358974 4272.820513 4240.512821 4261.025641 4216.410256 4289.743590 4134.871795 4250.769231 4088.717949
4255.897436 4261.025641 4259.487179 4236.410256 4225.128205 4251.794872 4275.897436 4241.025641 4252.820513 4221.538462 4297.948718 3740.000000 4248.205128 4087.179487
4251.794872 4261.025641 4252.820513 4231.282051 4220.512821 4252.820513 4274.871795 4242.051282 4254.358974 4220.512821 4303.589744 3807.179487 4253.846154 4083.076923
4265.128205 4264.102564 4255.897436 4237.435897 4222.564103 4253.333333 4274.871795 4251.794872 4256.410256 4218.974359 4304.102564 3490.256410 4263.589744 4084.615385
4274.871795 4265.128205 4266.666667 4250.769231 4224.102564 4254.358974 4273.846154 4259.487179 4261.025641 4223.589744 4309.743590 3312.307692 4266.666667 4082.564103
4260.512821 4265.128205 4260.000000 4249.230769 4216.923077 4257.435897 4263.076923 4254.871795 4261.025641 4226.666667 4311.282051 3573.846154 4260.000000 4076.923077
4249.743590 4261.538462 4255.384615 4236.923077 4225.128205 4254.871795 4252.307692 4252.307692 4258.974359 4220.512821 4306.666667 3590.769231 4252.307692 4081.025641
4250.256410 4250.256410 4249.743590 4232.820513 4224.615385 4242.564103 4242.564103 4241.538462 4250.256410 4213.333333 4303.076923 3446.153846 4245.128205 4068.717949
4254.358974 4243.589744 4248.205128 4231.794872 4221.025641 4236.410256 4233.846154 4226.153846 4233.333333 4217.948718 4295.897436 3569.230769 4241.538462 4061.538462
4255.897436 4246.666667 4251.282051 4231.794872 4222.564103 4241.538462 4231.794872 4230.256410 4229.743590 4225.641026 4290.256410 3749.743590 4244.615385 4067.692308
4243.589744 4241.538462 4245.641026 4229.230769 4221.538462 4240.000000 4228.717949 4240.512821 4245.128205 4222.051282 4299.487179 3869.743590 4244.102564 4064.102564
4230.769231 4232.820513 4242.564103 4220.000000 4228.205128 4241.025641 4224.102564 4239.487179 4253.846154 4221.025641 4307.179487 3642.564103 4248.205128 4063.076923
4240.512821 4240.512821 4242.051282 4220.000000 4221.538462 4247.692308 4226.666667 4237.948718 4249.230769 4221.538462 4308.205128 3219.487179 4263.076923 4063.076923
4255.897436 4249.230769 4246.666667 4230.256410 4217.435897 4248.205128 4224.615385 4239.487179 4252.307692 4221.538462 4316.923077 3264.102564 4266.666667 4062.051282
4255.384615 4244.102564 4253.846154 4231.282051 4224.102564 4243.076923 4206.666667 4240.000000 4255.897436 4226.153846 4326.153846 3595.384615 4257.948718 4055.897436
4255.384615 4241.025641 4254.358974 4227.692308 4221.538462 4240.000000 4194.358974 4246.666667 4254.358974 4226.153846 4318.974359 3609.743590 4261.538462 4047.179487
4260.000000 4244.102564 4257.435897 4232.820513 4225.641026 4241.538462 4195.897436 4254.358974 4258.461538 4221.025641 4306.153846 3455.384615 4269.743590 4052.820513
4249.230769 4237.435897 4246.666667 4230.256410 4223.076923 4239.487179 4195.897436 4242.564103 4254.871795 4223.589744 4305.128205 3478.974359 4262.564103 4043.589744
4240.512821 4225.641026 4234.871795 4217.435897 4218.974359 4237.435897 4196.410256 4231.282051 4249.230769 4227.179487 4318.974359 3550.256410 4258.974359 4032.820513
4246.153846 4223.076923 4240.000000 4212.820513 4223.589744 4239.487179 4203.076923 4241.025641 4256.410256 4218.461538 4330.769231 3518.974359 4265.128205 4040.000000
4248.205128 4227.692308 4246.666667 4218.461538 4218.974359 4241.538462 4208.717949 4248.717949 4258.974359 4211.794872 4314.871795 3438.974359 4265.641026 4036.923077
4247.179487 4233.333333 4252.820513 4227.692308 4220.512821 4242.051282 4206.666667 4246.153846 4253.846154 4222.564103 4298.461538 3418.974359 4261.538462 4036.923077
4244.615385 4233.846154 4242.564103 4228.205128 4221.025641 4239.487179 4200.000000 4240.512821 4251.282051 4227.692308 4305.128205 3471.794872 4261.538462 4038.461538
4238.974359 4231.794872 4230.256410 4219.487179 4218.461538 4237.435897 4194.358974 4232.307692 4245.641026 4221.025641 4298.461538 3485.641026 4258.461538 4036.923077
4244.102564 4232.307692 4236.923077 4220.000000 4223.589744 4238.461538 4193.846154 4231.282051 4241.538462 4222.564103 4286.666667 3509.743590 4251.794872 4042.051282
4249.743590 4232.820513 4237.435897 4227.692308 4220.512821 4240.512821 4196.923077 4238.461538 4243.076923 4227.692308 4301.538462 3589.230769 4248.717949 4043.076923
4248.205128 4233.333333 4236.923077 4225.128205 4225.128205 4242.051282 4201.538462 4242.564103 4246.153846 4224.102564 4308.205128 3542.564103 4246.666667 4050.256410
4250.256410 4234.358974 4235.384615 4220.512821 4226.153846 4241.538462 4203.589744 4238.974359 4245.641026 4221.538462 4287.692308 3435.384615 4246.153846 4048.205128
4251.794872 4225.641026 4226.666667 4216.923077 4220.512821 4240.512821 4202.564103 4237.435897 4243.589744 4224.615385 4277.948718 3495.897436 4246.666667 4043.076923
4239.487179 4206.153846 4218.461538 4206.153846 4224.615385 4236.410256 4203.589744 4239.487179 4238.974359 4225.128205 4281.538462 3514.871795 4235.384615 4044.102564
4226.666667 4202.051282 4212.307692 4196.923077 4221.025641 4230.769231 4204.615385 4238.461538 4237.435897 4223.076923 4281.538462 3395.897436 4227.179487 4035.384615
4237.435897 4216.410256 4222.564103 4202.564103 4223.076923 4236.923077 4209.230769 4243.589744 4248.717949 4223.076923 4288.717949 3467.179487 4244.102564 4042.564103
4246.666667 4222.051282 4225.641026 4212.820513 4222.564103 4241.025641 4209.230769 4245.641026 4255.897436 4220.000000 4299.487179 3576.923077 4255.897436 4048.717949
4233.846154 4216.923077 4213.333333 4210.256410 4216.410256 4233.333333 4203.589744 4240.000000 4243.589744 4218.974359 4290.769231 3475.897436 4240.000000 4038.461538
4225.128205 4216.923077 4213.333333 4203.076923 4226.666667 4234.358974 4202.051282 4240.000000 4230.256410 4225.641026 4270.769231 3369.230769 4226.153846 4040.000000
4222.564103 4213.846154 4213.333333 4201.025641 4224.102564 4236.923077 4200.000000 4238.974359 4222.051282 4225.128205 4256.410256 3266.666667 4225.641026 4047.692308
4222.564103 4207.692308 4212.820513 4197.435897 4219.487179 4232.820513 4199.487179 4236.410256 4223.076923 4218.974359 4256.923077 3158.974359 4229.230769 4067.692308
4225.128205 4213.333333 4213.846154 4192.307692 4222.564103 4231.282051 4202.564103 4240.000000 4233.333333 4220.512821 4274.358974 3187.692308 4240.000000 4086.153846
4225.641026 4221.025641 4210.256410 4196.410256 4218.461538 4232.307692 4199.487179 4240.000000 4237.948718 4228.205128 4286.153846 3269.743590 4249.230769 4092.307692
4226.666667 4216.410256 4211.282051 4202.051282 4223.076923 4230.769231 4189.230769 4234.871795 4232.307692 4223.589744 4273.846154 3307.179487 4245.128205 4101.538462
4231.282051 4216.923077 4213.333333 4199.487179 4221.025641 4225.641026 4179.487179 4229.230769 4227.179487 4213.846154 4260.000000 3321.025641 4245.128205 4107.179487
4240.512821 4228.717949 4221.025641 4201.538462 4218.461538 4229.743590 4183.076923 4231.282051 4232.820513 4216.923077 4269.230769 3374.358974 4254.358974 4121.025641
4234.871795 4228.717949 4219.487179 4203.076923 4221.025641 4236.923077 4193.333333 4231.282051 4233.333333 4224.615385 4264.615385 3463.076923 4247.692308 4126.153846
4221.538462 4219.487179 4209.230769 4199.487179 4218.461538 4233.846154 4192.820513 4224.102564 4225.641026 4225.641026 4240.000000 3480.000000 4232.820513 4115.384615
4229.230769 4218.974359 4216.923077 4202.051282 4223.589744 4227.179487 4184.102564 4222.051282 4221.025641 4221.538462 4235.897436 3426.153846 4233.846154 4123.076923
4236.923077 4218.974359 4218.461538 4196.410256 4217.435897 4220.512821 4175.384615 4219.487179 4214.358974 4216.923077 4237.948718 3417.948718 4240.512821 4133.333333
4222.564103 4213.333333 4210.256410 4182.051282 4213.846154 4217.948718 4170.769231 4210.769231 4207.692308 4218.461538 4232.307692 3396.923077 4230.256410 4135.897436
4215.897436 4211.282051 4207.692308 4180.512821 4222.564103 4217.948718 4173.846154 4204.615385 4203.589744 4225.641026 4229.230769 3312.820513 4218.461538 4134.358974
4221.025641 4206.666667 4202.564103 4181.025641 4221.025641 4214.358974 4183.076923 4204.102564 4200.000000 4228.205128 4220.000000 3314.871795 4218.461538 4129.230769
4216.410256 4194.358974 4203.589744 4174.871795 4222.564103 4217.435897 4192.820513 4209.743590 4203.589744 4222.051282 4211.282051 3394.871795 4216.410256 4136.410256
4211.282051 4197.435897 4202.564103 4177.948718 4222.051282 4221.025641 4193.333333 4214.358974 4206.666667 4216.410256 4222.564103 3415.897436 4219.487179 4139.487179
4212.820513 4209.743590 4199.487179 4184.102564 4221.538462 4218.974359 4192.820513 4214.871795 4206.666667 4221.538462 4236.410256 3416.410256 4228.717949 4137.435897
4209.743590 4208.205128 4197.948718 4178.461538 4224.102564 4217.948718 4194.871795 4212.307692 4206.153846 4224.102564 4248.717949 3431.794872 4222.564103 4135.384615
4203.076923 4198.461538 4187.179487 4171.282051 4217.948718 4218.461538 4183.589744 4206.153846 4197.948718 4220.000000 4269.230769 3421.025641 4207.692308 4131.282051
4204.615385 4197.948718 4186.666667 4169.743590 4222.051282 4216.410256 4173.846154 4206.153846 4197.435897 4220.000000 4277.948718 3432.307692 4215.384615 4140.000000
4204.615385 4201.538462 4191.794872 4167.692308 4221.025641 4213.333333 4182.564103 4210.256410 4209.230769 4217.948718 4271.282051 3386.153846 4229.743590 4137.948718
4204.615385 4202.051282 4191.794872 4166.666667 4217.435897 4211.282051 4183.076923 4207.692308 4206.153846 4217.435897 4248.717949 3302.564103 4222.051282 4137.948718
4215.897436 4202.564103 4194.871795 4169.230769 4224.102564 4210.256410 4176.410256 4204.102564 4200.000000 4224.102564 4223.076923 3396.923077 4219.487179 4152.820513
4219.487179 4200.000000 4191.282051 4168.205128 4218.974359 4210.256410 4188.205128 4206.153846 4211.282051 4223.589744 4225.641026 3507.692308 4228.717949 4147.692308
4210.256410 4198.461538 4190.769231 4168.205128 4219.487179 4213.846154 4195.384615 4209.743590 4218.461538 4220.000000 4234.358974 3451.794872 4221.025641 4142.051282
4205.128205 4207.179487 4187.692308 4175.897436 4223.076923 4215.897436 4178.461538 4209.743590 4206.666667 4225.128205 4206.666667 3434.358974 4208.717949 4140.512821
4210.769231 4217.435897 4186.153846 4186.153846 4221.025641 4215.384615 4176.410256 4210.769231 4203.076923 4228.717949 4184.102564 3524.102564 4210.256410 4136.923077
4214.871795 4217.435897 4194.358974 4187.692308 4227.692308 4214.358974 4194.871795 4214.358974 4214.871795 4218.974359 4188.205128 3543.076923 4207.179487 4138.461538
4206.153846 4211.282051 4185.128205 4178.974359 4222.051282 4216.410256 4195.897436 4212.307692 4213.846154 4212.820513 4173.333333 3517.948718 4199.487179 4130.769231
4202.564103 4211.282051 4180.512821 4182.564103 4221.025641 4223.589744 4182.564103 4211.282051 4208.717949 4220.000000 4157.948718 3517.435897 4200.512821 4126.666667
4211.282051 4218.461538 4192.820513 4196.410256 4222.051282 4224.102564 4173.846154 4212.307692 4210.769231 4226.153846 4165.128205 3474.358974 4204.102564 4121.025641
4215.897436 4217.435897 4195.897436 4194.358974 4217.435897 4215.384615 4171.282051 4209.230769 4206.666667 4220.512821 4165.641026 3473.333333 4210.769231 4116.410256
4210.256410 4209.743590 4191.282051 4182.051282 4224.615385 4213.846154 4170.256410 4207.179487 4202.564103 4218.974359 4161.538462 3513.846154 4213.333333 4122.564103
4203.076923 4213.333333 4184.615385 4182.051282 4221.025641 4215.384615 4167.692308 4206.666667 4200.000000 4223.076923 4154.871795 3495.897436 4204.615385 4114.871795
4205.128205 4214.871795 4187.179487 4189.743590 4216.923077 4213.846154 4166.666667 4208.205128 4194.358974 4222.051282 4132.307692 3469.743590 4201.538462 4109.230769
4198.461538 4194.871795 4178.974359 4180.512821 4220.000000 4208.717949 4165.128205 4201.538462 4176.923077 4222.564103 4103.076923 3482.051282 4193.333333 4105.128205
4174.358974 4172.820513 4157.948718 4157.948718 4218.461538 4206.153846 4165.641026 4189.743590 4162.051282 4225.128205 4087.179487 3541.538462 4163.076923 4089.230769
4167.179487 4167.692308 4154.358974 4149.743590 4225.128205 4208.717949 4169.743590 4192.307692 4168.205128 4224.615385 4084.615385 3574.871795 4145.641026 4085.641026
4187.179487 4177.948718 4161.025641 4160.512821 4218.974359 4210.256410 4175.897436 4205.641026 4183.589744 4225.128205 4098.461538 3526.666667 4166.666667 4087.179487
4212.820513 4196.923077 4177.948718 4180.512821 4217.435897 4220.000000 4184.615385 4218.461538 4201.538462 4225.128205 4123.589744 3509.230769 4200.512821 4098.461538
4221.538462 4215.897436 4189.743590 4198.461538 4226.153846 4228.205128 4189.230769 4226.153846 4218.974359 4219.487179 4147.179487 3569.743590 4218.974359 4104.615385
4213.333333 4221.025641 4179.487179 4198.461538 4222.564103 4221.025641 4183.076923 4221.538462 4221.538462 4216.410256 4164.615385 3636.923077 4215.897436 4094.358974
4214.358974 4212.307692 4180.000000 4188.717949 4222.564103 4215.897436 4178.974359 4213.846154 4212.820513 4220.512821 4185.641026 3654.358974 4207.179487 4095.897436
4224.102564 4206.153846 4183.589744 4188.717949 4219.487179 4217.435897 4178.461538 4208.205128 4208.205128 4224.102564 4193.846154 3621.538462 4212.307692 4092.820513
4219.487179 4204.102564 4177.435897 4191.282051 4221.025641 4214.871795 4173.846154 4205.641026 4207.692308 4224.615385 4165.641026 3589.230769 4215.384615 4082.051282
4205.641026 4202.051282 4172.820513 4186.666667 4228.205128 4208.205128 4173.333333 4205.128205 4203.589744 4218.461538 4130.256410 3584.102564 4204.615385 4076.410256
4205.128205 4205.128205 4174.871795 4184.615385 4222.564103 4210.256410 4178.974359 4204.615385 4202.564103 4216.410256 4131.282051 3603.589744 4202.564103 4072.820513
4216.410256 4208.717949 4187.692308 4188.205128 4223.589744 4219.487179 4186.666667 4209.743590 4208.205128 4221.025641 4149.230769 3645.641026 4211.794872 4076.410256
4213.846154 4202.564103 4188.205128 4187.179487 4223.076923 4221.538462 4194.358974 4216.923077 4210.256410 4218.974359 4156.923077 3619.487179 4215.384615 4066.153846
4207.179487 4196.923077 4183.076923 4185.641026 4220.512821 4221.538462 4197.435897 4217.948718 4208.205128 4217.948718 4172.820513 3531.282051 4213.333333 4056.923077
4211.282051 4205.641026 4188.717949 4192.307692 4221.538462 4223.076923 4197.435897 4214.871795 4211.794872 4220.000000 4195.384615 3542.051282 4213.846154 4062.051282
4214.358974 4218.974359 4191.282051 4194.358974 4217.435897 4222.051282 4198.461538 4208.717949 4214.871795 4215.897436 4187.692308 3606.666667 4216.410256 4063.076923
4212.820513 4217.948718 4194.358974 4190.256410 4223.076923 4220.000000 4193.333333 4207.179487 4214.871795 4218.974359 4155.897436 3594.871795 4216.923077 4063.076923
4215.384615 4212.307692 4192.307692 4195.897436 4223.076923 4219.487179 4187.179487 4213.846154 4212.820513 4225.641026 4153.846154 3570.769231 4221.538462 4054.358974
4230.256410 4227.179487 4200.000000 4215.384615 4221.025641 4230.769231 4203.589744 4231.282051 4228.717949 4223.076923 4195.384615 3592.307692 4237.435897 4056.923077
4244.615385 4246.666667 4218.461538 4222.564103 4227.179487 4244.102564 4225.128205 4246.666667 4254.358974 4216.923077 4214.871795 3637.948718 4251.794872 4071.282051
4238.974359 4239.487179 4209.743590 4214.358974 4221.538462 4238.974359 4218.974359 4241.025641 4250.769231 4217.435897 4193.333333 3655.384615 4250.256410 4064.615385
4233.333333 4230.769231 4201.538462 4215.384615 4224.102564 4236.410256 4215.384615 4232.820513 4234.871795 4218.461538 4198.974359 3581.538462 4244.615385 4062.051282
4247.179487 4244.102564 4213.846154 4226.153846 4223.589744 4248.717949 4232.307692 4240.512821 4240.512821 4217.435897 4230.256410 3503.589744 4248.717949 4072.307692
4262.051282 4253.846154 4224.102564 4234.871795 4216.923077 4255.384615 4242.564103 4250.256410 4253.846154 4219.487179 4226.153846 3550.769231 4257.948718 4091.282051
4258.974359 4250.769231 4228.205128 4233.333333 4226.666667 4254.871795 4242.564103 4250.769231 4262.051282 4221.025641 4203.076923 3641.538462 4266.666667 4115.384615
4254.871795 4256.923077 4226.153846 4230.769231 4223.076923 4256.410256 4244.615385 4250.256410 4265.641026 4217.948718 4203.076923 3664.615385 4270.769231 4118.461538
4268.717949 4265.128205 4233.333333 4242.564103 4218.461538 4254.358974 4241.025641 4254.358974 4265.128205 4217.948718 4223.589744 3672.820513 4267.179487 4128.717949
4276.410256 4263.589744 4237.948718 4250.769231 4222.564103 4246.666667 4227.692308 4252.307692 4261.538462 4224.102564 4245.128205 3672.820513 4265.641026 4145.128205
4266.153846 4262.564103 4233.846154 4244.615385 4221.538462 4246.666667 4226.153846 4246.153846 4264.102564 4223.076923 4246.153846 3664.102564 4268.717949 4146.153846
4260.512821 4260.512821 4234.358974 4240.512821 4224.615385 4251.794872 4236.923077 4251.794872 4267.179487 4219.487179 4222.564103 3680.000000 4262.564103 4144.102564
4256.923077 4250.769231 4224.615385 4237.435897 4221.538462 4249.230769 4237.435897 4249.230769 4258.461538 4223.076923 4204.615385 3678.974359 4249.743590 4142.564103
4252.820513 4241.538462 4222.051282 4231.794872 4221.538462 4249.743590 4225.641026 4241.025641 4251.282051 4223.589744 4202.564103 3679.487179 4244.102564 4151.794872
4256.410256 4241.538462 4228.205128 4229.230769 4223.589744 4254.358974 4214.358974 4245.128205 4251.794872 4217.948718 4197.435897 3656.923077 4246.153846 4155.384615
4256.923077 4247.179487 4223.076923 4227.179487 4217.948718 4253.333333 4211.794872 4247.692308 4248.205128 4215.384615 4196.410256 3617.435897 4246.666667 4151.282051
4253.333333 4246.666667 4221.025641 4220.512821 4224.102564 4250.769231 4218.461538 4242.564103 4245.128205 4221.538462 4199.487179 3655.897436 4246.666667 4162.051282
4257.435897 4246.153846 4225.128205 4224.615385 4222.564103 4250.256410 4224.615385 4237.435897 4246.666667 4223.076923 4201.025641 3713.846154 4252.820513 4161.538462
4270.769231 4257.435897 4238.461538 4241.538462 4221.025641 4253.333333 4227.179487 4241.025641 4253.333333 4221.025641 4207.179487 3727.692308 4260.512821 4158.461538
4279.487179 4269.230769 4246.153846 4248.205128 4225.641026 4256.923077 4228.717949 4251.282051 4263.589744 4224.102564 4216.410256 3713.846154 4266.153846 4166.666667
4280.000000 4267.692308 4243.589744 4245.641026 4219.487179 4257.435897 4232.307692 4255.897436 4272.307692 4226.153846 4225.128205 3705.641026 4271.282051 4169.743590
4280.000000 4266.153846 4248.717949 4247.692308 4221.538462 4257.948718 4238.974359 4254.871795 4276.923077 4221.538462 4225.641026 3776.923077 4271.794872 4173.846154
4275.897436 4264.102564 4245.641026 4245.128205 4220.512821 4256.923077 4238.974359 4256.923077 4269.743590 4215.384615 4224.102564 3855.897436 4264.615385 4167.692308
4272.307692 4253.333333 4238.974359 4234.871795 4222.564103 4252.820513 4233.333333 4263.076923 4260.512821 4217.948718 4223.076923 3819.487179 4255.384615 4166.666667
4267.692308 4244.102564 4238.461538 4227.692308 4227.692308 4247.692308 4236.923077 4254.871795 4256.923077 4224.615385 4215.897436 3754.871795 4247.179487 4171.794872
4261.538462 4248.205128 4234.358974 4229.230769 4216.923077 4245.128205 4241.538462 4238.974359 4249.743590 4222.051282 4210.769231 3768.717949 4243.589744 4167.692308
4268.205128 4255.384615 4239.487179 4232.307692 4219.487179 4250.256410 4236.923077 4240.512821 4246.666667 4222.051282 4216.410256 3788.717949 4254.358974 4174.358974
4267.692308 4252.820513 4237.435897 4228.205128 4222.564103 4250.769231 4227.692308 4243.589744 4248.205128 4226.666667 4221.538462 3763.589744 4263.589744 4175.384615
4249.230769 4243.076923 4227.692308 4218.461538 4219.487179 4242.564103 4221.025641 4237.948718 4249.230769 4224.615385 4209.230769 3766.666667 4254.358974 4169.743590
4244.102564 4241.025641 4229.743590 4216.410256 4224.615385 4243.589744 4224.615385 4239.487179 4252.307692 4219.487179 4207.692308 3768.717949 4245.128205 4173.333333
4244.102564 4241.025641 4229.743590 4216.410256 4224.615385 4243.589744 4224.615385 4239.487179 4252.307692 4219.487179 4207.692308 3768.717949 4245.128205 4173.333333
4254.358974 4249.743590 4230.769231 4220.512821 4222.564103 4251.794872 4236.923077 4244.615385 4257.948718 4219.487179 4233.333333 3726.153846 4248.205128 4173.846154
4258.974359 4249.230769 4229.743590 4217.435897 4225.641026 4251.794872 4243.589744 4242.564103 4259.487179 4220.512821 4248.717949 3731.282051 4250.256410 4175.897436
4253.846154 4236.410256 4223.589744 4212.307692 4222.564103 4242.051282 4237.435897 4236.923077 4251.282051 4223.076923 4240.000000 3774.871795 4242.564103 4171.282051
4243.589744 4232.307692 4220.512821 4216.923077 4218.461538 4236.923077 4232.307692 4236.410256 4240.512821 4226.153846 4220.512821 3742.564103 4233.846154 4168.717949
4239.487179 4237.948718 4224.102564 4217.435897 4226.153846 4241.538462 4240.512821 4238.974359 4230.769231 4219.487179 4174.358974 3662.564103 4227.692308 4173.333333
4241.538462 4232.307692 4215.897436 4204.102564 4222.564103 4240.512821 4244.615385 4235.897436 4228.717949 4216.410256 4135.384615 3685.128205 4229.743590 4169.743590
4243.589744 4223.076923 4214.871795 4197.948718 4221.538462 4238.461538 4238.974359 4234.871795 4240.000000 4221.025641 4180.000000 3796.923077 4243.589744 4175.897436
4242.051282 4228.717949 4218.974359 4208.717949 4222.564103 4241.538462 4232.820513 4239.487179 4244.615385 4218.974359 4230.769231 3821.538462 4259.487179 4178.461538
4243.589744 4235.384615 4219.487179 4211.282051 4220.512821 4242.051282 4227.692308 4241.538462 4240.000000 4217.435897 4195.384615 3734.358974 4264.615385 4176.923077
4244.615385 4225.641026 4219.487179 4198.974359 4225.128205 4237.435897 4217.948718 4237.435897 4243.076923 4218.974359 4152.820513 3682.051282 4255.897436 4186.666667
4236.410256 4218.461538 4212.820513 4194.358974 4216.923077 4232.820513 4210.256410 4231.794872 4248.717949 4218.461538 4171.282051 3716.923077 4248.205128 4185.641026
4236.410256 4223.589744 4216.923077 4201.538462 4216.923077 4237.948718 4214.871795 4236.923077 4246.153846 4220.512821 4193.846154 3736.923077 4247.179487 4189.230769
4241.538462 4224.102564 4221.025641 4204.102564 4224.615385 4239.487179 4216.923077 4240.512821 4242.564103 4220.000000 4187.179487 3700.000000 4245.128205 4195.897436
4235.384615 4221.025641 4211.794872 4199.487179 4222.051282 4237.435897 4215.384615 4235.897436 4240.512821 4214.358974 4181.538462 3684.615385 4241.538462 4190.256410
4233.846154 4227.179487 4210.256410 4203.076923 4225.641026 4241.538462 4221.025641 4240.000000 4243.589744 4221.538462 4185.128205 3728.205128 4245.641026 4192.820513
4241.025641 4232.820513 4212.820513 4214.358974 4220.512821 4241.538462 4225.128205 4246.666667 4248.205128 4231.282051 4187.179487 3797.948718 4250.769231 4191.794872
4243.076923 4227.179487 4214.871795 4216.923077 4220.000000 4240.000000 4221.025641 4243.589744 4243.589744 4225.641026 4177.948718 3828.205128 4239.487179 4190.769231
4242.051282 4227.179487 4213.846154 4214.871795 4227.179487 4241.538462 4223.076923 4240.000000 4234.358974 4220.000000 4166.666667 3755.897436 4233.846154 4190.769231
4245.641026 4232.307692 4211.794872 4216.410256 4223.076923 4238.974359 4227.692308 4238.461538 4235.897436 4222.564103 4165.641026 3688.717949 4247.692308 4193.333333
4244.102564 4225.128205 4212.307692 4210.256410 4222.051282 4232.820513 4216.410256 4232.307692 4242.564103 4221.538462 4163.589744 3736.923077 4249.743590 4204.615385
4228.717949 4214.358974 4195.897436 4195.384615 4220.000000 4224.102564 4194.871795 4222.051282 4230.256410 4215.897436 4150.769231 3695.897436 4235.384615 4200.000000
4219.487179 4211.282051 4186.666667 4192.307692 4223.076923 4212.820513 4182.564103 4217.435897 4216.410256 4218.461538 4144.102564 3546.666667 4229.743590 4201.025641
4228.205128 4218.974359 4198.461538 4201.025641 4224.102564 4207.179487 4183.076923 4216.923077 4221.025641 4226.153846 4155.384615 3607.179487 4236.410256 4218.974359
4238.974359 4225.641026 4202.051282 4204.102564 4214.358974 4213.846154 4186.666667 4211.794872 4226.153846 4223.076923 4155.384615 3864.615385 4238.461538 4226.666667
4240.000000 4222.051282 4204.615385 4202.051282 4222.051282 4226.666667 4194.871795 4209.743590 4223.076923 4221.538462 4142.051282 3967.179487 4231.794872 4228.717949
4227.692308 4211.282051 4197.435897 4200.512821 4224.615385 4228.717949 4198.974359 4212.820513 4217.948718 4225.128205 4147.692308 3894.358974 4215.897436 4221.025641
4227.692308 4211.282051 4197.435897 4200.512821 4224.615385 4228.717949 4198.974359 4212.820513 4217.948718 4225.128205 4147.692308 3894.358974 4215.897436 4221.025641
4210.256410 4213.333333 4184.102564 4194.871795 4221.538462 4209.230769 4177.948718 4209.743590 4216.410256 4221.025641 4114.871795 3953.333333 4203.076923 4247.179487
4205.128205 4204.102564 4184.102564 4192.820513 4224.102564 4205.641026 4174.871795 4202.051282 4206.153846 4222.564103 4106.666667 3975.384615 4196.923077 4244.102564
4203.076923 4201.025641 4182.564103 4188.717949 4220.000000 4209.230769 4176.410256 4200.512821 4200.512821 4222.564103 4120.512821 3996.410256 4200.512821 4246.666667
4208.717949 4204.615385 4190.256410 4186.666667 4223.589744 4214.358974 4185.641026 4208.717949 4213.333333 4220.000000 4123.589744 3972.820513 4213.846154 4261.538462
4211.282051 4205.641026 4190.769231 4186.153846 4218.974359 4209.230769 4186.666667 4209.743590 4224.615385 4215.384615 4141.538462 3960.512821 4217.948718 4257.948718
4211.794872 4203.076923 4194.871795 4188.205128 4221.538462 4212.820513 4187.692308 4209.230769 4216.410256 4220.512821 4156.410256 3976.410256 4205.641026 4257.435897
4211.794872 4200.512821 4201.025641 4192.820513 4224.102564 4221.025641 4194.358974 4213.333333 4205.641026 4227.692308 4128.205128 3994.358974 4198.461538 4260.000000
4205.128205 4201.025641 4198.974359 4190.256410 4217.948718 4213.333333 4193.846154 4211.282051 4207.692308 4224.102564 4102.564103 4012.820513 4199.487179 4257.948718
4194.358974 4201.025641 4194.871795 4184.102564 4218.974359 4208.717949 4190.256410 4210.256410 4213.333333 4221.538462 4124.615385 4021.025641 4196.410256 4261.538462
4178.974359 4186.153846 4179.487179 4172.820513 4218.461538 4207.692308 4188.205128 4207.692308 4203.589744 4224.102564 4123.076923 4017.435897 4182.564103 4249.230769
4169.743590 4165.641026 4167.692308 4156.410256 4224.102564 4201.538462 4184.615385 4199.487179 4189.230769 4222.564103 4087.179487 4000.512821 4165.128205 4242.051282
4177.948718 4166.153846 4176.410256 4154.871795 4224.102564 4201.538462 4182.564103 4203.076923 4194.871795 4222.051282 4118.974359 3964.102564 4167.179487 4248.717949
4193.333333 4182.564103 4196.410256 4175.384615 4218.461538 4208.205128 4189.230769 4219.487179 4214.871795 4224.615385 4197.948718 3974.358974 4188.717949 4253.846154
4200.512821 4197.435897 4208.205128 4187.179487 4225.128205 4210.256410 4194.871795 4223.589744 4222.051282 4220.000000 4216.923077 4048.205128 4195.384615 4252.820513
4191.282051 4206.153846 4197.435897 4183.589744 4221.025641 4206.153846 4184.102564 4211.794872 4212.307692 4214.358974 4188.717949 4018.461538 4187.692308 4232.820513
4178.974359 4204.615385 4190.769231 4180.512821 4222.051282 4200.512821 4172.307692 4205.128205 4205.128205 4218.974359 4166.666667 3909.743590 4179.487179 4223.076923
4179.487179 4199.487179 4192.820513 4180.512821 4223.589744 4192.307692 4172.820513 4204.102564 4202.051282 4219.487179 4156.410256 3899.487179 4176.410256 4224.102564
4195.384615 4204.615385 4197.948718 4182.051282 4215.384615 4189.743590 4177.948718 4206.666667 4206.153846 4217.948718 4166.153846 3960.000000 4189.230769 4223.076923
4207.692308 4208.205128 4209.743590 4186.153846 4223.076923 4193.333333 4177.435897 4208.717949 4216.923077 4220.000000 4176.923077 3983.589744 4205.128205 4231.794872
4198.974359 4205.128205 4200.512821 4187.692308 4223.076923 4189.743590 4168.717949 4200.000000 4209.743590 4218.461538 4156.410256 3951.794872 4205.128205 4227.179487
4187.179487 4196.923077 4190.256410 4184.615385 4217.948718 4186.153846 4164.102564 4193.846154 4194.871795 4218.461538 4137.948718 3951.794872 4194.871795 4219.487179
4181.025641 4185.128205 4189.743590 4183.076923 4223.076923 4187.692308 4168.205128 4194.358974 4190.256410 4223.589744 4136.923077 3990.769231 4177.435897 4217.948718
4175.897436 4186.666667 4181.538462 4183.076923 4220.512821 4191.282051 4175.897436 4196.923077 4191.282051 4225.128205 4133.846154 3991.794872 4164.102564 4212.820513
4182.051282 4199.487179 4185.641026 4186.153846 4223.076923 4198.461538 4181.538462 4206.666667 4199.487179 4218.974359 4142.051282 3989.743590 4174.871795 4217.948718
4192.820513 4200.000000 4192.820513 4192.820513 4221.025641 4200.512821 4174.871795 4206.666667 4203.589744 4216.923077 4154.871795 4038.974359 4187.692308 4217.435897
4193.333333 4196.410256 4196.410256 4200.000000 4219.487179 4201.538462 4167.692308 4198.974359 4196.923077 4221.025641 4148.205128 4070.256410 4183.076923 4216.410256
4189.743590 4207.179487 4196.410256 4202.564103 4223.589744 4204.615385 4173.846154 4204.615385 4198.974359 4220.000000 4141.538462 4033.333333 4183.589744 4221.538462
4192.820513 4217.435897 4191.794872 4200.000000 4218.974359 4205.641026 4185.128205 4209.743590 4216.923077 4216.410256 4146.666667 4024.102564 4198.974359 4223.589744
4206.153846 4217.435897 4204.615385 4200.512821 4221.025641 4207.692308 4190.256410 4212.820513 4228.717949 4222.564103 4146.153846 4034.358974 4210.256410 4235.384615
4217.948718 4218.974359 4216.410256 4211.282051 4220.000000 4209.230769 4188.205128 4218.974359 4222.051282 4227.692308 4133.846154 3977.435897 4206.666667 4240.000000
4223.589744 4218.974359 4217.948718 4218.974359 4219.487179 4214.358974 4191.794872 4222.564103 4220.000000 4223.076923 4121.025641 3971.282051 4199.487179 4245.641026
4220.512821 4217.435897 4223.076923 4217.435897 4226.153846 4225.641026 4206.666667 4227.692308 4230.769231 4218.461538 4138.974359 4023.076923 4193.846154 4258.461538
4218.974359 4222.564103 4222.051282 4221.538462 4218.974359 4234.358974 4219.487179 4237.948718 4242.564103 4216.923077 4179.487179 4006.666667 4195.384615 4260.512821
4233.333333 4232.820513 4227.179487 4233.846154 4218.974359 4241.025641 4226.153846 4245.641026 4252.820513 4220.000000 4202.564103 4007.179487 4210.256410 4272.307692
4243.076923 4237.948718 4233.333333 4241.538462 4220.000000 4244.615385 4234.358974 4246.153846 4257.435897 4226.153846 4225.641026 4038.974359 4223.589744 4281.538462
4243.589744 4245.128205 4238.461538 4248.205128 4216.410256 4245.641026 4251.794872 4253.846154 4260.512821 4223.076923 4265.641026 4018.974359 4229.230769 4286.153846
4251.794872 4258.974359 4248.205128 4253.333333 4222.051282 4248.717949 4273.846154 4264.615385 4275.384615 4222.051282 4273.333333 4113.333333 4240.512821 4301.538462
4260.000000 4262.051282 4243.076923 4247.179487 4218.974359 4247.692308 4281.538462 4259.487179 4283.076923 4224.615385 4262.564103 4256.410256 4252.307692 4301.538462
4257.948718 4252.820513 4236.410256 4244.102564 4221.025641 4245.128205 4276.410256 4254.358974 4277.948718 4223.589744 4279.487179 4047.692308 4252.820513 4300.512821
4247.179487 4245.128205 4233.333333 4247.179487 4223.589744 4241.538462 4272.820513 4259.487179 4273.846154 4223.589744 4282.051282 3743.589744 4250.256410 4301.025641
4236.410256 4249.230769 4230.769231 4245.641026 4221.025641 4237.948718 4276.410256 4265.128205 4274.871795 4224.102564 4255.897436 3898.974359 4246.153846 4301.025641
4240.512821 4260.512821 4235.384615 4252.307692 4223.589744 4245.128205 4281.025641 4263.589744 4279.487179 4224.615385 4249.230769 4175.384615 4245.128205 4306.153846
4252.820513 4264.102564 4234.358974 4258.974359 4216.410256 4252.307692 4282.564103 4255.897436 4278.461538 4223.589744 4247.692308 4152.820513 4248.717949 4300.512821
4254.871795 4255.897436 4236.923077 4257.435897 4222.564103 4253.333333 4282.564103 4254.358974 4273.846154 4223.076923 4228.205128 4115.384615 4241.025641 4302.564103
4249.230769 4249.743590 4238.461538 4256.923077 4228.205128 4248.205128 4278.974359 4256.923077 4268.717949 4224.615385 4218.974359 4153.846154 4227.179487 4303.589744
4251.282051 4253.846154 4235.897436 4255.897436 4216.923077 4247.179487 4276.923077 4254.871795 4263.076923 4224.102564 4231.794872 4096.923077 4232.820513 4299.487179
4255.897436 4261.538462 4241.538462 4252.820513 4221.025641 4250.769231 4278.974359 4254.358974 4265.641026 4223.076923 4239.487179 4045.641026 4247.179487 4306.666667
4253.846154 4263.589744 4236.923077 4255.897436 4222.051282 4250.256410 4273.333333 4253.333333 4269.743590 4223.589744 4236.410256 4056.410256 4247.179487 4303.076923
4263.589744 4261.538462 4238.974359 4263.589744 4220.512821 4253.846154 4267.179487 4257.435897 4272.307692 4224.615385 4237.435897 3996.923077 4244.102564 4304.102564
4275.384615 4262.051282 4249.743590 4266.666667 4223.589744 4258.461538 4265.128205 4263.076923 4270.256410 4223.076923 4238.974359 3856.410256 4242.051282 4315.384615
4266.153846 4264.102564 4249.230769 4263.076923 4223.076923 4254.871795 4264.102564 4258.974359 4262.564103 4225.641026 4230.769231 3785.641026 4234.358974 4315.897436
4251.282051 4254.358974 4240.512821 4255.384615 4225.128205 4251.794872 4256.923077 4249.230769 4258.461538 4224.102564 4218.974359 3838.974359 4229.743590 4314.871795
4238.974359 4237.435897 4220.512821 4242.051282 4219.487179 4252.307692 4246.153846 4243.589744 4253.333333 4214.871795 4208.205128 3879.487179 4226.666667 4305.641026
4228.717949 4227.692308 4212.307692 4234.871795 4221.538462 4250.256410 4244.102564 4248.205128 4251.794872 4218.974359 4213.846154 3895.897436 4230.256410 4303.589744
4224.615385 4222.051282 4215.897436 4231.282051 4229.230769 4245.641026 4246.153846 4254.871795 4258.461538 4227.692308 4223.589744 3938.974359 4241.025641 4307.692308
4220.512821 4214.871795 4205.128205 4220.000000 4222.564103 4242.051282 4233.333333 4250.769231 4261.025641 4223.589744 4205.128205 3931.794872 4238.461538 4296.923077
4220.000000 4212.307692 4197.948718 4203.589744 4225.641026 4236.923077 4215.897436 4243.589744 4254.871795 4217.948718 4181.538462 3903.076923 4224.102564 4288.717949
4228.205128 4212.307692 4196.410256 4204.102564 4223.589744 4232.820513 4206.153846 4241.538462 4247.692308 4220.512821 4201.538462 3969.230769 4218.461538 4275.897436
4233.846154 4214.358974 4198.974359 4218.461538 4217.948718 4231.794872 4197.948718 4235.384615 4246.666667 4225.641026 4235.384615 4170.256410 4210.769231 4265.128205
4220.512821 4217.435897 4198.974359 4217.948718 4223.589744 4227.692308 4201.538462 4228.205128 4243.589744 4218.974359 4233.333333 4298.974359 4193.333333 4257.435897
4206.666667 4215.897436 4189.743590 4210.769231 4221.538462 4225.641026 4221.538462 4229.743590 4234.871795 4212.820513 4210.769231 4167.692308 4188.717949 4242.564103
4216.923077 4216.410256 4194.871795 4224.102564 4222.564103 4236.410256 4242.564103 4239.487179 4229.230769 4224.615385 4201.025641 4043.589744 4198.461538 4239.487179
4233.846154 4228.205128 4205.641026 4245.128205 4220.512821 4242.564103 4249.230769 4246.666667 4236.410256 4231.282051 4205.641026 4119.487179 4208.205128 4234.871795
4236.923077 4232.307692 4209.230769 4246.666667 4220.512821 4240.512821 4249.743590 4250.256410 4248.717949 4222.051282 4224.615385 4157.948718 4217.435897 4231.282051
4241.025641 4232.307692 4214.871795 4240.512821 4227.179487 4245.128205 4257.435897 4252.307692 4256.923077 4220.512821 4274.871795 4135.384615 4228.205128 4233.333333
4253.846154 4244.102564 4222.051282 4245.641026 4219.487179 4249.230769 4268.717949 4254.871795 4262.564103 4227.692308 4324.102564 4236.410256 4239.487179 4227.179487
4260.512821 4246.666667 4229.230769 4250.769231 4220.512821 4249.230769 4271.282051 4255.897436 4265.641026 4222.564103 4317.435897 4344.102564 4236.923077 4225.641026
4246.666667 4230.769231 4218.461538 4246.153846 4223.076923 4248.205128 4261.538462 4248.205128 4255.384615 4213.333333 4277.948718 4271.794872 4222.051282 4213.846154
4231.794872 4226.153846 4210.769231 4245.641026 4221.025641 4249.743590 4259.487179 4245.641026 4245.128205 4220.000000 4261.025641 4070.769231 4215.384615 4198.974359
4230.769231 4236.923077 4217.948718 4249.230769 4226.153846 4248.717949 4265.641026 4251.282051 4255.384615 4222.564103 4272.307692 4109.743590 4218.461538 4198.461538
4223.589744 4231.282051 4208.717949 4239.487179 4218.974359 4240.000000 4258.974359 4243.589744 4262.051282 4214.871795 4294.358974 4505.128205 4220.000000 4187.692308
4222.051282 4216.410256 4206.666667 4231.282051 4217.948718 4239.487179 4250.769231 4239.487179 4256.923077 4217.948718 4305.641026 4765.128205 4223.589744 4179.487179
4237.435897 4223.589744 4218.461538 4242.051282 4223.076923 4243.589744 4254.358974 4251.282051 4260.512821 4225.128205 4289.230769 4657.435897 4233.846154 4175.384615
4234.871795 4232.820513 4216.410256 4244.615385 4221.025641 4236.410256 4262.051282 4251.282051 4260.512821 4223.076923 4267.179487 4434.358974 4233.846154 4167.692308
4211.282051 4221.538462 4205.128205 4225.128205 4223.076923 4227.692308 4264.102564 4236.923077 4244.102564 4218.461538 4253.333333 4230.256410 4213.846154 4161.025641
4203.589744 4208.717949 4195.384615 4218.461538 4216.923077 4225.641026 4261.025641 4229.230769 4227.692308 4217.435897 4244.615385 4035.384615 4204.102564 4143.589744
4222.051282 4215.384615 4207.692308 4231.282051 4220.512821 4228.717949 4257.435897 4231.794872 4227.692308 4220.000000 4260.512821 3984.615385 4212.820513 4140.512821
4240.000000 4228.205128 4224.615385 4237.435897 4225.128205 4231.282051 4257.435897 4232.820513 4233.333333 4225.128205 4279.487179 3994.358974 4223.589744 4141.538462
4236.410256 4229.743590 4222.051282 4232.307692 4218.974359 4232.820513 4262.051282 4233.846154 4234.358974 4225.128205 4262.051282 3981.538462 4217.948718 4130.256410
4217.435897 4217.435897 4213.846154 4223.076923 4224.615385 4232.820513 4267.179487 4234.871795 4232.820513 4219.487179 4233.333333 3995.384615 4203.076923 4125.641026
4204.615385 4201.025641 4202.564103 4213.846154 4222.051282 4227.692308 4261.538462 4226.666667 4227.692308 4214.358974 4219.487179 4006.666667 4204.615385 4112.820513
4208.205128 4197.948718 4199.487179 4213.846154 4221.025641 4223.589744 4245.128205 4221.025641 4225.641026 4218.974359 4207.179487 4154.871795 4214.871795 4103.076923
4212.307692 4208.205128 4202.564103 4221.025641 4225.128205 4221.025641 4231.794872 4224.615385 4227.179487 4224.615385 4199.487179 4268.717949 4217.435897 4096.410256
4211.794872 4216.923077 4206.153846 4221.025641 4218.974359 4218.461538 4218.974359 4227.692308 4229.743590 4223.076923 4215.384615 4145.641026 4225.641026 4087.692308
4218.461538 4216.923077 4213.333333 4216.410256 4222.051282 4220.000000 4206.153846 4227.692308 4234.358974 4218.461538 4226.666667 4032.307692 4234.358974 4089.230769
4230.256410 4217.435897 4212.307692 4221.538462 4221.025641 4220.512821 4201.538462 4222.051282 4229.743590 4215.897436 4223.076923 4074.871795 4225.128205 4077.948718
4231.282051 4220.512821 4213.333333 4228.205128 4220.512821 4220.512821 4200.000000 4215.897436 4217.948718 4218.974359 4238.461538 4162.564103 4212.307692 4066.153846
4210.256410 4205.128205 4211.282051 4214.358974 4224.615385 4217.948718 4194.358974 4215.384615 4207.692308 4223.589744 4260.512821 4136.410256 4204.102564 4064.102564
4185.641026 4185.128205 4196.410256 4194.871795 4221.025641 4215.384615 4192.307692 4214.871795 4207.179487 4224.615385 4249.230769 3964.102564 4197.948718 4052.307692
4196.410256 4191.794872 4203.076923 4197.435897 4224.615385 4221.538462 4200.512821 4219.487179 4217.948718 4221.025641 4231.282051 3810.769231 4200.512821 4044.102564
4221.025641 4208.205128 4216.923077 4211.282051 4219.487179 4226.666667 4207.692308 4226.153846 4220.512821 4215.384615 4240.512821 3835.384615 4203.589744 4032.820513
4228.205128 4213.333333 4222.051282 4220.000000 4217.948718 4222.051282 4206.666667 4225.641026 4214.358974 4217.435897 4249.230769 3857.948718 4203.589744 4025.641026
4223.589744 4216.923077 4224.615385 4222.564103 4225.128205 4214.358974 4201.025641 4216.923077 4212.307692 4224.102564 4239.487179 3764.615385 4208.717949 4021.538462
4215.384615 4216.923077 4218.461538 4216.923077 4218.974359 4209.743590 4203.589744 4209.230769 4207.179487 4222.051282 4228.717949 3742.564103 4211.794872 4007.692308
4208.205128 4203.076923 4211.794872 4209.743590 4220.512821 4212.820513 4220.000000 4208.717949 4196.923077 4220.512821 4224.102564 3843.589744 4202.051282 4002.564103
4192.820513 4184.615385 4193.846154 4196.410256 4221.538462 4211.794872 4220.000000 4206.153846 4183.076923 4227.692308 4213.846154 3844.615385 4180.512821 3989.230769
4176.923077 4174.871795 4182.051282 4183.076923 4220.000000 4211.794872 4206.153846 4207.179487 4180.000000 4227.179487 4195.897436 3670.769231 4168.717949 3976.923077
4186.153846 4184.102564 4195.897436 4189.230769 4225.128205 4220.512821 4206.153846 4215.384615 4197.435897 4216.923077 4212.307692 3548.717949 4179.487179 3983.076923
4206.153846 4200.000000 4205.128205 4200.512821 4218.461538 4220.512821 4211.282051 4212.820513 4206.666667 4214.871795 4249.743590 3621.025641 4187.179487 3983.589744
4211.282051 4202.564103 4207.179487 4207.179487 4218.974359 4214.358974 4204.102564 4207.179487 4201.538462 4221.025641 4240.512821 3778.461538 4187.179487 3986.153846
4206.666667 4205.641026 4207.692308 4214.358974 4223.076923 4213.333333 4191.794872 4211.282051 4202.051282 4218.461538 4204.102564 3838.461538 4194.358974 3990.769231
4210.256410 4215.897436 4208.717949 4212.820513 4221.538462 4214.871795 4192.307692 4215.897436 4209.230769 4216.410256 4197.948718 3871.282051 4201.538462 4006.153846
4210.769231 4211.282051 4212.820513 4202.051282 4222.051282 4212.307692 4200.000000 4212.820513 4211.794872 4224.102564 4200.512821 4007.692308 4198.974359 4027.179487
4203.589744 4198.461538 4206.666667 4199.487179 4216.410256 4214.358974 4197.435897 4207.179487 4208.205128 4226.153846 4202.564103 4146.153846 4199.487179 4026.666667
4204.615385 4200.000000 4208.205128 4206.666667 4221.538462 4222.051282 4202.051282 4207.692308 4207.692308 4220.512821 4212.307692 4195.384615 4197.435897 4034.358974
4208.205128 4203.589744 4212.307692 4211.794872 4225.641026 4217.435897 4229.230769 4210.256410 4208.205128 4221.025641 4206.153846 4192.307692 4197.948718 4053.333333
4212.307692 4204.102564 4211.794872 4211.794872 4218.974359 4207.692308 4254.871795 4208.717949 4207.692308 4225.128205 4196.923077 4128.205128 4209.230769 4066.666667
4222.564103 4210.256410 4218.974359 4209.230769 4223.589744 4210.256410 4247.179487 4210.769231 4211.794872 4220.000000 4203.589744 3953.333333 4213.333333 4078.974359
4223.076923 4211.794872 4217.435897 4210.769231 4220.000000 4216.923077 4213.333333 4218.461538 4218.461538 4213.333333 4201.025641 3887.692308 4210.769231 4085.641026
4217.948718 4209.743590 4215.897436 4216.410256 4218.974359 4221.538462 4191.282051 4227.179487 4223.589744 4220.512821 4198.461538 3977.435897 4214.358974 4102.051282
4222.564103 4211.794872 4220.000000 4215.384615 4222.051282 4223.589744 4189.230769 4228.717949 4225.128205 4226.153846 4210.256410 4018.974359 4217.948718 4114.871795
4228.205128 4217.948718 4222.051282 4214.358974 4217.435897 4225.128205 4189.743590 4227.179487 4231.282051 4220.000000 4207.692308 4066.153846 4214.358974 4115.897436
4221.538462 4225.128205 4220.512821 4219.487179 4222.564103 4229.230769 4183.589744 4229.230769 4241.025641 4222.051282 4198.461538 4187.179487 4214.358974 4130.256410
4215.384615 4230.256410 4212.307692 4224.615385 4221.025641 4234.871795 4180.000000 4230.769231 4246.153846 4228.205128 4205.641026 4262.564103 4225.128205 4137.948718
4229.230769 4236.410256 4220.000000 4232.307692 4220.000000 4235.897436 4183.076923 4236.410256 4251.282051 4225.128205 4216.923077 4253.846154 4232.820513 4147.179487
4246.153846 4245.128205 4235.897436 4241.538462 4225.128205 4235.897436 4187.692308 4245.128205 4255.897436 4225.641026 4218.461538 4272.820513 4232.307692 4159.487179
4246.153846 4249.743590 4235.384615 4243.589744 4221.538462 4238.974359 4190.256410 4246.153846 4259.487179 4228.205128 4220.000000 4313.846154 4236.410256 4161.025641
4246.666667 4248.717949 4240.000000 4246.153846 4224.102564 4244.615385 4194.358974 4249.230769 4262.564103 4225.641026 4231.794872 4273.846154 4248.717949 4165.641026
4252.820513 4252.307692 4243.076923 4256.410256 4220.000000 4243.589744 4195.384615 4252.307692 4257.435897 4223.589744 4255.384615 4172.820513 4253.333333 4163.589744
4258.461538 4258.974359 4249.230769 4263.076923 4218.974359 4245.128205 4192.820513 4254.358974 4257.948718 4222.051282 4281.538462 4142.051282 4251.282051 4160.512821
4268.205128 4266.153846 4262.051282 4267.179487 4225.128205 4256.923077 4195.384615 4262.564103 4273.846154 4222.564103 4281.025641 4246.153846 4260.512821 4161.538462
4273.333333 4275.897436 4263.076923 4273.846154 4220.000000 4262.051282 4203.589744 4265.128205 4284.102564 4224.615385 4258.461538 4325.641026 4266.666667 4163.076923
4267.179487 4273.846154 4260.000000 4273.333333 4222.564103 4257.948718 4205.128205 4257.435897 4276.410256 4225.641026 4241.025641 4313.333333 4255.897436 4176.923077
4258.974359 4261.538462 4252.820513 4265.128205 4222.564103 4251.794872 4198.461538 4252.307692 4260.000000 4225.128205 4238.461538 4247.179487 4243.589744 4183.589744
4259.487179 4256.923077 4250.256410 4263.589744 4220.000000 4250.769231 4195.384615 4252.307692 4253.333333 4226.153846 4247.692308 4203.076923 4240.512821 4192.307692
4264.102564 4262.564103 4252.820513 4267.179487 4223.076923 4253.846154 4197.435897 4246.666667 4257.948718 4222.564103 4247.179487 4171.794872 4242.564103 4208.205128
4258.461538 4260.000000 4245.128205 4262.051282 4219.487179 4254.871795 4196.923077 4241.538462 4255.897436 4220.000000 4231.794872 4085.641026 4246.666667 4213.333333
4253.333333 4250.769231 4247.692308 4253.333333 4224.102564 4254.358974 4202.564103 4252.307692 4254.871795 4222.051282 4226.666667 4090.769231 4246.153846 4229.743590
4255.384615 4246.153846 4252.820513 4253.846154 4224.615385 4254.358974 4211.282051 4265.128205 4265.128205 4217.435897 4235.897436 4169.743590 4248.717949 4242.051282
4250.256410 4244.615385 4249.230769 4258.974359 4223.589744 4257.435897 4215.897436 4266.153846 4273.333333 4216.410256 4236.410256 4186.153846 4257.435897 4245.128205
4238.974359 4245.128205 4243.589744 4254.358974 4227.692308 4255.384615 4215.384615 4262.051282 4274.871795 4225.128205 4230.769231 4205.128205 4262.051282 4254.871795
4246.153846 4247.692308 4238.974359 4245.128205 4216.410256 4245.128205 4204.102564 4252.820513 4270.769231 4225.641026 4228.205128 4324.102564 4261.538462 4258.974359
4258.461538 4248.717949 4246.666667 4247.692308 4218.974359 4240.512821 4190.769231 4244.102564 4261.538462 4219.487179 4234.871795 4407.179487 4252.820513 4262.051282
4247.692308 4252.820513 4245.128205 4252.820513 4225.641026 4237.435897 4185.641026 4240.000000 4253.846154 4222.051282 4254.358974 4276.923077 4237.435897 4257.435897
4238.461538 4261.025641 4237.435897 4253.333333 4221.025641 4235.897436 4188.205128 4241.025641 4255.384615 4227.179487 4249.230769 4131.282051 4235.384615 4257.435897
4247.179487 4258.461538 4245.641026 4257.435897 4225.128205 4241.538462 4193.333333 4238.461538 4252.820513 4218.461538 4211.794872 4127.692308 4244.102564 4268.717949
4246.666667 4249.230769 4248.717949 4264.102564 4223.076923 4242.564103 4192.820513 4230.769231 4237.948718 4214.871795 4199.487179 4179.487179 4246.153846 4260.000000
4244.615385 4248.717949 4251.794872 4265.641026 4225.641026 4242.051282 4190.256410 4234.358974 4242.564103 4221.538462 4220.000000 4257.948718 4247.179487 4255.897436
4250.256410 4251.282051 4252.307692 4261.538462 4224.615385 4242.564103 4192.307692 4241.025641 4254.871795 4219.487179 4224.615385 4299.487179 4252.820513 4258.461538
4247.692308 4249.743590 4247.179487 4261.538462 4221.025641 4242.564103 4199.487179 4237.435897 4246.666667 4213.846154 4235.384615 4241.538462 4250.769231 4252.307692
4243.076923 4249.230769 4248.205128 4266.666667 4228.717949 4244.615385 4203.589744 4237.948718 4239.487179 4220.000000 4270.256410 4282.051282 4242.564103 4249.230769
4237.948718 4248.205128 4237.948718 4262.051282 4223.589744 4240.512821 4194.358974 4238.974359 4242.051282 4225.641026 4263.589744 4455.897436 4236.923077 4240.000000
4227.179487 4243.076923 4230.769231 4250.769231 4223.076923 4234.358974 4187.179487 4230.769231 4240.512821 4223.589744 4214.871795 4501.025641 4225.641026 4237.435897
4217.435897 4242.564103 4233.333333 4244.615385 4225.641026 4235.897436 4189.743590 4229.230769 4236.923077 4223.589744 4194.358974 4457.435897 4214.358974 4238.974359
4225.128205 4249.743590 4235.384615 4250.256410 4220.000000 4234.871795 4187.179487 4233.333333 4237.435897 4225.128205 4196.923077 4420.512821 4220.512821 4245.128205
4245.128205 4250.256410 4238.974359 4251.282051 4226.666667 4228.717949 4181.025641 4229.230769 4235.897436 4224.615385 4188.717949 4350.256410 4232.307692 4264.615385
4241.538462 4235.897436 4230.256410 4233.333333 4224.615385 4221.025641 4175.897436 4216.923077 4224.615385 4225.641026 4180.000000 4319.487179 4222.564103 4266.666667
4223.589744 4228.205128 4225.641026 4219.487179 4220.000000 4215.897436 4177.948718 4213.333333 4218.974359 4224.102564 4184.615385 4292.307692 4211.282051 4268.717949
4223.076923 4231.282051 4232.820513 4226.153846 4222.564103 4215.897436 4189.230769 4218.461538 4225.641026 4217.948718 4192.307692 4173.333333 4220.512821 4276.923077
4223.589744 4225.641026 4231.282051 4231.794872 4222.564103 4217.948718 4195.897436 4219.487179 4229.743590 4217.435897 4197.948718 4191.794872 4231.794872 4275.897436
4213.333333 4212.820513 4229.743590 4229.230769 4228.717949 4216.923077 4189.743590 4222.051282 4231.282051 4220.512821 4203.076923 4349.230769 4230.256410 4282.051282
4212.307692 4214.871795 4228.205128 4231.794872 4223.076923 4208.717949 4186.666667 4224.102564 4230.769231 4215.897436 4196.410256 4252.820513 4222.051282 4284.102564
4217.435897 4227.692308 4231.794872 4234.358974 4221.025641 4206.153846 4192.820513 4227.692308 4223.589744 4215.384615 4177.948718 4127.179487 4213.333333 4289.743590
4211.794872 4225.641026 4233.333333 4230.769231 4227.179487 4208.205128 4188.205128 4221.025641 4212.307692 4225.641026 4170.256410 4167.179487 4206.153846 4296.410256
4206.153846 4215.897436 4223.076923 4229.743590 4219.487179 4205.128205 4179.487179 4204.615385 4203.589744 4230.256410 4176.410256 4071.282051 4203.076923 4285.128205
4211.282051 4216.410256 4225.641026 4232.820513 4221.538462 4207.179487 4182.051282 4207.692308 4207.179487 4223.076923 4177.948718 4071.794872 4208.205128 4283.589744
4212.307692 4218.974359 4230.769231 4232.820513 4224.102564 4209.230769 4193.333333 4217.948718 4214.358974 4217.948718 4173.846154 4252.307692 4215.897436 4285.641026
4212.307692 4221.538462 4229.743590 4228.205128 4221.025641 4207.692308 4196.923077 4214.358974 4215.897436 4221.538462 4175.897436 4171.282051 4215.897436 4283.076923
4226.666667 4231.794872 4233.333333 4234.358974 4225.641026 4205.128205 4186.666667 4209.743590 4213.846154 4221.025641 4185.128205 3950.769231 4221.538462 4280.512821
4240.000000 4238.461538 4234.358974 4245.128205 4222.564103 4203.589744 4182.564103 4213.333333 4210.256410 4215.897436 4189.230769 3900.512821 4233.846154 4275.384615
4231.794872 4227.692308 4234.871795 4238.974359 4223.589744 4198.461538 4188.205128 4213.333333 4206.666667 4222.051282 4186.666667 3874.871795 4230.256410 4278.461538
4221.025641 4223.076923 4228.717949 4226.153846 4222.564103 4191.794872 4185.128205 4210.769231 4208.717949 4229.230769 4196.410256 3853.846154 4226.153846 4273.846154
4228.717949 4227.179487 4229.230769 4228.717949 4220.000000 4195.897436 4182.051282 4214.871795 4216.923077 4225.128205 4205.128205 3937.948718 4235.384615 4268.717949
4227.692308 4223.589744 4231.282051 4236.410256 4224.615385 4201.025641 4186.153846 4212.820513 4215.897436 4216.923077 4202.051282 4029.230769 4228.717949 4261.538462
4207.692308 4212.820513 4215.384615 4226.666667 4220.000000 4195.897436 4184.615385 4203.589744 4202.051282 4216.410256 4203.076923 4109.230769 4205.641026 4244.102564
4206.153846 4211.794872 4216.410256 4216.923077 4222.564103 4197.435897 4185.641026 4205.641026 4193.333333 4220.512821 4201.025641 4178.974359 4195.384615 4246.666667
4217.948718 4216.410256 4222.051282 4221.538462 4221.538462 4203.589744 4193.846154 4207.692308 4194.358974 4218.974359 4192.820513 4240.000000 4197.435897 4245.641026
4221.025641 4214.871795 4217.948718 4223.076923 4216.410256 4201.025641 4197.435897 4198.974359 4196.410256 4218.461538 4207.179487 4392.820513 4206.666667 4235.897436
4227.692308 4213.846154 4223.589744 4217.435897 4223.589744 4198.974359 4195.897436 4201.025641 4200.512821 4220.512821 4233.846154 4453.333333 4216.923077 4240.000000
4225.641026 4213.333333 4224.615385 4218.461538 4221.538462 4202.564103 4186.153846 4208.717949 4204.102564 4217.435897 4225.128205 4309.743590 4209.230769 4234.871795
4206.666667 4206.153846 4221.025641 4217.435897 4222.051282 4207.179487 4174.871795 4210.769231 4207.692308 4217.948718 4209.743590 4170.256410 4194.871795 4230.769231
4193.333333 4195.897436 4213.333333 4203.076923 4223.076923 4204.615385 4170.769231 4211.282051 4207.179487 4224.102564 4228.205128 4114.358974 4201.538462 4232.307692
4195.897436 4188.205128 4206.153846 4193.846154 4217.435897 4196.410256 4165.128205 4213.846154 4208.717949 4223.589744 4236.410256 4138.974359 4209.230769 4230.256410
4200.512821 4184.102564 4210.769231 4196.923077 4223.076923 4195.384615 4161.025641 4215.384615 4208.717949 4218.461538 4201.025641 4175.384615 4203.589744 4230.256410
4198.461538 4190.256410 4207.179487 4202.051282 4220.512821 4194.871795 4159.487179 4210.256410 4198.974359 4215.384615 4168.205128 4125.128205 4201.025641 4221.025641
4201.538462 4199.487179 4204.102564 4201.538462 4220.000000 4193.846154 4158.974359 4200.512821 4191.794872 4216.923077 4166.153846 4083.076923 4196.923077 4221.538462
4206.666667 4199.487179 4210.256410 4197.435897 4222.051282 4197.435897 4164.102564 4193.846154 4190.256410 4224.102564 4169.230769 4140.000000 4190.256410 4229.743590
4206.153846 4196.923077 4215.384615 4200.000000 4216.923077 4202.051282 4168.717949 4195.897436 4190.256410 4224.102564 4169.743590 4259.487179 4195.897436 4229.230769
4204.102564 4198.461538 4215.897436 4205.641026 4222.051282 4198.461538 4165.128205 4197.948718 4192.820513 4220.512821 4170.256410 4346.666667 4198.974359 4230.256410
4200.000000 4200.000000 4208.205128 4201.538462 4220.512821 4189.743590 4158.461538 4190.769231 4190.769231 4224.615385 4174.358974 4311.794872 4194.358974 4227.179487
4204.102564 4206.153846 4213.846154 4202.564103 4221.025641 4190.256410 4162.051282 4193.333333 4192.820513 4225.128205 4186.153846 4281.538462 4200.512821 4233.846154
4207.692308 4207.179487 4220.000000 4207.179487 4225.128205 4193.846154 4162.564103 4197.435897 4198.461538 4217.435897 4182.564103 4361.025641 4208.717949 4234.871795
4190.256410 4190.256410 4200.000000 4190.256410 4218.974359 4184.102564 4145.128205 4183.076923 4179.487179 4217.948718 4180.512821 4346.666667 4194.871795 4223.076923
4164.615385 4168.717949 4183.076923 4165.641026 4222.051282 4172.307692 4131.794872 4172.307692 4151.794872 4221.025641 4207.692308 4204.615385 4171.282051 4223.589744
4148.717949 4156.410256 4171.794872 4153.333333 4220.512821 4171.794872 4139.487179 4174.871795 4146.666667 4217.948718 4213.333333 4177.948718 4155.897436 4217.435897
4150.256410 4154.358974 4169.230769 4150.256410 4219.487179 4180.512821 4157.948718 4181.025641 4156.410256 4218.974359 4175.897436 4134.871795 4148.205128 4214.871795
4168.717949 4163.076923 4182.051282 4157.435897 4224.615385 4184.102564 4166.666667 4187.692308 4168.205128 4219.487179 4167.179487 3939.487179 4160.000000 4226.666667
4185.641026 4178.974359 4194.358974 4177.948718 4218.974359 4180.000000 4166.153846 4189.230769 4175.897436 4214.871795 4194.871795 3996.923077 4183.589744 4231.794872
4186.153846 4186.666667 4204.615385 4191.282051 4223.589744 4179.487179 4168.717949 4187.692308 4180.000000 4219.487179 4200.512821 4306.153846 4187.692308 4238.461538
4181.025641 4191.282051 4198.461538 4189.230769 4223.589744 4184.102564 4172.820513 4188.717949 4185.128205 4225.641026 4191.282051 4410.256410 4181.538462 4233.333333
4185.128205 4201.025641 4195.384615 4187.692308 4217.435897 4187.179487 4175.897436 4194.871795 4195.384615 4220.000000 4200.000000 4317.948718 4195.384615 4228.717949
4188.205128 4200.000000 4203.076923 4186.666667 4221.025641 4183.589744 4171.282051 4197.948718 4192.820513 4219.487179 4206.666667 4220.000000 4203.589744 4236.923077
4179.487179 4186.666667 4197.435897 4180.000000 4220.000000 4175.897436 4164.615385 4191.794872 4177.435897 4228.205128 4189.230769 4197.948718 4191.794872 4233.846154
4180.000000 4180.512821 4195.384615 4174.871795 4225.128205 4177.948718 4167.692308 4187.692308 4178.974359 4224.102564 4173.333333 4297.435897 4189.743590 4233.846154
4191.282051 4190.769231 4200.000000 4181.025641 4223.589744 4184.615385 4173.846154 4188.717949 4187.692308 4215.384615 4163.589744 4365.641026 4193.333333 4232.820513
4183.076923 4197.948718 4192.307692 4178.461538 4220.512821 4191.794872 4188.205128 4207.179487 4200.000000 4226.666667 4214.358974 4240.512821 4195.897436 4226.153846
4206.666667 4212.820513 4207.692308 4191.282051 4220.512821 4192.820513 4190.769231 4206.666667 4210.256410 4222.051282 4216.410256 4292.307692 4211.282051 4229.230769
4222.051282 4218.974359 4218.461538 4198.974359 4220.512821 4197.948718 4193.333333 4212.820513 4212.820513 4224.615385 4213.846154 4294.358974 4223.589744 4227.179487
4224.615385 4225.128205 4223.076923 4206.666667 4215.384615 4204.102564 4197.948718 4217.435897 4217.948718 4225.128205 4211.794872 4298.461538 4228.717949 4218.974359
4232.820513 4235.897436 4236.410256 4219.487179 4224.102564 4207.692308 4207.179487 4227.179487 4236.410256 4224.615385 4227.692308 4329.230769 4232.820513 4224.615385
4240.512821 4243.076923 4237.948718 4226.666667 4222.564103 4206.666667 4212.820513 4234.871795 4239.487179 4226.666667 4239.487179 4304.615385 4242.564103 4218.974359
4241.025641 4244.102564 4232.820513 4220.512821 4221.025641 4206.153846 4206.666667 4229.230769 4229.230769 4223.589744 4241.025641 4287.692308 4249.743590 4212.307692
4244.102564 4245.641026 4231.282051 4221.025641 4223.589744 4213.846154 4208.717949 4230.256410 4234.871795 4218.461538 4257.435897 4295.384615 4249.230769 4205.641026
4248.205128 4251.794872 4238.461538 4232.820513 4220.512821 4226.153846 4224.615385 4244.615385 4245.641026 4220.000000 4281.538462 4283.076923 4248.205128 4194.871795
4245.641026 4250.769231 4246.666667 4229.230769 4226.153846 4228.717949 4227.692308 4246.153846 4243.076923 4225.128205 4275.897436 4310.256410 4243.589744 4191.794872
4241.538462 4237.948718 4233.846154 4214.871795 4220.512821 4221.538462 4219.487179 4233.846154 4236.410256 4222.564103 4260.000000 4327.179487 4231.794872 4178.461538
4240.000000 4226.153846 4225.641026 4210.769231 4217.948718 4220.000000 4222.051282 4232.820513 4235.384615 4220.512821 4263.589744 4225.128205 4222.051282 4169.230769
4221.538462 4217.435897 4221.025641 4206.153846 4224.102564 4215.897436 4221.025641 4235.897436 4227.179487 4222.051282 4267.179487 4169.743590 4216.410256 4162.564103
4195.384615 4208.717949 4206.666667 4192.307692 4218.461538 4208.205128 4212.307692 4230.769231 4222.051282 4223.076923 4262.564103 4256.410256 4213.333333 4149.743590
4191.282051 4211.282051 4206.153846 4191.794872 4220.000000 4209.743590 4215.897436 4228.205128 4231.794872 4221.538462 4258.461538 4280.000000 4214.871795 4151.794872
4196.410256 4217.948718 4202.051282 4197.435897 4221.025641 4208.205128 4214.358974 4224.102564 4232.307692 4218.974359 4264.102564 4193.333333 4216.410256 4151.282051
4195.897436 4207.692308 4192.307692 4187.692308 4221.538462 4203.076923 4201.025641 4221.538462 4221.025641 4220.512821 4264.615385 4158.461538 4216.923077 4152.820513
4193.333333 4200.000000 4196.923077 4180.512821 4223.589744 4204.102564 4204.102564 4227.179487 4220.512821 4224.102564 4250.256410 4194.358974 4215.384615 4158.461538
4193.333333 4211.282051 4202.051282 4185.641026 4216.923077 4211.282051 4224.102564 4232.820513 4227.692308 4223.589744 4240.512821 4209.743590 4213.846154 4162.051282
4205.641026 4220.512821 4209.230769 4195.384615 4223.076923 4224.102564 4234.358974 4238.461538 4234.871795 4224.102564 4245.641026 4192.820513 4223.076923 4180.512821
4219.487179 4219.487179 4215.897436 4204.615385 4225.641026 4227.692308 4228.717949 4237.435897 4234.358974 4224.615385 4253.846154 4188.717949 4232.307692 4192.820513
4224.102564 4223.076923 4227.692308 4215.384615 4221.538462 4226.153846 4228.717949 4236.923077 4232.307692 4222.564103 4262.051282 4257.435897 4227.692308 4199.487179
4231.282051 4230.769231 4242.564103 4225.128205 4222.564103 4235.384615 4240.512821 4243.589744 4243.076923 4224.615385 4277.948718 4326.153846 4225.128205 4212.307692
4236.923077 4235.897436 4242.564103 4229.230769 4216.923077 4239.487179 4244.615385 4238.974359 4250.769231 4228.205128 4292.307692 4320.512821 4233.846154 4217.948718
4246.153846 4245.641026 4246.666667 4235.897436 4220.512821 4233.333333 4237.948718 4233.846154 4242.051282 4223.589744 4284.102564 4315.897436 4237.948718 4226.153846
4256.410256 4249.230769 4252.820513 4243.076923 4222.564103 4230.769231 4231.794872 4234.358974 4231.794872 4220.512821 4264.615385 4271.282051 4235.384615 4226.153846
4252.307692 4239.487179 4253.333333 4238.974359 4220.000000 4230.769231 4227.179487 4229.743590 4229.743590 4224.615385 4260.000000 4233.333333 4230.769231 4221.538462
4242.051282 4234.871795 4250.256410 4228.205128 4224.615385 4231.282051 4225.641026 4224.102564 4231.282051 4220.000000 4267.179487 4202.564103 4226.153846 4225.641026
4241.025641 4232.307692 4241.025641 4221.538462 4217.948718 4230.256410 4224.615385 4221.538462 4227.692308 4216.410256 4262.564103 4016.410256 4231.282051 4220.512821
4242.564103 4222.051282 4241.538462 4217.948718 4217.948718 4226.153846 4218.974359 4218.974359 4215.384615 4221.538462 4247.692308 3941.025641 4233.846154 4219.487179
4230.769231 4214.871795 4235.897436 4211.794872 4221.025641 4220.000000 4216.410256 4216.410256 4207.179487 4216.410256 4239.487179 4142.564103 4226.666667 4216.923077
4219.487179 4217.435897 4223.076923 4208.205128 4216.410256 4227.692308 4228.717949 4223.589744 4221.025641 4216.923077 4236.923077 4233.333333 4226.666667 4208.205128
4220.512821 4222.051282 4225.128205 4208.717949 4221.538462 4237.948718 4240.512821 4235.384615 4240.512821 4230.256410 4244.615385 4137.948718 4231.794872 4210.769231
