4270.256410 4243.076923 4286.666667 4231.794872 4218.461538 4218.461538 4349.743590 4215.897436 4242.564103 4224.615385 4224.615385 4237.948718 4262.051282 4223.589744
4267.179487 4234.871795 4284.102564 4238.461538 4223.589744 4221.025641 4349.743590 4214.358974 4245.128205 4219.487179 4224.615385 4230.256410 4256.923077 4227.179487
4261.538462 4232.820513 4279.487179 4233.846154 4222.564103 4219.487179 4350.256410 4218.461538 4244.102564 4215.384615 4214.871795 4222.051282 4249.743590 4225.641026
4250.256410 4232.820513 4276.410256 4233.333333 4224.102564 4217.435897 4347.692308 4223.076923 4243.589744 4218.974359 4207.179487 4218.461538 4237.948718 4225.128205
4248.205128 4231.282051 4276.923077 4232.820513 4221.538462 4218.974359 4348.205128 4228.717949 4253.333333 4218.461538 4219.487179 4222.564103 4247.179487 4224.615385
4243.589744 4225.641026 4272.820513 4233.846154 4217.948718 4219.487179 4345.128205 4230.769231 4253.333333 4217.948718 4225.128205 4220.512821 4255.897436 4221.025641
4230.769231 4222.564103 4267.692308 4239.487179 4226.666667 4222.564103 4334.871795 4217.948718 4242.564103 4219.487179 4207.692308 4201.025641 4235.897436 4223.076923
4235.384615 4229.230769 4267.692308 4231.794872 4219.487179 4222.564103 4328.205128 4207.179487 4243.589744 4217.948718 4208.717949 4197.948718 4233.846154 4221.538462
4235.384615 4227.692308 4267.692308 4234.358974 4220.512821 4220.000000 4325.128205 4203.076923 4246.666667 4218.461538 4208.717949 4200.000000 4234.358974 4218.974359
4225.128205 4223.589744 4262.051282 4235.384615 4224.102564 4220.000000 4321.025641 4207.692308 4242.051282 4218.974359 4203.589744 4200.000000 4231.282051 4213.846154
4224.615385 4224.615385 4260.512821 4228.717949 4214.871795 4217.948718 4317.948718 4210.769231 4241.025641 4217.948718 4209.230769 4200.000000 4235.384615 4208.717949
4224.102564 4224.615385 4266.153846 4236.923077 4223.589744 4221.025641 4316.923077 4205.641026 4244.102564 4218.461538 4203.076923 4186.666667 4224.102564 4213.846154
4225.128205 4225.641026 4263.076923 4232.820513 4222.564103 4222.564103 4318.461538 4215.384615 4244.615385 4218.461538 4198.461538 4184.615385 4223.076923 4210.769231
4227.692308 4226.666667 4259.487179 4234.871795 4219.487179 4222.051282 4319.487179 4218.461538 4244.615385 4218.461538 4201.025641 4188.717949 4227.692308 4209.230769
4234.358974 4237.435897 4274.358974 4241.538462 4224.615385 4220.512821 4319.487179 4213.333333 4245.128205 4218.974359 4215.897436 4198.461538 4234.358974 4214.871795
4232.307692 4233.846154 4278.974359 4230.769231 4216.923077 4215.897436 4313.846154 4216.923077 4244.615385 4218.974359 4226.153846 4208.717949 4243.076923 4212.307692
4214.358974 4215.897436 4267.692308 4233.333333 4223.589744 4216.923077 4309.230769 4213.846154 4242.051282 4217.948718 4207.692308 4191.282051 4224.615385 4211.282051
4210.256410 4221.025641 4266.153846 4233.333333 4223.589744 4217.435897 4312.307692 4215.384615 4245.641026 4218.974359 4206.153846 4187.692308 4218.461538 4210.769231
4223.589744 4232.307692 4277.948718 4233.846154 4219.487179 4217.435897 4315.897436 4220.000000 4248.205128 4219.487179 4220.512821 4203.076923 4231.794872 4212.820513
4232.307692 4232.307692 4280.512821 4236.410256 4224.102564 4220.512821 4315.897436 4217.435897 4245.641026 4218.974359 4226.153846 4206.153846 4242.564103 4216.410256
4229.230769 4225.641026 4273.846154 4229.743590 4216.923077 4219.487179 4312.820513 4217.435897 4244.615385 4217.435897 4231.282051 4205.641026 4247.692308 4212.307692
4228.717949 4230.256410 4276.923077 4240.000000 4221.538462 4222.051282 4312.307692 4218.461538 4247.179487 4218.461538 4231.794872 4208.205128 4247.179487 4213.846154
4246.666667 4244.615385 4286.153846 4241.025641 4221.025641 4223.076923 4316.410256 4226.666667 4252.820513 4220.512821 4243.076923 4222.051282 4262.564103 4214.871795
4243.589744 4234.358974 4282.051282 4233.846154 4219.487179 4222.051282 4309.743590 4221.025641 4250.256410 4217.948718 4236.923077 4214.358974 4253.333333 4213.333333
4230.256410 4224.102564 4278.974359 4235.384615 4227.179487 4224.102564 4304.102564 4212.307692 4248.205128 4221.025641 4225.128205 4201.538462 4238.974359 4215.384615
4250.256410 4241.025641 4289.230769 4232.820513 4218.974359 4222.051282 4309.743590 4229.743590 4255.897436 4227.179487 4247.179487 4226.666667 4267.179487 4216.410256
4257.948718 4247.179487 4291.794872 4240.512821 4223.076923 4225.128205 4307.692308 4234.871795 4254.871795 4222.051282 4255.897436 4235.897436 4272.820513 4218.974359
4243.589744 4238.461538 4284.102564 4232.820513 4222.564103 4228.717949 4299.487179 4226.153846 4249.230769 4213.846154 4250.256410 4221.025641 4257.435897 4216.410256
4237.948718 4236.410256 4282.564103 4228.717949 4216.410256 4223.076923 4300.000000 4231.282051 4253.333333 4215.897436 4252.307692 4214.358974 4258.461538 4216.410256
4237.948718 4238.974359 4284.102564 4239.487179 4227.179487 4226.153846 4304.615385 4238.461538 4254.358974 4218.461538 4247.692308 4212.307692 4260.000000 4221.538462
4240.512821 4237.435897 4280.000000 4231.282051 4217.948718 4227.692308 4297.435897 4230.256410 4246.666667 4217.948718 4248.205128 4217.948718 4261.025641 4218.461538
4233.846154 4232.307692 4277.948718 4234.358974 4221.025641 4225.128205 4285.641026 4210.256410 4242.051282 4219.487179 4240.000000 4209.230769 4247.179487 4221.025641
4232.307692 4234.871795 4278.461538 4232.307692 4225.128205 4226.153846 4287.692308 4216.923077 4243.589744 4218.974359 4239.487179 4204.615385 4248.717949 4222.051282
4235.897436 4234.358974 4276.923077 4227.179487 4215.897436 4227.179487 4290.256410 4233.333333 4245.641026 4217.948718 4249.743590 4212.820513 4264.615385 4218.461538
4234.871795 4234.358974 4278.974359 4242.051282 4228.205128 4224.615385 4286.666667 4227.179487 4246.153846 4221.025641 4246.153846 4209.230769 4257.948718 4223.589744
4243.589744 4244.615385 4281.025641 4237.435897 4221.025641 4217.948718 4288.205128 4230.256410 4247.692308 4218.974359 4251.282051 4215.897436 4264.615385 4224.102564
4247.179487 4247.692308 4278.974359 4238.974359 4217.948718 4223.076923 4288.717949 4232.820513 4245.128205 4216.923077 4256.923077 4218.461538 4273.846154 4226.666667
4244.102564 4247.179487 4278.974359 4242.051282 4223.589744 4229.230769 4288.717949 4234.358974 4243.589744 4224.102564 4255.897436 4215.897436 4272.820513 4227.692308
4244.102564 4242.051282 4273.846154 4235.384615 4216.410256 4223.076923 4286.153846 4235.897436 4246.666667 4224.615385 4249.230769 4215.897436 4266.153846 4221.538462
4244.102564 4240.512821 4270.769231 4243.076923 4225.641026 4220.512821 4277.948718 4223.589744 4247.692308 4217.435897 4240.000000 4211.282051 4255.384615 4223.589744
4252.820513 4251.282051 4274.358974 4239.487179 4220.512821 4218.974359 4278.461538 4226.666667 4249.743590 4216.923077 4254.358974 4225.641026 4270.256410 4222.564103
4248.717949 4244.102564 4272.307692 4240.000000 4220.512821 4218.974359 4278.974359 4228.717949 4248.205128 4220.512821 4251.282051 4223.076923 4269.743590 4225.641026
4241.538462 4238.461538 4264.102564 4242.051282 4224.615385 4219.487179 4271.794872 4221.025641 4245.128205 4218.974359 4239.487179 4207.179487 4258.461538 4228.205128
4250.256410 4247.179487 4269.743590 4235.897436 4214.358974 4217.948718 4273.846154 4227.179487 4247.692308 4217.435897 4249.230769 4215.384615 4262.051282 4224.615385
4254.358974 4250.769231 4283.076923 4243.589744 4222.051282 4223.076923 4286.153846 4235.384615 4250.769231 4220.000000 4247.692308 4223.589744 4260.000000 4225.128205
4256.923077 4254.358974 4280.512821 4239.487179 4220.512821 4226.153846 4285.641026 4237.948718 4252.307692 4218.974359 4249.743590 4226.666667 4266.666667 4221.538462
4256.923077 4257.948718 4276.923077 4241.025641 4218.974359 4229.230769 4274.358974 4233.333333 4251.282051 4217.948718 4249.230769 4223.076923 4262.564103 4223.589744
4260.000000 4264.615385 4286.153846 4244.102564 4226.153846 4231.794872 4276.410256 4232.307692 4252.307692 4219.487179 4245.641026 4223.589744 4257.948718 4230.769231
4269.230769 4266.666667 4288.205128 4239.487179 4220.512821 4226.153846 4276.923077 4233.846154 4253.846154 4220.000000 4255.897436 4234.358974 4273.333333 4230.256410
4269.743590 4264.102564 4284.102564 4245.128205 4220.512821 4223.076923 4270.256410 4232.307692 4250.769231 4219.487179 4256.410256 4232.307692 4272.820513 4227.179487
4268.717949 4264.615385 4283.076923 4241.538462 4215.897436 4224.615385 4269.230769 4236.923077 4250.769231 4220.000000 4248.717949 4232.820513 4266.153846 4221.538462
4263.589744 4263.076923 4282.051282 4248.205128 4221.025641 4227.179487 4268.717949 4232.820513 4249.743590 4220.512821 4245.641026 4231.794872 4263.589744 4223.589744
4261.025641 4267.179487 4278.974359 4252.307692 4225.641026 4228.717949 4270.769231 4234.871795 4248.717949 4218.461538 4255.897436 4233.333333 4267.692308 4228.205128
4262.051282 4264.102564 4276.923077 4242.051282 4215.384615 4223.589744 4269.230769 4242.564103 4248.205128 4217.435897 4258.461538 4236.410256 4271.282051 4227.179487
4253.846154 4257.948718 4273.846154 4248.205128 4222.564103 4224.615385 4261.538462 4228.717949 4244.102564 4218.461538 4240.512821 4221.025641 4257.435897 4230.769231
4249.743590 4263.076923 4266.666667 4242.564103 4221.025641 4228.205128 4259.487179 4223.589744 4242.564103 4218.461538 4243.076923 4215.384615 4261.538462 4228.717949
4243.076923 4257.435897 4261.538462 4236.410256 4218.461538 4226.666667 4256.923077 4229.743590 4244.615385 4218.974359 4246.666667 4213.333333 4265.128205 4226.153846
4245.641026 4254.871795 4264.102564 4244.102564 4225.641026 4229.230769 4257.435897 4232.820513 4244.615385 4218.461538 4243.589744 4214.358974 4261.025641 4229.743590
4256.410256 4263.076923 4264.102564 4242.051282 4218.461538 4228.717949 4257.948718 4236.410256 4244.615385 4216.410256 4250.769231 4226.153846 4272.820513 4230.769231
4240.512821 4251.794872 4254.358974 4240.512821 4224.102564 4223.589744 4250.256410 4225.128205 4243.076923 4218.974359 4234.871795 4209.230769 4258.461538 4231.794872
4227.179487 4237.435897 4247.692308 4230.769231 4223.589744 4219.487179 4247.692308 4223.076923 4242.564103 4221.025641 4225.128205 4197.435897 4244.102564 4225.641026
4225.641026 4234.358974 4249.743590 4229.743590 4217.435897 4223.076923 4247.692308 4227.692308 4240.512821 4217.435897 4228.717949 4202.051282 4249.230769 4223.589744
4221.538462 4235.897436 4251.794872 4235.384615 4224.615385 4224.615385 4242.051282 4220.000000 4238.461538 4220.000000 4222.564103 4193.333333 4247.692308 4227.692308
4230.256410 4246.153846 4251.794872 4227.692308 4216.923077 4220.512821 4243.589744 4225.641026 4242.051282 4225.641026 4234.871795 4200.512821 4257.435897 4224.615385
4230.769231 4251.282051 4253.846154 4236.410256 4221.538462 4227.179487 4250.256410 4233.846154 4243.589744 4221.538462 4243.589744 4208.205128 4264.615385 4227.179487
4216.410256 4245.128205 4250.769231 4233.846154 4222.564103 4229.230769 4244.615385 4229.230769 4242.051282 4216.410256 4236.923077 4202.051282 4264.615385 4227.692308
4205.128205 4236.923077 4239.487179 4225.128205 4214.871795 4219.487179 4232.820513 4219.487179 4240.000000 4218.461538 4225.128205 4189.230769 4251.794872 4224.102564
4200.000000 4238.974359 4235.384615 4233.333333 4221.025641 4217.435897 4234.871795 4216.923077 4238.974359 4219.487179 4216.923077 4180.000000 4231.282051 4226.153846
4192.820513 4234.358974 4233.333333 4225.641026 4217.435897 4216.923077 4237.948718 4225.128205 4241.025641 4217.948718 4219.487179 4182.051282 4233.846154 4223.589744
4180.000000 4219.487179 4227.692308 4228.205128 4224.615385 4217.435897 4231.794872 4220.000000 4238.974359 4220.000000 4211.282051 4169.743590 4228.205128 4220.512821
4182.051282 4224.615385 4225.641026 4231.282051 4226.666667 4218.974359 4230.256410 4215.384615 4236.923077 4221.025641 4211.282051 4163.076923 4223.076923 4220.000000
4183.076923 4227.692308 4224.102564 4225.641026 4217.435897 4215.897436 4227.179487 4212.820513 4232.820513 4216.923077 4209.743590 4163.076923 4216.923077 4222.564103
4167.692308 4213.846154 4220.000000 4227.692308 4225.128205 4217.948718 4222.051282 4205.128205 4225.128205 4219.487179 4191.282051 4148.205128 4198.974359 4222.564103
4158.461538 4206.666667 4213.333333 4218.461538 4218.974359 4215.897436 4222.051282 4209.230769 4225.641026 4224.615385 4198.461538 4146.666667 4203.589744 4214.871795
4157.435897 4207.692308 4212.820513 4222.051282 4221.025641 4212.307692 4218.461538 4206.666667 4226.153846 4221.538462 4207.692308 4149.743590 4202.051282 4218.461538
4166.153846 4217.948718 4220.512821 4226.666667 4226.153846 4213.846154 4216.410256 4205.128205 4223.589744 4217.435897 4205.128205 4158.461538 4205.641026 4224.102564
4167.179487 4218.974359 4217.435897 4224.615385 4218.461538 4213.846154 4215.897436 4209.230769 4223.589744 4216.923077 4203.589744 4165.128205 4215.384615 4223.076923
4158.461538 4214.358974 4208.205128 4234.358974 4225.641026 4216.410256 4214.358974 4204.615385 4226.666667 4220.512821 4196.923077 4154.871795 4207.692308 4226.666667
4165.128205 4221.538462 4210.256410 4226.153846 4217.435897 4212.820513 4211.282051 4208.205128 4226.153846 4226.153846 4198.974359 4154.871795 4214.358974 4222.564103
4167.179487 4222.564103 4214.871795 4226.666667 4217.948718 4211.282051 4209.230769 4207.179487 4225.641026 4224.615385 4193.333333 4151.282051 4218.461538 4222.051282
4172.820513 4225.641026 4216.923077 4232.820513 4227.692308 4218.974359 4215.897436 4205.641026 4233.333333 4217.435897 4198.461538 4158.461538 4229.230769 4225.128205
4187.179487 4229.743590 4218.974359 4228.717949 4215.897436 4221.025641 4222.564103 4215.384615 4235.897436 4216.923077 4214.871795 4177.435897 4256.410256 4222.564103
4185.128205 4229.743590 4223.076923 4237.948718 4221.025641 4223.589744 4222.564103 4214.871795 4231.282051 4221.538462 4207.692308 4168.717949 4256.923077 4226.153846
4191.282051 4234.871795 4230.769231 4230.769231 4221.025641 4221.538462 4222.564103 4216.410256 4234.871795 4219.487179 4211.282051 4173.846154 4264.102564 4227.179487
4204.615385 4233.846154 4236.923077 4228.717949 4218.974359 4218.461538 4222.051282 4220.512821 4234.871795 4217.948718 4223.076923 4193.333333 4280.512821 4229.743590
4209.743590 4232.307692 4240.000000 4234.358974 4224.615385 4225.641026 4224.615385 4226.153846 4228.205128 4218.461538 4224.102564 4198.974359 4286.666667 4230.769231
4206.153846 4230.256410 4235.384615 4228.717949 4218.461538 4223.076923 4225.128205 4232.820513 4231.794872 4220.512821 4221.025641 4196.923077 4289.743590 4224.102564
4197.948718 4223.589744 4233.846154 4234.871795 4228.205128 4220.512821 4220.512821 4223.589744 4232.820513 4220.000000 4209.743590 4186.666667 4284.615385 4226.666667
4209.230769 4225.128205 4240.512821 4229.230769 4223.589744 4224.102564 4216.923077 4222.564103 4230.256410 4216.923077 4215.897436 4191.794872 4296.923077 4226.666667
4220.512821 4224.615385 4246.666667 4226.666667 4216.923077 4224.102564 4213.333333 4222.564103 4233.333333 4217.948718 4225.128205 4201.538462 4312.307692 4225.128205
4213.846154 4222.564103 4245.641026 4229.743590 4223.076923 4219.487179 4209.743590 4214.871795 4232.307692 4217.435897 4222.051282 4199.487179 4315.384615 4227.179487
4208.717949 4216.410256 4245.128205 4223.589744 4218.974359 4215.897436 4208.205128 4216.923077 4227.179487 4216.410256 4220.512821 4199.487179 4317.948718 4225.128205
4207.692308 4214.871795 4252.307692 4229.230769 4226.153846 4222.051282 4206.666667 4219.487179 4226.153846 4220.000000 4218.461538 4196.410256 4315.897436 4226.153846
4208.205128 4223.076923 4248.717949 4225.641026 4224.102564 4224.615385 4205.641026 4221.025641 4226.666667 4221.025641 4225.641026 4198.974359 4325.128205 4224.615385
4209.743590 4220.512821 4244.102564 4225.641026 4218.974359 4223.589744 4206.153846 4220.512821 4224.615385 4218.974359 4223.076923 4195.384615 4325.128205 4226.666667
4218.974359 4222.564103 4259.487179 4233.333333 4223.076923 4224.102564 4209.743590 4222.051282 4224.615385 4218.974359 4216.923077 4194.358974 4320.512821 4231.282051
4228.717949 4232.820513 4266.666667 4228.717949 4217.948718 4220.512821 4213.846154 4228.717949 4225.641026 4218.974359 4225.641026 4208.205128 4330.256410 4226.666667
4222.564103 4230.256410 4257.435897 4233.846154 4224.615385 4221.025641 4215.384615 4227.692308 4221.538462 4217.948718 4223.589744 4210.256410 4326.666667 4226.153846
4222.564103 4227.692308 4255.384615 4231.282051 4221.025641 4220.512821 4214.871795 4231.282051 4221.538462 4216.923077 4228.205128 4212.820513 4329.230769 4225.128205
4217.948718 4228.205128 4257.948718 4227.692308 4216.410256 4217.435897 4210.769231 4231.282051 4221.025641 4217.435897 4232.307692 4211.794872 4329.743590 4224.102564
4210.256410 4226.666667 4254.871795 4233.333333 4226.153846 4223.589744 4211.794872 4228.205128 4220.512821 4220.000000 4225.641026 4204.615385 4318.974359 4225.641026
4213.846154 4227.179487 4249.743590 4226.666667 4217.435897 4227.179487 4211.794872 4230.769231 4223.589744 4217.435897 4230.256410 4206.666667 4323.076923 4223.076923
4205.641026 4222.564103 4248.717949 4228.717949 4218.974359 4225.128205 4203.076923 4221.025641 4224.102564 4217.435897 4220.512821 4194.871795 4310.256410 4225.641026
4199.487179 4221.025641 4254.358974 4226.153846 4222.051282 4220.512821 4199.487179 4220.000000 4224.102564 4225.128205 4217.948718 4193.333333 4306.666667 4226.666667
4208.205128 4222.051282 4257.435897 4222.564103 4219.487179 4221.025641 4202.564103 4226.153846 4226.666667 4225.128205 4231.794872 4206.666667 4321.025641 4227.179487
4206.153846 4220.512821 4253.333333 4223.589744 4228.205128 4228.205128 4204.615385 4216.410256 4231.282051 4218.461538 4221.025641 4197.948718 4311.794872 4232.307692
4198.974359 4214.871795 4252.307692 4207.179487 4221.025641 4224.102564 4204.102564 4212.307692 4231.794872 4217.435897 4204.615385 4190.769231 4297.948718 4230.769231
4200.000000 4211.282051 4256.923077 4208.717949 4219.487179 4221.025641 4204.615385 4211.282051 4226.153846 4220.000000 4201.538462 4191.794872 4291.794872 4231.794872
4205.641026 4218.974359 4252.307692 4212.307692 4221.538462 4222.564103 4201.538462 4209.743590 4232.820513 4218.461538 4211.282051 4193.333333 4302.051282 4232.307692
4200.000000 4216.923077 4244.615385 4206.666667 4218.974359 4221.025641 4195.384615 4213.333333 4241.025641 4217.435897 4212.307692 4189.743590 4303.076923 4231.794872
4192.820513 4211.282051 4250.256410 4211.282051 4227.179487 4223.076923 4200.512821 4216.923077 4238.974359 4220.000000 4204.615385 4182.564103 4287.179487 4235.897436
4202.051282 4218.461538 4254.871795 4207.179487 4218.461538 4218.974359 4204.102564 4224.102564 4240.512821 4217.948718 4215.897436 4190.256410 4293.846154 4231.282051
4207.692308 4220.512821 4254.358974 4213.846154 4221.025641 4220.000000 4196.923077 4222.051282 4243.589744 4217.435897 4217.948718 4192.820513 4294.358974 4232.820513
4215.384615 4225.641026 4259.487179 4216.923077 4226.153846 4224.102564 4194.358974 4219.487179 4240.000000 4222.564103 4214.358974 4194.358974 4288.205128 4234.871795
4223.076923 4227.179487 4263.589744 4210.769231 4216.410256 4218.461538 4194.358974 4217.948718 4238.461538 4223.076923 4218.461538 4200.512821 4293.333333 4230.769231
4222.564103 4223.076923 4266.666667 4217.435897 4224.102564 4216.923077 4191.282051 4210.769231 4243.589744 4218.461538 4218.974359 4200.512821 4289.743590 4236.410256
4229.230769 4227.692308 4270.256410 4212.307692 4223.076923 4217.948718 4194.358974 4218.461538 4246.153846 4217.435897 4227.179487 4213.846154 4292.307692 4236.923077
4229.230769 4228.717949 4269.743590 4213.846154 4222.051282 4219.487179 4198.461538 4224.102564 4243.076923 4218.974359 4232.307692 4221.025641 4293.846154 4236.410256
4224.615385 4230.256410 4268.205128 4215.384615 4224.102564 4223.589744 4196.923077 4225.641026 4242.564103 4222.564103 4237.948718 4217.948718 4295.897436 4240.512821
4225.641026 4232.820513 4266.153846 4208.205128 4216.410256 4224.102564 4193.846154 4228.205128 4245.641026 4224.615385 4242.051282 4215.897436 4298.461538 4237.435897
4216.410256 4225.641026 4260.512821 4213.846154 4223.076923 4221.025641 4191.794872 4220.512821 4242.564103 4219.487179 4222.564103 4201.538462 4277.435897 4234.358974
4211.282051 4224.102564 4258.461538 4206.666667 4218.974359 4218.461538 4194.871795 4224.102564 4240.000000 4215.384615 4223.589744 4203.076923 4271.794872 4232.820513
4216.410256 4227.179487 4267.179487 4208.717949 4220.000000 4222.564103 4196.923077 4229.743590 4241.538462 4218.974359 4235.897436 4211.794872 4277.948718 4240.000000
4227.692308 4233.333333 4270.769231 4215.897436 4226.153846 4224.102564 4194.871795 4228.205128 4241.025641 4218.974359 4235.897436 4212.820513 4278.461538 4244.102564
4228.717949 4231.794872 4263.076923 4206.153846 4214.871795 4216.923077 4189.230769 4226.153846 4241.025641 4217.435897 4233.846154 4215.384615 4277.435897 4236.410256
4215.384615 4222.051282 4266.153846 4211.282051 4225.128205 4221.025641 4187.179487 4219.487179 4240.512821 4220.000000 4221.025641 4203.076923 4256.923077 4238.974359
4221.025641 4227.692308 4273.846154 4210.256410 4225.641026 4225.641026 4192.820513 4231.794872 4243.076923 4217.948718 4225.128205 4205.641026 4257.948718 4237.435897
4226.666667 4230.256410 4268.717949 4209.743590 4216.923077 4218.974359 4193.333333 4237.435897 4243.076923 4217.435897 4229.230769 4211.794872 4264.102564 4231.794872
4213.846154 4227.179487 4263.076923 4218.974359 4226.666667 4218.974359 4192.820513 4229.230769 4241.025641 4219.487179 4223.076923 4203.076923 4255.384615 4234.358974
4206.666667 4223.589744 4258.974359 4209.743590 4221.025641 4221.025641 4192.820513 4235.384615 4243.589744 4218.461538 4226.153846 4202.051282 4252.307692 4234.871795
4199.487179 4216.410256 4253.846154 4208.717949 4221.025641 4220.000000 4186.666667 4232.307692 4242.564103 4217.948718 4213.333333 4192.307692 4236.410256 4234.871795
4200.000000 4215.897436 4251.794872 4206.153846 4219.487179 4215.897436 4179.487179 4223.076923 4239.487179 4220.000000 4208.717949 4185.641026 4231.282051 4231.282051
4200.000000 4209.743590 4248.205128 4204.615385 4220.512821 4217.948718 4173.846154 4220.000000 4238.461538 4220.512821 4210.769231 4184.102564 4228.205128 4228.205128
4197.435897 4206.666667 4248.717949 4208.717949 4229.743590 4223.076923 4173.333333 4220.000000 4241.025641 4218.461538 4203.589744 4182.051282 4215.897436 4227.179487
4209.230769 4218.974359 4254.358974 4204.615385 4217.435897 4218.461538 4179.487179 4228.717949 4244.102564 4217.948718 4213.846154 4192.820513 4225.641026 4226.666667
4211.282051 4226.666667 4255.897436 4214.871795 4220.000000 4219.487179 4182.051282 4227.179487 4244.102564 4218.974359 4218.974359 4192.307692 4230.256410 4234.358974
4206.666667 4226.666667 4256.410256 4216.410256 4223.589744 4222.564103 4182.564103 4224.102564 4248.205128 4218.461538 4218.974359 4191.282051 4233.333333 4234.358974
4209.230769 4224.615385 4263.076923 4214.871795 4216.923077 4221.025641 4186.153846 4228.717949 4253.846154 4218.974359 4224.102564 4203.076923 4240.000000 4231.794872
4206.153846 4223.076923 4257.948718 4220.512821 4225.128205 4221.025641 4187.692308 4231.282051 4252.307692 4218.974359 4220.512821 4204.615385 4228.205128 4234.358974
4194.358974 4214.871795 4240.000000 4209.743590 4220.000000 4212.307692 4178.461538 4226.666667 4245.128205 4217.435897 4213.846154 4191.282051 4217.435897 4229.743590
4186.153846 4211.794872 4242.564103 4213.846154 4218.974359 4212.820513 4174.358974 4217.435897 4241.025641 4218.461538 4207.692308 4176.410256 4209.743590 4229.743590
4191.794872 4224.615385 4251.282051 4218.461538 4220.512821 4222.051282 4181.025641 4223.076923 4244.102564 4220.512821 4213.333333 4182.051282 4207.179487 4229.230769
4192.820513 4226.666667 4245.641026 4208.717949 4216.923077 4218.974359 4182.564103 4228.717949 4245.128205 4217.948718 4212.307692 4183.589744 4202.051282 4226.153846
4187.692308 4220.000000 4246.153846 4210.256410 4222.051282 4214.871795 4179.487179 4222.051282 4244.615385 4221.538462 4203.589744 4172.820513 4196.410256 4229.743590
4188.205128 4221.538462 4248.717949 4220.000000 4227.692308 4217.948718 4178.974359 4220.512821 4247.692308 4228.205128 4210.769231 4174.871795 4195.384615 4228.717949
4192.307692 4224.615385 4243.076923 4213.333333 4221.025641 4216.923077 4179.487179 4226.666667 4247.179487 4223.589744 4218.974359 4183.076923 4191.282051 4229.230769
4184.102564 4212.307692 4234.358974 4206.666667 4217.435897 4212.820513 4174.358974 4221.538462 4240.000000 4216.923077 4205.128205 4172.820513 4180.000000 4228.205128
4157.948718 4202.051282 4232.820513 4244.615385 4262.051282 4222.564103 4166.666667 4191.282051 4235.384615 4218.974359 4166.153846 4133.333333 4143.589744 4226.666667
4172.307692 4224.102564 4234.871795 4225.641026 4248.717949 4220.000000 4171.794872 4202.051282 4240.512821 4220.512821 4187.179487 4149.230769 4164.615385 4233.846154
4190.769231 4222.051282 4230.256410 4181.538462 4195.897436 4204.615385 4172.307692 4227.692308 4240.000000 4218.461538 4226.153846 4187.179487 4203.589744 4230.256410
4169.230769 4203.589744 4229.230769 4212.307692 4226.666667 4213.333333 4166.666667 4207.692308 4233.333333 4219.487179 4206.666667 4169.230769 4176.410256 4228.205128
4179.487179 4222.564103 4232.307692 4214.358974 4230.256410 4217.435897 4171.794872 4210.769231 4238.974359 4220.000000 4216.410256 4177.435897 4187.692308 4230.256410
4195.897436 4227.692308 4230.769231 4204.102564 4209.230769 4210.256410 4172.307692 4221.538462 4237.435897 4217.948718 4229.230769 4190.256410 4206.153846 4224.615385
4185.641026 4216.410256 4231.282051 4214.871795 4223.076923 4213.333333 4169.230769 4210.769231 4231.794872 4217.948718 4212.820513 4174.871795 4188.717949 4227.179487
4184.615385 4216.923077 4232.307692 4205.128205 4221.025641 4215.897436 4168.717949 4210.769231 4235.897436 4217.948718 4214.871795 4179.487179 4195.897436 4228.205128
4187.692308 4215.384615 4229.230769 4206.666667 4218.974359 4213.333333 4168.717949 4210.256410 4232.307692 4218.974359 4214.871795 4184.102564 4200.000000 4228.205128
4187.692308 4211.794872 4227.692308 4207.692308 4219.487179 4211.282051 4169.230769 4210.769231 4229.230769 4219.487179 4212.307692 4180.000000 4190.769231 4226.666667
4181.025641 4206.666667 4225.641026 4199.487179 4215.384615 4210.256410 4168.717949 4212.307692 4234.871795 4219.487179 4205.128205 4173.333333 4181.025641 4223.589744
4176.410256 4206.666667 4225.641026 4202.051282 4222.051282 4213.333333 4167.179487 4207.179487 4232.820513 4218.461538 4194.871795 4165.641026 4170.256410 4227.179487
4187.692308 4220.000000 4231.282051 4205.128205 4221.025641 4216.410256 4172.820513 4213.333333 4234.871795 4217.435897 4209.743590 4180.000000 4185.128205 4223.589744
4195.897436 4225.641026 4237.435897 4207.692308 4217.948718 4222.051282 4178.974359 4223.589744 4244.102564 4218.461538 4227.692308 4194.871795 4206.666667 4225.128205
4185.641026 4217.948718 4238.461538 4206.666667 4225.641026 4221.538462 4175.384615 4220.000000 4243.589744 4218.974359 4218.974359 4185.128205 4201.538462 4226.153846
4172.820513 4211.282051 4227.692308 4196.410256 4223.076923 4209.230769 4167.179487 4210.256410 4232.307692 4218.461538 4205.641026 4171.282051 4187.179487 4218.974359
4169.743590 4208.205128 4221.025641 4197.435897 4222.051282 4208.205128 4163.589744 4204.615385 4229.230769 4218.461538 4201.538462 4167.179487 4181.025641 4222.051282
4173.333333 4209.743590 4222.564103 4201.538462 4224.102564 4216.410256 4164.102564 4205.641026 4233.846154 4217.435897 4207.179487 4169.743590 4184.615385 4223.589744
4177.948718 4216.410256 4224.615385 4200.000000 4221.025641 4215.384615 4166.153846 4206.153846 4231.282051 4217.435897 4213.333333 4172.820513 4185.641026 4222.564103
4180.512821 4218.461538 4224.615385 4202.564103 4219.487179 4212.307692 4170.256410 4203.589744 4230.256410 4219.487179 4207.179487 4169.230769 4177.435897 4224.615385
4178.461538 4211.794872 4220.000000 4202.051282 4217.435897 4209.743590 4168.717949 4201.025641 4232.820513 4220.000000 4200.512821 4165.128205 4171.794872 4221.538462
4175.897436 4207.692308 4218.974359 4205.128205 4222.564103 4212.307692 4166.666667 4201.538462 4231.794872 4218.974359 4204.102564 4166.153846 4172.820513 4224.102564
4177.948718 4214.358974 4224.102564 4204.102564 4221.538462 4219.487179 4167.692308 4208.717949 4233.333333 4217.948718 4214.358974 4174.358974 4177.435897 4223.589744
4184.615385 4221.538462 4230.256410 4205.128205 4217.948718 4218.461538 4167.179487 4212.307692 4235.384615 4218.974359 4213.846154 4182.564103 4174.871795 4223.076923
4191.794872 4226.153846 4231.794872 4211.794872 4224.102564 4214.358974 4167.692308 4209.743590 4231.282051 4218.461538 4204.102564 4183.076923 4171.794872 4226.153846
4193.846154 4227.179487 4225.128205 4207.179487 4220.000000 4215.897436 4167.692308 4212.820513 4231.794872 4217.948718 4209.230769 4183.589744 4179.487179 4223.076923
4186.666667 4223.589744 4222.564103 4209.230769 4221.025641 4217.948718 4167.179487 4211.794872 4232.307692 4218.461538 4215.384615 4183.589744 4177.435897 4226.153846
4188.717949 4229.230769 4226.666667 4212.820513 4224.102564 4217.948718 4169.743590 4209.230769 4222.564103 4218.461538 4214.358974 4188.205128 4175.384615 4226.153846
4200.512821 4234.871795 4234.358974 4210.256410 4218.974359 4220.512821 4171.282051 4217.435897 4225.641026 4218.461538 4217.435897 4196.923077 4186.666667 4225.128205
4205.641026 4231.794872 4235.384615 4212.820513 4225.641026 4225.128205 4170.769231 4219.487179 4230.256410 4218.461538 4220.512821 4196.923077 4187.179487 4231.794872
4209.743590 4231.794872 4232.820513 4209.230769 4220.512821 4223.589744 4171.794872 4215.384615 4222.051282 4218.461538 4223.076923 4198.974359 4184.102564 4229.230769
4208.205128 4231.282051 4234.358974 4209.743590 4217.948718 4223.589744 4167.692308 4213.846154 4221.538462 4218.461538 4219.487179 4200.512821 4180.000000 4227.692308
4205.128205 4230.256410 4232.820513 4212.820513 4224.615385 4226.153846 4160.000000 4213.333333 4225.641026 4218.461538 4217.435897 4198.974359 4177.435897 4226.153846
4210.256410 4230.256410 4230.769231 4209.743590 4220.000000 4218.461538 4157.435897 4210.256410 4225.641026 4218.461538 4218.974359 4202.051282 4178.461538 4225.641026
4214.871795 4230.769231 4236.410256 4214.871795 4220.512821 4215.384615 4156.923077 4208.717949 4225.128205 4218.461538 4214.871795 4204.102564 4175.384615 4230.256410
4220.512821 4228.717949 4240.000000 4215.897436 4222.564103 4218.974359 4161.025641 4214.358974 4228.205128 4217.948718 4223.076923 4207.692308 4182.564103 4228.717949
4220.512821 4221.538462 4238.974359 4214.358974 4224.102564 4218.974359 4162.051282 4210.256410 4228.205128 4218.461538 4222.051282 4203.076923 4181.025641 4228.205128
4220.512821 4222.564103 4243.076923 4211.794872 4222.564103 4215.384615 4157.435897 4207.179487 4231.282051 4219.487179 4214.871795 4204.102564 4174.871795 4226.666667
4228.717949 4228.205128 4246.666667 4210.769231 4220.000000 4212.820513 4159.487179 4212.820513 4231.794872 4216.410256 4227.692308 4218.974359 4184.615385 4224.615385
4233.333333 4225.641026 4246.666667 4214.871795 4227.692308 4215.897436 4166.153846 4208.717949 4229.230769 4219.487179 4233.846154 4217.948718 4187.692308 4227.179487
4236.410256 4227.692308 4251.282051 4210.256410 4222.564103 4218.461538 4168.205128 4211.282051 4232.820513 4226.153846 4231.794872 4216.410256 4193.333333 4224.102564
4239.487179 4232.307692 4255.384615 4211.794872 4217.435897 4221.538462 4167.179487 4220.000000 4233.333333 4222.051282 4230.769231 4220.512821 4195.384615 4227.179487
4234.871795 4230.769231 4250.769231 4216.923077 4222.564103 4224.102564 4169.230769 4220.000000 4233.846154 4215.384615 4230.769231 4210.769231 4187.179487 4228.205128
4230.256410 4228.205128 4246.153846 4212.307692 4221.538462 4217.435897 4168.205128 4220.512821 4235.384615 4217.948718 4231.794872 4202.564103 4187.692308 4221.538462
4230.769231 4230.256410 4247.179487 4216.410256 4225.128205 4214.358974 4162.051282 4217.948718 4233.846154 4220.000000 4225.128205 4199.487179 4184.102564 4226.153846
4233.333333 4228.717949 4247.692308 4216.923077 4223.589744 4217.948718 4157.435897 4212.820513 4233.846154 4218.461538 4224.102564 4198.461538 4184.615385 4227.692308
4230.256410 4225.641026 4248.717949 4213.333333 4218.461538 4216.923077 4155.897436 4211.794872 4232.307692 4219.487179 4226.153846 4195.897436 4187.692308 4226.153846
4229.230769 4232.307692 4249.230769 4216.923077 4221.025641 4213.333333 4156.923077 4213.333333 4231.794872 4219.487179 4226.666667 4194.871795 4183.076923 4229.230769
4236.923077 4238.974359 4248.205128 4215.897436 4218.974359 4213.333333 4162.564103 4219.487179 4233.846154 4217.435897 4231.794872 4202.564103 4185.128205 4229.230769
4237.435897 4231.282051 4253.333333 4212.307692 4220.512821 4215.897436 4167.179487 4224.102564 4233.846154 4217.948718 4243.589744 4211.794872 4193.846154 4230.769231
4232.307692 4225.128205 4254.871795 4208.717949 4222.051282 4217.948718 4165.128205 4223.589744 4232.307692 4218.461538 4251.282051 4215.897436 4198.461538 4228.717949
4227.692308 4224.615385 4250.769231 4211.794872 4223.589744 4220.512821 4163.076923 4218.974359 4233.333333 4219.487179 4237.948718 4205.128205 4187.179487 4227.179487
4226.666667 4226.666667 4253.846154 4213.846154 4226.153846 4223.076923 4168.205128 4219.487179 4234.358974 4218.974359 4230.769231 4196.923077 4181.538462 4230.769231
4234.871795 4234.871795 4261.025641 4209.743590 4220.000000 4218.974359 4170.769231 4220.512821 4233.333333 4218.974359 4248.717949 4207.692308 4197.435897 4230.256410
4242.564103 4237.435897 4260.000000 4214.871795 4221.025641 4218.461538 4164.102564 4213.333333 4233.846154 4219.487179 4250.256410 4210.769231 4194.358974 4231.794872
4242.564103 4233.333333 4255.384615 4212.307692 4222.051282 4218.974359 4158.974359 4210.769231 4233.846154 4218.974359 4237.948718 4203.589744 4180.000000 4227.179487
4238.974359 4231.794872 4256.410256 4206.666667 4220.000000 4216.923077 4158.461538 4214.871795 4232.307692 4218.974359 4241.538462 4203.589744 4183.076923 4225.128205
4234.871795 4230.256410 4256.410256 4210.256410 4224.615385 4216.923077 4158.461538 4214.871795 4232.307692 4218.974359 4247.179487 4204.615385 4186.666667 4229.230769
4235.897436 4226.666667 4250.256410 4208.205128 4221.538462 4210.256410 4158.461538 4212.820513 4233.333333 4218.461538 4248.717949 4205.641026 4183.589744 4228.717949
4238.461538 4229.743590 4254.358974 4210.769231 4221.538462 4208.717949 4164.615385 4215.384615 4233.333333 4219.487179 4248.205128 4206.153846 4182.051282 4229.743590
4242.564103 4240.512821 4263.589744 4214.358974 4223.076923 4217.948718 4172.307692 4226.666667 4233.333333 4220.000000 4253.333333 4211.282051 4192.307692 4225.641026
4248.205128 4240.000000 4265.128205 4214.871795 4220.000000 4222.051282 4170.256410 4227.179487 4234.358974 4216.923077 4259.487179 4220.000000 4198.461538 4225.128205
4254.358974 4238.974359 4264.102564 4218.974359 4224.102564 4221.538462 4168.205128 4214.358974 4234.358974 4221.538462 4253.333333 4218.974359 4186.666667 4228.205128
4257.948718 4245.641026 4263.076923 4216.410256 4221.025641 4222.051282 4175.897436 4218.461538 4235.384615 4226.666667 4250.256410 4215.384615 4182.564103 4223.589744
4252.307692 4241.025641 4262.564103 4216.923077 4220.000000 4226.153846 4178.461538 4226.666667 4235.384615 4220.512821 4257.948718 4214.358974 4188.717949 4228.205128
4245.641026 4235.384615 4259.487179 4217.948718 4222.051282 4222.051282 4170.256410 4220.000000 4233.333333 4215.384615 4268.205128 4217.948718 4194.871795 4227.692308
4245.641026 4235.384615 4256.410256 4216.923077 4219.487179 4214.358974 4164.102564 4216.410256 4234.871795 4218.974359 4270.256410 4219.487179 4195.897436 4220.512821
4250.256410 4235.384615 4255.897436 4221.025641 4224.615385 4216.923077 4170.769231 4223.076923 4234.358974 4220.000000 4264.102564 4213.333333 4188.717949 4222.564103
4254.358974 4234.871795 4253.846154 4217.435897 4222.051282 4220.512821 4172.820513 4227.692308 4233.333333 4217.435897 4264.615385 4214.358974 4185.641026 4222.564103
4254.871795 4238.461538 4255.384615 4218.461538 4222.051282 4221.538462 4166.666667 4222.564103 4237.948718 4218.461538 4266.666667 4217.435897 4189.230769 4226.153846
4254.871795 4238.461538 4263.076923 4219.487179 4226.666667 4221.538462 4169.230769 4224.615385 4240.512821 4218.974359 4270.256410 4218.974359 4194.871795 4228.205128
4250.769231 4226.666667 4261.025641 4213.333333 4221.538462 4215.897436 4174.358974 4229.743590 4236.410256 4215.897436 4267.692308 4220.000000 4187.179487 4226.153846
4243.076923 4223.589744 4252.820513 4214.871795 4222.564103 4210.769231 4166.153846 4221.025641 4231.282051 4220.512821 4255.897436 4209.743590 4172.820513 4229.230769
4250.769231 4236.410256 4253.846154 4214.871795 4221.025641 4208.717949 4158.974359 4221.025641 4234.871795 4228.205128 4260.000000 4209.230769 4184.102564 4226.153846
4265.641026 4246.153846 4262.564103 4218.974359 4224.102564 4210.769231 4166.153846 4231.282051 4241.538462 4223.589744 4270.256410 4221.538462 4196.923077 4228.205128
4272.820513 4249.743590 4270.256410 4218.461538 4228.205128 4214.358974 4174.871795 4234.871795 4237.948718 4214.871795 4277.948718 4233.846154 4202.051282 4233.846154
4281.538462 4251.794872 4274.358974 4209.743590 4220.512821 4211.282051 4170.769231 4231.794872 4236.923077 4218.974359 4291.794872 4239.487179 4213.846154 4233.333333
4288.205128 4253.846154 4273.846154 4216.923077 4222.564103 4210.256410 4166.153846 4226.666667 4240.512821 4222.564103 4294.358974 4235.897436 4215.897436 4235.384615
4293.333333 4262.051282 4274.871795 4220.000000 4223.589744 4213.333333 4175.897436 4230.769231 4240.000000 4217.948718 4302.564103 4243.076923 4225.641026 4232.820513
4295.897436 4263.589744 4277.435897 4214.871795 4222.051282 4214.871795 4178.461538 4235.897436 4237.948718 4218.974359 4310.256410 4250.769231 4233.333333 4233.846154
4301.025641 4265.128205 4279.487179 4218.974359 4225.128205 4212.820513 4171.282051 4235.897436 4238.974359 4221.538462 4302.564103 4250.769231 4228.717949 4236.923077
4318.974359 4281.025641 4287.692308 4226.666667 4221.025641 4211.282051 4177.435897 4242.564103 4239.487179 4220.000000 4308.205128 4263.589744 4240.512821 4235.897436
4330.256410 4289.230769 4297.435897 4232.307692 4226.153846 4216.923077 4185.641026 4244.102564 4233.846154 4219.487179 4320.000000 4272.820513 4251.282051 4240.512821
4328.205128 4285.641026 4294.871795 4224.102564 4224.615385 4217.435897 4182.051282 4238.461538 4233.333333 4218.974359 4323.076923 4269.230769 4247.692308 4237.948718
4320.000000 4277.948718 4288.205128 4222.051282 4221.025641 4214.871795 4179.487179 4237.948718 4240.512821 4219.487179 4317.948718 4265.641026 4241.538462 4236.410256
4310.769231 4272.307692 4282.051282 4226.666667 4227.179487 4220.000000 4185.128205 4243.076923 4242.051282 4219.487179 4313.846154 4260.512821 4240.512821 4233.846154
4304.615385 4268.717949 4276.410256 4221.538462 4221.025641 4222.051282 4184.102564 4243.076923 4235.897436 4218.974359 4315.384615 4254.871795 4236.410256 4228.205128
4298.974359 4263.589744 4277.435897 4222.564103 4219.487179 4220.000000 4177.948718 4239.487179 4235.384615 4219.487179 4308.717949 4248.717949 4226.153846 4233.846154
4302.564103 4262.564103 4280.512821 4224.615385 4223.076923 4219.487179 4178.974359 4243.589744 4238.974359 4219.487179 4302.051282 4249.230769 4229.743590 4233.333333
4304.615385 4264.102564 4281.538462 4225.641026 4223.076923 4221.538462 4177.948718 4240.000000 4234.358974 4218.974359 4297.435897 4251.282051 4229.743590 4230.256410
4297.948718 4266.153846 4279.487179 4227.179487 4223.076923 4215.384615 4174.871795 4228.717949 4232.307692 4219.487179 4295.897436 4247.179487 4217.948718 4230.769231
4295.384615 4266.153846 4273.846154 4222.051282 4220.000000 4209.743590 4177.435897 4232.820513 4235.384615 4218.974359 4302.051282 4249.230769 4224.102564 4225.641026
4297.948718 4264.102564 4276.923077 4227.692308 4225.128205 4217.435897 4181.025641 4236.923077 4233.333333 4217.435897 4300.000000 4250.256410 4228.205128 4228.205128
4296.410256 4261.538462 4278.974359 4228.205128 4226.153846 4219.487179 4182.051282 4232.307692 4233.846154 4215.897436 4297.435897 4245.641026 4217.948718 4230.769231
4285.641026 4250.769231 4270.769231 4221.538462 4221.538462 4212.307692 4176.410256 4229.230769 4234.871795 4215.897436 4288.205128 4235.384615 4204.102564 4229.230769
4284.102564 4247.179487 4267.179487 4222.051282 4223.589744 4213.333333 4173.333333 4230.256410 4234.358974 4218.461538 4283.589744 4230.769231 4203.589744 4228.717949
4298.974359 4259.487179 4274.358974 4219.487179 4220.512821 4214.358974 4178.974359 4236.410256 4235.384615 4219.487179 4302.051282 4247.692308 4221.538462 4226.153846
4303.076923 4266.666667 4280.512821 4221.538462 4224.102564 4211.282051 4181.538462 4237.435897 4234.358974 4217.435897 4304.615385 4255.384615 4221.538462 4228.205128
4300.000000 4266.666667 4279.487179 4226.153846 4227.179487 4210.769231 4180.512821 4237.948718 4233.333333 4216.923077 4293.333333 4252.820513 4212.307692 4226.153846
4304.615385 4266.666667 4281.025641 4228.205128 4220.512821 4208.717949 4182.051282 4240.512821 4236.923077 4218.461538 4297.435897 4257.435897 4217.435897 4226.666667
4304.102564 4269.230769 4283.589744 4229.230769 4223.076923 4209.743590 4180.512821 4234.871795 4235.897436 4220.000000 4302.051282 4255.897436 4220.000000 4232.820513
4299.487179 4270.256410 4283.589744 4224.102564 4225.641026 4212.307692 4178.461538 4232.820513 4233.333333 4218.974359 4304.615385 4250.769231 4218.974359 4229.230769
4296.923077 4262.051282 4284.102564 4224.615385 4225.128205 4211.794872 4180.000000 4233.846154 4238.461538 4217.948718 4305.128205 4250.256410 4214.358974 4227.692308
4293.846154 4256.923077 4278.461538 4222.051282 4222.564103 4209.230769 4176.410256 4232.820513 4240.512821 4218.974359 4298.974359 4246.153846 4209.230769 4227.179487
4286.666667 4260.512821 4270.769231 4218.461538 4223.076923 4202.564103 4173.846154 4232.820513 4233.333333 4220.000000 4294.871795 4235.897436 4207.692308 4228.205128
4283.076923 4261.025641 4271.794872 4223.076923 4227.692308 4201.538462 4178.974359 4231.794872 4230.769231 4219.487179 4295.384615 4230.769231 4207.692308 4233.333333
4289.743590 4257.948718 4277.435897 4222.051282 4217.435897 4205.128205 4178.974359 4232.820513 4233.846154 4218.974359 4295.384615 4233.846154 4208.205128 4230.769231
4296.410256 4263.589744 4280.512821 4222.564103 4214.871795 4207.692308 4177.435897 4238.461538 4233.846154 4219.487179 4294.358974 4236.923077 4208.205128 4232.307692
4295.384615 4271.794872 4278.974359 4224.615385 4223.076923 4208.717949 4176.923077 4240.512821 4233.846154 4218.461538 4299.487179 4240.512821 4211.282051 4230.769231
4287.179487 4264.102564 4271.794872 4220.000000 4222.564103 4203.589744 4169.743590 4231.794872 4233.846154 4217.435897 4294.871795 4234.871795 4205.641026 4226.153846
4274.358974 4246.153846 4263.076923 4217.948718 4225.641026 4197.948718 4165.128205 4225.128205 4231.794872 4217.948718 4273.846154 4217.948718 4186.666667 4230.769231
4269.743590 4241.538462 4258.461538 4213.333333 4225.128205 4199.487179 4164.615385 4227.179487 4233.333333 4217.948718 4265.128205 4213.846154 4178.974359 4227.692308
4269.230769 4247.692308 4256.923077 4212.307692 4224.102564 4204.615385 4160.000000 4221.025641 4232.820513 4218.461538 4270.769231 4212.307692 4176.410256 4228.205128
4266.153846 4253.846154 4257.948718 4214.358974 4226.153846 4199.487179 4163.076923 4218.974359 4231.282051 4218.461538 4277.435897 4210.256410 4180.512821 4233.333333
4274.871795 4256.410256 4263.589744 4211.794872 4220.000000 4194.358974 4167.692308 4228.717949 4232.820513 4219.487179 4281.025641 4223.076923 4195.384615 4230.256410
4284.615385 4263.589744 4265.641026 4217.435897 4223.589744 4202.564103 4167.692308 4230.769231 4232.820513 4219.487179 4277.948718 4230.256410 4196.410256 4232.820513
4281.538462 4271.282051 4263.076923 4216.923077 4225.128205 4206.666667 4171.794872 4229.743590 4231.282051 4218.974359 4282.564103 4227.179487 4194.358974 4234.871795
4275.384615 4261.538462 4263.076923 4213.846154 4219.487179 4204.102564 4176.410256 4225.128205 4232.307692 4218.974359 4283.589744 4223.589744 4194.871795 4235.897436
4275.897436 4252.820513 4262.564103 4220.000000 4220.512821 4206.153846 4174.358974 4222.051282 4232.307692 4218.974359 4276.410256 4223.076923 4192.820513 4234.358974
4279.487179 4261.025641 4258.461538 4221.538462 4221.538462 4206.666667 4171.794872 4227.692308 4229.743590 4218.974359 4283.076923 4232.307692 4201.025641 4232.820513
4275.384615 4264.102564 4261.025641 4221.025641 4226.666667 4205.128205 4172.307692 4227.692308 4227.692308 4218.974359 4283.589744 4233.333333 4202.051282 4235.897436
4275.384615 4261.025641 4262.051282 4215.897436 4222.051282 4208.205128 4172.307692 4224.615385 4228.717949 4218.461538 4273.333333 4228.717949 4193.333333 4233.333333
4276.410256 4258.974359 4256.923077 4218.974359 4217.948718 4205.641026 4171.282051 4225.128205 4231.794872 4218.974359 4270.769231 4227.692308 4190.769231 4235.897436
4265.641026 4256.923077 4249.230769 4227.692308 4226.153846 4201.025641 4171.794872 4221.025641 4229.230769 4220.512821 4265.641026 4215.384615 4183.076923 4238.974359
4255.384615 4254.871795 4246.666667 4220.512821 4222.564103 4204.102564 4171.282051 4224.102564 4229.743590 4217.435897 4257.948718 4205.128205 4173.846154 4230.769231
4252.307692 4255.384615 4247.179487 4214.871795 4220.512821 4210.256410 4170.256410 4229.743590 4230.256410 4218.974359 4257.435897 4205.641026 4173.333333 4232.820513
4250.256410 4253.333333 4240.000000 4212.307692 4222.564103 4208.205128 4170.256410 4227.179487 4222.564103 4226.666667 4260.000000 4204.102564 4182.564103 4234.871795
4245.128205 4249.230769 4231.282051 4212.820513 4222.564103 4204.102564 4166.666667 4218.974359 4223.076923 4223.589744 4252.820513 4196.923077 4181.025641 4234.871795
4245.128205 4250.769231 4230.769231 4218.461538 4225.641026 4206.153846 4158.974359 4214.871795 4230.256410 4215.897436 4245.128205 4192.307692 4169.230769 4237.435897
4254.871795 4255.897436 4237.435897 4215.897436 4219.487179 4205.641026 4158.974359 4220.000000 4228.205128 4217.948718 4254.358974 4200.000000 4180.000000 4233.333333
4257.435897 4257.948718 4244.102564 4220.512821 4222.564103 4209.743590 4169.230769 4222.051282 4227.179487 4220.000000 4252.307692 4201.025641 4184.615385 4232.820513
4254.358974 4256.923077 4243.589744 4221.025641 4226.153846 4211.794872 4171.282051 4224.615385 4233.333333 4216.923077 4251.794872 4202.051282 4178.974359 4231.794872
4254.358974 4252.307692 4243.076923 4211.794872 4219.487179 4205.128205 4164.615385 4226.666667 4230.769231 4217.435897 4263.076923 4211.794872 4186.666667 4232.307692
4256.923077 4252.307692 4249.230769 4214.871795 4222.051282 4205.641026 4168.205128 4220.512821 4227.692308 4220.000000 4260.512821 4213.846154 4188.717949 4235.384615
4262.051282 4255.897436 4251.282051 4217.948718 4221.025641 4208.205128 4174.358974 4221.025641 4232.820513 4219.487179 4249.230769 4213.333333 4176.923077 4230.769231
4264.102564 4254.358974 4251.282051 4222.564103 4222.564103 4208.205128 4170.769231 4224.102564 4231.794872 4218.461538 4244.615385 4214.871795 4167.692308 4235.384615
4273.846154 4252.820513 4260.000000 4220.512821 4225.128205 4208.205128 4168.717949 4225.128205 4230.769231 4216.923077 4252.307692 4226.666667 4182.051282 4236.923077
4281.538462 4247.179487 4263.076923 4214.358974 4220.512821 4207.692308 4169.743590 4223.076923 4232.307692 4217.948718 4253.846154 4234.358974 4185.128205 4229.743590
4280.000000 4242.564103 4261.025641 4220.000000 4224.615385 4209.230769 4169.743590 4220.000000 4231.794872 4218.461538 4248.717949 4229.230769 4173.846154 4230.256410
4291.282051 4251.282051 4265.128205 4221.025641 4223.076923 4210.769231 4170.769231 4228.205128 4231.282051 4217.948718 4261.025641 4235.384615 4191.794872 4232.307692
4298.974359 4254.358974 4270.256410 4221.025641 4221.538462 4211.282051 4169.230769 4233.333333 4231.282051 4218.974359 4262.564103 4243.589744 4196.923077 4237.435897
4291.282051 4253.333333 4269.743590 4218.461538 4222.051282 4210.256410 4166.666667 4228.717949 4232.820513 4220.000000 4252.820513 4242.051282 4183.589744 4234.871795
4286.666667 4253.846154 4265.641026 4219.487179 4218.974359 4209.230769 4163.076923 4223.589744 4233.846154 4220.000000 4256.410256 4237.435897 4190.769231 4231.282051
4292.820513 4255.897436 4269.230769 4227.179487 4226.153846 4212.307692 4156.923077 4224.615385 4232.820513 4218.974359 4258.461538 4234.358974 4205.641026 4234.871795
4293.333333 4253.333333 4274.871795 4219.487179 4224.102564 4210.769231 4157.435897 4227.179487 4233.333333 4218.461538 4257.435897 4236.923077 4209.743590 4230.256410
4278.461538 4242.051282 4269.743590 4218.974359 4218.974359 4207.692308 4160.000000 4222.564103 4232.820513 4217.948718 4253.333333 4231.794872 4199.487179 4230.769231
4270.256410 4241.538462 4260.512821 4225.128205 4223.589744 4211.282051 4157.948718 4223.076923 4233.333333 4218.461538 4253.333333 4225.641026 4198.974359 4235.897436
4276.923077 4249.230769 4260.000000 4221.025641 4223.589744 4211.794872 4155.897436 4227.692308 4233.846154 4218.974359 4258.974359 4229.743590 4209.230769 4232.307692
4273.846154 4247.692308 4264.615385 4221.025641 4224.102564 4210.256410 4155.897436 4225.128205 4231.794872 4217.435897 4252.307692 4227.179487 4201.025641 4232.307692
4262.564103 4245.641026 4262.564103 4221.025641 4224.102564 4210.769231 4155.897436 4224.102564 4231.794872 4216.410256 4251.794872 4224.102564 4195.384615 4233.846154
4258.974359 4249.230769 4257.948718 4216.410256 4224.102564 4211.282051 4156.410256 4224.102564 4233.846154 4217.948718 4257.948718 4224.102564 4204.102564 4238.461538
4252.820513 4246.153846 4250.256410 4210.256410 4223.589744 4210.256410 4157.435897 4220.000000 4227.692308 4218.461538 4252.307692 4216.923077 4201.538462 4237.948718
4235.384615 4240.512821 4246.153846 4208.205128 4220.512821 4208.717949 4154.358974 4222.051282 4224.102564 4218.974359 4246.666667 4209.230769 4196.410256 4231.794872
4223.076923 4238.461538 4248.717949 4210.769231 4224.615385 4210.256410 4152.820513 4222.051282 4230.256410 4220.512821 4242.051282 4200.512821 4193.846154 4231.794872
4221.538462 4234.871795 4246.153846 4206.153846 4223.589744 4210.256410 4154.871795 4219.487179 4232.820513 4220.512821 4235.897436 4194.871795 4186.666667 4229.230769
4214.358974 4223.076923 4238.461538 4205.128205 4222.051282 4208.717949 4151.282051 4223.589744 4231.794872 4220.512821 4231.794872 4192.307692 4178.974359 4229.743590
4200.000000 4210.256410 4232.820513 4207.179487 4224.102564 4207.179487 4147.179487 4222.564103 4230.769231 4221.025641 4231.794872 4184.615385 4175.897436 4232.820513
4189.743590 4201.025641 4231.794872 4202.051282 4219.487179 4203.076923 4148.717949 4210.256410 4223.076923 4218.974359 4224.615385 4174.358974 4166.666667 4230.769231
4184.615385 4198.974359 4233.333333 4203.589744 4222.564103 4203.589744 4146.666667 4200.512821 4214.358974 4216.923077 4212.307692 4164.102564 4152.307692 4232.307692
4185.128205 4205.641026 4232.307692 4204.102564 4222.051282 4203.589744 4145.128205 4208.205128 4217.435897 4217.948718 4213.846154 4163.076923 4156.410256 4228.717949
4182.051282 4201.025641 4231.282051 4199.487179 4218.461538 4200.512821 4144.102564 4211.282051 4221.025641 4218.461538 4211.282051 4162.564103 4156.923077 4228.205128
4176.410256 4192.820513 4231.794872 4200.512821 4225.641026 4204.615385 4143.076923 4202.564103 4216.410256 4217.948718 4207.179487 4159.487179 4147.179487 4231.282051
4178.974359 4195.897436 4231.794872 4203.076923 4223.076923 4208.205128 4149.230769 4209.743590 4215.384615 4218.461538 4221.025641 4165.641026 4152.820513 4229.743590
4177.435897 4196.410256 4232.307692 4206.666667 4224.102564 4207.692308 4154.871795 4218.461538 4218.974359 4219.487179 4221.538462 4164.102564 4151.282051 4232.307692
4178.461538 4197.435897 4232.307692 4203.076923 4225.128205 4207.692308 4154.358974 4215.384615 4221.025641 4218.974359 4216.923077 4162.564103 4150.256410 4228.205128
4190.769231 4205.128205 4232.820513 4201.025641 4220.512821 4208.717949 4152.307692 4210.769231 4219.487179 4218.974359 4226.153846 4176.410256 4158.974359 4226.153846
4194.871795 4210.256410 4235.897436 4207.179487 4223.076923 4209.230769 4147.179487 4206.666667 4218.461538 4218.974359 4227.692308 4181.025641 4154.871795 4226.666667
4194.871795 4207.179487 4233.846154 4204.102564 4222.564103 4206.666667 4142.051282 4205.641026 4218.461538 4218.974359 4223.589744 4176.923077 4152.307692 4220.000000
4193.333333 4203.076923 4225.641026 4204.615385 4224.615385 4206.153846 4145.128205 4197.948718 4216.410256 4218.974359 4218.461538 4170.256410 4153.846154 4222.051282
4185.128205 4202.051282 4218.461538 4204.615385 4224.102564 4205.128205 4145.128205 4194.871795 4216.410256 4218.974359 4212.307692 4165.641026 4151.794872 4224.615385
4177.948718 4198.461538 4216.410256 4201.538462 4221.025641 4201.025641 4143.076923 4200.512821 4217.948718 4218.974359 4204.102564 4161.538462 4145.128205 4224.615385
4178.974359 4194.871795 4220.000000 4207.179487 4226.666667 4205.641026 4150.769231 4200.000000 4215.384615 4218.974359 4200.512821 4157.948718 4143.589744 4227.692308
4184.615385 4196.923077 4222.564103 4206.666667 4221.025641 4206.666667 4154.358974 4204.102564 4216.923077 4218.974359 4210.769231 4167.692308 4156.923077 4225.128205
4178.974359 4194.871795 4219.487179 4206.666667 4219.487179 4198.974359 4146.153846 4207.179487 4224.615385 4218.974359 4209.743590 4166.666667 4155.384615 4226.666667
4172.820513 4189.743590 4216.410256 4207.179487 4224.102564 4193.846154 4142.051282 4202.564103 4223.589744 4218.974359 4198.461538 4153.846154 4145.128205 4224.615385
4174.871795 4186.666667 4210.256410 4205.128205 4218.974359 4198.461538 4144.615385 4200.512821 4217.435897 4218.974359 4198.461538 4151.794872 4150.256410 4223.589744
4170.256410 4185.641026 4204.615385 4208.205128 4220.512821 4207.179487 4143.076923 4199.487179 4214.358974 4219.487179 4195.384615 4150.256410 4151.282051 4228.717949
4165.641026 4182.564103 4203.076923 4201.538462 4220.512821 4207.179487 4141.025641 4197.948718 4218.974359 4219.487179 4189.230769 4141.025641 4148.205128 4226.153846
4164.615385 4178.461538 4206.666667 4199.487179 4223.076923 4205.641026 4146.666667 4196.923077 4225.128205 4218.974359 4186.153846 4132.820513 4144.615385 4227.179487
4171.794872 4187.179487 4211.794872 4205.128205 4224.102564 4206.666667 4155.897436 4203.589744 4223.589744 4217.948718 4196.410256 4143.076923 4151.794872 4228.205128
4180.512821 4195.897436 4214.871795 4205.641026 4217.948718 4204.102564 4152.820513 4205.641026 4223.076923 4216.923077 4203.589744 4152.820513 4166.153846 4226.153846
4174.358974 4190.769231 4214.358974 4210.256410 4224.615385 4205.641026 4148.717949 4196.410256 4224.615385 4216.923077 4190.769231 4140.512821 4156.410256 4229.230769
4171.282051 4193.333333 4212.307692 4209.743590 4222.051282 4209.743590 4156.410256 4200.512821 4228.717949 4218.974359 4192.307692 4142.051282 4156.923077 4225.128205
4174.871795 4196.923077 4210.769231 4211.794872 4219.487179 4210.256410 4155.384615 4207.179487 4229.230769 4218.974359 4201.025641 4151.794872 4169.743590 4223.076923
4171.282051 4190.769231 4203.076923 4214.358974 4226.666667 4209.230769 4148.717949 4203.589744 4226.153846 4218.974359 4194.358974 4145.128205 4166.666667 4223.589744
4165.128205 4187.692308 4198.461538 4209.743590 4220.000000 4207.179487 4150.769231 4204.102564 4226.666667 4218.461538 4190.769231 4140.512821 4158.461538 4221.025641
4158.974359 4184.615385 4201.538462 4211.282051 4220.000000 4207.179487 4150.769231 4200.000000 4222.051282 4218.461538 4186.153846 4134.358974 4150.769231 4227.692308
4157.435897 4181.538462 4198.461538 4209.230769 4223.076923 4206.666667 4146.153846 4195.384615 4218.974359 4218.461538 4177.948718 4130.769231 4149.743590 4227.692308
4158.461538 4186.153846 4196.410256 4211.282051 4224.615385 4206.153846 4147.179487 4194.358974 4223.076923 4218.461538 4173.846154 4134.871795 4148.205128 4225.128205
4163.589744 4196.923077 4206.666667 4213.846154 4226.666667 4207.179487 4151.794872 4197.435897 4226.153846 4217.948718 4181.025641 4138.974359 4154.358974 4225.128205
4174.358974 4195.384615 4211.282051 4206.153846 4219.487179 4203.589744 4150.769231 4198.974359 4219.487179 4217.948718 4188.205128 4144.102564 4169.743590 4222.564103
4175.384615 4187.692308 4205.641026 4207.692308 4222.051282 4202.051282 4144.102564 4189.743590 4216.410256 4218.461538 4180.512821 4145.128205 4165.641026 4225.641026
4171.794872 4191.794872 4206.666667 4207.179487 4222.051282 4196.923077 4143.589744 4185.641026 4220.512821 4218.461538 4176.923077 4143.076923 4156.923077 4224.102564
4172.307692 4194.358974 4208.717949 4205.641026 4218.974359 4193.846154 4145.128205 4192.307692 4217.948718 4218.974359 4178.974359 4140.000000 4160.000000 4223.589744
4172.820513 4193.846154 4203.589744 4209.743590 4224.102564 4202.564103 4147.692308 4195.384615 4218.461538 4219.487179 4181.538462 4139.487179 4170.256410 4225.641026
4172.820513 4195.897436 4198.461538 4206.153846 4219.487179 4207.179487 4150.256410 4192.307692 4219.487179 4218.974359 4184.615385 4140.512821 4171.794872 4220.000000
4169.743590 4194.358974 4203.589744 4206.153846 4220.512821 4202.564103 4151.282051 4191.282051 4216.410256 4218.974359 4177.948718 4133.846154 4160.512821 4223.076923
4172.307692 4198.461538 4206.153846 4210.256410 4223.076923 4201.538462 4152.820513 4199.487179 4216.923077 4218.974359 4182.051282 4136.410256 4166.666667 4224.615385
4175.384615 4202.051282 4206.153846 4214.358974 4218.974359 4205.641026 4152.820513 4206.153846 4218.461538 4218.974359 4192.820513 4147.692308 4179.487179 4225.641026
4173.333333 4198.461538 4211.282051 4212.820513 4221.538462 4207.179487 4154.358974 4203.076923 4215.897436 4218.974359 4189.230769 4146.666667 4175.897436 4229.743590
4174.871795 4199.487179 4214.358974 4204.102564 4220.512821 4206.666667 4158.461538 4204.102564 4216.923077 4218.974359 4187.692308 4147.692308 4174.358974 4226.666667
4177.948718 4205.641026 4215.897436 4208.717949 4222.051282 4207.179487 4162.564103 4204.615385 4223.589744 4218.974359 4192.820513 4153.333333 4175.384615 4227.692308
4178.974359 4203.589744 4214.871795 4210.769231 4222.564103 4206.666667 4159.487179 4201.538462 4223.076923 4218.974359 4194.871795 4153.333333 4172.307692 4225.641026
4173.333333 4194.871795 4210.769231 4205.641026 4221.025641 4204.102564 4150.256410 4196.923077 4217.435897 4218.974359 4190.256410 4149.743590 4166.666667 4223.589744
4166.153846 4193.333333 4207.692308 4208.717949 4223.589744 4201.538462 4146.153846 4196.410256 4217.948718 4218.974359 4185.128205 4145.128205 4163.589744 4228.205128
4164.615385 4191.794872 4204.615385 4209.743590 4221.025641 4198.974359 4147.692308 4202.564103 4218.461538 4218.974359 4183.589744 4138.461538 4164.102564 4226.666667
4169.230769 4191.794872 4208.717949 4213.333333 4221.538462 4203.076923 4152.820513 4206.153846 4215.897436 4218.974359 4183.589744 4138.461538 4165.641026 4226.153846
4180.000000 4202.051282 4215.384615 4213.846154 4221.538462 4209.230769 4163.589744 4211.282051 4217.948718 4218.974359 4196.410256 4158.461538 4182.051282 4224.615385
4180.512821 4200.000000 4215.384615 4212.820513 4221.025641 4205.128205 4168.205128 4212.307692 4219.487179 4218.974359 4206.153846 4167.692308 4189.230769 4225.128205
4173.846154 4193.846154 4212.307692 4216.923077 4227.179487 4202.564103 4160.512821 4208.205128 4217.435897 4218.974359 4195.384615 4154.871795 4173.333333 4229.230769
4178.461538 4201.025641 4212.820513 4213.333333 4220.000000 4205.128205 4161.025641 4213.846154 4219.487179 4218.974359 4194.358974 4158.461538 4175.897436 4228.717949
4174.358974 4198.461538 4214.358974 4212.307692 4218.974359 4207.692308 4165.641026 4214.871795 4218.974359 4218.974359 4196.923077 4161.025641 4178.461538 4229.230769
4159.487179 4188.205128 4206.666667 4211.794872 4225.128205 4206.666667 4161.538462 4202.564103 4216.923077 4219.487179 4182.564103 4145.641026 4157.435897 4224.102564
4158.461538 4189.743590 4198.461538 4209.230769 4221.538462 4204.102564 4159.487179 4196.923077 4218.461538 4219.487179 4171.794872 4140.000000 4146.153846 4222.564103
4176.923077 4203.076923 4203.589744 4211.794872 4223.589744 4208.717949 4161.538462 4207.179487 4218.461538 4218.461538 4177.948718 4151.794872 4164.102564 4228.205128
4202.564103 4216.410256 4214.358974 4211.794872 4221.538462 4211.282051 4163.589744 4212.820513 4220.512821 4217.948718 4194.871795 4171.794872 4193.333333 4225.128205
4219.487179 4226.666667 4219.487179 4220.000000 4220.000000 4208.205128 4161.538462 4204.102564 4226.666667 4218.974359 4203.589744 4182.051282 4202.051282 4228.717949
4227.692308 4235.897436 4222.564103 4226.153846 4222.564103 4209.230769 4160.000000 4203.589744 4223.076923 4218.974359 4207.692308 4182.051282 4207.692308 4234.871795
4234.871795 4242.564103 4229.230769 4220.000000 4218.974359 4211.794872 4161.538462 4213.846154 4223.076923 4216.923077 4212.307692 4187.692308 4227.179487 4233.333333
4243.589744 4242.051282 4233.333333 4222.051282 4222.051282 4213.333333 4163.589744 4211.794872 4228.205128 4217.435897 4205.128205 4189.743590 4225.641026 4234.871795
4257.948718 4247.692308 4236.923077 4226.153846 4220.512821 4213.333333 4163.076923 4210.769231 4224.102564 4220.000000 4215.384615 4200.512821 4236.923077 4234.871795
4269.230769 4260.512821 4245.641026 4231.282051 4219.487179 4216.410256 4167.179487 4217.435897 4224.102564 4218.974359 4239.487179 4219.487179 4271.794872 4240.000000
4272.307692 4265.641026 4250.769231 4231.794872 4224.615385 4217.948718 4175.384615 4220.512821 4231.794872 4217.948718 4241.025641 4224.615385 4281.025641 4243.076923
4270.769231 4258.461538 4249.230769 4221.538462 4222.051282 4214.358974 4170.769231 4220.512821 4226.153846 4220.512821 4230.256410 4219.487179 4273.846154 4237.435897
4262.564103 4252.307692 4249.743590 4221.538462 4224.102564 4213.333333 4166.666667 4213.846154 4212.820513 4221.538462 4230.769231 4213.333333 4277.948718 4237.948718
4256.923077 4253.846154 4245.641026 4221.025641 4221.538462 4212.307692 4170.769231 4217.435897 4222.051282 4220.000000 4241.025641 4217.948718 4287.692308 4233.333333
4254.358974 4251.794872 4237.435897 4218.461538 4220.000000 4213.333333 4168.205128 4227.179487 4233.846154 4220.000000 4228.205128 4215.897436 4274.871795 4231.794872
4251.794872 4252.307692 4236.923077 4221.025641 4224.102564 4220.000000 4168.717949 4230.769231 4226.153846 4220.512821 4207.179487 4207.692308 4260.512821 4233.846154
4255.384615 4252.307692 4238.974359 4218.461538 4217.948718 4216.923077 4172.820513 4231.282051 4225.128205 4218.461538 4209.743590 4209.230769 4266.666667 4232.307692
4254.871795 4249.743590 4240.512821 4220.512821 4220.000000 4213.846154 4170.769231 4224.615385 4228.717949 4217.435897 4214.871795 4210.769231 4269.743590 4238.461538
4257.948718 4255.897436 4243.589744 4216.923077 4223.076923 4219.487179 4171.282051 4227.179487 4224.615385 4218.461538 4221.538462 4216.410256 4275.897436 4235.384615
4264.615385 4257.435897 4241.538462 4214.871795 4221.025641 4220.512821 4173.846154 4236.410256 4221.538462 4218.461538 4229.230769 4221.025641 4278.974359 4229.743590
4262.051282 4253.333333 4240.000000 4222.051282 4224.615385 4214.871795 4171.794872 4233.846154 4223.076923 4217.948718 4224.615385 4215.384615 4267.179487 4231.794872
4260.000000 4253.846154 4241.538462 4218.974359 4219.487179 4210.256410 4168.717949 4233.846154 4226.666667 4218.461538 4216.410256 4215.384615 4260.512821 4232.820513
4258.461538 4247.179487 4239.487179 4220.000000 4222.051282 4215.384615 4169.743590 4235.384615 4226.153846 4219.487179 4214.358974 4213.846154 4256.410256 4238.974359
4256.923077 4239.487179 4234.358974 4217.948718 4223.589744 4220.000000 4170.256410 4233.333333 4221.025641 4218.974359 4218.461538 4213.846154 4251.794872 4236.923077
4261.025641 4241.025641 4235.384615 4212.820513 4220.000000 4216.410256 4166.153846 4232.820513 4220.512821 4218.974359 4221.538462 4224.102564 4253.846154 4232.820513
4271.282051 4245.128205 4240.512821 4217.948718 4224.102564 4217.435897 4166.153846 4233.846154 4224.615385 4219.487179 4229.743590 4234.358974 4264.102564 4234.871795
4276.410256 4241.025641 4243.589744 4217.435897 4218.461538 4216.923077 4167.692308 4231.282051 4220.512821 4218.974359 4238.461538 4234.358974 4264.615385 4232.307692
4270.769231 4234.358974 4249.743590 4219.487179 4220.512821 4215.897436 4167.692308 4227.179487 4218.974359 4219.487179 4223.589744 4226.666667 4246.153846 4236.410256
4267.692308 4232.820513 4251.282051 4218.461538 4223.589744 4218.461538 4167.692308 4228.205128 4231.794872 4218.974359 4217.948718 4227.692308 4245.641026 4236.410256
4268.205128 4233.333333 4250.256410 4214.358974 4217.948718 4217.435897 4166.666667 4227.179487 4234.358974 4218.974359 4232.307692 4232.820513 4256.410256 4233.333333
4269.230769 4233.333333 4253.846154 4217.948718 4222.051282 4218.974359 4166.666667 4223.076923 4225.641026 4219.487179 4231.282051 4229.230769 4247.179487 4235.897436
4272.307692 4233.333333 4258.461538 4216.923077 4221.538462 4221.025641 4169.230769 4227.179487 4227.179487 4218.461538 4227.179487 4231.794872 4245.641026 4232.820513
4269.743590 4234.358974 4262.564103 4220.000000 4222.051282 4213.846154 4169.230769 4228.205128 4229.743590 4218.461538 4221.025641 4232.307692 4242.051282 4236.923077
4267.179487 4240.512821 4262.564103 4220.000000 4223.076923 4205.128205 4170.769231 4226.666667 4225.641026 4218.974359 4214.358974 4230.256410 4233.846154 4238.461538
4271.794872 4241.025641 4264.102564 4215.897436 4220.000000 4209.230769 4172.307692 4230.769231 4224.615385 4218.461538 4222.051282 4235.384615 4241.025641 4236.410256
4274.358974 4238.461538 4269.743590 4218.974359 4223.589744 4215.897436 4171.794872 4233.333333 4230.256410 4218.461538 4226.153846 4233.333333 4244.102564 4239.487179
4275.384615 4240.512821 4268.717949 4214.871795 4219.487179 4209.230769 4174.871795 4232.307692 4232.820513 4218.974359 4226.666667 4233.846154 4244.102564 4236.410256
4278.461538 4238.461538 4264.615385 4217.435897 4221.538462 4209.230769 4177.948718 4232.820513 4231.282051 4219.487179 4231.794872 4240.512821 4245.128205 4236.410256
4283.076923 4242.564103 4268.717949 4220.512821 4226.666667 4216.410256 4177.948718 4237.948718 4233.333333 4218.974359 4241.025641 4246.153846 4254.871795 4236.410256
4286.666667 4251.282051 4276.410256 4216.923077 4221.538462 4217.948718 4181.025641 4244.102564 4233.846154 4218.974359 4242.564103 4251.794872 4264.102564 4234.871795
4286.153846 4251.282051 4278.461538 4220.000000 4223.589744 4220.000000 4185.128205 4244.102564 4232.307692 4218.974359 4233.333333 4252.307692 4257.948718 4238.461538
4289.230769 4249.743590 4279.487179 4216.923077 4220.512821 4221.025641 4187.692308 4245.641026 4233.333333 4218.974359 4236.923077 4252.307692 4262.564103 4232.307692
4288.205128 4247.179487 4282.564103 4212.820513 4219.487179 4216.410256 4183.076923 4243.589744 4232.820513 4218.974359 4238.461538 4250.769231 4262.564103 4229.230769
4277.435897 4241.025641 4278.974359 4209.743590 4224.102564 4211.282051 4175.897436 4234.358974 4231.794872 4218.974359 4226.153846 4241.025641 4244.615385 4229.230769
4268.205128 4234.358974 4271.282051 4203.589744 4220.000000 4214.358974 4175.897436 4227.692308 4232.307692 4218.974359 4215.897436 4230.769231 4235.897436 4227.692308
4269.230769 4235.897436 4269.743590 4207.692308 4222.051282 4222.564103 4180.000000 4224.615385 4228.205128 4218.974359 4217.948718 4229.743590 4243.589744 4232.307692
4272.307692 4240.000000 4269.743590 4206.153846 4220.000000 4221.538462 4179.487179 4226.666667 4221.538462 4218.974359 4222.564103 4234.871795 4246.153846 4230.769231
4262.564103 4234.871795 4266.666667 4205.641026 4218.461538 4220.512821 4178.974359 4227.692308 4224.615385 4218.974359 4210.256410 4229.743590 4230.769231 4228.717949
4254.358974 4235.384615 4264.615385 4207.692308 4223.589744 4226.153846 4180.000000 4226.666667 4232.307692 4218.974359 4207.179487 4225.128205 4230.769231 4226.666667
4256.410256 4242.051282 4260.000000 4203.589744 4221.025641 4225.641026 4173.333333 4227.179487 4231.794872 4218.974359 4217.435897 4224.615385 4241.025641 4224.615385
4252.307692 4240.512821 4256.410256 4206.153846 4224.615385 4223.589744 4168.205128 4222.564103 4226.666667 4218.974359 4210.256410 4213.333333 4230.256410 4228.717949
4252.820513 4241.025641 4261.025641 4206.666667 4224.615385 4225.128205 4176.410256 4227.179487 4231.794872 4219.487179 4213.846154 4217.435897 4235.897436 4227.179487
4258.974359 4243.076923 4268.205128 4206.153846 4218.974359 4223.589744 4178.974359 4227.692308 4233.333333 4218.974359 4222.051282 4226.666667 4248.717949 4224.102564
4256.410256 4240.512821 4264.615385 4204.102564 4218.974359 4223.076923 4172.820513 4212.307692 4222.051282 4218.461538 4206.153846 4214.871795 4231.282051 4222.051282
4253.846154 4238.461538 4261.025641 4201.025641 4221.538462 4222.564103 4166.666667 4211.282051 4221.025641 4219.487179 4198.461538 4211.794872 4222.051282 4221.538462
4258.461538 4238.461538 4266.153846 4208.205128 4226.666667 4222.051282 4168.205128 4224.102564 4229.230769 4218.461538 4210.256410 4223.076923 4234.358974 4227.692308
4269.230769 4244.102564 4269.743590 4210.769231 4221.538462 4225.128205 4178.974359 4232.307692 4230.769231 4216.410256 4220.000000 4233.846154 4246.153846 4226.153846
4273.333333 4247.179487 4267.692308 4209.230769 4216.410256 4228.205128 4183.076923 4231.794872 4229.743590 4217.948718 4214.358974 4234.871795 4245.128205 4226.666667
4261.538462 4242.051282 4260.512821 4208.205128 4223.589744 4227.179487 4173.333333 4224.102564 4231.794872 4220.512821 4206.153846 4225.641026 4235.384615 4230.256410
4257.948718 4236.923077 4256.923077 4203.589744 4221.025641 4223.589744 4167.179487 4220.000000 4230.769231 4219.487179 4212.307692 4227.179487 4233.846154 4223.076923
4264.615385 4238.974359 4264.102564 4205.128205 4220.512821 4224.102564 4171.282051 4222.564103 4230.769231 4217.948718 4219.487179 4233.846154 4234.358974 4222.564103
4261.025641 4238.974359 4262.564103 4202.564103 4222.051282 4223.589744 4170.769231 4225.641026 4231.794872 4218.974359 4216.410256 4228.205128 4233.846154 4222.564103
4252.307692 4233.333333 4250.769231 4200.000000 4219.487179 4221.538462 4170.256410 4227.179487 4230.769231 4217.948718 4204.615385 4216.923077 4226.666667 4219.487179
4250.769231 4234.871795 4247.179487 4204.102564 4223.076923 4223.076923 4174.871795 4229.230769 4232.307692 4218.461538 4198.461538 4214.871795 4217.435897 4222.051282
4252.307692 4240.512821 4247.179487 4202.051282 4220.000000 4222.564103 4172.820513 4228.205128 4233.333333 4219.487179 4207.179487 4216.923077 4226.153846 4221.538462
4247.179487 4238.974359 4246.153846 4204.615385 4221.538462 4224.615385 4167.692308 4219.487179 4229.743590 4219.487179 4210.769231 4209.230769 4233.846154 4220.000000
4244.615385 4237.435897 4244.102564 4204.615385 4223.589744 4225.641026 4170.256410 4221.538462 4227.179487 4218.974359 4211.794872 4209.230769 4231.794872 4216.923077
4246.666667 4240.000000 4239.487179 4203.076923 4217.948718 4222.051282 4172.307692 4230.769231 4227.692308 4218.461538 4210.256410 4211.794872 4226.153846 4222.051282
4244.615385 4243.076923 4236.410256 4206.666667 4220.512821 4224.102564 4169.230769 4228.717949 4231.794872 4217.948718 4207.179487 4205.641026 4228.205128 4228.205128
4245.128205 4247.692308 4242.051282 4205.128205 4218.974359 4226.666667 4173.333333 4230.256410 4235.897436 4218.974359 4217.435897 4211.282051 4242.051282 4220.000000
4245.641026 4245.641026 4249.230769 4208.205128 4221.538462 4225.128205 4177.948718 4236.410256 4233.333333 4220.000000 4220.512821 4215.897436 4242.564103 4220.512821
4246.153846 4242.051282 4247.179487 4210.256410 4222.051282 4224.615385 4179.487179 4236.410256 4231.794872 4219.487179 4225.128205 4216.410256 4243.076923 4223.589744
4249.230769 4245.128205 4247.179487 4207.692308 4217.435897 4224.615385 4181.538462 4235.384615 4233.333333 4220.000000 4236.923077 4224.615385 4251.282051 4222.051282
4246.666667 4246.666667 4251.794872 4213.846154 4226.666667 4224.102564 4182.051282 4234.358974 4233.333333 4219.487179 4228.205128 4221.538462 4240.512821 4226.666667
4238.974359 4241.025641 4248.717949 4209.743590 4222.564103 4218.974359 4177.948718 4232.307692 4232.307692 4217.435897 4213.846154 4209.743590 4227.692308 4223.076923
4231.282051 4234.358974 4244.615385 4205.128205 4218.461538 4218.974359 4172.820513 4224.615385 4230.256410 4218.974359 4210.769231 4202.051282 4222.051282 4220.512821
4241.538462 4242.564103 4254.358974 4209.743590 4223.076923 4224.102564 4176.923077 4232.307692 4232.307692 4220.000000 4216.923077 4209.230769 4226.153846 4221.025641
4253.846154 4246.666667 4261.538462 4207.179487 4220.000000 4222.051282 4182.564103 4246.153846 4234.871795 4218.461538 4222.051282 4224.102564 4236.410256 4223.589744
4247.179487 4242.051282 4255.384615 4207.692308 4224.615385 4221.538462 4182.051282 4237.435897 4231.282051 4218.461538 4217.948718 4220.512821 4236.410256 4227.692308
4250.769231 4252.820513 4257.948718 4210.256410 4222.051282 4224.102564 4182.564103 4235.897436 4231.282051 4218.974359 4225.641026 4222.051282 4245.128205 4222.051282
4260.512821 4261.025641 4265.641026 4214.871795 4218.461538 4224.102564 4184.615385 4246.153846 4235.384615 4218.461538 4228.205128 4233.333333 4250.769231 4223.589744
4262.051282 4258.974359 4267.179487 4215.384615 4225.641026 4224.615385 4188.717949 4245.128205 4228.205128 4217.435897 4221.025641 4236.410256 4247.179487 4226.153846
4261.538462 4256.410256 4264.102564 4209.743590 4223.589744 4225.128205 4187.179487 4238.461538 4223.589744 4217.948718 4226.666667 4232.820513 4250.769231 4222.051282
4250.256410 4247.179487 4256.923077 4212.307692 4224.102564 4225.128205 4178.974359 4230.256410 4226.666667 4218.974359 4216.410256 4221.025641 4240.512821 4224.102564
4239.487179 4240.512821 4250.256410 4209.743590 4222.564103 4221.538462 4174.871795 4229.743590 4222.564103 4218.974359 4206.666667 4217.435897 4234.358974 4221.025641
4245.641026 4248.205128 4257.435897 4210.769231 4222.564103 4219.487179 4182.051282 4235.897436 4218.974359 4218.461538 4220.512821 4225.641026 4245.641026 4220.512821
4256.410256 4260.000000 4264.102564 4214.358974 4225.641026 4225.128205 4190.256410 4240.512821 4222.051282 4217.435897 4227.179487 4231.282051 4249.743590 4225.128205
4256.410256 4257.948718 4259.487179 4211.794872 4219.487179 4227.179487 4186.153846 4238.461538 4220.000000 4217.435897 4216.410256 4231.794872 4243.589744 4226.153846
4251.282051 4249.743590 4258.974359 4212.820513 4222.051282 4225.641026 4182.564103 4230.256410 4215.384615 4217.948718 4214.871795 4229.230769 4243.589744 4228.205128
4248.205128 4249.743590 4258.974359 4206.153846 4224.102564 4223.076923 4189.230769 4231.794872 4218.461538 4217.948718 4228.717949 4233.333333 4258.461538 4224.102564
4241.538462 4248.205128 4250.769231 4204.615385 4222.564103 4222.051282 4185.641026 4233.846154 4219.487179 4216.923077 4224.102564 4229.230769 4255.897436 4224.615385
4237.948718 4244.102564 4247.179487 4212.307692 4224.615385 4224.102564 4174.871795 4231.282051 4217.948718 4218.461538 4203.076923 4216.923077 4234.871795 4229.743590
4240.512821 4242.564103 4246.666667 4208.717949 4220.000000 4224.615385 4174.358974 4229.230769 4219.487179 4220.512821 4195.897436 4218.974359 4233.333333 4225.641026
4237.948718 4241.538462 4242.564103 4205.641026 4223.076923 4224.615385 4174.871795 4223.076923 4217.948718 4218.461538 4195.897436 4221.538462 4240.000000 4227.179487
4230.256410 4242.051282 4233.333333 4205.128205 4222.564103 4223.076923 4173.333333 4222.564103 4216.923077 4216.923077 4188.717949 4209.743590 4229.743590 4225.128205
4222.051282 4231.282051 4223.589744 4205.128205 4219.487179 4222.051282 4174.358974 4223.589744 4216.410256 4218.461538 4168.205128 4193.846154 4204.615385 4219.487179
4220.512821 4224.615385 4223.589744 4207.692308 4224.615385 4224.615385 4173.333333 4220.000000 4215.897436 4218.974359 4160.512821 4192.307692 4196.923077 4220.000000
4234.871795 4238.974359 4231.282051 4205.641026 4221.025641 4223.076923 4174.871795 4221.538462 4216.923077 4217.435897 4181.025641 4208.205128 4218.461538 4221.025641
4240.512821 4248.717949 4236.923077 4209.230769 4220.512821 4221.025641 4178.461538 4223.589744 4219.487179 4216.923077 4183.589744 4211.794872 4221.538462 4226.153846
4234.358974 4242.051282 4232.307692 4207.179487 4222.051282 4215.384615 4177.435897 4224.615385 4220.512821 4217.948718 4171.282051 4204.102564 4214.871795 4222.051282
4233.333333 4235.384615 4226.666667 4200.512821 4220.512821 4210.256410 4173.846154 4228.205128 4218.461538 4218.461538 4178.461538 4207.179487 4229.743590 4218.461538
4231.794872 4233.333333 4228.205128 4201.538462 4223.589744 4218.461538 4174.871795 4233.333333 4217.948718 4217.435897 4186.666667 4216.410256 4237.948718 4223.589744
4231.794872 4235.384615 4226.666667 4198.974359 4218.461538 4224.615385 4178.974359 4236.923077 4220.512821 4215.384615 4182.564103 4220.512821 4232.307692 4219.487179
4232.307692 4240.000000 4224.615385 4203.589744 4220.512821 4223.589744 4178.461538 4231.282051 4220.512821 4216.410256 4173.846154 4211.282051 4225.128205 4220.512821
4231.282051 4242.564103 4227.692308 4207.179487 4224.102564 4225.128205 4177.435897 4227.179487 4217.948718 4220.000000 4175.897436 4209.230769 4232.820513 4222.564103
4228.205128 4234.358974 4229.230769 4201.538462 4219.487179 4221.538462 4174.358974 4226.153846 4219.487179 4218.974359 4182.051282 4214.871795 4236.410256 4219.487179
4223.076923 4223.589744 4221.538462 4201.025641 4221.538462 4216.410256 4169.743590 4218.974359 4217.435897 4217.948718 4172.820513 4206.153846 4223.076923 4221.025641
4225.641026 4227.179487 4215.384615 4201.025641 4221.025641 4218.974359 4173.333333 4220.512821 4216.923077 4219.487179 4172.307692 4205.641026 4224.102564 4220.512821
4233.333333 4236.410256 4219.487179 4205.128205 4222.564103 4223.589744 4179.487179 4223.589744 4223.076923 4217.948718 4180.000000 4213.846154 4229.230769 4222.564103
4236.410256 4239.487179 4218.461538 4204.615385 4224.102564 4225.128205 4180.000000 4224.615385 4224.615385 4216.923077 4178.461538 4214.871795 4228.717949 4220.512821
4229.743590 4235.384615 4215.384615 4200.512821 4218.974359 4218.461538 4173.846154 4226.153846 4221.025641 4219.487179 4176.923077 4212.820513 4232.307692 4218.974359
4225.641026 4232.820513 4217.948718 4201.538462 4222.564103 4214.358974 4170.769231 4220.512821 4216.410256 4220.512821 4175.897436 4208.717949 4226.153846 4222.564103
4226.666667 4229.743590 4212.820513 4196.410256 4222.051282 4216.923077 4171.282051 4213.846154 4217.948718 4216.923077 4175.897436 4206.153846 4221.538462 4217.435897
4226.153846 4229.230769 4207.692308 4198.974359 4222.564103 4220.000000 4178.461538 4217.948718 4226.153846 4217.435897 4176.410256 4208.205128 4227.179487 4218.974359
4232.307692 4240.000000 4211.794872 4204.102564 4225.128205 4218.974359 4186.153846 4230.256410 4227.179487 4225.128205 4177.948718 4212.307692 4229.230769 4223.589744
4230.256410 4236.923077 4210.769231 4198.461538 4220.512821 4215.897436 4182.051282 4228.717949 4216.923077 4224.615385 4169.230769 4205.641026 4213.846154 4221.538462
4222.051282 4228.205128 4206.153846 4200.512821 4223.076923 4215.897436 4181.025641 4219.487179 4214.358974 4216.923077 4165.128205 4198.461538 4205.641026 4224.102564
4233.846154 4238.974359 4210.769231 4202.051282 4221.025641 4217.948718 4186.153846 4225.641026 4218.461538 4216.410256 4191.282051 4213.846154 4232.307692 4221.538462
4243.589744 4244.615385 4218.974359 4203.076923 4222.051282 4224.102564 4185.641026 4231.794872 4213.846154 4219.487179 4200.512821 4223.076923 4239.487179 4219.487179
4231.794872 4237.948718 4217.948718 4201.025641 4228.717949 4221.538462 4182.051282 4225.641026 4213.333333 4218.974359 4186.666667 4216.923077 4222.051282 4219.487179
4224.102564 4233.333333 4208.205128 4189.230769 4222.051282 4209.230769 4179.487179 4220.000000 4218.974359 4218.974359 4183.589744 4217.435897 4218.461538 4221.025641
4232.820513 4233.333333 4211.794872 4190.256410 4220.512821 4213.333333 4180.000000 4219.487179 4216.410256 4220.512821 4186.153846 4215.897436 4217.948718 4227.179487
4242.051282 4239.487179 4225.128205 4193.846154 4221.538462 4223.076923 4184.615385 4225.641026 4218.461538 4217.435897 4188.717949 4219.487179 4216.410256 4223.589744
4237.435897 4235.897436 4226.153846 4194.358974 4221.025641 4222.564103 4182.564103 4228.717949 4227.179487 4215.384615 4185.128205 4227.692308 4213.333333 4221.538462
4233.333333 4223.589744 4223.589744 4196.410256 4223.589744 4215.897436 4175.897436 4222.564103 4223.589744 4224.615385 4184.615385 4227.692308 4210.256410 4222.051282
4240.512821 4223.076923 4228.205128 4196.923077 4220.512821 4208.717949 4176.410256 4218.461538 4215.384615 4228.717949 4186.666667 4227.179487 4207.179487 4221.025641
4240.000000 4226.666667 4229.743590 4201.538462 4222.051282 4210.769231 4174.871795 4214.871795 4214.871795 4221.538462 4178.461538 4221.538462 4198.461538 4227.692308
4241.025641 4225.641026 4226.666667 4198.461538 4218.461538 4216.410256 4172.820513 4214.358974 4217.948718 4221.538462 4184.102564 4221.538462 4206.666667 4225.641026
4246.666667 4221.538462 4225.128205 4196.923077 4216.410256 4212.307692 4172.820513 4213.333333 4217.948718 4224.615385 4189.743590 4220.512821 4214.358974 4222.564103
4233.846154 4213.333333 4219.487179 4198.461538 4224.102564 4207.179487 4172.820513 4207.179487 4211.794872 4220.000000 4174.358974 4208.205128 4196.410256 4222.564103
4223.076923 4211.794872 4214.871795 4192.307692 4220.000000 4207.692308 4175.384615 4214.358974 4208.205128 4217.948718 4172.820513 4207.179487 4190.256410 4218.974359
4228.717949 4215.384615 4221.538462 4197.948718 4220.512821 4211.794872 4178.974359 4223.589744 4213.846154 4220.000000 4180.000000 4208.717949 4196.923077 4224.615385
4234.871795 4216.410256 4225.128205 4200.512821 4221.538462 4210.256410 4181.025641 4222.051282 4220.000000 4217.948718 4178.974359 4202.051282 4197.948718 4224.102564
4232.820513 4215.384615 4223.589744 4196.923077 4215.897436 4206.666667 4178.974359 4213.846154 4216.923077 4218.461538 4179.487179 4198.461538 4194.871795 4220.000000
4231.282051 4216.923077 4224.615385 4200.000000 4218.974359 4207.179487 4174.358974 4207.692308 4214.871795 4219.487179 4177.948718 4199.487179 4191.794872 4222.564103
4232.307692 4215.897436 4227.179487 4199.487179 4219.487179 4207.179487 4171.794872 4211.282051 4217.948718 4216.923077 4181.025641 4205.128205 4197.948718 4219.487179
4236.410256 4216.410256 4233.333333 4205.128205 4223.076923 4209.743590 4174.871795 4217.948718 4217.948718 4218.461538 4189.743590 4213.846154 4205.128205 4221.025641
4245.641026 4225.128205 4237.435897 4205.641026 4224.615385 4211.794872 4177.948718 4219.487179 4217.435897 4218.974359 4190.256410 4220.512821 4206.153846 4224.615385
4246.153846 4227.692308 4235.384615 4200.512821 4220.000000 4210.256410 4173.846154 4214.871795 4217.435897 4218.974359 4176.923077 4211.794872 4195.897436 4227.179487
4238.461538 4225.641026 4230.769231 4204.102564 4222.051282 4212.820513 4175.897436 4216.410256 4215.384615 4219.487179 4177.948718 4205.128205 4195.897436 4230.256410
4240.512821 4226.153846 4229.230769 4205.641026 4217.435897 4212.820513 4182.051282 4227.179487 4214.358974 4218.974359 4193.846154 4214.871795 4212.820513 4225.641026
4243.076923 4222.564103 4233.333333 4203.589744 4219.487179 4208.717949 4179.487179 4226.153846 4214.871795 4218.974359 4192.307692 4218.974359 4211.282051 4227.179487
4243.589744 4224.102564 4233.333333 4201.538462 4227.179487 4211.282051 4176.923077 4225.641026 4216.923077 4218.974359 4194.358974 4216.923077 4210.769231 4225.128205
4243.589744 4226.666667 4228.205128 4204.102564 4224.102564 4216.923077 4178.974359 4233.333333 4216.410256 4218.974359 4197.948718 4216.410256 4214.871795 4222.051282
4242.051282 4227.692308 4228.717949 4207.692308 4221.538462 4215.384615 4183.076923 4232.820513 4214.871795 4218.974359 4184.615385 4207.692308 4204.102564 4227.179487
4236.923077 4229.743590 4226.666667 4201.025641 4218.974359 4207.692308 4182.564103 4231.282051 4214.871795 4218.974359 4180.000000 4201.538462 4203.076923 4222.051282
4231.794872 4225.128205 4220.000000 4203.589744 4223.076923 4209.230769 4177.948718 4233.333333 4214.358974 4218.974359 4186.153846 4203.076923 4211.282051 4218.461538
4233.846154 4223.076923 4218.974359 4211.282051 4225.128205 4218.974359 4180.512821 4233.846154 4214.871795 4218.974359 4189.743590 4206.666667 4210.256410 4218.461538
4234.358974 4219.487179 4221.025641 4210.256410 4217.948718 4217.435897 4184.102564 4235.897436 4216.410256 4218.461538 4187.692308 4202.564103 4200.512821 4218.461538
4226.153846 4214.358974 4220.000000 4212.307692 4224.102564 4212.820513 4180.512821 4235.384615 4214.358974 4220.000000 4179.487179 4191.282051 4193.333333 4223.076923
4224.102564 4212.820513 4222.051282 4209.230769 4225.128205 4211.794872 4178.461538 4236.410256 4216.410256 4219.487179 4182.051282 4193.846154 4204.615385 4222.564103
4223.076923 4212.307692 4229.743590 4209.230769 4222.051282 4212.820513 4180.512821 4232.820513 4216.923077 4216.410256 4187.179487 4202.051282 4214.871795 4224.102564
4222.051282 4217.948718 4234.358974 4209.743590 4223.589744 4211.282051 4174.871795 4225.128205 4206.666667 4223.076923 4184.102564 4201.538462 4213.846154 4224.615385
