4144.615385 4128.205128 4157.948718 4116.410256 4228.717949 4170.256410 4095.384615 4176.923077 4137.435897 4232.307692 4118.461538 4202.051282 4115.897436 4220.000000
4140.000000 4137.435897 4154.871795 4117.948718 4225.641026 4166.153846 4085.128205 4168.717949 4120.000000 4232.307692 4113.846154 4198.974359 4110.769231 4213.846154
4134.871795 4132.307692 4151.794872 4113.846154 4223.589744 4156.410256 4077.948718 4163.589744 4106.153846 4231.794872 4102.051282 4197.948718 4101.025641 4218.461538
4142.051282 4121.025641 4159.487179 4108.205128 4227.692308 4161.538462 4082.564103 4168.205128 4119.487179 4231.794872 4101.538462 4201.538462 4106.153846 4224.102564
4145.128205 4123.589744 4159.487179 4108.205128 4225.641026 4165.128205 4087.692308 4167.179487 4125.641026 4232.307692 4104.102564 4199.487179 4110.769231 4221.538462
4147.692308 4135.384615 4159.487179 4115.384615 4224.102564 4157.435897 4088.205128 4168.717949 4124.615385 4231.282051 4107.692308 4202.051282 4112.820513 4218.461538
4156.923077 4148.205128 4165.128205 4126.666667 4224.615385 4162.564103 4092.820513 4177.948718 4136.410256 4231.794872 4125.641026 4207.692308 4130.769231 4218.461538
4160.512821 4145.128205 4166.666667 4125.128205 4224.615385 4166.153846 4090.769231 4171.794872 4134.871795 4232.820513 4131.282051 4205.641026 4138.461538 4221.538462
4153.846154 4131.282051 4160.512821 4117.435897 4225.128205 4159.487179 4083.589744 4158.461538 4116.923077 4231.794872 4119.487179 4200.000000 4127.179487 4221.025641
4142.051282 4125.641026 4148.205128 4111.794872 4222.051282 4153.333333 4080.000000 4159.487179 4096.923077 4230.769231 4111.282051 4196.923077 4120.512821 4218.461538
4141.025641 4124.102564 4146.153846 4100.000000 4224.102564 4145.641026 4077.948718 4162.564103 4070.769231 4232.307692 4109.230769 4198.974359 4118.461538 4221.025641
4145.641026 4124.102564 4147.179487 4100.512821 4226.666667 4147.179487 4082.051282 4162.564103 4065.641026 4232.307692 4111.282051 4196.410256 4116.923077 4226.666667
4142.051282 4123.589744 4140.000000 4109.230769 4223.589744 4154.358974 4080.512821 4163.589744 4075.384615 4231.794872 4109.230769 4193.846154 4109.743590 4224.615385
4138.974359 4120.512821 4138.461538 4102.564103 4224.102564 4149.743590 4073.333333 4161.025641 4066.153846 4232.307692 4100.512821 4198.974359 4101.538462 4216.923077
4138.974359 4123.076923 4139.487179 4099.487179 4227.179487 4146.666667 4077.948718 4159.487179 4058.974359 4232.820513 4099.487179 4197.435897 4105.128205 4213.846154
4144.615385 4129.743590 4143.076923 4109.230769 4227.179487 4152.307692 4085.128205 4161.025641 4068.205128 4233.333333 4105.128205 4193.846154 4110.769231 4217.948718
4148.717949 4128.717949 4143.589744 4109.743590 4222.564103 4146.153846 4084.102564 4165.641026 4076.923077 4233.846154 4106.666667 4194.871795 4112.307692 4218.461538
4142.564103 4114.871795 4137.435897 4096.410256 4223.589744 4134.358974 4078.974359 4168.205128 4085.128205 4232.820513 4106.153846 4192.820513 4112.307692 4213.846154
4138.974359 4112.820513 4138.974359 4094.871795 4229.230769 4138.461538 4080.512821 4163.589744 4077.435897 4232.820513 4104.102564 4190.256410 4108.205128 4210.256410
4145.128205 4129.230769 4141.025641 4104.102564 4225.641026 4146.666667 4085.641026 4159.487179 4060.512821 4232.820513 4103.076923 4189.230769 4109.230769 4214.871795
4149.743590 4123.589744 4142.051282 4100.000000 4222.564103 4148.205128 4089.743590 4162.051282 4062.564103 4232.307692 4106.666667 4190.256410 4113.846154 4222.051282
4144.102564 4107.692308 4140.000000 4094.358974 4224.615385 4147.179487 4090.769231 4163.589744 4078.461538 4231.282051 4110.769231 4188.205128 4114.358974 4216.410256
4143.076923 4111.282051 4139.487179 4096.923077 4225.641026 4131.794872 4081.025641 4161.025641 4077.435897 4232.307692 4108.717949 4187.692308 4108.717949 4206.666667
4146.153846 4113.846154 4144.102564 4094.358974 4226.153846 4121.025641 4072.820513 4161.538462 4069.230769 4232.307692 4104.615385 4189.230769 4106.153846 4209.743590
4144.615385 4115.384615 4141.538462 4094.871795 4224.102564 4134.871795 4076.923077 4163.589744 4075.897436 4231.794872 4109.230769 4184.615385 4112.820513 4211.794872
4143.589744 4118.461538 4140.000000 4096.923077 4225.641026 4139.487179 4078.974359 4157.435897 4069.743590 4233.333333 4105.641026 4182.051282 4105.641026 4211.282051
4143.589744 4120.000000 4142.564103 4100.000000 4228.717949 4131.794872 4081.538462 4155.897436 4064.102564 4232.820513 4101.538462 4187.692308 4105.128205 4212.820513
4148.205128 4127.692308 4146.666667 4109.230769 4225.641026 4136.410256 4094.358974 4168.205128 4081.025641 4232.820513 4114.871795 4192.307692 4123.076923 4208.205128
4155.384615 4131.282051 4154.358974 4112.820513 4224.615385 4142.051282 4096.923077 4173.846154 4088.717949 4233.333333 4119.487179 4190.769231 4121.538462 4203.589744
4150.256410 4122.564103 4149.743590 4108.205128 4225.128205 4145.128205 4092.307692 4163.589744 4080.512821 4231.794872 4107.179487 4184.102564 4106.666667 4206.666667
4139.487179 4111.282051 4135.384615 4097.948718 4225.128205 4144.102564 4087.179487 4153.333333 4067.692308 4230.256410 4094.871795 4182.051282 4100.000000 4209.743590
4140.512821 4115.897436 4132.307692 4094.871795 4225.128205 4134.358974 4080.000000 4152.820513 4054.871795 4231.282051 4097.435897 4185.641026 4103.589744 4206.666667
4146.153846 4127.692308 4139.487179 4101.538462 4222.564103 4132.820513 4084.102564 4158.461538 4057.435897 4232.820513 4109.230769 4187.692308 4111.282051 4206.153846
4148.205128 4124.102564 4146.666667 4106.153846 4225.128205 4143.076923 4097.435897 4164.615385 4075.897436 4232.307692 4109.230769 4189.230769 4112.307692 4210.769231
4144.615385 4124.615385 4140.512821 4106.666667 4225.641026 4145.128205 4098.461538 4164.102564 4082.564103 4230.769231 4097.948718 4184.102564 4107.179487 4210.256410
4135.384615 4116.410256 4128.205128 4092.820513 4223.076923 4125.128205 4078.461538 4154.871795 4069.230769 4230.769231 4088.717949 4178.974359 4098.974359 4206.153846
4135.897436 4110.769231 4129.230769 4082.564103 4223.589744 4111.282051 4072.307692 4153.333333 4065.641026 4232.820513 4093.846154 4183.076923 4098.461538 4206.666667
4143.589744 4121.538462 4131.282051 4095.897436 4222.564103 4124.102564 4089.230769 4158.974359 4066.666667 4232.820513 4097.435897 4183.589744 4103.076923 4208.205128
4145.128205 4122.564103 4130.256410 4102.564103 4223.589744 4134.871795 4096.410256 4163.076923 4065.128205 4229.743590 4092.307692 4182.051282 4101.025641 4208.717949
4143.076923 4115.897436 4128.717949 4096.410256 4222.564103 4130.256410 4093.333333 4164.102564 4081.538462 4230.769231 4097.435897 4180.512821 4104.102564 4205.128205
4140.000000 4117.948718 4127.179487 4094.871795 4222.051282 4121.025641 4088.717949 4154.871795 4081.025641 4233.333333 4099.487179 4177.948718 4105.641026 4204.102564
4137.948718 4122.564103 4129.743590 4095.384615 4224.615385 4116.410256 4087.692308 4147.692308 4060.000000 4231.794872 4089.743590 4178.974359 4100.000000 4203.076923
4136.410256 4123.589744 4128.717949 4094.871795 4223.589744 4122.564103 4092.820513 4157.435897 4067.692308 4231.794872 4090.256410 4182.051282 4103.589744 4196.923077
4141.538462 4125.641026 4132.307692 4094.871795 4223.076923 4125.641026 4093.846154 4165.641026 4088.717949 4233.333333 4098.461538 4186.153846 4111.282051 4192.820513
4140.000000 4123.076923 4130.769231 4095.384615 4224.102564 4119.487179 4084.102564 4158.461538 4083.076923 4231.794872 4094.358974 4182.564103 4109.743590 4194.358974
4125.128205 4109.230769 4115.897436 4087.179487 4224.615385 4115.897436 4074.358974 4149.743590 4066.153846 4230.256410 4080.000000 4172.820513 4099.487179 4193.846154
4122.564103 4110.256410 4114.871795 4085.128205 4227.179487 4118.461538 4076.410256 4147.692308 4064.615385 4232.820513 4074.358974 4174.358974 4094.871795 4193.333333
4129.743590 4124.615385 4120.512821 4095.384615 4224.615385 4118.461538 4083.076923 4147.692308 4070.256410 4232.307692 4080.512821 4180.512821 4101.025641 4195.384615
4133.333333 4120.512821 4123.076923 4095.384615 4224.615385 4112.820513 4085.128205 4146.153846 4064.615385 4231.794872 4083.076923 4180.000000 4104.102564 4193.846154
4137.948718 4109.743590 4126.153846 4092.307692 4224.615385 4113.333333 4087.692308 4151.794872 4068.205128 4232.820513 4085.128205 4176.923077 4109.230769 4191.794872
4137.435897 4110.769231 4124.615385 4091.282051 4221.538462 4114.358974 4088.205128 4158.974359 4081.538462 4232.820513 4091.794872 4176.410256 4114.871795 4193.333333
4126.666667 4105.641026 4118.974359 4082.564103 4223.076923 4108.205128 4081.538462 4149.743590 4070.256410 4232.307692 4085.128205 4175.897436 4101.538462 4189.743590
4114.358974 4091.794872 4104.615385 4070.769231 4224.102564 4107.692308 4077.948718 4143.589744 4056.410256 4232.820513 4067.179487 4167.179487 4078.974359 4182.564103
4109.743590 4078.974359 4093.846154 4058.974359 4223.076923 4106.153846 4069.743590 4143.076923 4056.410256 4231.794872 4055.384615 4164.102564 4070.256410 4182.564103
4109.230769 4077.435897 4095.897436 4058.461538 4222.564103 4096.410256 4057.948718 4129.743590 4043.589744 4230.256410 4055.897436 4166.153846 4075.897436 4186.666667
4115.384615 4099.487179 4104.102564 4072.307692 4225.641026 4094.358974 4055.897436 4123.076923 4037.435897 4231.282051 4065.641026 4166.153846 4085.128205 4188.205128
4120.000000 4112.820513 4110.256410 4077.435897 4226.666667 4105.641026 4060.000000 4132.307692 4050.256410 4232.820513 4073.846154 4170.769231 4095.384615 4191.282051
4114.871795 4097.948718 4104.615385 4070.769231 4219.487179 4107.692308 4066.153846 4134.871795 4049.743590 4233.333333 4071.794872 4169.743590 4099.487179 4191.282051
4116.410256 4084.102564 4102.051282 4064.615385 4221.025641 4099.487179 4070.769231 4128.717949 4035.384615 4233.846154 4062.564103 4166.153846 4086.666667 4188.205128
4128.205128 4103.076923 4114.358974 4075.897436 4229.230769 4108.205128 4078.974359 4136.923077 4050.769231 4233.846154 4071.794872 4170.769231 4088.717949 4187.179487
4135.897436 4129.743590 4127.692308 4100.512821 4227.179487 4117.948718 4088.205128 4150.256410 4073.846154 4232.820513 4093.333333 4176.410256 4115.384615 4189.230769
4135.897436 4123.076923 4128.205128 4101.025641 4223.076923 4112.820513 4090.769231 4148.205128 4065.641026 4231.794872 4090.256410 4175.384615 4115.897436 4191.282051
4131.282051 4107.692308 4116.923077 4084.615385 4222.051282 4112.307692 4093.333333 4148.717949 4068.717949 4232.307692 4085.128205 4170.256410 4104.102564 4190.256410
4126.666667 4103.589744 4114.871795 4083.076923 4224.615385 4112.307692 4095.384615 4155.384615 4083.589744 4233.333333 4088.717949 4171.282051 4108.205128 4190.256410
4128.205128 4117.948718 4121.538462 4098.461538 4227.179487 4110.769231 4092.820513 4147.692308 4071.794872 4232.820513 4084.615385 4173.333333 4111.794872 4188.717949
4133.333333 4142.051282 4123.076923 4110.769231 4224.102564 4119.487179 4089.230769 4135.897436 4051.794872 4231.282051 4087.179487 4170.256410 4114.358974 4185.128205
4133.846154 4133.846154 4125.641026 4104.102564 4224.102564 4123.589744 4090.769231 4138.974359 4054.871795 4232.307692 4090.769231 4170.769231 4117.948718 4180.512821
4128.205128 4118.461538 4122.564103 4100.000000 4222.564103 4123.589744 4101.025641 4149.230769 4078.974359 4233.846154 4088.717949 4169.230769 4120.512821 4178.974359
4125.128205 4126.153846 4115.897436 4105.128205 4220.000000 4129.230769 4106.666667 4150.256410 4084.102564 4231.794872 4084.615385 4167.179487 4115.897436 4185.641026
4131.794872 4138.461538 4122.051282 4110.769231 4224.615385 4132.820513 4103.076923 4149.230769 4070.256410 4231.282051 4087.179487 4170.256410 4117.948718 4189.743590
4133.333333 4133.846154 4124.102564 4111.282051 4226.666667 4129.743590 4098.461538 4150.769231 4067.179487 4232.820513 4090.769231 4167.179487 4126.666667 4182.564103
4126.153846 4122.564103 4121.025641 4102.051282 4226.153846 4125.128205 4095.384615 4147.692308 4067.179487 4232.820513 4087.179487 4166.153846 4124.102564 4175.897436
4129.743590 4131.282051 4124.102564 4106.666667 4224.615385 4127.692308 4098.974359 4148.205128 4071.794872 4231.794872 4090.256410 4170.769231 4123.589744 4178.461538
4137.948718 4138.974359 4127.692308 4111.794872 4222.051282 4124.102564 4093.333333 4154.871795 4085.641026 4231.794872 4095.897436 4173.846154 4133.846154 4183.589744
4134.871795 4130.769231 4128.205128 4100.512821 4222.564103 4110.256410 4078.974359 4152.307692 4079.487179 4232.820513 4091.282051 4172.307692 4134.358974 4181.538462
4125.128205 4120.512821 4119.487179 4096.410256 4223.589744 4111.794872 4080.512821 4143.076923 4055.384615 4232.307692 4083.076923 4166.153846 4125.641026 4180.000000
4126.666667 4129.230769 4121.025641 4107.692308 4224.102564 4121.538462 4088.717949 4139.487179 4052.820513 4231.794872 4084.102564 4165.641026 4121.025641 4185.641026
4134.358974 4153.846154 4129.743590 4117.435897 4221.538462 4116.410256 4086.666667 4143.076923 4074.358974 4232.307692 4091.794872 4168.717949 4128.205128 4187.692308
4132.307692 4152.307692 4124.102564 4114.871795 4220.000000 4106.666667 4088.717949 4145.641026 4081.538462 4231.794872 4087.179487 4164.615385 4132.307692 4181.025641
4127.692308 4124.615385 4116.410256 4103.589744 4224.102564 4106.153846 4088.717949 4142.564103 4064.102564 4230.256410 4071.794872 4161.025641 4122.051282 4178.461538
4125.128205 4123.076923 4116.410256 4102.051282 4224.615385 4110.769231 4084.102564 4141.538462 4055.897436 4231.282051 4068.205128 4161.025641 4117.435897 4178.461538
4129.743590 4141.025641 4124.615385 4110.256410 4224.102564 4111.794872 4088.717949 4145.641026 4065.641026 4233.333333 4081.538462 4167.179487 4127.692308 4178.461538
4137.948718 4142.564103 4130.769231 4115.384615 4224.615385 4114.358974 4099.487179 4150.256410 4072.307692 4232.820513 4093.846154 4170.769231 4138.974359 4175.384615
4136.923077 4139.487179 4127.179487 4115.384615 4222.051282 4114.871795 4094.871795 4147.179487 4074.871795 4231.282051 4092.820513 4167.692308 4138.461538 4173.846154
4134.358974 4144.615385 4129.743590 4115.897436 4224.615385 4114.358974 4090.769231 4150.769231 4088.717949 4232.820513 4095.384615 4168.717949 4138.461538 4179.487179
4136.410256 4152.820513 4131.282051 4120.512821 4225.128205 4121.025641 4103.589744 4158.974359 4102.051282 4233.333333 4108.205128 4170.256410 4146.666667 4180.000000
4141.025641 4157.435897 4132.820513 4124.102564 4222.564103 4120.000000 4104.615385 4150.256410 4088.205128 4230.769231 4110.256410 4169.230769 4147.179487 4173.846154
4144.615385 4157.948718 4138.461538 4128.205128 4224.102564 4116.923077 4095.384615 4138.974359 4077.435897 4230.769231 4111.282051 4168.717949 4149.743590 4171.794872
4146.666667 4165.641026 4140.512821 4132.820513 4224.615385 4122.564103 4103.076923 4146.666667 4093.846154 4233.333333 4117.948718 4169.743590 4157.948718 4171.282051
4150.256410 4168.717949 4142.564103 4133.846154 4223.589744 4126.666667 4111.282051 4156.410256 4097.948718 4233.846154 4114.871795 4173.333333 4153.333333 4174.871795
4149.743590 4160.512821 4139.487179 4132.307692 4222.564103 4128.205128 4111.282051 4156.923077 4090.256410 4231.794872 4113.333333 4172.307692 4152.307692 4178.461538
4150.256410 4153.846154 4140.512821 4129.743590 4224.615385 4131.282051 4117.948718 4159.487179 4094.871795 4232.307692 4119.487179 4172.307692 4161.025641 4177.435897
4151.282051 4165.641026 4142.564103 4132.820513 4223.589744 4132.307692 4126.666667 4162.564103 4098.461538 4232.307692 4116.410256 4174.358974 4157.435897 4174.871795
4149.743590 4186.153846 4136.923077 4141.025641 4218.974359 4132.820513 4124.615385 4162.564103 4096.410256 4230.769231 4110.256410 4172.820513 4151.282051 4177.435897
4149.230769 4181.538462 4137.948718 4137.435897 4225.128205 4139.487179 4127.179487 4161.538462 4092.820513 4230.256410 4107.692308 4171.794872 4151.282051 4180.512821
4146.153846 4170.769231 4135.384615 4135.384615 4227.692308 4142.051282 4134.358974 4159.487179 4094.358974 4231.282051 4106.666667 4168.205128 4150.769231 4180.512821
4143.589744 4173.846154 4128.717949 4142.051282 4222.564103 4131.794872 4127.179487 4158.974359 4099.487179 4232.820513 4109.743590 4166.666667 4148.717949 4182.564103
4146.666667 4181.025641 4131.794872 4145.641026 4224.102564 4123.589744 4117.948718 4155.897436 4103.076923 4233.333333 4112.820513 4169.743590 4151.282051 4182.051282
4144.615385 4184.102564 4130.256410 4141.025641 4225.641026 4124.102564 4115.897436 4149.230769 4093.846154 4232.820513 4109.743590 4166.666667 4150.256410 4177.948718
4137.948718 4173.333333 4126.153846 4126.666667 4224.615385 4117.435897 4111.794872 4143.076923 4073.333333 4231.794872 4100.000000 4165.128205 4136.410256 4181.025641
4135.897436 4163.076923 4124.102564 4121.025641 4222.564103 4112.820513 4115.384615 4142.051282 4076.923077 4231.794872 4101.025641 4167.179487 4133.846154 4180.000000
4136.410256 4158.461538 4119.487179 4124.102564 4222.564103 4118.461538 4122.051282 4144.102564 4090.769231 4232.820513 4104.615385 4167.692308 4135.384615 4174.358974
4143.076923 4165.128205 4125.641026 4128.717949 4225.641026 4121.538462 4120.512821 4144.102564 4086.153846 4232.307692 4106.666667 4170.769231 4132.307692 4175.384615
4151.794872 4187.179487 4134.358974 4144.615385 4224.615385 4126.666667 4124.102564 4144.615385 4092.307692 4232.307692 4118.461538 4172.307692 4144.102564 4178.974359
4156.923077 4195.897436 4141.025641 4156.923077 4226.153846 4132.820513 4134.871795 4150.769231 4115.384615 4232.307692 4127.179487 4172.820513 4156.410256 4177.435897
4165.128205 4197.435897 4149.743590 4163.589744 4224.615385 4141.025641 4149.230769 4160.000000 4125.641026 4232.307692 4130.769231 4173.846154 4159.487179 4178.461538
4172.307692 4202.564103 4154.358974 4169.230769 4218.974359 4145.641026 4157.435897 4166.666667 4120.512821 4232.307692 4134.871795 4172.820513 4162.564103 4185.641026
4174.871795 4208.717949 4157.435897 4167.179487 4222.564103 4141.025641 4152.307692 4164.615385 4117.948718 4232.307692 4132.820513 4175.897436 4162.051282 4185.128205
4172.820513 4211.794872 4154.871795 4167.179487 4225.641026 4137.948718 4146.666667 4161.538462 4120.512821 4232.307692 4131.794872 4177.435897 4158.974359 4183.076923
4173.846154 4205.641026 4155.897436 4169.743590 4224.102564 4140.000000 4144.102564 4160.512821 4116.923077 4232.307692 4137.435897 4178.461538 4161.025641 4187.179487
4179.487179 4209.230769 4161.538462 4174.871795 4226.153846 4146.153846 4141.025641 4157.435897 4115.384615 4231.794872 4142.051282 4178.461538 4169.230769 4185.641026
4176.923077 4213.333333 4153.846154 4172.820513 4226.153846 4143.589744 4136.923077 4154.871795 4114.871795 4231.794872 4139.487179 4172.820513 4168.205128 4184.102564
4168.205128 4200.000000 4144.615385 4163.076923 4226.666667 4134.358974 4134.358974 4155.384615 4110.769231 4232.307692 4134.871795 4174.871795 4155.897436 4190.769231
4169.230769 4198.974359 4147.179487 4168.205128 4227.179487 4137.435897 4140.000000 4161.538462 4118.461538 4232.820513 4138.974359 4180.000000 4161.538462 4194.358974
4178.974359 4213.333333 4153.333333 4175.384615 4224.102564 4144.102564 4145.128205 4163.076923 4128.717949 4232.820513 4145.641026 4176.923077 4174.358974 4188.717949
4181.025641 4212.307692 4153.846154 4169.230769 4222.051282 4144.102564 4144.102564 4159.487179 4126.666667 4231.794872 4146.666667 4173.333333 4174.358974 4183.589744
4174.871795 4200.512821 4149.743590 4167.179487 4224.102564 4140.512821 4143.589744 4159.487179 4125.641026 4231.794872 4148.717949 4174.871795 4173.846154 4184.615385
4179.487179 4216.410256 4155.384615 4178.461538 4228.717949 4137.435897 4147.692308 4163.076923 4131.282051 4232.820513 4154.358974 4176.923077 4176.923077 4187.692308
4187.692308 4234.871795 4161.538462 4186.666667 4226.153846 4133.846154 4149.743590 4166.153846 4134.871795 4231.794872 4156.410256 4172.307692 4179.487179 4189.230769
4177.948718 4209.743590 4156.923077 4172.307692 4222.564103 4130.769231 4143.589744 4158.974359 4124.615385 4230.769231 4144.615385 4168.205128 4168.717949 4187.179487
4164.615385 4185.128205 4148.717949 4161.538462 4224.102564 4127.179487 4139.487179 4152.307692 4115.897436 4232.820513 4135.897436 4172.307692 4158.974359 4184.102564
4169.230769 4198.974359 4147.692308 4169.230769 4224.615385 4126.666667 4145.641026 4157.948718 4128.717949 4233.333333 4145.128205 4176.923077 4168.205128 4182.564103
4181.025641 4209.230769 4155.897436 4174.358974 4227.179487 4130.769231 4150.769231 4161.538462 4133.846154 4232.307692 4153.333333 4178.974359 4175.384615 4182.051282
4181.025641 4207.179487 4155.897436 4175.897436 4225.641026 4136.923077 4151.282051 4159.487179 4124.102564 4232.307692 4154.358974 4176.923077 4174.871795 4181.538462
4176.410256 4209.743590 4153.846154 4175.384615 4222.564103 4140.000000 4152.820513 4158.461538 4125.641026 4232.307692 4154.871795 4177.435897 4176.410256 4184.615385
4174.358974 4205.128205 4155.384615 4170.256410 4224.615385 4134.871795 4151.794872 4158.974359 4134.871795 4232.307692 4153.846154 4176.410256 4172.307692 4186.153846
4169.743590 4196.923077 4146.666667 4165.641026 4224.102564 4126.666667 4144.615385 4157.948718 4127.179487 4232.820513 4146.153846 4170.256410 4161.538462 4178.974359
4170.769231 4193.846154 4145.641026 4162.051282 4223.589744 4125.128205 4141.538462 4158.974359 4117.948718 4232.820513 4138.461538 4171.794872 4161.538462 4176.410256
4176.923077 4205.128205 4152.307692 4167.179487 4222.564103 4132.307692 4150.769231 4162.051282 4131.282051 4231.794872 4146.153846 4174.871795 4170.769231 4181.025641
4176.923077 4217.435897 4152.307692 4175.897436 4222.051282 4137.435897 4152.820513 4161.025641 4138.461538 4231.794872 4151.282051 4173.846154 4167.692308 4181.538462
4173.846154 4210.769231 4152.820513 4170.256410 4223.589744 4143.589744 4147.179487 4159.487179 4132.307692 4232.820513 4144.615385 4173.846154 4161.025641 4180.000000
4172.820513 4208.205128 4149.743590 4164.102564 4223.589744 4160.000000 4147.692308 4159.487179 4129.743590 4232.820513 4142.564103 4169.743590 4165.641026 4178.974359
4170.769231 4209.743590 4148.717949 4165.641026 4226.666667 4158.461538 4141.025641 4153.333333 4118.974359 4231.794872 4140.512821 4167.692308 4164.615385 4181.025641
4163.589744 4201.538462 4144.615385 4160.512821 4226.153846 4142.051282 4129.743590 4146.153846 4105.641026 4231.794872 4132.820513 4165.641026 4156.923077 4181.538462
4159.487179 4196.923077 4134.871795 4151.794872 4221.538462 4138.974359 4127.692308 4144.102564 4102.564103 4232.307692 4125.641026 4162.564103 4150.769231 4176.923077
4162.564103 4201.538462 4135.897436 4150.769231 4222.564103 4141.538462 4120.000000 4141.025641 4102.051282 4232.820513 4118.461538 4164.102564 4138.974359 4175.897436
4162.564103 4207.692308 4136.923077 4159.487179 4225.641026 4139.487179 4113.846154 4142.051282 4107.692308 4232.820513 4120.000000 4164.615385 4136.410256 4178.461538
4164.615385 4208.717949 4137.948718 4162.051282 4226.666667 4135.897436 4117.948718 4142.564103 4108.205128 4231.794872 4122.051282 4163.076923 4139.487179 4176.410256
4158.461538 4197.435897 4133.333333 4151.282051 4222.564103 4134.871795 4115.384615 4133.333333 4088.717949 4231.794872 4107.692308 4157.948718 4125.128205 4169.230769
4146.153846 4186.153846 4122.564103 4143.076923 4219.487179 4135.384615 4106.666667 4127.179487 4077.948718 4233.846154 4097.435897 4154.358974 4110.769231 4168.717949
4149.230769 4191.794872 4128.205128 4147.692308 4224.102564 4136.923077 4110.256410 4134.871795 4089.230769 4232.307692 4103.589744 4158.461538 4114.871795 4175.384615
4148.717949 4195.384615 4130.769231 4153.333333 4223.589744 4141.025641 4118.461538 4139.487179 4094.871795 4227.692308 4105.128205 4155.897436 4114.871795 4178.461538
4130.256410 4172.820513 4117.435897 4138.974359 4220.512821 4141.538462 4111.282051 4133.846154 4080.512821 4227.179487 4087.179487 4148.717949 4091.794872 4173.333333
4117.948718 4153.333333 4109.743590 4121.538462 4223.589744 4144.102564 4103.589744 4132.307692 4078.461538 4231.794872 4074.358974 4148.717949 4077.948718 4165.641026
4120.000000 4156.923077 4113.333333 4128.205128 4222.564103 4149.230769 4110.256410 4138.461538 4091.282051 4233.333333 4080.512821 4148.205128 4086.153846 4164.102564
4115.897436 4156.410256 4113.846154 4131.282051 4224.102564 4144.615385 4109.743590 4133.846154 4091.794872 4231.794872 4080.000000 4145.641026 4082.564103 4166.153846
4101.025641 4144.102564 4101.025641 4117.435897 4225.641026 4136.923077 4100.000000 4126.153846 4090.256410 4231.282051 4069.230769 4138.974359 4068.717949 4161.538462
4093.333333 4132.820513 4092.307692 4104.615385 4225.128205 4130.769231 4096.923077 4127.692308 4078.974359 4232.307692 4063.589744 4136.410256 4064.102564 4157.948718
4095.384615 4125.641026 4096.410256 4104.102564 4225.128205 4121.025641 4094.871795 4129.743590 4071.282051 4232.307692 4069.230769 4140.512821 4066.666667 4160.000000
4089.743590 4123.589744 4092.820513 4102.051282 4221.025641 4120.000000 4091.794872 4126.153846 4082.051282 4231.794872 4072.820513 4135.897436 4059.487179 4160.000000
4084.102564 4120.512821 4090.256410 4091.794872 4221.538462 4125.128205 4091.282051 4124.102564 4074.871795 4232.307692 4071.282051 4133.333333 4052.307692 4160.512821
4087.179487 4124.615385 4091.794872 4093.846154 4225.128205 4117.435897 4089.743590 4124.102564 4059.487179 4231.282051 4077.948718 4136.410256 4067.692308 4166.666667
4088.205128 4120.512821 4088.717949 4096.923077 4222.564103 4103.589744 4083.076923 4121.538462 4064.615385 4230.769231 4082.564103 4137.948718 4077.435897 4173.333333
4084.102564 4111.282051 4084.615385 4092.307692 4222.051282 4109.230769 4082.051282 4119.487179 4073.333333 4232.820513 4074.358974 4136.923077 4064.615385 4169.743590
4083.076923 4122.564103 4082.564103 4095.384615 4223.589744 4126.666667 4089.743590 4123.589744 4074.358974 4233.333333 4070.256410 4135.897436 4061.025641 4167.692308
4088.717949 4133.333333 4089.230769 4100.000000 4224.102564 4127.692308 4081.538462 4126.153846 4069.230769 4232.307692 4071.282051 4138.461538 4068.205128 4171.794872
4091.794872 4126.666667 4090.256410 4100.512821 4222.564103 4116.410256 4056.923077 4123.076923 4056.923077 4232.820513 4070.256410 4135.897436 4070.256410 4172.307692
4086.666667 4115.384615 4083.589744 4096.410256 4223.076923 4109.230769 4047.179487 4121.538462 4055.897436 4232.307692 4067.692308 4132.820513 4068.205128 4172.820513
4085.641026 4110.769231 4088.205128 4093.333333 4226.666667 4114.358974 4062.051282 4125.641026 4067.179487 4231.794872 4073.846154 4137.435897 4070.256410 4171.794872
4089.230769 4114.358974 4093.333333 4098.461538 4225.128205 4121.538462 4069.743590 4129.230769 4071.282051 4232.307692 4083.589744 4136.410256 4080.000000 4168.205128
4090.769231 4115.384615 4091.794872 4096.410256 4224.102564 4115.384615 4053.333333 4126.666667 4076.923077 4231.794872 4078.974359 4131.794872 4078.974359 4170.256410
4091.794872 4116.923077 4091.282051 4095.384615 4225.128205 4112.820513 4059.487179 4128.717949 4090.769231 4231.282051 4077.948718 4130.769231 4073.846154 4174.358974
4093.333333 4122.564103 4095.897436 4104.102564 4224.102564 4115.897436 4086.666667 4130.769231 4087.692308 4232.307692 4087.179487 4131.794872 4082.051282 4174.871795
4090.256410 4122.051282 4096.923077 4101.538462 4222.564103 4109.230769 4091.794872 4124.102564 4066.666667 4232.307692 4080.000000 4134.358974 4080.000000 4172.307692
4081.025641 4112.820513 4088.205128 4087.179487 4218.974359 4103.589744 4091.794872 4119.487179 4063.076923 4232.820513 4073.333333 4132.307692 4072.307692 4168.717949
4080.000000 4104.102564 4088.717949 4082.051282 4220.512821 4107.179487 4101.025641 4123.076923 4081.538462 4234.358974 4083.076923 4132.307692 4079.487179 4171.794872
4083.589744 4104.615385 4090.256410 4089.743590 4224.615385 4116.410256 4105.641026 4127.692308 4095.897436 4232.820513 4086.666667 4133.333333 4088.205128 4174.871795
4076.923077 4108.205128 4079.487179 4090.769231 4221.025641 4116.923077 4098.974359 4122.564103 4084.615385 4231.282051 4075.384615 4128.717949 4076.410256 4170.769231
4072.307692 4103.076923 4082.564103 4082.564103 4222.564103 4105.128205 4089.743590 4114.358974 4067.179487 4233.846154 4068.717949 4127.692308 4065.641026 4171.794872
4076.923077 4104.102564 4091.282051 4085.128205 4224.615385 4106.666667 4092.307692 4113.333333 4068.717949 4234.358974 4072.307692 4128.205128 4077.948718 4174.358974
4078.461538 4104.102564 4085.641026 4087.179487 4223.589744 4113.846154 4109.230769 4112.307692 4060.512821 4231.794872 4064.615385 4125.641026 4075.384615 4173.333333
4075.897436 4103.589744 4084.102564 4086.666667 4222.564103 4112.820513 4126.666667 4112.820513 4057.435897 4230.769231 4062.051282 4129.230769 4067.179487 4176.923077
4077.948718 4112.307692 4088.717949 4094.358974 4221.025641 4111.282051 4121.538462 4118.974359 4080.000000 4231.794872 4076.410256 4131.794872 4083.076923 4177.948718
4079.487179 4111.282051 4089.743590 4091.794872 4223.076923 4108.205128 4123.589744 4117.435897 4075.384615 4232.820513 4073.333333 4128.205128 4083.589744 4174.871795
4080.000000 4111.282051 4087.179487 4092.307692 4222.051282 4113.333333 4177.435897 4113.333333 4056.923077 4232.307692 4066.666667 4126.153846 4074.358974 4175.897436
4085.641026 4121.538462 4091.794872 4100.512821 4220.512821 4110.769231 4212.820513 4114.871795 4066.666667 4231.794872 4078.461538 4132.307692 4087.179487 4181.025641
4085.128205 4121.538462 4096.923077 4094.358974 4223.076923 4088.717949 4193.846154 4112.820513 4072.820513 4233.846154 4083.589744 4132.820513 4094.358974 4181.538462
4081.538462 4115.384615 4092.307692 4092.820513 4221.538462 4084.615385 4188.205128 4112.307692 4067.692308 4232.820513 4077.948718 4125.641026 4090.256410 4182.051282
4092.307692 4125.128205 4096.923077 4106.153846 4221.538462 4094.358974 4201.538462 4122.051282 4073.846154 4230.256410 4077.948718 4128.205128 4091.794872 4181.538462
4104.102564 4137.435897 4106.153846 4115.384615 4223.076923 4091.794872 4201.538462 4128.717949 4082.051282 4231.794872 4085.128205 4132.820513 4097.948718 4179.487179
4096.410256 4120.512821 4101.538462 4102.564103 4223.076923 4084.102564 4197.435897 4121.538462 4075.897436 4232.820513 4086.666667 4131.282051 4097.435897 4185.128205
4082.564103 4103.076923 4092.820513 4088.205128 4223.076923 4082.051282 4193.333333 4114.871795 4066.153846 4231.794872 4077.435897 4127.692308 4089.230769 4187.179487
4084.102564 4116.410256 4091.282051 4096.410256 4222.564103 4083.589744 4189.743590 4116.410256 4068.717949 4232.820513 4075.384615 4122.051282 4088.717949 4178.461538
4093.846154 4130.256410 4100.512821 4108.205128 4225.128205 4081.538462 4180.512821 4117.948718 4077.948718 4232.307692 4086.153846 4126.666667 4101.538462 4175.384615
4096.923077 4129.743590 4101.538462 4110.256410 4222.564103 4077.435897 4181.538462 4120.000000 4081.538462 4230.769231 4094.871795 4131.794872 4114.358974 4181.025641
4094.871795 4124.102564 4096.410256 4108.205128 4221.025641 4080.000000 4212.307692 4124.615385 4082.051282 4232.307692 4088.205128 4129.230769 4105.128205 4181.025641
4100.000000 4121.538462 4101.538462 4109.230769 4225.128205 4086.666667 4225.641026 4127.692308 4086.666667 4232.820513 4088.205128 4130.769231 4097.948718 4178.461538
4102.051282 4126.666667 4100.512821 4109.230769 4222.051282 4083.076923 4207.692308 4130.769231 4088.205128 4230.769231 4101.025641 4133.846154 4111.794872 4182.051282
4094.358974 4121.025641 4096.923077 4101.538462 4222.564103 4077.948718 4209.743590 4133.333333 4085.641026 4231.282051 4101.538462 4130.769231 4114.871795 4183.076923
4094.871795 4120.512821 4097.435897 4103.076923 4226.666667 4085.641026 4224.102564 4131.794872 4091.794872 4232.307692 4098.461538 4127.692308 4108.205128 4182.564103
4095.384615 4125.641026 4096.410256 4104.615385 4222.564103 4087.179487 4212.307692 4127.692308 4090.256410 4232.307692 4095.897436 4127.179487 4104.615385 4186.666667
4094.871795 4117.948718 4101.538462 4102.564103 4221.025641 4087.692308 4214.358974 4129.743590 4083.076923 4232.307692 4093.846154 4129.230769 4103.589744 4186.666667
4102.051282 4124.102564 4108.205128 4115.384615 4224.102564 4098.461538 4236.410256 4133.846154 4095.897436 4231.794872 4107.692308 4130.256410 4117.948718 4180.512821
4111.282051 4136.923077 4111.794872 4126.666667 4224.102564 4101.538462 4234.358974 4133.846154 4106.153846 4230.769231 4119.487179 4135.897436 4131.282051 4184.102564
4117.948718 4142.051282 4117.435897 4130.769231 4223.076923 4112.820513 4237.435897 4137.435897 4105.641026 4232.307692 4117.435897 4139.487179 4132.820513 4190.769231
4126.153846 4153.846154 4126.153846 4141.025641 4222.051282 4129.743590 4252.307692 4147.179487 4112.307692 4233.333333 4123.589744 4139.487179 4142.051282 4190.256410
4132.820513 4167.179487 4132.820513 4147.179487 4223.076923 4132.307692 4245.128205 4149.230769 4124.102564 4232.820513 4134.871795 4140.512821 4151.282051 4192.307692
4125.128205 4162.564103 4127.179487 4144.615385 4221.538462 4128.205128 4232.307692 4142.564103 4128.717949 4231.794872 4131.794872 4135.897436 4145.128205 4192.820513
4123.076923 4148.717949 4126.153846 4140.512821 4222.051282 4127.692308 4238.974359 4143.589744 4120.000000 4231.282051 4126.153846 4132.820513 4136.923077 4194.358974
4133.333333 4152.820513 4134.358974 4143.076923 4222.564103 4129.230769 4246.666667 4153.846154 4118.974359 4231.282051 4133.333333 4134.871795 4144.102564 4198.461538
4129.743590 4153.333333 4126.153846 4139.487179 4221.538462 4123.589744 4226.666667 4146.666667 4122.051282 4232.307692 4126.153846 4130.256410 4139.487179 4192.307692
4120.000000 4138.974359 4117.948718 4129.230769 4225.641026 4119.487179 4203.589744 4131.282051 4110.769231 4232.307692 4107.692308 4128.205128 4120.000000 4187.692308
4124.615385 4150.256410 4127.692308 4139.487179 4224.102564 4126.666667 4210.256410 4139.487179 4113.846154 4232.307692 4119.487179 4134.358974 4133.846154 4191.794872
4133.333333 4169.230769 4138.461538 4151.282051 4222.564103 4132.820513 4220.000000 4146.153846 4122.051282 4232.307692 4135.384615 4136.410256 4153.333333 4194.871795
4131.794872 4162.051282 4139.487179 4146.666667 4224.615385 4128.717949 4213.333333 4132.820513 4113.333333 4231.794872 4125.128205 4131.794872 4141.538462 4190.769231
4129.230769 4157.435897 4136.923077 4146.666667 4222.051282 4127.692308 4204.615385 4133.846154 4121.025641 4232.307692 4124.615385 4132.307692 4138.974359 4187.692308
4138.461538 4162.564103 4144.102564 4151.794872 4222.564103 4134.358974 4203.076923 4143.589744 4137.435897 4232.820513 4140.000000 4141.025641 4151.282051 4194.358974
4145.128205 4165.128205 4147.179487 4154.871795 4222.564103 4140.512821 4208.205128 4142.564103 4131.794872 4231.794872 4143.076923 4141.538462 4154.358974 4198.974359
4142.564103 4163.589744 4142.051282 4153.333333 4222.051282 4141.025641 4210.769231 4144.102564 4124.615385 4231.282051 4137.435897 4135.897436 4148.205128 4191.794872
4140.000000 4154.871795 4141.025641 4146.153846 4226.666667 4139.487179 4204.102564 4143.589744 4123.076923 4232.307692 4135.384615 4134.358974 4143.589744 4188.717949
4139.487179 4155.384615 4139.487179 4148.717949 4226.666667 4140.512821 4198.461538 4136.923077 4123.076923 4232.820513 4135.897436 4133.846154 4150.256410 4195.897436
4147.692308 4176.410256 4143.589744 4164.102564 4223.076923 4140.000000 4201.538462 4143.076923 4130.769231 4232.307692 4136.410256 4138.461538 4156.923077 4198.461538
4152.307692 4185.641026 4146.153846 4170.256410 4222.564103 4142.051282 4208.717949 4156.410256 4138.974359 4231.794872 4140.512821 4138.974359 4156.923077 4190.256410
4146.666667 4166.153846 4142.051282 4159.487179 4223.076923 4145.128205 4209.743590 4156.410256 4136.410256 4231.794872 4145.641026 4135.384615 4156.410256 4189.230769
4148.717949 4161.538462 4145.641026 4153.333333 4224.102564 4141.538462 4202.051282 4147.179487 4130.256410 4232.820513 4143.589744 4137.948718 4157.948718 4193.333333
4151.282051 4181.538462 4145.641026 4162.051282 4222.564103 4138.974359 4197.435897 4147.179487 4133.846154 4231.282051 4144.615385 4137.435897 4158.461538 4191.282051
4146.153846 4175.897436 4142.051282 4159.487179 4222.564103 4137.435897 4204.102564 4146.666667 4134.871795 4230.769231 4146.666667 4135.384615 4156.410256 4190.769231
4143.076923 4155.897436 4143.589744 4149.743590 4223.589744 4142.051282 4233.846154 4146.666667 4131.794872 4232.307692 4145.641026 4136.923077 4158.461538 4195.384615
4139.487179 4151.794872 4139.487179 4148.205128 4223.589744 4144.615385 4265.641026 4149.230769 4128.717949 4232.820513 4136.923077 4132.820513 4153.846154 4193.333333
4127.692308 4141.025641 4130.256410 4136.410256 4224.102564 4131.282051 4258.461538 4141.538462 4115.897436 4232.307692 4121.025641 4128.205128 4138.461538 4189.230769
4124.102564 4134.871795 4127.692308 4131.794872 4223.076923 4131.794872 4247.179487 4136.923077 4114.358974 4232.820513 4117.948718 4129.743590 4135.384615 4192.307692
4134.358974 4150.256410 4137.435897 4142.051282 4224.102564 4151.282051 4258.974359 4143.076923 4123.076923 4232.307692 4124.102564 4134.871795 4139.487179 4193.333333
4137.948718 4156.923077 4141.025641 4145.641026 4222.564103 4153.846154 4258.461538 4145.128205 4133.846154 4231.282051 4132.307692 4133.846154 4146.153846 4187.692308
4130.769231 4140.512821 4135.897436 4135.897436 4220.512821 4143.589744 4244.102564 4144.102564 4137.435897 4231.282051 4136.923077 4129.230769 4150.256410 4189.230769
4135.384615 4140.000000 4142.564103 4137.948718 4225.128205 4148.205128 4244.615385 4146.153846 4133.333333 4231.794872 4135.897436 4134.358974 4151.794872 4188.717949
4145.128205 4166.153846 4147.179487 4153.846154 4226.666667 4161.538462 4257.435897 4151.282051 4139.487179 4231.794872 4140.000000 4138.461538 4154.871795 4184.102564
4146.153846 4165.641026 4144.615385 4150.256410 4225.128205 4161.538462 4260.512821 4149.230769 4147.179487 4230.769231 4140.000000 4135.897436 4153.333333 4186.153846
4146.666667 4155.384615 4146.666667 4147.692308 4222.051282 4163.076923 4261.025641 4147.692308 4149.230769 4229.743590 4146.153846 4136.923077 4163.076923 4187.179487
4147.179487 4163.076923 4146.153846 4157.435897 4220.512821 4163.076923 4259.487179 4152.820513 4146.666667 4231.282051 4153.846154 4137.948718 4174.358974 4183.589744
4148.717949 4163.589744 4148.717949 4153.333333 4225.128205 4155.897436 4253.333333 4157.948718 4142.564103 4233.333333 4148.717949 4137.435897 4168.205128 4189.230769
4157.435897 4173.333333 4154.871795 4158.461538 4223.589744 4158.461538 4256.410256 4156.923077 4146.666667 4232.820513 4150.769231 4135.897436 4173.333333 4196.410256
4163.589744 4187.179487 4160.000000 4172.820513 4218.974359 4164.102564 4265.128205 4155.384615 4151.794872 4231.794872 4161.538462 4136.923077 4184.102564 4194.871795
4161.025641 4179.487179 4160.000000 4171.794872 4222.564103 4165.641026 4267.692308 4157.948718 4157.948718 4232.307692 4162.564103 4137.435897 4179.487179 4191.282051
4159.487179 4175.384615 4153.846154 4172.307692 4224.102564 4169.230769 4263.589744 4160.000000 4169.230769 4232.820513 4163.589744 4136.923077 4185.128205 4189.230769
4161.025641 4182.051282 4158.461538 4175.897436 4223.076923 4168.205128 4257.948718 4160.512821 4174.871795 4232.820513 4169.743590 4143.076923 4197.948718 4189.230769
4156.923077 4177.435897 4156.410256 4169.230769 4221.025641 4169.230769 4261.538462 4158.974359 4167.179487 4232.307692 4168.205128 4141.025641 4193.333333 4191.794872
4153.333333 4170.256410 4147.692308 4166.153846 4220.000000 4172.307692 4265.641026 4156.923077 4162.564103 4232.307692 4163.076923 4136.923077 4186.153846 4193.333333
4159.487179 4187.692308 4155.384615 4176.410256 4222.564103 4169.743590 4263.076923 4159.487179 4174.358974 4231.794872 4166.153846 4141.538462 4188.717949 4193.333333
4160.512821 4192.307692 4153.846154 4175.897436 4221.538462 4170.769231 4262.564103 4158.461538 4171.794872 4231.282051 4165.641026 4137.948718 4184.615385 4188.205128
4153.333333 4161.538462 4143.589744 4157.435897 4222.051282 4171.282051 4255.897436 4147.692308 4148.205128 4231.282051 4151.282051 4130.769231 4170.256410 4187.179487
4155.897436 4164.615385 4148.717949 4161.025641 4223.589744 4168.717949 4246.666667 4145.641026 4150.256410 4232.820513 4150.256410 4134.358974 4173.333333 4193.333333
4165.128205 4196.923077 4157.435897 4182.051282 4223.589744 4174.358974 4249.743590 4151.794872 4160.512821 4232.820513 4164.615385 4140.000000 4186.666667 4195.384615
4166.153846 4192.307692 4157.948718 4183.076923 4225.128205 4177.948718 4251.282051 4147.692308 4149.230769 4231.282051 4167.179487 4138.461538 4183.589744 4192.307692
4163.589744 4181.538462 4153.846154 4181.025641 4222.051282 4172.307692 4250.769231 4149.743590 4155.897436 4231.282051 4168.717949 4134.871795 4184.615385 4190.769231
4170.769231 4192.307692 4157.435897 4185.641026 4223.589744 4178.974359 4258.461538 4161.538462 4175.897436 4233.333333 4172.307692 4140.000000 4191.282051 4191.282051
4178.461538 4197.435897 4161.538462 4188.717949 4226.666667 4196.410256 4266.153846 4169.743590 4182.564103 4232.820513 4174.358974 4145.128205 4194.871795 4190.769231
4174.871795 4197.435897 4157.948718 4187.692308 4224.102564 4194.358974 4262.564103 4170.256410 4190.256410 4231.794872 4180.512821 4143.589744 4201.025641 4189.230769
4166.153846 4193.333333 4154.871795 4181.538462 4225.128205 4189.743590 4259.487179 4167.179487 4182.564103 4232.307692 4178.974359 4141.025641 4201.025641 4188.717949
4161.538462 4188.205128 4151.282051 4180.000000 4223.589744 4194.871795 4261.538462 4165.128205 4170.769231 4231.282051 4171.794872 4137.435897 4196.923077 4188.717949
4165.641026 4187.692308 4156.410256 4181.025641 4222.051282 4187.179487 4260.512821 4164.615385 4172.307692 4231.282051 4171.282051 4139.487179 4194.358974 4192.820513
4171.794872 4193.846154 4160.512821 4183.589744 4225.641026 4185.128205 4266.153846 4161.025641 4168.717949 4232.820513 4172.820513 4142.564103 4191.282051 4194.871795
4172.820513 4197.948718 4156.410256 4187.179487 4224.615385 4197.435897 4274.871795 4161.025641 4173.846154 4232.307692 4176.410256 4141.025641 4195.384615 4192.820513
4168.717949 4188.205128 4153.846154 4181.025641 4224.102564 4195.384615 4272.307692 4165.128205 4188.205128 4231.794872 4176.410256 4142.051282 4195.384615 4191.794872
4161.538462 4174.358974 4147.692308 4173.846154 4224.615385 4180.512821 4266.153846 4167.692308 4182.051282 4233.333333 4167.692308 4140.000000 4185.641026 4191.794872
4165.128205 4173.846154 4150.256410 4173.333333 4225.128205 4177.948718 4260.000000 4165.128205 4165.641026 4232.307692 4167.179487 4138.974359 4188.205128 4195.897436
4180.000000 4194.871795 4163.589744 4186.153846 4222.051282 4195.897436 4261.538462 4169.230769 4176.923077 4231.282051 4187.179487 4147.179487 4211.794872 4197.948718
4182.564103 4206.153846 4162.051282 4192.820513 4220.512821 4201.025641 4264.615385 4178.461538 4191.282051 4232.307692 4191.282051 4146.666667 4212.820513 4195.384615
4173.333333 4188.205128 4154.871795 4181.025641 4223.076923 4185.128205 4254.871795 4172.307692 4179.487179 4232.820513 4171.794872 4142.051282 4187.179487 4195.897436
4168.717949 4176.923077 4153.846154 4176.410256 4223.076923 4190.769231 4251.794872 4162.051282 4176.410256 4232.307692 4169.230769 4141.538462 4189.743590 4194.871795
4166.153846 4178.461538 4153.333333 4178.461538 4221.538462 4198.974359 4257.948718 4163.076923 4179.487179 4232.307692 4171.282051 4140.512821 4195.384615 4191.282051
4163.589744 4176.923077 4151.794872 4172.307692 4222.051282 4180.000000 4252.820513 4164.615385 4168.717949 4231.794872 4165.128205 4138.461538 4185.641026 4188.717949
4159.487179 4168.205128 4145.641026 4166.153846 4222.051282 4170.769231 4245.641026 4162.051282 4155.897436 4231.794872 4164.102564 4137.435897 4188.205128 4189.230769
4162.051282 4174.871795 4150.256410 4172.820513 4224.102564 4178.461538 4250.769231 4168.717949 4168.205128 4231.282051 4169.743590 4142.564103 4192.820513 4192.820513
4171.282051 4188.717949 4161.538462 4184.615385 4222.051282 4176.923077 4257.435897 4179.487179 4193.846154 4231.282051 4185.128205 4147.692308 4198.461538 4193.846154
4173.846154 4183.076923 4159.487179 4183.076923 4221.025641 4168.717949 4246.666667 4168.205128 4177.435897 4231.794872 4188.717949 4146.153846 4201.538462 4192.307692
4168.205128 4175.384615 4150.256410 4176.410256 4224.102564 4161.025641 4231.794872 4154.358974 4145.128205 4231.794872 4168.205128 4142.564103 4186.153846 4192.820513
4157.435897 4170.769231 4140.000000 4167.179487 4221.538462 4155.897436 4223.589744 4158.461538 4149.743590 4231.282051 4148.205128 4135.384615 4162.051282 4195.384615
4152.820513 4158.461538 4142.564103 4157.948718 4222.564103 4161.538462 4222.564103 4161.538462 4162.051282 4232.820513 4148.717949 4135.384615 4161.538462 4193.333333
4158.974359 4160.000000 4149.230769 4164.615385 4224.615385 4169.743590 4231.282051 4156.923077 4157.435897 4232.820513 4162.051282 4137.948718 4177.948718 4188.205128
4163.076923 4175.384615 4151.794872 4176.410256 4221.538462 4169.230769 4240.512821 4160.512821 4160.512821 4232.307692 4166.666667 4139.487179 4180.512821 4188.717949
4163.076923 4171.794872 4154.871795 4171.794872 4223.589744 4172.820513 4240.000000 4164.102564 4172.820513 4233.333333 4163.589744 4138.974359 4177.435897 4191.282051
4167.179487 4173.333333 4156.410256 4174.871795 4223.589744 4186.666667 4244.615385 4165.641026 4178.974359 4233.333333 4171.794872 4134.871795 4189.743590 4192.307692
4178.461538 4186.666667 4165.128205 4188.205128 4222.564103 4191.794872 4255.897436 4175.897436 4183.589744 4231.282051 4185.128205 4140.512821 4203.589744 4191.794872
4176.410256 4182.564103 4167.692308 4186.153846 4223.076923 4190.769231 4256.410256 4177.435897 4187.692308 4231.282051 4184.102564 4145.128205 4204.102564 4185.641026
4168.205128 4175.897436 4155.897436 4178.974359 4221.025641 4189.230769 4246.666667 4162.564103 4174.871795 4231.794872 4175.897436 4138.461538 4196.923077 4185.641026
4172.307692 4189.743590 4158.974359 4186.153846 4224.102564 4188.717949 4244.615385 4160.000000 4163.589744 4230.769231 4176.923077 4139.487179 4194.358974 4193.333333
4177.948718 4211.794872 4167.179487 4204.102564 4225.128205 4191.794872 4249.230769 4174.358974 4176.923077 4231.282051 4189.743590 4147.179487 4206.666667 4191.282051
4184.102564 4209.230769 4170.769231 4208.717949 4222.564103 4187.692308 4244.615385 4177.435897 4185.641026 4233.333333 4195.384615 4149.743590 4213.846154 4188.205128
4193.333333 4210.256410 4178.974359 4212.307692 4221.538462 4186.666667 4248.205128 4174.358974 4185.641026 4234.358974 4197.948718 4150.256410 4215.384615 4191.794872
4198.974359 4231.794872 4183.076923 4226.153846 4221.538462 4198.461538 4265.641026 4180.512821 4196.923077 4232.307692 4207.179487 4153.333333 4224.102564 4194.871795
4200.000000 4230.769231 4184.615385 4224.615385 4223.076923 4197.948718 4265.641026 4178.974359 4196.410256 4231.794872 4210.256410 4155.897436 4227.692308 4194.871795
4204.615385 4219.487179 4188.205128 4222.051282 4222.564103 4188.205128 4257.948718 4178.461538 4194.871795 4232.820513 4218.974359 4155.897436 4236.410256 4197.435897
4215.384615 4230.256410 4196.410256 4234.358974 4223.589744 4200.000000 4268.717949 4191.282051 4221.538462 4233.333333 4235.897436 4160.000000 4252.307692 4203.076923
4224.102564 4245.128205 4203.589744 4245.641026 4222.564103 4220.000000 4285.128205 4198.974359 4242.051282 4232.307692 4241.025641 4165.641026 4253.846154 4205.641026
4224.102564 4242.564103 4201.025641 4244.102564 4218.461538 4217.948718 4286.666667 4197.435897 4228.717949 4231.794872 4237.948718 4165.128205 4245.128205 4205.128205
4222.564103 4240.512821 4203.589744 4241.538462 4223.076923 4202.051282 4281.025641 4199.487179 4218.974359 4232.307692 4243.589744 4166.153846 4249.743590 4206.153846
4226.153846 4248.717949 4209.743590 4247.692308 4225.128205 4203.076923 4284.615385 4204.615385 4232.307692 4232.820513 4255.897436 4167.692308 4264.615385 4205.641026
4230.256410 4248.205128 4214.871795 4249.743590 4223.589744 4210.256410 4289.743590 4205.128205 4244.615385 4232.820513 4254.358974 4168.717949 4266.153846 4204.615385
4237.948718 4249.230769 4220.512821 4252.307692 4225.641026 4214.871795 4287.179487 4207.179487 4248.717949 4231.794872 4250.256410 4170.769231 4262.564103 4207.179487
4240.512821 4261.025641 4216.923077 4261.025641 4222.564103 4223.076923 4283.589744 4207.692308 4246.153846 4231.282051 4254.871795 4165.128205 4266.666667 4211.282051
4230.256410 4256.410256 4210.769231 4252.820513 4221.025641 4213.333333 4273.333333 4200.000000 4228.717949 4231.794872 4249.743590 4160.000000 4263.076923 4211.282051
4220.000000 4238.461538 4202.051282 4237.435897 4223.076923 4201.025641 4263.076923 4190.769231 4217.435897 4232.307692 4238.461538 4161.025641 4255.384615 4208.717949
4217.948718 4228.717949 4197.435897 4233.333333 4224.615385 4205.641026 4261.025641 4188.205128 4222.051282 4231.794872 4232.307692 4160.000000 4248.205128 4207.692308
4223.076923 4234.871795 4205.641026 4237.948718 4224.615385 4207.692308 4267.692308 4200.000000 4232.307692 4231.794872 4238.974359 4160.512821 4250.769231 4209.743590
4226.153846 4242.564103 4208.205128 4241.025641 4221.538462 4196.410256 4273.333333 4208.717949 4243.076923 4232.820513 4247.692308 4164.102564 4264.102564 4208.205128
4224.102564 4242.051282 4207.692308 4241.025641 4225.128205 4194.871795 4267.692308 4195.384615 4230.256410 4232.820513 4240.512821 4166.666667 4257.948718 4204.615385
4224.102564 4252.820513 4207.179487 4249.230769 4227.179487 4213.333333 4266.153846 4191.282051 4214.871795 4231.794872 4231.282051 4161.538462 4248.717949 4205.641026
4227.179487 4255.384615 4207.692308 4250.769231 4225.641026 4218.974359 4270.256410 4207.179487 4230.256410 4232.307692 4235.897436 4163.076923 4255.897436 4210.769231
4234.871795 4244.615385 4213.846154 4249.230769 4226.153846 4212.307692 4274.871795 4211.794872 4247.692308 4233.333333 4245.641026 4171.794872 4264.102564 4212.820513
4237.948718 4251.282051 4212.307692 4256.923077 4223.076923 4218.974359 4281.025641 4211.282051 4249.230769 4233.846154 4254.358974 4169.230769 4269.743590 4209.230769
4231.282051 4249.743590 4206.666667 4249.230769 4221.538462 4222.051282 4272.307692 4208.205128 4236.923077 4233.333333 4248.205128 4164.615385 4264.615385 4209.230769
4222.051282 4232.307692 4199.487179 4232.307692 4223.589744 4208.717949 4257.948718 4198.974359 4224.102564 4230.769231 4231.282051 4165.641026 4250.256410 4208.717949
4224.102564 4227.692308 4196.410256 4229.743590 4223.589744 4201.025641 4259.487179 4204.615385 4237.435897 4230.769231 4231.794872 4168.717949 4249.743590 4206.153846
4237.435897 4239.487179 4207.692308 4238.974359 4224.102564 4204.615385 4264.615385 4214.358974 4254.358974 4232.820513 4244.102564 4171.282051 4261.538462 4205.641026
4244.615385 4265.128205 4213.333333 4254.358974 4224.102564 4197.435897 4258.461538 4208.205128 4242.564103 4232.307692 4245.641026 4168.205128 4271.282051 4208.717949
4244.102564 4272.820513 4212.820513 4257.435897 4225.641026 4187.179487 4251.794872 4201.538462 4221.538462 4232.307692 4245.128205 4170.256410 4277.948718 4213.333333
4246.153846 4254.358974 4216.923077 4248.205128 4225.641026 4190.769231 4256.923077 4201.538462 4220.000000 4232.820513 4255.897436 4173.333333 4291.794872 4212.307692
4255.384615 4256.923077 4222.051282 4256.410256 4222.051282 4201.025641 4263.589744 4200.512821 4230.769231 4232.307692 4267.179487 4173.333333 4305.128205 4215.384615
4273.846154 4284.615385 4233.333333 4278.974359 4224.615385 4211.282051 4271.794872 4206.153846 4243.589744 4231.794872 4280.512821 4181.025641 4318.974359 4224.615385
4282.051282 4292.820513 4238.461538 4285.641026 4225.641026 4217.948718 4286.666667 4216.923077 4254.358974 4232.820513 4296.410256 4187.179487 4336.410256 4224.102564
4276.923077 4282.564103 4232.820513 4273.846154 4224.102564 4210.769231 4288.205128 4214.871795 4246.666667 4233.846154 4293.333333 4185.128205 4333.333333 4221.025641
4278.974359 4284.102564 4236.410256 4275.384615 4224.102564 4207.179487 4278.461538 4213.846154 4247.179487 4231.794872 4290.256410 4185.641026 4329.743590 4223.589744
4288.205128 4302.564103 4246.666667 4293.846154 4224.102564 4225.641026 4286.153846 4223.589744 4269.743590 4232.307692 4304.102564 4187.179487 4347.179487 4226.153846
4288.717949 4306.153846 4250.256410 4295.384615 4228.205128 4231.282051 4292.307692 4226.153846 4274.871795 4233.846154 4306.153846 4187.692308 4351.282051 4228.205128
4277.948718 4286.666667 4241.538462 4280.512821 4228.205128 4208.717949 4281.025641 4218.974359 4260.000000 4231.282051 4295.897436 4183.589744 4335.384615 4228.717949
4268.205128 4269.743590 4231.794872 4270.256410 4225.128205 4194.358974 4273.333333 4213.333333 4241.025641 4229.230769 4283.589744 4178.461538 4317.948718 4223.589744
4262.564103 4268.717949 4229.230769 4266.153846 4226.153846 4199.487179 4270.769231 4209.743590 4235.384615 4232.307692 4270.256410 4176.923077 4307.179487 4222.051282
4260.000000 4267.692308 4227.179487 4264.615385 4224.615385 4206.666667 4265.128205 4206.153846 4237.435897 4233.846154 4269.743590 4177.435897 4309.230769 4222.564103
4259.487179 4257.948718 4228.205128 4262.051282 4223.589744 4203.589744 4262.051282 4203.076923 4235.384615 4232.820513 4273.846154 4177.948718 4308.205128 4218.974359
4258.461538 4260.512821 4226.153846 4263.076923 4224.615385 4206.153846 4267.179487 4206.666667 4245.641026 4231.794872 4276.410256 4177.435897 4301.538462 4221.025641
4259.487179 4265.128205 4228.205128 4262.564103 4224.615385 4211.282051 4268.717949 4206.153846 4247.179487 4232.307692 4280.000000 4180.512821 4301.538462 4225.128205
4263.589744 4266.153846 4234.871795 4263.076923 4223.076923 4215.897436 4269.743590 4203.589744 4236.410256 4232.820513 4279.487179 4187.179487 4305.128205 4217.948718
4257.435897 4275.897436 4228.205128 4268.205128 4223.589744 4214.871795 4270.769231 4207.692308 4241.025641 4232.307692 4272.820513 4180.512821 4303.076923 4215.897436
4242.564103 4258.974359 4220.000000 4255.384615 4228.205128 4200.000000 4264.615385 4205.128205 4236.923077 4231.282051 4261.538462 4172.820513 4288.717949 4217.948718
4241.025641 4240.000000 4218.974359 4248.205128 4225.128205 4202.051282 4268.205128 4205.128205 4232.820513 4231.794872 4261.025641 4176.923077 4285.128205 4214.358974
4247.179487 4249.230769 4219.487179 4257.435897 4222.564103 4214.871795 4274.358974 4213.846154 4248.717949 4232.820513 4264.615385 4178.974359 4291.794872 4216.410256
4244.615385 4249.743590 4222.564103 4254.358974 4225.128205 4206.666667 4263.076923 4213.846154 4255.384615 4232.307692 4265.641026 4175.384615 4292.307692 4218.461538
4239.487179 4245.641026 4220.000000 4250.256410 4223.076923 4193.333333 4252.820513 4205.128205 4242.051282 4231.794872 4266.153846 4174.358974 4290.256410 4215.897436
4248.205128 4256.410256 4224.102564 4260.000000 4225.128205 4203.076923 4263.589744 4207.179487 4245.641026 4232.820513 4265.128205 4180.000000 4290.769231 4218.461538
4256.923077 4264.615385 4232.307692 4269.230769 4227.692308 4217.948718 4275.384615 4219.487179 4267.179487 4232.820513 4275.384615 4183.589744 4302.564103 4220.000000
4252.307692 4258.461538 4229.230769 4263.076923 4225.128205 4208.205128 4267.179487 4218.461538 4260.512821 4231.282051 4278.461538 4179.487179 4304.102564 4215.897436
4255.384615 4264.102564 4233.846154 4264.102564 4226.153846 4197.948718 4261.025641 4208.205128 4242.051282 4231.794872 4272.307692 4181.025641 4298.461538 4221.025641
4262.051282 4274.871795 4240.512821 4274.871795 4225.128205 4210.256410 4269.230769 4208.205128 4251.794872 4232.307692 4279.487179 4182.564103 4310.256410 4227.692308
4258.974359 4266.666667 4236.410256 4271.282051 4223.589744 4216.410256 4271.282051 4217.435897 4267.179487 4231.794872 4284.615385 4183.589744 4315.897436 4224.615385
4260.000000 4270.769231 4236.410256 4274.358974 4225.128205 4210.256410 4271.794872 4224.615385 4267.692308 4231.794872 4287.692308 4183.589744 4321.025641 4224.615385
4264.102564 4288.717949 4243.076923 4287.179487 4224.102564 4212.307692 4273.846154 4219.487179 4262.051282 4232.307692 4294.871795 4183.076923 4330.769231 4224.102564
4259.487179 4276.923077 4244.102564 4277.948718 4223.589744 4213.846154 4269.230769 4212.820513 4256.923077 4232.307692 4288.717949 4185.641026 4317.948718 4223.076923
4249.743590 4258.974359 4232.307692 4265.128205 4223.589744 4217.948718 4274.871795 4216.410256 4254.871795 4231.794872 4275.897436 4181.538462 4302.564103 4224.102564
4251.282051 4267.179487 4229.743590 4273.333333 4223.589744 4219.487179 4278.461538 4221.538462 4254.871795 4231.282051 4281.025641 4180.512821 4308.205128 4224.102564
4263.589744 4281.538462 4241.538462 4282.564103 4224.102564 4213.333333 4272.307692 4222.051282 4262.564103 4231.794872 4290.769231 4185.641026 4315.384615 4224.615385
4262.564103 4278.461538 4239.487179 4279.487179 4222.564103 4216.923077 4270.769231 4218.461538 4270.256410 4232.307692 4283.589744 4183.076923 4305.641026 4222.051282
4257.435897 4269.743590 4234.871795 4272.307692 4224.615385 4225.641026 4269.743590 4215.384615 4256.923077 4232.820513 4271.282051 4180.000000 4294.358974 4223.076923
4263.589744 4274.358974 4238.461538 4276.923077 4225.128205 4223.589744 4267.179487 4220.512821 4252.307692 4232.307692 4276.410256 4182.051282 4302.051282 4224.102564
4271.282051 4280.512821 4243.589744 4285.128205 4225.641026 4212.820513 4264.615385 4222.051282 4266.666667 4232.307692 4292.820513 4187.179487 4317.435897 4224.102564
4267.179487 4276.923077 4242.564103 4280.000000 4228.205128 4212.307692 4265.128205 4218.974359 4269.743590 4231.794872 4293.333333 4187.692308 4318.461538 4222.564103
4258.974359 4277.948718 4232.820513 4274.358974 4224.102564 4218.461538 4268.717949 4224.102564 4263.589744 4232.307692 4287.179487 4181.538462 4314.871795 4222.051282
4258.974359 4282.051282 4234.358974 4276.923077 4223.589744 4221.025641 4266.666667 4220.512821 4258.461538 4232.307692 4282.564103 4181.025641 4311.282051 4225.128205
4256.923077 4281.538462 4235.897436 4277.948718 4224.615385 4225.641026 4258.974359 4208.717949 4252.820513 4232.307692 4275.897436 4180.000000 4301.538462 4226.666667
4254.358974 4273.333333 4230.769231 4274.358974 4223.076923 4226.666667 4257.948718 4214.871795 4256.923077 4233.333333 4275.384615 4179.487179 4297.948718 4227.179487
4257.948718 4269.743590 4235.897436 4272.307692 4226.153846 4223.589744 4260.000000 4224.102564 4262.051282 4233.846154 4280.000000 4181.538462 4301.538462 4225.641026
4256.410256 4278.974359 4238.974359 4271.794872 4226.666667 4226.666667 4254.871795 4213.846154 4253.846154 4232.820513 4277.435897 4178.974359 4301.025641 4221.025641
4252.307692 4272.820513 4235.384615 4265.128205 4226.153846 4234.358974 4244.102564 4208.205128 4250.256410 4232.307692 4270.256410 4177.948718 4298.974359 4223.589744
4254.871795 4268.205128 4233.333333 4267.179487 4225.641026 4235.897436 4242.051282 4216.923077 4261.025641 4232.820513 4272.307692 4178.461538 4300.512821 4226.666667
4256.923077 4284.102564 4235.897436 4276.410256 4223.589744 4222.564103 4242.051282 4222.051282 4259.487179 4233.333333 4272.307692 4175.897436 4295.384615 4223.076923
4258.974359 4287.692308 4238.461538 4273.846154 4225.128205 4211.282051 4236.410256 4215.897436 4244.615385 4232.820513 4270.256410 4178.461538 4290.256410 4222.564103
4266.666667 4280.512821 4236.923077 4276.410256 4227.179487 4225.128205 4239.487179 4213.846154 4252.307692 4232.820513 4282.051282 4183.076923 4306.153846 4229.230769
4268.205128 4280.512821 4238.974359 4281.025641 4226.666667 4234.871795 4245.128205 4223.076923 4267.692308 4232.820513 4286.666667 4184.615385 4313.846154 4230.769231
4262.051282 4285.641026 4236.410256 4282.051282 4225.641026 4229.743590 4246.666667 4228.717949 4268.717949 4231.794872 4281.538462 4184.102564 4304.102564 4226.666667
4260.000000 4279.487179 4231.794872 4280.512821 4225.641026 4234.871795 4248.717949 4226.153846 4267.179487 4232.307692 4282.051282 4182.564103 4297.948718 4227.179487
4261.538462 4277.948718 4234.871795 4276.923077 4226.666667 4240.512821 4249.743590 4222.564103 4268.205128 4233.846154 4276.410256 4182.051282 4294.358974 4228.717949
4255.897436 4283.589744 4229.743590 4277.435897 4224.102564 4228.717949 4249.743590 4222.564103 4268.717949 4232.820513 4269.230769 4181.025641 4292.307692 4227.179487
4245.641026 4266.153846 4224.102564 4268.205128 4224.102564 4217.948718 4247.179487 4219.487179 4261.025641 4230.769231 4269.743590 4184.102564 4285.641026 4225.128205
4242.051282 4254.871795 4224.102564 4258.974359 4225.641026 4218.974359 4238.461538 4211.282051 4253.333333 4230.769231 4269.230769 4183.589744 4279.487179 4221.538462
4245.641026 4265.641026 4223.076923 4265.641026 4223.589744 4217.435897 4230.769231 4211.282051 4257.435897 4232.820513 4261.538462 4180.000000 4282.051282 4220.512821
4250.256410 4261.538462 4225.128205 4266.666667 4224.615385 4217.435897 4231.794872 4213.846154 4256.923077 4233.846154 4255.384615 4183.589744 4281.025641 4221.538462
4245.641026 4252.307692 4218.974359 4256.923077 4225.128205 4225.641026 4237.435897 4214.358974 4248.717949 4232.307692 4249.230769 4182.564103 4270.256410 4220.512821
4244.615385 4258.974359 4220.512821 4256.410256 4226.153846 4222.051282 4233.846154 4218.974359 4250.256410 4232.820513 4246.666667 4180.512821 4267.179487 4224.615385
4249.230769 4264.615385 4232.820513 4263.076923 4226.666667 4212.820513 4231.282051 4224.102564 4260.000000 4233.846154 4254.871795 4183.076923 4276.410256 4226.666667
4241.538462 4245.641026 4224.102564 4248.205128 4223.589744 4212.820513 4231.794872 4217.435897 4256.410256 4231.794872 4252.820513 4177.435897 4270.256410 4221.538462
4235.384615 4230.769231 4217.435897 4232.307692 4227.179487 4215.897436 4229.230769 4210.256410 4246.666667 4229.743590 4240.512821 4173.333333 4253.846154 4221.025641
4237.435897 4249.743590 4222.564103 4248.717949 4227.692308 4223.589744 4230.256410 4212.820513 4250.769231 4231.282051 4243.589744 4175.384615 4255.897436 4223.589744
4236.923077 4262.564103 4220.000000 4258.974359 4224.102564 4222.564103 4224.102564 4210.256410 4244.615385 4232.307692 4238.461538 4174.871795 4252.820513 4221.538462
4237.948718 4254.358974 4220.512821 4252.307692 4225.641026 4213.846154 4214.871795 4205.641026 4231.794872 4231.794872 4226.666667 4173.333333 4240.000000 4220.512821
4240.000000 4248.717949 4222.051282 4254.358974 4225.128205 4216.923077 4213.846154 4206.666667 4232.820513 4232.820513 4230.256410 4173.846154 4244.615385 4223.589744
4228.717949 4233.333333 4216.410256 4244.102564 4224.615385 4215.384615 4208.205128 4204.615385 4229.743590 4233.333333 4223.076923 4173.333333 4240.512821 4219.487179
4219.487179 4224.615385 4212.820513 4231.794872 4222.051282 4206.666667 4203.589744 4204.615385 4230.769231 4231.794872 4214.871795 4168.205128 4230.769231 4212.307692
4230.256410 4237.948718 4218.461538 4238.461538 4219.487179 4208.205128 4209.743590 4209.743590 4234.358974 4232.307692 4228.205128 4170.256410 4241.538462 4213.333333
4241.025641 4242.051282 4225.128205 4242.051282 4225.128205 4214.358974 4215.384615 4211.282051 4232.307692 4232.820513 4233.333333 4178.461538 4250.256410 4212.820513
4231.794872 4228.717949 4219.487179 4235.897436 4224.615385 4213.333333 4211.282051 4210.769231 4233.333333 4231.794872 4225.128205 4174.358974 4242.564103 4204.615385
4226.153846 4232.820513 4218.461538 4237.948718 4222.051282 4205.641026 4206.666667 4209.743590 4232.820513 4232.307692 4224.102564 4171.282051 4235.384615 4201.538462
4234.871795 4248.717949 4224.102564 4244.102564 4224.615385 4203.076923 4209.230769 4208.205128 4236.410256 4231.794872 4236.923077 4178.974359 4248.717949 4207.179487
4232.307692 4234.871795 4220.512821 4233.333333 4225.128205 4206.666667 4211.794872 4207.179487 4236.923077 4231.282051 4236.923077 4178.974359 4255.897436 4209.743590
4223.589744 4211.794872 4215.384615 4217.435897 4225.128205 4207.692308 4210.256410 4209.230769 4227.692308 4232.307692 4218.461538 4176.923077 4239.487179 4201.538462
4230.256410 4225.641026 4218.974359 4228.717949 4224.615385 4200.000000 4210.256410 4209.743590 4233.846154 4233.333333 4218.461538 4181.538462 4236.410256 4195.897436
4243.076923 4245.641026 4230.256410 4245.641026 4226.666667 4197.948718 4212.307692 4208.717949 4250.769231 4232.307692 4237.435897 4184.615385 4252.307692 4201.538462
4244.615385 4245.641026 4232.820513 4246.153846 4226.666667 4212.820513 4218.461538 4217.948718 4255.897436 4232.820513 4247.179487 4179.487179 4264.102564 4207.692308
4244.615385 4253.846154 4230.769231 4252.820513 4225.128205 4221.538462 4221.025641 4223.589744 4261.538462 4233.846154 4249.230769 4180.512821 4267.692308 4205.128205
4255.897436 4268.205128 4240.000000 4264.615385 4226.666667 4217.435897 4221.538462 4217.435897 4270.769231 4231.794872 4261.538462 4190.256410 4276.410256 4205.128205
4256.410256 4264.102564 4240.512821 4260.512821 4224.615385 4218.974359 4225.641026 4215.897436 4263.076923 4230.769231 4269.230769 4188.205128 4284.102564 4207.179487
4251.282051 4251.794872 4237.435897 4251.282051 4225.128205 4222.051282 4228.717949 4223.589744 4252.307692 4232.307692 4260.000000 4187.179487 4276.923077 4208.717949
4255.384615 4251.794872 4238.974359 4256.923077 4225.641026 4219.487179 4230.769231 4224.102564 4262.564103 4230.769231 4258.974359 4193.333333 4277.948718 4208.205128
4255.384615 4252.820513 4237.435897 4258.974359 4223.076923 4215.384615 4234.358974 4219.487179 4269.230769 4229.743590 4264.102564 4191.282051 4284.102564 4207.692308
4253.846154 4252.820513 4241.025641 4252.307692 4224.615385 4213.846154 4247.179487 4224.615385 4266.153846 4231.282051 4261.538462 4192.820513 4282.051282 4212.820513
4253.333333 4263.589744 4240.512821 4258.461538 4224.102564 4218.461538 4263.076923 4230.769231 4271.794872 4231.794872 4256.410256 4194.871795 4276.923077 4211.282051
4246.666667 4254.358974 4237.435897 4256.410256 4225.128205 4224.102564 4260.000000 4225.641026 4266.666667 4231.282051 4246.153846 4190.256410 4261.538462 4207.692308
4243.076923 4241.025641 4236.923077 4249.230769 4227.179487 4219.487179 4244.615385 4218.461538 4248.205128 4232.307692 4240.000000 4185.128205 4255.384615 4208.205128
4249.743590 4259.487179 4236.410256 4254.358974 4226.666667 4210.256410 4236.410256 4217.435897 4245.641026 4233.846154 4252.820513 4185.641026 4271.794872 4207.692308
4256.923077 4266.153846 4243.589744 4259.487179 4229.230769 4215.384615 4241.025641 4224.102564 4262.051282 4231.794872 4269.743590 4191.794872 4279.487179 4209.230769
4260.512821 4259.487179 4248.717949 4266.666667 4227.692308 4222.564103 4255.384615 4237.435897 4278.461538 4229.743590 4281.025641 4192.307692 4280.000000 4210.256410
4259.487179 4263.589744 4248.205128 4267.179487 4225.128205 4214.871795 4256.410256 4235.384615 4267.179487 4231.282051 4276.923077 4188.717949 4276.923077 4209.230769
4255.384615 4262.564103 4247.179487 4258.461538 4225.641026 4210.769231 4244.615385 4222.051282 4251.794872 4233.333333 4265.641026 4185.641026 4267.692308 4208.717949
4252.307692 4254.871795 4245.641026 4260.000000 4223.076923 4215.897436 4251.282051 4226.153846 4263.076923 4231.794872 4270.769231 4187.179487 4267.692308 4210.769231
4245.128205 4241.538462 4242.564103 4252.820513 4224.102564 4210.256410 4259.487179 4230.769231 4257.948718 4231.282051 4272.820513 4190.769231 4267.179487 4210.256410
4241.538462 4243.076923 4238.461538 4245.641026 4225.128205 4210.256410 4255.384615 4228.717949 4249.743590 4232.820513 4267.692308 4187.179487 4266.153846 4208.717949
4249.743590 4254.358974 4238.461538 4252.820513 4224.102564 4213.846154 4250.256410 4231.282051 4270.256410 4231.794872 4266.153846 4184.102564 4268.205128 4208.205128
4247.692308 4249.743590 4237.435897 4246.153846 4226.153846 4209.743590 4246.153846 4228.717949 4267.179487 4229.230769 4262.051282 4186.153846 4255.384615 4206.666667
4236.923077 4235.897436 4234.358974 4236.923077 4226.666667 4209.743590 4238.461538 4222.051282 4242.051282 4229.743590 4258.461538 4185.641026 4248.717949 4208.205128
4242.051282 4231.282051 4240.000000 4242.564103 4229.743590 4209.230769 4228.717949 4220.512821 4242.564103 4231.282051 4258.974359 4187.692308 4256.923077 4211.794872
4243.589744 4230.769231 4235.897436 4242.564103 4229.743590 4205.641026 4226.153846 4221.538462 4251.794872 4231.794872 4253.333333 4187.692308 4251.282051 4210.256410
4228.205128 4224.102564 4220.000000 4226.153846 4226.666667 4202.051282 4224.615385 4220.512821 4241.025641 4232.307692 4238.461538 4182.564103 4230.256410 4206.666667
4225.128205 4224.102564 4221.538462 4221.538462 4227.692308 4197.948718 4220.000000 4217.435897 4233.846154 4232.307692 4230.769231 4183.589744 4226.666667 4206.153846
4234.871795 4231.282051 4229.230769 4237.435897 4225.128205 4207.692308 4224.102564 4214.871795 4244.102564 4230.769231 4241.538462 4185.641026 4242.564103 4205.641026
4240.512821 4233.333333 4232.820513 4242.051282 4224.615385 4215.897436 4228.205128 4217.948718 4243.589744 4230.769231 4248.717949 4187.179487 4246.153846 4206.666667
4240.512821 4236.923077 4230.256410 4235.384615 4228.205128 4206.666667 4225.641026 4222.564103 4235.897436 4231.794872 4244.615385 4187.179487 4242.051282 4204.615385
4239.487179 4233.846154 4224.102564 4233.846154 4225.641026 4200.000000 4229.743590 4224.102564 4239.487179 4231.794872 4246.153846 4183.076923 4247.179487 4203.076923
4240.000000 4217.948718 4228.205128 4230.769231 4224.615385 4199.487179 4228.205128 4219.487179 4241.025641 4231.794872 4246.666667 4182.564103 4245.128205 4206.153846
4232.307692 4213.846154 4228.205128 4224.615385 4226.666667 4194.358974 4216.410256 4213.846154 4239.487179 4231.794872 4240.512821 4180.512821 4239.487179 4213.333333
4229.230769 4222.051282 4225.128205 4224.102564 4225.128205 4196.410256 4218.974359 4218.974359 4249.230769 4231.794872 4240.000000 4182.564103 4246.153846 4220.000000
4240.512821 4231.794872 4230.769231 4232.307692 4223.076923 4211.794872 4235.384615 4227.179487 4257.948718 4231.282051 4244.615385 4187.179487 4252.820513 4216.923077
4238.461538 4237.948718 4227.692308 4234.871795 4224.615385 4216.410256 4237.435897 4223.589744 4244.102564 4231.794872 4235.897436 4181.538462 4242.564103 4208.205128
4224.615385 4228.717949 4218.461538 4225.128205 4228.717949 4206.666667 4225.128205 4216.410256 4232.307692 4233.333333 4223.589744 4178.974359 4229.230769 4208.717949
4228.717949 4222.051282 4217.435897 4227.179487 4225.641026 4207.179487 4224.102564 4223.076923 4248.717949 4232.820513 4234.871795 4183.076923 4238.974359 4212.820513
4240.000000 4230.769231 4224.615385 4235.384615 4224.615385 4207.692308 4229.743590 4228.717949 4260.512821 4232.307692 4246.153846 4184.102564 4246.666667 4210.769231
4232.307692 4233.333333 4224.615385 4233.333333 4226.666667 4201.538462 4229.743590 4223.076923 4257.948718 4232.307692 4240.000000 4181.538462 4240.512821 4208.205128
4220.512821 4215.897436 4212.820513 4220.000000 4223.076923 4200.512821 4222.051282 4214.871795 4249.743590 4232.307692 4231.282051 4180.512821 4234.358974 4207.179487
4221.025641 4203.589744 4213.846154 4210.769231 4224.615385 4199.487179 4211.282051 4210.769231 4237.435897 4231.282051 4231.282051 4182.564103 4233.846154 4210.256410
4221.025641 4217.948718 4218.974359 4220.000000 4227.179487 4201.538462 4212.820513 4212.820513 4243.589744 4232.307692 4235.384615 4180.000000 4236.410256 4212.820513
4220.000000 4229.230769 4215.897436 4226.666667 4225.641026 4206.666667 4216.923077 4214.871795 4253.846154 4233.333333 4230.769231 4178.461538 4228.717949 4210.769231
4225.641026 4225.641026 4218.461538 4226.153846 4225.128205 4208.205128 4213.846154 4212.820513 4244.615385 4231.794872 4228.205128 4180.000000 4225.641026 4210.256410
4223.076923 4221.538462 4216.923077 4226.153846 4224.102564 4202.564103 4214.358974 4215.897436 4242.564103 4231.794872 4230.769231 4176.410256 4229.743590 4209.743590
4222.051282 4223.589744 4214.871795 4229.230769 4226.666667 4202.051282 4218.461538 4220.000000 4250.256410 4232.820513 4230.769231 4178.461538 4232.820513 4210.769231
4229.230769 4241.538462 4216.923077 4240.512821 4225.641026 4206.666667 4217.435897 4212.307692 4241.538462 4232.307692 4236.410256 4181.538462 4245.641026 4210.769231
4227.692308 4244.102564 4217.435897 4240.512821 4222.051282 4206.153846 4215.384615 4205.641026 4232.820513 4232.307692 4238.461538 4179.487179 4249.743590 4210.256410
4227.179487 4231.794872 4220.000000 4232.820513 4225.128205 4210.256410 4224.615385 4214.358974 4245.641026 4231.794872 4236.923077 4181.538462 4244.102564 4210.256410
4236.410256 4246.153846 4223.589744 4243.589744 4228.205128 4213.333333 4231.282051 4221.538462 4254.358974 4231.282051 4247.179487 4184.615385 4253.333333 4212.820513
4240.512821 4253.846154 4227.692308 4251.282051 4228.205128 4204.102564 4221.025641 4213.846154 4249.230769 4232.820513 4256.923077 4186.666667 4262.051282 4217.435897
4229.230769 4235.384615 4221.538462 4237.948718 4224.615385 4197.948718 4212.307692 4206.666667 4251.282051 4232.307692 4253.846154 4185.641026 4256.923077 4213.846154
4220.000000 4224.615385 4212.307692 4226.666667 4223.589744 4201.025641 4210.256410 4209.743590 4250.769231 4230.769231 4247.179487 4180.000000 4251.282051 4206.666667
4224.615385 4222.051282 4214.358974 4224.615385 4229.743590 4202.051282 4210.769231 4210.769231 4236.923077 4232.307692 4238.461538 4177.435897 4241.538462 4206.666667
4225.128205 4215.897436 4210.256410 4224.615385 4227.692308 4203.589744 4217.435897 4211.794872 4229.230769 4232.820513 4232.307692 4178.461538 4231.282051 4209.743590
4220.512821 4218.974359 4207.692308 4225.128205 4223.076923 4207.179487 4220.512821 4217.435897 4238.461538 4231.794872 4230.769231 4180.512821 4234.871795 4210.769231
4225.128205 4233.846154 4212.307692 4229.743590 4225.641026 4209.230769 4215.897436 4222.564103 4253.846154 4232.820513 4237.435897 4180.000000 4248.717949 4208.717949
4229.230769 4234.358974 4208.717949 4231.794872 4226.153846 4206.666667 4215.897436 4218.461538 4251.794872 4233.846154 4238.461538 4175.897436 4249.230769 4207.692308
4229.743590 4225.128205 4208.205128 4230.256410 4225.128205 4203.076923 4218.974359 4214.871795 4240.512821 4233.333333 4231.794872 4175.384615 4241.025641 4209.230769
4230.769231 4231.282051 4213.333333 4238.974359 4225.128205 4211.794872 4223.589744 4220.000000 4252.820513 4232.307692 4238.461538 4178.461538 4252.307692 4210.769231
4230.256410 4233.846154 4214.358974 4241.025641 4226.666667 4217.948718 4226.153846 4226.153846 4265.128205 4231.794872 4244.615385 4182.564103 4255.384615 4208.205128
4225.641026 4225.641026 4207.692308 4228.205128 4225.641026 4207.692308 4220.512821 4224.102564 4247.179487 4232.307692 4237.948718 4181.025641 4241.025641 4206.153846
4216.923077 4224.102564 4200.000000 4222.564103 4226.153846 4199.487179 4210.769231 4212.820513 4230.769231 4233.333333 4229.743590 4174.871795 4234.358974 4207.692308
4212.307692 4221.025641 4202.051282 4223.076923 4229.230769 4197.435897 4206.666667 4204.102564 4237.435897 4232.307692 4225.128205 4175.897436 4230.256410 4210.256410
4216.410256 4226.666667 4206.666667 4229.743590 4225.641026 4202.564103 4214.358974 4211.282051 4242.051282 4231.282051 4231.282051 4176.923077 4234.358974 4210.256410
4224.102564 4235.897436 4212.307692 4235.384615 4224.615385 4206.666667 4217.948718 4217.948718 4233.333333 4232.820513 4237.435897 4177.435897 4244.615385 4212.820513
4225.128205 4232.307692 4215.897436 4234.358974 4227.179487 4201.538462 4211.794872 4212.820513 4238.461538 4232.820513 4234.871795 4178.461538 4244.102564 4214.358974
4222.564103 4224.615385 4209.743590 4232.307692 4225.128205 4195.897436 4208.717949 4209.230769 4248.205128 4231.282051 4232.820513 4175.897436 4236.410256 4212.307692
4223.076923 4222.564103 4210.256410 4230.256410 4226.153846 4200.000000 4210.769231 4210.256410 4240.000000 4231.282051 4232.307692 4178.461538 4229.743590 4212.820513
4222.051282 4226.666667 4211.794872 4232.307692 4227.179487 4212.307692 4214.871795 4214.358974 4244.102564 4231.794872 4232.307692 4181.538462 4228.717949 4213.846154
4217.948718 4224.102564 4210.256410 4230.769231 4226.153846 4210.256410 4211.282051 4213.846154 4249.230769 4230.769231 4231.794872 4178.974359 4230.769231 4211.794872
4218.974359 4222.051282 4213.846154 4230.256410 4226.666667 4207.692308 4210.256410 4214.358974 4243.589744 4230.769231 4232.820513 4177.948718 4234.358974 4212.307692
4223.076923 4229.743590 4215.897436 4236.923077 4223.589744 4212.820513 4220.512821 4221.025641 4255.384615 4231.282051 4238.974359 4177.435897 4238.461538 4221.025641
4224.102564 4234.871795 4216.410256 4236.923077 4224.102564 4200.512821 4217.948718 4217.435897 4257.948718 4231.794872 4236.923077 4177.948718 4232.307692 4220.512821
4220.000000 4233.333333 4213.333333 4233.846154 4227.692308 4188.717949 4205.641026 4205.128205 4237.948718 4232.307692 4231.794872 4177.948718 4225.128205 4211.282051
4219.487179 4228.717949 4210.769231 4236.923077 4228.717949 4200.512821 4209.743590 4209.743590 4237.948718 4232.307692 4235.384615 4181.538462 4229.230769 4214.871795
4224.102564 4227.179487 4213.333333 4240.000000 4227.692308 4203.589744 4214.871795 4214.358974 4243.589744 4232.307692 4237.948718 4181.025641 4234.358974 4222.051282
4209.743590 4215.897436 4196.923077 4220.512821 4225.128205 4175.384615 4187.692308 4196.923077 4217.435897 4232.820513 4218.461538 4169.230769 4221.538462 4213.333333
4186.666667 4188.717949 4178.461538 4191.794872 4227.179487 4159.487179 4165.641026 4183.076923 4190.769231 4232.307692 4192.307692 4164.615385 4191.794872 4206.153846
4182.051282 4181.538462 4176.923077 4192.307692 4227.692308 4169.743590 4177.435897 4187.692308 4196.410256 4230.769231 4191.794872 4166.666667 4181.025641 4208.205128
4192.307692 4195.897436 4185.128205 4205.641026 4226.153846 4168.205128 4178.974359 4193.846154 4215.384615 4231.282051 4203.589744 4169.743590 4193.333333 4210.769231
4195.897436 4192.307692 4191.282051 4200.512821 4228.717949 4162.564103 4170.769231 4194.871795 4220.512821 4232.820513 4204.102564 4170.769231 4203.076923 4209.743590
4189.230769 4188.717949 4187.179487 4195.384615 4226.666667 4172.307692 4177.948718 4195.384615 4208.717949 4232.307692 4201.025641 4165.641026 4205.641026 4205.128205
4189.743590 4194.871795 4188.717949 4199.487179 4225.128205 4170.256410 4175.897436 4193.846154 4206.153846 4231.794872 4207.179487 4170.256410 4211.794872 4206.666667
4192.307692 4190.769231 4192.307692 4201.025641 4226.153846 4169.743590 4172.820513 4197.435897 4226.666667 4232.307692 4216.410256 4175.897436 4222.051282 4215.384615
4193.846154 4189.230769 4192.820513 4204.102564 4224.615385 4183.076923 4188.205128 4209.743590 4240.000000 4232.307692 4223.076923 4172.820513 4227.179487 4221.025641
4201.025641 4197.948718 4200.512821 4208.205128 4226.153846 4177.435897 4188.205128 4209.230769 4234.358974 4232.820513 4227.179487 4172.307692 4227.179487 4216.923077
4198.974359 4200.512821 4198.461538 4210.256410 4224.615385 4171.794872 4181.025641 4200.000000 4231.794872 4231.794872 4229.230769 4170.256410 4227.179487 4212.307692
4195.897436 4201.538462 4195.897436 4209.230769 4223.589744 4182.564103 4188.717949 4200.000000 4229.743590 4231.282051 4227.179487 4171.794872 4223.589744 4217.435897
4199.487179 4211.282051 4198.974359 4211.282051 4226.666667 4187.179487 4189.230769 4204.615385 4222.051282 4232.307692 4224.102564 4176.923077 4221.538462 4222.564103
4198.974359 4211.794872 4194.358974 4216.923077 4225.128205 4181.538462 4183.589744 4203.589744 4222.564103 4232.307692 4222.564103 4173.846154 4225.641026 4222.564103
4198.461538 4207.692308 4195.384615 4217.948718 4222.564103 4175.897436 4183.076923 4201.538462 4224.102564 4231.282051 4219.487179 4172.820513 4223.589744 4216.410256
4192.820513 4206.153846 4190.769231 4212.820513 4222.564103 4167.179487 4184.102564 4202.564103 4216.410256 4231.794872 4211.282051 4171.794872 4212.820513 4213.333333
4184.615385 4195.384615 4177.435897 4202.564103 4225.641026 4164.615385 4183.589744 4205.641026 4206.153846 4232.820513 4198.974359 4169.230769 4201.538462 4216.923077
4191.794872 4193.333333 4184.102564 4203.589744 4228.205128 4178.974359 4185.128205 4206.666667 4210.769231 4233.333333 4200.512821 4172.820513 4209.743590 4217.948718
4197.948718 4203.076923 4197.435897 4213.333333 4225.641026 4185.641026 4184.102564 4207.179487 4224.615385 4232.820513 4215.897436 4173.846154 4222.564103 4213.846154
4195.384615 4202.051282 4196.923077 4210.256410 4226.666667 4181.025641 4181.025641 4206.153846 4227.692308 4231.794872 4218.461538 4175.384615 4218.461538 4217.435897
4198.974359 4205.641026 4192.307692 4211.794872 4227.179487 4180.512821 4185.641026 4207.692308 4229.743590 4232.307692 4219.487179 4177.948718 4222.564103 4223.589744
4198.974359 4204.102564 4193.333333 4211.794872 4226.153846 4173.846154 4183.589744 4205.641026 4226.153846 4230.769231 4218.974359 4173.846154 4224.102564 4222.051282
4189.743590 4191.282051 4192.820513 4203.076923 4225.641026 4168.717949 4177.948718 4203.076923 4223.076923 4230.256410 4211.794872 4170.256410 4211.282051 4221.025641
4190.256410 4196.923077 4188.717949 4207.692308 4224.102564 4175.384615 4184.615385 4207.692308 4230.769231 4232.307692 4213.333333 4171.282051 4216.410256 4222.051282
4192.307692 4195.897436 4189.230769 4204.615385 4226.153846 4174.358974 4187.179487 4203.589744 4217.435897 4232.820513 4206.666667 4169.743590 4216.923077 4220.512821
4191.794872 4195.384615 4194.358974 4204.102564 4225.128205 4171.794872 4185.641026 4201.025641 4202.051282 4231.282051 4199.487179 4166.666667 4209.743590 4219.487179
4203.076923 4213.333333 4205.128205 4220.512821 4223.076923 4178.974359 4187.179487 4210.769231 4222.564103 4231.794872 4217.948718 4173.333333 4225.128205 4222.564103
4212.820513 4221.025641 4211.794872 4225.128205 4225.641026 4184.102564 4186.666667 4212.307692 4240.512821 4232.820513 4232.307692 4178.461538 4237.435897 4227.179487
4207.179487 4212.820513 4204.102564 4214.871795 4223.589744 4182.051282 4182.564103 4205.641026 4230.256410 4231.794872 4215.897436 4171.794872 4224.615385 4225.128205
4204.102564 4203.076923 4205.128205 4211.794872 4224.615385 4173.846154 4183.076923 4205.128205 4221.025641 4232.307692 4207.179487 4172.820513 4218.974359 4224.615385
4210.256410 4203.589744 4210.769231 4216.923077 4228.205128 4169.743590 4192.820513 4214.871795 4234.871795 4232.820513 4227.692308 4176.410256 4237.435897 4228.717949
4212.307692 4205.641026 4207.692308 4213.846154 4227.692308 4173.846154 4192.307692 4217.435897 4237.435897 4232.307692 4232.307692 4171.794872 4240.512821 4230.256410
4209.743590 4207.692308 4208.205128 4213.846154 4227.692308 4180.000000 4186.153846 4212.307692 4221.538462 4232.820513 4218.974359 4171.794872 4231.794872 4228.717949
4208.717949 4208.205128 4208.717949 4221.025641 4225.641026 4184.615385 4191.794872 4213.846154 4225.128205 4232.820513 4222.051282 4175.897436 4239.487179 4226.666667
4210.256410 4210.256410 4211.794872 4221.025641 4225.128205 4184.615385 4197.435897 4216.410256 4236.923077 4232.307692 4227.692308 4177.435897 4243.076923 4228.717949
4213.846154 4224.102564 4213.846154 4225.128205 4224.615385 4188.717949 4195.384615 4211.794872 4236.410256 4231.794872 4228.717949 4172.307692 4241.025641 4228.205128
4206.666667 4216.923077 4207.692308 4224.615385 4223.076923 4195.384615 4193.333333 4208.205128 4230.256410 4231.282051 4226.153846 4169.230769 4236.410256 4222.564103
4197.435897 4188.717949 4203.076923 4209.743590 4224.615385 4189.230769 4193.333333 4209.230769 4222.564103 4231.282051 4210.769231 4170.256410 4222.564103 4218.974359
4197.948718 4187.692308 4198.974359 4204.615385 4225.641026 4182.051282 4193.333333 4207.179487 4220.000000 4231.794872 4203.589744 4169.230769 4220.000000 4220.000000
4206.666667 4203.589744 4202.564103 4215.384615 4228.205128 4185.128205 4193.333333 4205.641026 4225.128205 4231.282051 4217.948718 4171.794872 4230.769231 4223.589744
4211.282051 4212.820513 4211.282051 4225.128205 4229.230769 4188.205128 4197.948718 4207.692308 4234.871795 4231.282051 4231.282051 4177.435897 4241.025641 4224.615385
4209.743590 4214.358974 4210.256410 4224.615385 4228.717949 4184.615385 4198.461538 4209.230769 4237.435897 4232.820513 4227.692308 4175.384615 4242.564103 4222.564103
4209.743590 4202.051282 4206.666667 4211.794872 4229.743590 4180.000000 4188.205128 4207.692308 4226.153846 4233.846154 4212.820513 4171.794872 4229.230769 4224.102564
4210.256410 4204.615385 4204.615385 4212.820513 4225.128205 4182.564103 4189.743590 4208.717949 4222.051282 4232.307692 4215.384615 4170.256410 4226.666667 4225.641026
4212.307692 4220.000000 4207.179487 4222.564103 4223.589744 4186.666667 4200.000000 4210.256410 4231.282051 4231.282051 4231.282051 4171.794872 4242.564103 4225.641026
4214.871795 4214.871795 4213.846154 4222.051282 4228.717949 4185.641026 4198.974359 4208.717949 4233.846154 4231.794872 4235.384615 4172.307692 4248.205128 4224.102564
4216.923077 4206.666667 4211.794872 4219.487179 4225.641026 4186.666667 4197.948718 4210.256410 4233.846154 4232.820513 4230.769231 4169.743590 4242.051282 4223.589744
4221.025641 4209.743590 4210.769231 4218.974359 4223.589744 4192.307692 4200.000000 4211.282051 4233.846154 4232.820513 4227.179487 4174.871795 4240.512821 4225.128205
4224.102564 4217.948718 4213.333333 4226.153846 4225.641026 4191.794872 4200.000000 4209.230769 4234.358974 4231.282051 4229.230769 4178.974359 4243.589744 4224.102564
4225.128205 4219.487179 4214.358974 4231.282051 4226.153846 4184.615385 4193.333333 4207.692308 4235.384615 4230.256410 4228.717949 4173.846154 4236.410256 4224.102564
